#Temp(K) Press(MPa) rho(g/cc)
298.56	400	1.127035831
303.36	400	1.124106563
312.96	400	1.119016818
322.56	400	1.114690722
333.12	400	1.108974359
342.72	400	1.104020421
353.28	400	1.098412698
362.88	400	1.093552465
373.44	400	1.088050314
383.04	400	1.082603254
393.6	400	1.076540137
403.2	400	1.07120743
412.8	400	1.065927295
423.36	400	1.06004902
297.6	380	1.121919585
303.36	380	1.119016818
312.96	380	1.113972956
322.56	380	1.108974359
333.12	380	1.104020421
342.72	380	1.099110546
353.28	380	1.093552465
363.84	380	1.088735053
373.44	380	1.083281152
383.04	380	1.07788162
393.6	380	1.071871128
403.2	380	1.065927295
412.8	380	1.060698958
423.36	380	1.054878049
297.6	360	1.11684958
303.36	360	1.113972956
312.96	360	1.108974359
323.52	360	1.104725415
333.12	360	1.099110546
342.72	360	1.094244149
353.28	360	1.089420655
362.88	360	1.083281152
373.44	360	1.07788162
383.04	360	1.073200993
392.64	360	1.067242443
403.2	360	1.061349693
412.8	360	1.05552166
423.36	360	1.049120679
297.6	300	1.101209421
303.36	300	1.098412698
312.96	300	1.093552465
322.56	300	1.088735053
333.12	300	1.0839599
342.72	300	1.078553616
353.28	300	1.073200993
362.88	300	1.067901235
372.48	300	1.062001228
383.04	300	1.05681124
393.6	300	1.051032807
403.2	300	1.045317221
412.8	300	1.039039039
423.36	300	1.032835821
297.6	240	1.0839599
303.36	240	1.081926204
312.96	240	1.077210461
322.56	240	1.072535648
333.12	240	1.067242443
342.72	240	1.062001228
353.28	240	1.05681124
362.88	240	1.051032807
373.44	240	1.045317221
383.04	240	1.039663462
392.64	240	1.033452808
403.2	240	1.027926322
412.8	240	1.021854696
423.36	240	1.014662757
297.6	200	1.071871128
302.4	200	1.069882498
312.96	200	1.065270936
322.56	200	1.06004902
333.12	200	1.05552166
342.72	200	1.050394657
353.28	200	1.04468599
362.88	200	1.039039039
373.44	200	1.033452808
383.04	200	1.027315914
393.6	200	1.021251476
403.2	200	1.015258216
412.8	200	1.008746356
423.36	200	1.001737116
297.6	160	1.05875153
303.36	160	1.05681124
312.96	160	1.052311436
322.56	160	1.047849788
333.12	160	1.042796866
342.72	160	1.037792442
353.28	160	1.03221957
362.88	160	1.026706231
373.44	160	1.020648968
383.04	160	1.014662757
393.6	160	1.008158508
403.2	160	1.001157407
412.8	160	0.994824612
423.36	160	0.988006853
297.6	120	1.04468599
303.36	120	1.042796866
312.96	120	1.039039039
312.96	120	1.039039039
322.56	120	1.034070532
333.12	120	1.029761905
342.72	120	1.024274719
353.28	120	1.018845701
362.88	120	1.012880562
373.44	120	1.006984866
384	120	1.000578369
393.6	120	0.993681792
403.2	120	0.987442922
413.76	120	0.980169972
423.36	120	0.972456436
297.6	100	1.037792442
303.36	100	1.035928144
312.96	100	1.03221957
323.52	100	1.027315914
333.12	100	1.023063276
342.72	100	1.017048795
353.28	100	1.012287888
362.88	100	1.005813953
373.44	100	0.999422299
383.04	100	0.993111366
393.6	100	0.98631699
403.2	100	0.979614949
412.8	100	0.971910112
423.36	100	0.964863358
297.6	80	1.029761905
303.36	80	1.028537455
312.96	80	1.024274719
323.52	80	1.02004717
333.12	80	1.014662757
342.72	80	1.00992411
352.32	80	1.004062681
362.88	80	0.998268898
373.44	80	0.991972477
383.04	80	0.985754986
392.64	80	0.978506787
403.2	80	0.971364402
412.8	80	0.963788301
423.36	80	0.955801105
297.6	60	1.022458629
303.36	60	1.020648968
312.96	60	1.016451234
322.56	60	1.012287888
333.12	60	1.007571345
342.72	60	1.002317497
353.28	60	0.996543779
363.84	60	0.990269033
373.44	60	0.98407281
383.04	60	0.97740113
393.6	60	0.969730942
403.2	60	0.962715637
412.8	60	0.95527333
423.36	60	0.947426068
297.6	40	1.014067995
302.4	40	1.012287888
312.96	40	1.008746356
322.56	40	1.004645761
333.12	40	0.999422299
342.72	40	0.994252874
353.28	40	0.988571429
362.88	40	0.982396366
373.44	40	0.975747321
383.04	40	0.969187675
393.6	40	0.961645359
403.2	40	0.953693495
412.8	40	0.945872061
423.36	40	0.937669377
297.6	20	1.005813953
303.36	20	1.004062681
312.96	20	1.000578369
322.56	20	0.995970063
334.08	20	0.991972477
342.72	20	0.985754986
353.28	20	0.980169972
362.88	20	0.974099099
373.44	20	0.967020682
383.04	20	0.960044395
392.64	20	0.952643172
403.2	20	0.944323144
413.76	20	0.936147186
423.36	20	0.927613941
