#T(K)  P(MPa)  rho(kg/m^3)  Cp(J/gK)  Cv(J/gK)
273.65	0.101325   999.8729   4.21558	4.21373
283.15	0.101325   999.7011   4.19218	4.18761
293.15	0.101325   998.2056   4.18185	4.15446
303.15	0.101325   995.648    4.17851	4.11593
313.15	0.101325   992.2153   4.17862	4.07265
323.15	0.101325   988.0343   4.18074	4.02558
333.15	0.101325   983.1952   4.18442	3.97592
343.15	0.101325   977.764    4.18963	3.92468
353.15	0.101325   971.7899   4.19647	3.87254
363.15	0.101325   965.3088   4.20513	3.82011
368.15	0.101325   961.8862   4.21028	3.79424
273.65	20	   1009.739   4.12849	4.1284
283.15	20	   1009.013   4.12289	4.11182
293.15	20	   1007.135   4.12425	4.08736
303.15	20	   1004.336   4.12804	4.05591
313.15	20	   1000.767   4.13253	4.01859
323.15	20	   996.5322   4.13737	3.97677
333.15	20	   991.7058   4.14265	3.93181
343.15	20	   986.3448   4.14852	3.88475
353.15	20	   980.4925   4.15517	3.83628
363.15	20	   974.1815   4.16309	3.78723
368.15	20	   970.8613   4.1679	3.76301
273.65	40	   1019.217   4.05794	4.05455
283.15	40	   1017.983   4.06496	4.04506
293.15	40	   1015.747   4.07483	4.02734
303.15	40	   1012.719   4.08392	4.00161
313.15	40	   1009.015   4.09171	3.96922
323.15	40	   1004.719   4.0986	3.93184
333.15	40	   999.8927   4.10508	3.89093
343.15	40	   994.5835   4.11148	3.84752
353.15	40	   988.8291   4.11799	3.80235
363.15	40	   982.6589   4.12521	3.75627
368.15	40	   979.4243   4.12956	3.7334
273.65	60	   1028.27    4.00151	3.99088
283.15	60	   1026.58    4.01696	3.98652
293.15	60	   1024.018   4.03271	3.9739
303.15	60	   1020.775   4.04557	3.9527
313.15	60	   1016.941   4.05573	3.92436
323.15	60	   1012.581   4.06408	3.89069
333.15	60	   1007.746   4.0714	3.85323
343.15	60	   1002.475   4.07815	3.81302
353.15	60	   996.7998   4.08455	3.7708
363.15	60	   990.7468   4.09113	3.72735
368.15	60	   987.5845   4.09496	3.70563
273.65	65	   1030.469   3.98928	3.97637
283.15	65	   1028.673   4.00632	3.97303
273.65	80	   1036.918   3.95647	3.93583
283.15	80	   1034.824   3.97726	3.93505
293.15	80	   1031.967   3.99685	3.92624
303.15	80	   1028.526   4.01223	3.9086
313.15	80	   1024.569   4.02399	3.88356
323.15	80	   1020.145   4.0333	3.85298
333.15	80	   1015.296   4.04115	3.81845
343.15	80	   1010.052   4.04809	3.78105
353.15	80	   1004.442   4.05434	3.74144
363.15	80	   998.488    4.06035	3.70036
368.15	80	   995.3872   4.06369	3.67966
273.65	100	   1045.188   3.92045	3.88793
283.15	100	   1042.738   3.9444	3.88964
293.15	100	   1039.614   3.96631	3.88365
303.15	100	   1035.993   3.98323	3.86877
313.15	100	   1031.92    3.99594	3.84639
323.15	100	   1027.435   4.00581	3.81839
333.15	100	   1022.567   4.01393	3.78637
343.15	100	   1017.344   4.02091	3.7514
353.15	100	   1011.787   4.02696	3.71411
363.15	100	   1005.917   4.03246	3.67513
368.15	100	   1002.869   4.03537	3.6554
