#T(K) P(MPa) rho(g/cc) uncertainity
234.500000  39.000000 1005.025126   4.172548
244.600000  39.000000 1009.081736   2.850478
249.500000  39.000000 1012.145749   1.954241
259.100000  39.000000 1016.260163   2.098292
264.400000  39.000000 1014.198783   4.362149
268.900000  39.000000 1014.198783   3.190907
274.500000  39.000000 1014.198783   3.458764
239.400000  40.000000 1005.025126   1.955378
254.400000  40.000000 1016.260163   3.174713
234.300000  59.000000 1019.367992   3.266276
229.400000  60.000000 1016.260163   1.148098
249.400000  60.000000 1024.590164   1.283051
274.500000  60.000000 1024.590164   2.983256
239.400000  61.000000 1020.408163   1.814892
244.500000  61.000000 1025.641026   3.147020
254.400000  61.000000 1028.806584   3.108620
259.300000  61.000000 1027.749229   1.812556
264.300000  61.000000 1027.749229   4.205077
269.100000  61.000000 1024.590164   2.738251
234.400000  79.000000 1035.196687   2.971626
239.500000  79.000000 1035.196687   2.676767
249.500000  79.000000 1038.421599   2.101397
254.400000  79.000000 1037.344398   2.466483
264.300000  79.000000 1037.344398   3.692455
224.500000  80.000000 1022.494888   5.008498
229.500000  80.000000 1031.991744   2.660218
244.300000  80.000000 1037.344398   2.717626
259.400000  80.000000 1037.344398   1.787077
269.100000  80.000000 1034.126163   2.260072
274.400000  80.000000 1034.126163   2.245623
219.600000  98.000000 1038.421599   2.442469
224.400000  99.000000 1041.666667   3.052871
234.300000  99.000000 1047.120419   2.573799
239.500000  99.000000 1046.025105   2.477696
244.300000 100.000000 1048.218029   2.262702
269.100000 100.000000 1043.841336   1.974157
274.300000 100.000000 1043.841336   2.257900
229.500000 101.000000 1048.218029   2.940906
249.400000 101.000000 1050.420168   2.059432
254.200000 101.000000 1049.317943   2.266777
259.300000 101.000000 1047.120419   1.746170
264.300000 101.000000 1047.120419   3.206137
229.500000 119.000000 1059.322034   2.387396
239.500000 119.000000 1057.082452   2.377999
214.600000 120.000000 1054.852321   5.055781
219.500000 120.000000 1058.201058   3.165687
224.400000 120.000000 1057.082452   1.886614
244.300000 120.000000 1058.201058   2.105185
249.400000 120.000000 1059.322034   1.801575
254.300000 120.000000 1057.082452   2.209171
259.400000 120.000000 1055.966209   1.760045
264.500000 120.000000 1054.852321   3.024038
269.200000 120.000000 1052.631579   2.068112
274.300000 120.000000 1051.524711   2.094325
234.500000 121.000000 1059.322034   2.695470
219.500000 139.000000 1072.961373   2.116950
224.400000 139.000000 1071.811361   2.647926
254.400000 139.000000 1066.098081   1.949647
269.200000 139.000000 1060.445387   1.882752
209.500000 140.000000 1070.663812   2.847839
214.600000 140.000000 1072.961373   4.029559
229.400000 140.000000 1071.811361   2.633110
234.400000 140.000000 1070.663812   2.612690
239.400000 140.000000 1068.376068   2.569289
244.200000 140.000000 1067.235859   2.016769
259.400000 140.000000 1063.829787   1.258790
264.500000 140.000000 1063.829787   2.780321
249.600000 141.000000 1068.376068   1.660048
274.200000 141.000000 1059.322034   1.771250
259.400000 159.000000 1071.811361   1.482359
274.300000 159.000000 1066.098081   2.152778
204.600000 160.000000 1088.139282   1.983101
209.500000 160.000000 1084.598698   2.421770
214.600000 160.000000 1085.776330   2.831778
219.500000 160.000000 1086.956522   2.692086
229.400000 160.000000 1081.081081   2.759247
234.400000 160.000000 1079.913607   2.641555
239.500000 160.000000 1077.586207   2.565995
244.300000 160.000000 1076.426265   2.067309
249.600000 160.000000 1076.426265   1.686582
264.300000 160.000000 1071.811361   2.585133
269.300000 160.000000 1068.376068   1.974111
224.400000 161.000000 1083.423619   2.352363
254.400000 161.000000 1075.268817   1.983333
199.600000 179.000000 1102.535832   1.484200
204.600000 179.000000 1100.110011   1.195966
209.500000 179.000000 1096.491228   2.112608
219.500000 179.000000 1095.290252   1.794106
229.300000 179.000000 1090.512541   2.757935
234.300000 179.000000 1089.324619   2.475716
239.300000 179.000000 1085.776330   2.167820
244.300000 179.000000 1084.598698   1.728184
249.500000 179.000000 1084.598698   1.663160
259.400000 179.000000 1079.913607   1.391687
214.600000 180.000000 1096.491228   2.507660
224.300000 180.000000 1092.896175   2.540393
254.400000 180.000000 1083.423619   1.820324
264.100000 180.000000 1078.748652   2.188449
269.300000 180.000000 1076.426265   1.988317
274.300000 180.000000 1074.113856   1.821061
199.600000 200.000000 1114.827202   2.115155
204.600000 200.000000 1112.347052   1.069976
209.600000 200.000000 1109.877913   1.876259
214.700000 200.000000 1107.419712   1.430343
239.300000 200.000000 1095.290252   2.272288
249.500000 200.000000 1092.896175   1.557394
254.300000 200.000000 1090.512541   1.763150
259.400000 200.000000 1088.139282   1.283525
274.200000 200.000000 1081.081081   1.555486
219.300000 201.000000 1106.194690   1.494819
224.300000 201.000000 1102.535832   1.952305
229.300000 201.000000 1101.321586   2.313771
234.300000 201.000000 1098.901099   2.369620
244.400000 201.000000 1094.091904   1.675493
264.300000 201.000000 1086.956522   1.637746
269.300000 201.000000 1083.423619   1.836905
209.600000 219.000000 1117.318436   1.096429
214.500000 219.000000 1116.071429   1.794745
219.400000 219.000000 1113.585746   1.837787
224.300000 219.000000 1111.111111   1.558938
229.400000 219.000000 1108.647450   2.209532
234.400000 219.000000 1106.194690   2.351578
239.300000 219.000000 1102.535832   2.185985
254.400000 219.000000 1097.694841   1.786451
259.500000 219.000000 1094.091904   1.281432
274.200000 219.000000 1088.139282   1.966375
199.700000 220.000000 1123.595506   1.957817
204.600000 220.000000 1122.334456   0.328794
244.400000 220.000000 1101.321586   1.565110
249.600000 220.000000 1100.110011   1.544573
269.200000 220.000000 1090.512541   1.714214
264.200000 221.000000 1092.896175   2.065032
199.700000 239.000000 1132.502831   1.830650
224.200000 240.000000 1118.568233   1.305597
229.300000 240.000000 1116.071429   1.675401
274.200000 240.000000 1095.290252   1.877364
204.600000 241.000000 1131.221719   0.914827
209.400000 241.000000 1127.395716   1.709572
214.500000 241.000000 1124.859393   1.718986
219.500000 241.000000 1122.334456   2.057091
234.400000 241.000000 1114.827202   2.115155
239.300000 241.000000 1109.877913   2.349863
244.500000 241.000000 1108.647450   1.401056
254.300000 241.000000 1104.972376   1.625746
259.300000 241.000000 1101.321586   1.214991
264.300000 241.000000 1100.110011   1.528964
269.300000 241.000000 1096.491228   1.898467
249.600000 242.000000 1108.647450   1.552787
214.500000 259.000000 1131.221719   1.633957
229.300000 259.000000 1123.595506   1.439092
239.300000 259.000000 1117.318436   2.192858
249.500000 259.000000 1114.827202   1.603732
259.400000 259.000000 1107.419712   1.161447
264.400000 259.000000 1106.194690   1.712766
274.100000 259.000000 1101.321586   1.947263
199.700000 260.000000 1141.552511   2.216982
204.600000 260.000000 1138.952164   1.638041
209.400000 260.000000 1135.073780   1.361029
219.500000 260.000000 1129.943503   1.875708
224.300000 260.000000 1126.126126   1.391840
234.400000 260.000000 1121.076233   2.121953
244.500000 260.000000 1116.071429   1.419118
254.100000 260.000000 1111.111111   1.712102
269.200000 260.000000 1102.535832   1.768647
264.400000 280.000000 1112.347052   1.698434
274.200000 280.000000 1107.419712   2.002781
199.700000 281.000000 1150.747986   2.453728
204.500000 281.000000 1148.105626   1.537373
209.500000 281.000000 1142.857143   0.985885
214.400000 281.000000 1140.250855   1.659346
219.400000 281.000000 1137.656428   1.812374
224.300000 281.000000 1133.786848   1.305837
229.200000 281.000000 1131.221719   1.369097
234.500000 281.000000 1127.395716   2.076467
239.300000 281.000000 1124.859393   2.188365
244.500000 281.000000 1122.334456   1.331423
249.400000 281.000000 1121.076233   1.484363
254.100000 281.000000 1118.568233   1.803552
259.300000 281.000000 1114.827202   1.057196
269.300000 281.000000 1109.877913   1.741592
234.400000 299.000000 1133.786848   1.993494
204.600000 300.000000 1154.734411   1.427422
209.500000 300.000000 1150.747986   1.000360
219.500000 300.000000 1144.164760   1.743923
224.400000 300.000000 1141.552511   1.162915
229.300000 300.000000 1137.656428   1.439565
239.200000 300.000000 1131.221719   2.089799
244.400000 300.000000 1129.943503   1.192706
249.400000 300.000000 1127.395716   1.466017
254.100000 300.000000 1124.859393   1.614852
259.300000 300.000000 1119.820829   1.032801
264.400000 300.000000 1118.568233   1.579933
269.200000 300.000000 1114.827202   1.825858
274.000000 300.000000 1113.585746   2.143958
199.700000 301.000000 1157.407407   2.482210
214.400000 301.000000 1146.788991   1.587966
234.400000 318.000000 1140.250855   1.999520
259.300000 319.000000 1126.126126   0.887911
274.000000 319.000000 1119.820829   2.305125
219.500000 320.000000 1150.747986   1.635548
239.300000 320.000000 1137.656428   2.166899
269.200000 320.000000 1121.076233   1.690461
199.700000 321.000000 1164.144354   2.232354
204.600000 321.000000 1161.440186   1.555894
209.400000 321.000000 1157.407407   1.269489
214.400000 321.000000 1153.402537   1.442106
229.300000 321.000000 1144.164760   1.472968
244.400000 321.000000 1136.363636   1.133333
249.300000 321.000000 1133.786848   1.288468
254.100000 321.000000 1131.221719   1.509779
264.400000 321.000000 1124.859393   1.702666
224.400000 322.000000 1148.105626   1.211926
199.700000 340.000000 1170.960187   2.426995
204.600000 340.000000 1166.861144   1.830521
209.500000 340.000000 1162.790698   1.206589
214.400000 340.000000 1160.092807   1.625023
219.400000 340.000000 1157.407407   1.397837
224.500000 340.000000 1153.402537   1.295853
229.300000 340.000000 1150.747986   1.708745
234.400000 340.000000 1148.105626   1.790769
239.300000 340.000000 1142.857143   1.846630
244.400000 340.000000 1141.552511   1.126899
249.300000 340.000000 1138.952164   1.370345
254.000000 340.000000 1136.363636   1.382365
259.300000 340.000000 1132.502831   1.020879
269.300000 340.000000 1127.395716   1.762655
274.100000 340.000000 1124.859393   2.465796
264.400000 341.000000 1131.221719   1.510565
204.600000 358.000000 1173.708920   0.831697
224.500000 358.000000 1158.748552   1.400254
199.700000 359.000000 1176.470588   2.335982
209.400000 359.000000 1169.590643   1.540001
219.400000 359.000000 1162.790698   1.392601
229.300000 359.000000 1156.069364   1.669588
234.400000 359.000000 1153.402537   1.661894
249.300000 359.000000 1145.475372   1.404622
253.900000 359.000000 1142.857143   1.453559
259.300000 359.000000 1137.656428   1.012704
264.300000 359.000000 1136.363636   1.718637
274.200000 359.000000 1129.943503   2.558711
214.400000 360.000000 1166.861144   1.812960
239.300000 360.000000 1149.425287   1.958797
244.300000 360.000000 1148.105626   1.012772
269.000000 361.000000 1132.502831   1.636872
214.400000 380.000000 1172.332943   1.679754
219.500000 380.000000 1169.590643   1.389613
229.400000 380.000000 1162.790698   1.577783
239.400000 380.000000 1154.734411   1.939262
249.400000 380.000000 1150.747986   1.254923
253.900000 380.000000 1148.105626   1.339029
259.300000 380.000000 1142.857143   1.058082
269.000000 380.000000 1137.656428   1.758320
199.700000 381.000000 1184.834123   2.043403
204.600000 381.000000 1180.637544   1.013621
209.400000 381.000000 1176.470588   1.424711
224.400000 381.000000 1166.861144   1.364738
234.400000 381.000000 1160.092807   1.699414
244.300000 381.000000 1153.402537   0.913470
264.300000 381.000000 1142.857143   1.846630
274.100000 381.000000 1136.363636   2.446699
199.700000 399.000000 1190.476190   2.023741
204.600000 399.000000 1186.239620   1.197840
209.500000 399.000000 1182.033097   1.572941
214.400000 399.000000 1177.856302   1.560992
219.500000 399.000000 1175.088132   1.574017
229.300000 399.000000 1168.224299   1.648722
234.500000 399.000000 1165.501166   1.640210
239.300000 399.000000 1160.092807   1.866380
244.300000 399.000000 1158.748552   0.938450
249.300000 399.000000 1156.069364   1.301852
254.100000 399.000000 1153.402537   1.442106
259.300000 399.000000 1148.105626   1.103444
264.300000 399.000000 1146.788991   1.877128
269.100000 399.000000 1142.857143   1.845828
274.100000 399.000000 1141.552511   2.468294
