#T(c)	P(bar)	Kappa (10^-6 bar^-1)	Alpha(10^-6 deg^-1)
0	100	49.479	-30.58
5	100	47.857	45.66
10	100	46.563	111.57
15	100	45.535	169.52
20	100	44.728	221.27
25	100	44.106	268.15
30	100	43.642	311.15
35	100	43.317	350.97
40	100	43.113	388.19
45	100	43.018	423.33
50	100	43.021	456.41
55	100	43.116	488.05
60	100	43.296	518.37
65	100	43.555	547.59
70	100	43.891	575.88
75	100	44.301	603.4
80	100	44.783	630.27
85	100	45.336	656.59
90	100	45.959	682.49
95	100	46.651	708.1
100	100	47.413	733.65
0	200	48.122	4.62
5	200	46.589	73.81
10	200	45.362	134.04
15	200	44.383	187.32
20	200	43.611	235.18
25	200	43.012	278.75
30	200	42.562	318.88
35	200	42.243	356.2
40	200	42.037	391.19
45	200	41.935	424.21
50	200	41.925	455.57
#55	200	42.002	585.5
60	200	42.158	514.23
65	200	42.389	541.94
70	200	42.693	568.78
75	200	43.065	594.88
80	200	43.505	620.37
85	200	44.011	645.34
90	200	44.581	669.89
95	200	45.217	694.17
100	200	45.916	718.39
0	300	46.809	37.76
5	300	45.366	100.42
10	300	44.205	155.37
15	300	43.275	204.3
20	300	42.538	248.51
25	300	41.963	288.97
30	300	41.528	326.41
35	300	41.215	361.38
40	300	41.011	394.26
45	300	40.902	425.39
50	300	40.882	455.02
55	300	40.943	483.35
60	300	41.079	510.57
65	300	41.286	536.85
70	300	41.56	562.33
75	300	41.899	587.12
80	300	42.302	611.32
85	300	42.766	635.02
90	300	43.291	658.32
95	300	43.875	681.36
100	300	44.519	704.35
0	400	45.54	68.86
5	400	44.185	125.51
10	400	43.09	175.57
15	400	42.208	220.45
20	400	41.506	261.25
25	400	40.956	298.8
30	400	40.537	333.72
35	400	40.232	366.46
40	400	40.029	397.37
45	400	39.918	426.72
50	400	39.889	454.7
55	400	39.936	481.52
60	400	40.055	507.33
65	400	40.24	532.27
70	400	40.489	556.46
75	400	40.799	580.01
80	400	41.169	603
85	400	41.596	625.53
90	400	42.08	647.67
95	400	42.619	669.56
100	400	43.213	691.43
0	500	44.313	97.96
5	500	43.044	149.09
10	500	42.014	194.64
15	500	41.181	235.77
20	500	40.514	273.4
25	500	39.989	308.23
30	500	39.586	340.78
35	500	39.291	371.44
40	500	39.091	400.49
45	500	38978	428.14
50	500	38.942	454.59
55	500	38.978	479.98
60	500	39.082	504.45
65	500	39.249	528.12
70	500	39.476	551.1
75	500	39.761	573.49
80	500	40.101	595.35
85	500	40.496	616.77
90	500	40.943	616.77
95	500	41.442	658.66
100	500	41.991	679.49
0	600	43.126	125.09
5	600	41.942	171.19
10	600	40.976	212.6
15	600	40.191	250.26
20	600	39.559	284.94
25	600	39.06	317.24
30	600	38.674	347.58
35	600	38.389	376.28
40	600	38.194	403.58
45	600	38.08	429.65
50	600	38.039	454.64
55	600	38.067	478.68
60	600	38.158	501.88
65	600	38.309	524.35
70	600	38.517	546.19
75	600	38.779	567.47
80	600	39.094	588.27
85	600	39.46	608.66
90	600	39.875	628.71
95	600	40.338	648.56
100	600	40.847	668.44
0	700	41.977	150.29
5	700	40.876	191.83
10	700	39.973	229.46
15	700	39.236	263.93
20	700	38.64	295.89
25	700	38.166	325.83
30	700	37.798	354.1
35	700	37.525	380.97
40	700	37.335	406.62
45	700	37.222	431.19
50	700	37.178	454.8
55	700	37.198	477.57
60	700	37.279	499.57
65	700	37.417	520.91
70	700	37.608	541.67
75	700	37.851	561.91
80	700	38.144	581.71
85	700	38.484	601.12
90	700	38.871	620.24
95	700	39.301	639.18
100	700	39.775	658.18
0	800	40.865	173.6
5	800	39.846	211.04
10	800	39.005	245.22
15	800	38.316	276.78
20	800	37.755	306.23
25	800	37.307	333.98
30	800	36.957	360.33
35	800	36.695	385.48
40	800	36.512	409.58
45	800	36.401	432.74
50	800	36.356	455.06
55	800	36.371	476.61
60	800	36.443	497.48
65	800	36.57	517.74
70	800	36.747	537.47
75	800	36.973	556.73
80	800	37.246	575.58
85	800	37.565	594.09
90	800	37.926	612.33
95	800	38.328	630.44
100	800	38.77	648.64
0	900	39.788	195.06
5	900	38.85	228.83
10	900	38.07	259.91
15	900	37.427	288.81
20	900	36.902	315.96
25	900	36.48	341.7
30	900	36.149	366.26
35	900	35.9	389.81
40	900	35.724	412.45
45	900	35.616	434.28
50	900	35.57	455.37
55	900	35.582	475.77
60	900	35.648	495.56
65	900	35.765	514.81
70	900	35.93	533.56
75	900	36.142	551.89
80	900	36.399	569.85
85	900	36.697	587.5
90	900	37.037	604.92
95	900	37.414	622.26
100	900	37.828	639.74
0	1000	38.745	214.7
5	1000	37.886	245.24
10	1000	37.167	273.54
15	1000	36.57	300.04
20	1000	36.08	325.09
25	1000	35.684	348.97
30	1000	35.372	371.87
35	1000	35.136	393.92
40	1000	34.969	415.21
45	1000	34.865	435.79
50	1000	34.82	455.71
55	1000	34.829	475.03
60	1000	34.89	493.79
65	1000	34.999	512.06
70	1000	35.155	529.89
75	1000	35.355	547.34
80	1000	35.597	564.45
85	1000	35.879	581.29
90	1000	36.199	597.96
95	1000	36.555	614.58
100	1000	36.943	631.4

