#Francesco Mallamace. The liquid water polymorphism. PNAS, 106(36):15097–15098, sep 2009
#T(K)  alpha(10^-3K^-1)
 30.5362   -0.06373162677
 48.4392   -0.02308913630
 70.4435    0.01945331535
 90.2043    0.03183022770
110.3622    0.15477747581
130.5021    0.19572387325
183.5187    0.13368983957
193.6097    0.28342245989
203.5264   -0.00376933684
213.0190   -0.91872320115
223.3701   -1.31731598948
232.8952   -2.08384169564
242.6520   -1.79064576981
253.3173   -0.75227909851
262.9936   -0.40106951871
273.0952   -0.20320855614
282.7699    0.04278074866
293.7321    0.17647058823
303.8173    0.29946524064
313.8955    0.39037433155
323.5305    0.45454545454
333.6029    0.51871657754
343.6904    0.65240641711
353.7628    0.71657754010

