#Francesco Mallamace, Carmelo Corsaro, and H. Eugene Stanley,Possible relation of water structural relaxation to water anomalies, PNAS, 2012
#T(K)  rho(g/cc)
 29.8683    0.9407910404 
 47.8763    0.9419086471 
 69.8221    0.9416194001 
 89.7868    0.9412564468
109.8690    0.9401288770 
129.9085    0.9354750628 
182.8952    0.9293100339 
192.8987    0.9281500931 
202.9200    0.9241056664 
212.9560    0.9282606506 
222.8570    0.9412186381 
232.7419    0.9530615108 
242.6125    0.9782592332 
252.5859    0.9921421347
262.0665    0.9961700750 
272.5504    1.0004813246 
282.5748    1.0002057772 
292.5903    0.9985648952 
302.6109    0.9962873103 
312.5782    0.9936493673 
322.6179    0.9890315076 
332.6323    0.9844621510 
342.6094    0.9789559196 
352.6222    0.9703409640 
367.5668    0.9614340142
372.4608    0.9590814939
