#T(K)  P(MPa)  rho(kg/m^3)  Cp(J/gK)  Cv(J/gK)
273.65	0.101325   999.8729   4.21558	4.21373
283.15	0.101325   999.7011   4.19218	4.18761
293.15	0.101325   998.2056   4.18185	4.15446
303.15	0.101325   995.648    4.17851	4.11593
313.15	0.101325   992.2153   4.17862	4.07265
323.15	0.101325   988.0343   4.18074	4.02558
333.15	0.101325   983.1952   4.18442	3.97592
343.15	0.101325   977.764    4.18963	3.92468
353.15	0.101325   971.7899   4.19647	3.87254
363.15	0.101325   965.3088   4.20513	3.82011
368.15	0.101325   961.8862   4.21028	3.79424
273.65	5	   1002.343   4.19242	4.19153
283.15	5	   1002.03    4.17395	4.16801
293.15	5	   1000.438   4.16682	4.13721
303.15	5	   997.8205   4.16543	4.10056
313.15	5	   994.3543   4.16673	4.05886
323.15	5	   990.1607   4.16959	4.01317
333.15	5	   985.3262   4.1737	3.96473
343.15	5	   979.9143   4.17908	3.91457
353.15	5	   973.9729   4.18586	3.86337
363.15	5	   967.5369   4.19434	3.81182
368.15	5	   964.1413   4.19942	3.7864
273.65	10	   1004.836   4.16996	4.16969
283.15	10	   1004.383   4.15615	4.14865
293.15	10	   1002.694   4.15207	4.1201
303.15	10	   1000.015   4.15253	4.08529
313.15	10	   996.5146   4.15497	4.04511
323.15	10	   992.3076   4.15853	4.00077
333.15	10	   987.4767   4.16305	3.95353
343.15	10	   982.0831   4.16861	3.90444
353.15	10	   976.1731   4.17534	3.85418
363.15	10	   969.7809   4.18363	3.80349
368.15	10	   966.4117   4.18863	3.7785
273.65	15	   1007.301   4.14867	4.14866
283.15	15	   1006.71    4.13914	4.12993
293.15	15	   1004.926   4.13789	4.10349
303.15	15	   1002.187   4.14007	4.0704
313.15	15	   998.6521   4.14357	4.03169
323.15	15	   994.4313   4.14779	3.98864
333.15	15	   989.603    4.15271	3.94256
343.15	15	   984.2264   4.15843	3.8945
353.15	15	   978.346    4.16512	3.84515
363.15	15	   971.9955   4.17321	3.7953
368.15	15	   968.6513   4.17813	3.7707
273.65	20	   1009.739   4.12849	4.1284
283.15	20	   1009.013   4.12289	4.11182
293.15	20	   1007.135   4.12425	4.08736
303.15	20	   1004.336   4.12804	4.05591
313.15	20	   1000.767   4.13253	4.01859
323.15	20	   996.5322   4.13737	3.97677
333.15	20	   991.7058   4.14265	3.93181
343.15	20	   986.3448   4.14852	3.88475
353.15	20	   980.4925   4.15517	3.83628
363.15	20	   974.1815   4.16309	3.78723
368.15	20	   970.8613   4.1679	3.76301
273.65	25	   1012.149   4.10937	4.10889
283.15	25	   1011.292   4.10738	4.09429
293.15	25	   1009.321   4.11115	4.07169
303.15	25	   1006.464   4.11643	4.04179
313.15	25	   1002.861   4.12184	4.0058
323.15	25	   998.611    4.12725	3.96517
333.15	25	   993.7856   4.13286	3.92128
343.15	25	   988.439    4.13888	3.87517
353.15	25	   982.6133   4.1455	3.82757
363.15	25	   976.3401   4.15323	3.77929
368.15	25	   973.0427   4.15794	3.75544
273.65	30	   1014.532   4.09127	4.09009
283.15	30	   1013.546   4.09257	4.07734
293.15	30	   1011.485   4.09855	4.05647
303.15	30	   1008.57    4.10521	4.02804
313.15	30	   1004.933   4.11148	3.99331
323.15	30	   1000.668   4.11742	3.95381
333.15	30	   995.8429   4.12335	3.91095
343.15	30	   990.5098   4.1295	3.86578
353.15	30	   984.7092   4.13608	3.81901
363.15	30	   978.4719   4.14364	3.77149
368.15	30	   975.1964   4.14823	3.74798
273.65	35	   1016.888   4.07414	4.07199
283.15	35	   1015.776   4.07844	4.06093
293.15	35	   1013.627   4.08645	4.0417
303.15	35	   1010.655   4.09438	4.01465
313.15	35	   1006.985   4.10144	3.98112
323.15	35	   1002.704   4.10787	3.94271
333.15	35	   997.8785   4.11409	3.90084
343.15	35	   992.5578   4.12037	3.85657
353.15	35	   986.7809   4.12692	3.81061
363.15	35	   980.5779   4.1343	3.76381
368.15	35	   977.3233   4.13878	3.74063
273.65	40	   1019.217   4.05794	4.05455
283.15	40	   1017.983   4.06496	4.04506
293.15	40	   1015.747   4.07483	4.02734
303.15	40	   1012.719   4.08392	4.00161
313.15	40	   1009.015   4.09171	3.96922
323.15	40	   1004.719   4.0986	3.93184
333.15	40	   999.8927   4.10508	3.89093
343.15	40	   994.5835   4.11148	3.84752
353.15	40	   988.8291   4.11799	3.80235
363.15	40	   982.6589   4.12521	3.75627
368.15	40	   979.4243   4.12956	3.7334
273.65	45	   1021.519   4.04262	4.03774
283.15	45	   1020.167   4.0521	4.0297
293.15	45	   1017.846   4.06366	4.0134
303.15	45	   1014.763   4.07383	3.9889
313.15	45	   1011.026   4.08229	3.9576
323.15	45	   1006.714   4.08959	3.92122
333.15	45	   1001.886   4.09632	3.88121
343.15	45	   996.5875   4.10281	3.83865
353.15	45	   990.8545   4.1093	3.79425
363.15	45	   984.7156   4.11636	3.74885
368.15	45	   981.5002   4.12058	3.72629
273.65	50	   1023.795   4.02813	4.02154
283.15	50	   1022.327   4.03983	4.01484
293.15	50	   1019.924   4.05292	3.99985
303.15	50	   1016.787   4.06408	3.97652
313.15	50	   1013.017   4.07316	3.94626
323.15	50	   1008.689   4.08084	3.91082
333.15	50	   1003.859   4.08779	3.87169
343.15	50	   998.5704   4.09438	3.82995
353.15	50	   992.8577   4.10084	3.78629
363.15	50	   986.7487   4.10773	3.74156
368.15	50	   983.5517   4.11182	3.71929
273.65	55	   1026.045   4.01444	4.00593
283.15	55	   1024.465   4.02812	4.00045
293.15	55	   1021.981   4.04262	3.98669
303.15	55	   1018.791   4.05466	3.96445
313.15	55	   1014.988   4.06431	3.93518
323.15	55	   1010.645   4.07234	3.90065
333.15	55	   1005.812   4.07949	3.86237
343.15	55	   1000.533   4.08616	3.8214
353.15	55	   994.8393   4.09259	3.77847
363.15	55	   988.7589   4.09932	3.73439
368.15	55	   985.5796   4.10329	3.7124
273.65	60	   1028.27    4.00151	3.99088
283.15	60	   1026.58    4.01696	3.98652
293.15	60	   1024.018   4.03271	3.9739
303.15	60	   1020.775   4.04557	3.9527
313.15	60	   1016.941   4.05573	3.92436
323.15	60	   1012.581   4.06408	3.89069
333.15	60	   1007.746   4.0714	3.85323
343.15	60	   1002.475   4.07815	3.81302
353.15	60	   996.7998   4.08455	3.7708
363.15	60	   990.7468   4.09113	3.72735
368.15	60	   987.5845   4.09496	3.70563
273.65	65	   1030.469   3.98928	3.97637
283.15	65	   1028.673   4.00632	3.97303
293.15	65	   1026.034   4.0232	3.96148
303.15	65	   1022.741   4.0368	3.94125
313.15	65	   1018.875   4.04742	3.9138
323.15	65	   1014.499   4.05605	3.88096
333.15	65	   1009.661   4.06354	3.84427
343.15	65	   1004.398   4.07035	3.8048
353.15	65	   998.7399   4.07671	3.76326
363.15	65	   992.7132   4.08314	3.72042
368.15	65	   989.5671   4.08685	3.69897
273.65	70	   1032.643   3.97772	3.96237
283.15	70	   1030.745   3.99617	3.95997
293.15	70	   1028.031   4.01406	3.9494
303.15	70	   1024.687   4.02832	3.93008
313.15	70	   1020.791   4.03937	3.90348
323.15	70	   1016.399   4.04825	3.87143
333.15	70	   1011.557   4.05588	3.83549
343.15	70	   1006.301   4.06274	3.79673
353.15	70	   1000.66    4.06906	3.75586
363.15	70	   994.6584   4.07536	3.71362
368.15	70	   991.528    4.07894	3.69243
273.65	75	   1034.793   3.9668	3.94887
283.15	75	   1032.795   3.98649	3.94731
293.15	75	   1030.009   4.00528	3.93766
303.15	75	   1026.616   4.02014	3.9192
313.15	75	   1022.689   4.03156	3.8934
323.15	75	   1018.281   4.04067	3.86211
333.15	75	   1013.435   4.04842	3.82688
343.15	75	   1008.186   4.05532	3.78881
353.15	75	   1002.561   4.06161	3.74859
363.15	75	   996.5832   4.06776	3.70693
368.15	75	   993.4679   4.07122	3.68599
273.65	80	   1036.918   3.95647	3.93583
283.15	80	   1034.824   3.97726	3.93505
293.15	80	   1031.967   3.99685	3.92624
303.15	80	   1028.526   4.01223	3.9086
313.15	80	   1024.569   4.02399	3.88356
323.15	80	   1020.145   4.0333	3.85298
333.15	80	   1015.296   4.04115	3.81845
343.15	80	   1010.052   4.04809	3.78105
353.15	80	   1004.442   4.05434	3.74144
363.15	80	   998.488    4.06035	3.70036
368.15	80	   995.3872   4.06369	3.67966
273.65	85	   1039.02    3.94671	3.92324
283.15	85	   1036.833   3.96845	3.92317
293.15	85	   1033.906   3.98875	3.91515
303.15	85	   1030.419   4.0046	3.89826
313.15	85	   1026.432   4.01665	3.87394
323.15	85	   1021.993   4.02613	3.84405
333.15	85	   1017.139   4.03408	3.81019
343.15	85	   1011.901   4.04104	3.77342
353.15	85	   1006.305   4.04724	3.73443
363.15	85	   1000.373   4.05312	3.69389
368.15	85	   997.2865   4.05634	3.67344
273.65	90	   1041.099   3.93747	3.91107
283.15	90	   1038.821   3.96006	3.91165
293.15	90	   1035.827   3.98097	3.90435
303.15	90	   1032.294   3.99723	3.88818
313.15	90	   1028.278   4.00953	3.86454
323.15	90	   1023.823   4.01917	3.83531
333.15	90	   1018.965   4.02719	3.80209
343.15	90	   1013.732   4.03416	3.76594
353.15	90	   1008.15    4.04032	3.72754
363.15	90	   1002.24    4.04607	3.68753
368.15	90	   999.1663   4.04918	3.66733
273.65	95	   1043.155   3.92873	3.89931
283.15	95	   1040.789   3.95204	3.90048
293.15	95	   1037.729   3.97349	3.89386
303.15	95	   1034.152   3.99011	3.87835
313.15	95	   1030.107   4.00263	3.85536
323.15	95	   1025.637   4.01239	3.82676
333.15	95	   1020.774   4.02047	3.79415
343.15	95	   1015.546   4.02745	3.7586
353.15	95	   1009.977   4.03356	3.72077
363.15	95	   1004.088   4.03918	3.68128
368.15	95	   1001.027   4.04219	3.66132
273.65	100	   1045.188   3.92045	3.88793
283.15	100	   1042.738   3.9444	3.88964
293.15	100	   1039.614   3.96631	3.88365
303.15	100	   1035.993   3.98323	3.86877
313.15	100	   1031.92    3.99594	3.84639
323.15	100	   1027.435   4.00581	3.81839
333.15	100	   1022.567   4.01393	3.78637
343.15	100	   1017.344   4.02091	3.7514
353.15	100	   1011.787   4.02696	3.71411
363.15	100	   1005.917   4.03246	3.67513
368.15	100	   1002.869   4.03537	3.6554
