#Temp(K)  Press(MPa) rho(kg/m^3)
258.15	-10.0	990.30
263.15	-10.0	992.40
273.15	-10.0	994.60
283.15	-10.0	994.80
293.15	-10.0	993.50
303.15	-10.0	991.10
313.15	-10.0	987.80
323.15	-10.0	983.60
333.15	-10.0	978.80
258.15	-20.0	984.30
263.15	-20.0	986.70
273.15	-20.0	989.40
283.15	-20.0	989.90
293.15	-20.0	988.80
303.15	-20.0	986.50
313.15	-20.0	983.30
323.15	-20.0	979.20
333.15	-20.0	974.30
258.15	-30.0	978.20
263.15	-30.0	981.00
273.15	-30.0	984.10
283.15	-30.0	984.90
293.15	-30.0	984.00
303.15	-30.0	981.90
313.15	-30.0	978.70
323.15	-30.0	974.60
333.15	-30.0	969.80
258.15	-40.0	972.30
263.15	-40.0	975.20
273.15	-40.0	978.70
283.15	-40.0	979.80
293.15	-40.0	979.20
303.15	-40.0	977.20
313.15	-40.0	974.00
323.15	-40.0	970.00
333.15	-40.0	965.10
258.15	-50.0	966.40
263.15	-50.0	969.40
273.15	-50.0	973.30
283.15	-50.0	974.70
293.15	-50.0	974.30
303.15	-50.0	972.30
313.15	-50.0	969.30
323.15	-50.0	965.20
333.15	-50.0	960.30
258.15	-60.0	960.60
263.15	-60.0	963.70
273.15	-60.0	967.80
283.15	-60.0	969.50
293.15	-60.0	969.30
303.15	-60.0	967.50
313.15	-60.0	964.40
323.15	-60.0	960.40
333.15	-60.0	955.40
258.15	-70.0	954.90
263.15	-70.0	957.90
273.15	-70.0	962.30
283.15	-70.0	964.30
293.15	-70.0	964.20
303.15	-70.0	962.50
313.15	-70.0	959.50
323.15	-70.0	955.40
333.15	-70.0	950.40
258.15	-80.0	949.20
263.15	-80.0	952.20
273.15	-80.0	956.80
283.15	-80.0	959.00
293.15	-80.0	959.10
303.15	-80.0	957.50
313.15	-80.0	954.50
323.15	-80.0	950.40
333.15	-80.0	945.20
258.15	-90.0	943.50
263.15	-90.0	946.40
273.15	-90.0	951.20
283.15	-90.0	953.60
293.15	-90.0	953.80
303.15	-90.0	952.30
313.15	-90.0	949.40
323.15	-90.0	945.20
333.15	-90.0	939.80
273.15	-100.0	945.50
283.15	-100.0	948.10
293.15	-100.0	948.50
303.15	-100.0	947.10
313.15	-100.0	944.10
323.15	-100.0	939.80
283.15	-110.0	942.50
293.15	-110.0	943.10
303.15	-110.0	941.70
#maximum density loci
279.05	-10	995
280.85	-20	989.9
282.55	-30	984.9
283.95	-40	979.9
285.25	-50	974.8
286.45	-60	969.6
287.55	-70	964.5
288.45	-80	959.3
289.25	-90	954
289.95	-100	948.6
290.55	-110	943.1
