#https://pubs.acs.org/doi/full/10.1021/acs.jctc.4c01005
#T (K) vs rho(g/cc) at 1 atm
# T (K)   MBpol
197.904   0.931      
207.769   0.912
212.981   0.930
218.029   0.951
222.841   0.975
228.070   0.992
237.741   1.003
248.008   1.009
257.862   1.012
268.134   1.013
278.100   1.012
288.175   1.009
297.851   1.006
308.288   1.002
317.787   0.996
327.733   0.991
337.708   0.985
347.676   0.978
367.907   0.963
#T (K) vs kappa x 10^6(bar^-1) at 1 atm
# T (K)   MBpol
197.916   18.328      
207.858   15.551 
212.971   45.125 
218.143   87.817 
223.330   113.791
228.101   84.458 
238.082   73.347 
248.087   61.227 
258.069   52.567 
268.108   50.746 
278.045   48.786 
287.807   44.448 
298.145   45.828 
308.007   44.523 
318.240   44.123 
328.211   44.383 
337.728   45.976 
348.035   47.128 
367.915   50.758 
