#T(c)	P(bar)	Alpha*10^3 deg^-1
0       800     173.6
5       800     211.04
10      800     245.22
15      800     276.78
20      800     306.23
25      800     333.98
30      800     360.33
35      800     385.48
40      800     409.58
45      800     432.74
50      800     455.06
55      800     476.61
60      800     497.48
65      800     517.74
70      800     537.47
75      800     556.73
80      800     575.58
85      800     594.09
90      800     612.33
95      800     630.44
100     800     648.64
