#P(MPa)  Temp(K) 	alpha*10^3
200    193.4386702     0.4733225934
200    197.7936862     0.4631231930
200    203.3905538     0.4460957421
200    208.3643618     0.4290576223
200    211.4689910     0.4119874961
200    216.4449328     0.3983740705
200    222.6648601     0.3813572884
200    227.0198760     0.3711578880
200    231.9979516     0.3609691564
200    237.6033543     0.3576404818
200    243.2108907     0.3577365013
200    247.5723080     0.3578111831
200    252.5567848     0.3578965337
200    258.7895147     0.3614279161
200    265.0243783     0.3683839925
200    269.3879293     0.3718833684
200    274.3766737     0.3788181071
200    279.3632843     0.3823281518
200    284.9772221     0.3926982535
200    292.4624724     0.4065250557
200    298.7037373     0.4237552144
200    309.3042857     0.4376353608
200    318.6587148     0.4514941695
200    328.6447387     0.4790624233
200    339.2580896     0.5134907341
200    348.6103850     0.5239248488
200    358.5942751     0.5480684085
200    369.1990910     0.5687979430
200    378.5577877     0.5895061399
200    387.9207519     0.6170637249
200    399.1486275     0.6378039283
200    409.1303838     0.6585227940
200    418.4869467     0.6758062967
