#Temp(K) Press(MPa) rho(g/cc)
297.6	240	1083.9599
303.36	240	1081.926204
312.96	240	1077.210461
322.56	240	1072.535648
333.12	240	1067.242443
342.72	240	1062.001228
353.28	240	1056.81124
362.88	240	1051.032807
373.44	240	1045.317221
383.04	240	1039.663462
392.64	240	1033.452808
403.2	240	1027.926322
412.8	240	1021.854696
423.36	240	1014.662757
#199.700000 239.000000 1132.502831   
#224.200000 240.000000 1118.568233   
#229.300000 240.000000 1116.071429   
#274.200000 240.000000 1095.290252   
#204.600000 241.000000 1131.221719   
#209.400000 241.000000 1127.395716   
#214.500000 241.000000 1124.859393   
#219.500000 241.000000 1122.334456   
#234.400000 241.000000 1114.827202   
#239.300000 241.000000 1109.877913   
#244.500000 241.000000 1108.647450   
#254.300000 241.000000 1104.972376   
#259.300000 241.000000 1101.321586   
#264.300000 241.000000 1100.110011   
#269.300000 241.000000 1096.491228   
#249.600000 242.000000 1108.647450  
199.7   239     1131.54   #Mishima (2010), corrected
224.2   240     1117.59   #Mishima (2010), corrected
229.3   240     1115.1    #Mishima (2010), corrected
274.2   240     1094.32   #Mishima (2010), corrected
204.6   241     1130.23   #Mishima (2010), corrected
209.4   241     1126.41   #Mishima (2010), corrected
214.5   241     1123.87   #Mishima (2010), corrected
219.5   241     1121.34   #Mishima (2010), corrected
234.4   241     1113.84   #Mishima (2010), corrected
239.3   241     1108.89   #Mishima (2010), corrected
244.5   241     1107.66   #Mishima (2010), corrected
254.3   241     1103.98   #Mishima (2010), corrected
259.3   241     1100.33   #Mishima (2010), corrected
264.3   241     1099.12   #Mishima (2010), corrected
269.3   241     1095.5    #Mishima (2010), corrected
249.6   242     1107.64   #Mishima (2010), corrected 
