#P(MPa) Temp(K) 	alpha*10^3
100    214.725     -0.3619293510151
100    219.679     -0.4097897173827
100    224.694     -0.3617586497530
100    229.102     -0.2655784655405
100    234.452     -0.1982064563243
100    239.842     -0.0650846522155
100    244.707      0.0528460569677
100    250.533      0.1441850713371
100    254.933      0.1730057291611
100    260.158      0.2019359724282
100    268.827      0.2416534165031
100    279.375      0.2920070044320
100    289.128      0.3291782456534
100    298.667      0.3655354151774
100    309.287      0.4102378081957
100    318.660      0.4549188635563
100    329.284      0.5064706447173
100    338.846      0.5291412725174
100    348.974      0.5650464478207
100    358.792      0.5968374147620
100    374.196      0.6505142539377
100    387.971      0.6992563826268
100    382.725      0.6742811937779
100    399.570      0.7354485344365
100    409.199      0.7605386134593
100    418.990      0.7780676405935
