# Slope of density and LLPT
#Press(MPa),Temp_min(K), min_rho, Temp_max(K), max_rho, mean_rho
 176.00   158.40  1038.56   158.60 1072.15  1055.36
 177.00   157.70  1033.13   157.90 1077.93  1055.53
 178.00   157.00  1028.19   157.20 1084.74  1056.46
 179.00   156.30  1023.84   156.50 1091.37  1057.61
 180.00   155.70  1024.41   155.90 1100.05  1062.23
 181.00   155.10  1025.18   155.30 1106.66  1065.92
 182.00   154.40  1020.62   154.60 1111.01  1065.82
 183.00   153.80  1021.05   154.00 1116.19  1068.62
 184.00   153.10  1017.04   153.30 1120.03  1068.54
 185.00   152.50  1017.27   152.70 1124.39  1070.83
 186.00   151.90  1017.60   152.10 1128.41  1073.01
 187.00   151.30  1018.01   151.50 1132.13  1075.07
 188.00   150.60  1014.09   150.80 1135.27  1074.68
 189.00   150.00  1014.35   150.20 1138.64  1076.49
 190.00   149.40  1014.67   149.60 1141.82  1078.24
 191.00   148.80  1015.11   149.00 1144.85  1079.98
 192.00   148.10  1011.48   148.30 1147.58  1079.53
 193.00   147.50  1011.77   147.70 1150.40  1081.08
 194.00   146.90  1012.16   147.10 1153.11  1082.63
 195.00   146.30  1012.64   146.50 1155.71  1084.17
 196.00   145.60  1009.36   145.80 1158.16  1083.76
 197.00   145.00  1009.74   145.20 1160.62  1085.18
 198.00   144.40  1010.20   144.60 1162.99  1086.60
 199.00   143.80  1010.78   144.00 1165.31  1088.04
 200.00   143.10  1007.80   143.30 1167.55  1087.67
 201.00   142.50  1008.30   142.70 1169.73  1089.02
 202.00   141.90  1008.90   142.10 1171.87  1090.39
 203.00   141.30  1009.64   141.50 1173.96  1091.80
 204.00   140.60  1006.85   140.80 1176.03  1091.44
 205.00   140.00  1007.52   140.20 1178.02  1092.77
 206.00   139.40  1008.31   139.60 1179.97  1094.14
 207.00   138.70  1005.83   138.90 1181.93  1093.88
 208.00   138.10  1006.57   138.30 1183.80  1095.19
 209.00   137.50  1007.46   137.70 1185.63  1096.54
 210.00   136.80  1005.21   137.00 1187.50  1096.35
 211.00   136.20  1006.06   136.40 1189.26  1097.66
 212.00   135.60  1007.09   135.80 1190.99  1099.04
 213.00   134.90  1004.98   135.10 1192.78  1098.88
 214.00   134.30  1005.97   134.50 1194.45  1100.21
 215.00   133.60  1004.16   133.80 1196.18  1100.17
 216.00   133.00  1005.16   133.20 1197.80  1101.48
 217.00   132.40  1006.36   132.60 1199.39  1102.88
 218.00   131.70  1004.57   131.90 1201.06  1102.82
 219.00   131.10  1005.80   131.30 1202.60  1104.20
 220.00   130.40  1004.21   130.60 1204.22  1104.21
 221.00   129.80  1005.48   130.00 1205.72  1105.60
 222.00   129.10  1004.03   129.30 1207.30  1105.66
 223.00   128.50  1005.36   128.70 1208.75  1107.06
 224.00   127.80  1004.04   128.00 1210.30  1107.17
 225.00   127.20  1005.48   127.40 1211.71  1108.59
 226.00   126.50  1004.22   126.70 1213.22  1108.72
 227.00   125.90  1005.78   126.10 1214.60  1110.19
 228.00   125.20  1004.60   125.40 1216.07  1110.34
 229.00   124.50  1003.63   124.70 1217.53  1110.58
 230.00   123.90  1005.18   124.10 1218.86  1112.02
 231.00   123.20  1004.26   123.40 1220.29  1112.28
 232.00   122.60  1006.02   122.80 1221.59  1113.81
 233.00   121.90  1005.10   122.10 1222.99  1114.04
 234.00   121.20  1004.35   121.40 1224.37  1114.36
 235.00   120.60  1006.21   120.80 1225.62  1115.92
 236.00   119.90  1005.45   120.10 1226.98  1116.22
 237.00   119.20  1004.84   119.40 1228.33  1116.58
 238.00   118.50  1004.35   118.70 1229.67  1117.01
 239.00   117.90  1006.25   118.10 1230.86  1118.56
 240.00   117.20  1005.73   117.40 1232.18  1118.95
 241.00   116.50  1005.33   116.70 1233.47  1119.40
 242.00   115.80  1005.02   116.00 1234.76  1119.89
 243.00   115.10  1004.76   115.30 1236.04  1120.40
 244.00   114.50  1006.79   114.70 1237.18  1121.99
 245.00   113.80  1006.53   114.00 1238.44  1122.48
 246.00   113.10  1006.33   113.30 1239.68  1123.01
 247.00   112.40  1006.21   112.60 1240.92  1123.56
 248.00   111.70  1006.14   111.90 1242.14  1124.14
 249.00   111.00  1006.12   111.20 1243.36  1124.74
 250.00   110.30  1006.16   110.50 1244.56  1125.36
 251.00   109.60  1006.22   109.80 1245.76  1125.99
 252.00   108.90  1006.31   109.10 1246.95  1126.63
 253.00   108.30  1008.59   108.50 1248.01  1128.30
 254.00   107.60  1008.71   107.80 1249.18  1128.94
 255.00   106.90  1008.89   107.10 1250.34  1129.62
 256.00   106.20  1009.10   106.40 1251.50  1130.30
 257.00   105.50  1009.34   105.70 1252.65  1130.99
 258.00   104.80  1009.62   105.00 1253.79  1131.70
 259.00   104.00  1007.91   104.20 1255.04  1131.48
 260.00   103.30  1008.25   103.50 1256.17  1132.21
 261.00   102.60  1008.60   102.80 1257.29  1132.95
 262.00   101.90  1009.00   102.10 1258.40  1133.70
 263.00   101.20  1009.41   101.40 1259.50  1134.46
 264.00   100.50  1009.84   100.70 1260.60  1135.22
