# max min Temp(K) of thermophysical properties vs pressure
#Press(MPa) max_rho min_rho max_kappa min_kappa max_Cp min_Cp max_alpha min_alpha WL/inflex max_drdt 
-140.00   293.70   194.80   304.90   196.60   260.80   193.00   332.90   257.10  265.30
-139.00   293.80   194.80   304.90   196.30   260.60   193.00   332.90   257.00  265.20
-138.00   293.80   194.90   304.90   196.20   260.50   193.00   332.90   256.90  265.00
-137.00   293.90   194.90   304.90   196.00   260.30   193.00   332.90   256.80  264.80
-136.00   293.90   194.90   304.90   195.80   260.10   193.00   332.90   256.70  264.70
-135.00   294.00   194.90   304.90   195.60   259.90   193.00   332.90   256.60  264.50
-134.00   294.00   194.90   304.90   195.40   259.70   193.00   332.90   256.50  264.40
-133.00   294.10   194.90   304.90   195.20   259.60   193.00   332.90   256.40  264.20
-132.00   294.10   194.90   304.90   195.00   259.40   193.00   332.90   256.30  264.00
-131.00   294.10   194.90   304.90   194.80   259.20   193.00   332.90   256.20  263.90
-130.00   294.20   194.90   304.90   194.60   259.00   193.00   332.90   256.00  263.70
-129.00   294.20   194.90   304.90   194.40   258.80   193.00   332.90   255.90  263.50
-128.00   294.20   194.90   304.90   194.30   258.70   193.00   332.90   255.80  263.40
-127.00   294.30   194.90   304.90   194.10   258.50   193.00   332.90   255.70  263.20
-126.00   294.30   194.90   304.90   193.80   258.30   193.00   332.90   255.50  263.00
-125.00   294.30   194.90   304.90   193.70   258.10   193.00   332.90   255.40  262.80
-124.00   294.30   194.90   304.90   193.40   257.90   193.00   332.90   255.30  262.70
-123.00   294.30   194.80   304.90   193.30   257.70   193.00   332.90   255.20  262.50
-122.00   294.30   194.80   304.90   193.00   257.50   193.00   332.90   255.00  262.30
-121.00   294.40   194.80   304.90   193.00   257.30   193.00   332.90   254.90  262.10
-120.00   294.40   194.80   273.00   193.00   257.20   193.00   332.90   254.80  262.00
-119.00   294.40   194.70   272.40   193.00   257.00   193.00   332.90   254.60  261.80
-118.00   294.40   194.70   271.90   193.00   256.80   193.00   332.90   254.50  261.60
-117.00   294.40   194.70   271.40   193.00   256.60   193.00   332.90   254.30  261.40
-116.00   294.40   194.60   270.90   193.00   256.40   193.00   332.90   254.20  261.30
-115.00   294.40   194.60   270.40   193.00   256.20   193.00   332.90   254.10  261.10
-114.00   294.40   194.60   269.90   193.00   256.00   193.00   332.90   253.90  260.90
-113.00   294.40   194.50   269.50   193.00   255.80   193.00   332.90   253.80  260.70
-112.00   294.40   194.50   269.10   193.00   255.60   193.00   332.90   253.60  260.50
-111.00   294.30   194.40   268.60   193.00   255.40   193.00   332.90   253.50  260.30
-110.00   294.30   194.40   268.20   193.00   255.20   193.00   332.90   253.30  260.20
-109.00   294.30   194.30   267.80   193.00   255.00   193.00   332.90   253.20  260.00
-108.00   294.30   194.30   267.40   193.00   254.80   193.00   332.90   253.00  259.80
-107.00   294.30   194.20   267.00   193.00   254.60   193.00   332.90   252.90  259.60
-106.00   294.20   194.20   266.60   193.00   254.40   193.00   332.90   252.70  259.40
-105.00   294.20   194.10   266.20   193.00   254.20   193.00   332.90   252.60  259.20
-104.00   294.20   194.00   265.90   193.00   254.00   193.00   332.90   252.40  259.00
-103.00   294.10   194.00   265.50   193.00   253.80   193.00   332.90   252.30  258.80
-102.00   294.10   193.90   265.10   193.00   253.60   193.00   332.90   252.10  258.60
-101.00   294.10   193.80   264.80   193.00   253.40   193.00   332.90   251.90  258.40
-100.00   294.00   193.80   264.40   193.00   253.20   193.00   332.90   251.80  258.20
 -99.00   294.00   193.70   264.10   193.00   253.00   193.00   332.90   251.60  258.10
 -98.00   293.90   193.60   263.70   193.00   252.80   193.00   332.90   251.40  257.90
 -97.00   293.90   193.60   263.40   193.00   252.60   193.00   332.90   251.30  257.70
 -96.00   293.80   193.50   263.10   193.00   252.40   193.00   332.90   251.10  257.50
 -95.00   293.80   193.40   262.70   193.00   252.20   193.00   332.90   250.90  257.30
 -94.00   293.70   193.30   262.40   193.00   252.00   193.00   332.90   250.80  257.10
 -93.00   293.70   193.30   262.10   193.00   251.80   193.00   332.90   250.60  256.90
 -92.00   293.60   193.20   261.80   193.00   251.60   193.00   332.90   250.40  256.70
 -91.00   293.50   193.10   261.40   193.00   251.40   193.00   332.90   250.30  256.40
 -90.00   293.50   193.00   261.10   193.00   251.20   193.00   332.90   250.10  256.20
 -89.00   293.40   192.90   260.80   193.00   250.90   193.00   332.90   249.90  256.00
 -88.00   293.30   192.90   260.50   193.00   250.70   193.00   332.90   249.70  255.80
 -87.00   293.30   192.80   260.20   193.00   250.50   193.00   332.90   249.60  255.60
 -86.00   293.20   192.70   259.90   193.00   250.30   193.00   332.90   249.40  255.40
 -85.00   293.10   192.60   259.60   193.00   250.10   193.00   332.90   249.20  255.20
 -84.00   293.00   192.50   259.30   193.00   249.90   193.00   332.90   249.00  255.00
 -83.00   293.00   192.40   259.00   193.00   249.70   193.00   332.90   248.80  254.80
 -82.00   292.90   192.30   258.70   193.00   249.50   193.00   332.90   248.60  254.60
 -81.00   292.80   192.20   258.30   193.00   249.20   193.00   332.90   248.50  254.40
 -80.00   292.70   192.10   258.00   193.00   249.00   193.00   332.90   248.30  254.20
 -79.00   292.60   192.00   257.80   193.00   248.80   193.00   332.90   248.10  253.90
 -78.00   292.50   191.90   257.50   193.00   248.60   193.00   332.90   247.90  253.70
 -77.00   292.40   191.80   257.10   193.00   248.40   193.00   332.90   247.70  253.50
 -76.00   292.30   191.70   256.90   193.00   248.20   193.00   332.90   247.50  253.30
 -75.00   292.20   191.60   256.60   193.00   247.90   193.00   332.90   247.30  253.10
 -74.00   292.10   191.50   256.30   193.00   247.70   193.00   332.90   247.10  252.80
 -73.00   292.00   191.40   256.00   193.00   247.50   193.00   332.90   246.90  252.60
 -72.00   291.90   191.30   255.70   193.00   247.30   193.00   332.90   246.70  252.40
 -71.00   291.80   191.20   255.40   193.00   247.00   193.00   332.90   246.50  252.20
 -70.00   291.70   191.10   255.10   193.00   246.80   193.00   332.90   246.30  252.00
 -69.00   291.50   191.00   254.80   193.00   246.60   193.00   332.90   246.10  251.70
 -68.00   291.40   190.90   254.50   193.00   246.40   193.00   332.90   245.90  251.50
 -67.00   291.30   190.80   254.20   193.00   246.20   193.00   332.90   245.70  251.30
 -66.00   291.20   190.70   253.90   193.00   245.90   193.00   332.90   245.50  251.10
 -65.00   291.00   190.60   253.60   193.00   245.70   193.00   332.90   245.30  250.80
 -64.00   290.90   190.40   253.40   193.00   245.50   193.00   332.90   245.10  250.60
 -63.00   290.80   190.30   253.10   193.00   245.20   193.00   332.90   244.90  250.40
 -62.00   290.60   190.20   252.80   193.00   245.00   193.00   332.90   244.70  250.10
 -61.00   290.50   190.10   252.50   193.00   244.80   193.00   332.90   244.50  249.90
 -60.00   290.40   190.00   252.20   193.00   244.60   193.00   332.90   244.30  249.70
 -59.00   290.20   189.80   251.90   193.00   244.30   193.00   332.90   244.10  249.40
 -58.00   290.10   189.70   251.60   193.00   244.10   193.00   332.90   243.90  249.20
 -57.00   289.90   189.60   251.30   193.00   243.90   193.00   332.90   243.70  249.00
 -56.00   289.80   189.50   251.00   193.00   243.60   193.00   332.90   243.50  248.70
 -55.00   289.60   189.30   250.80   193.00   243.40   193.00   332.90   243.30  248.50
 -54.00   289.50   189.20   250.50   193.00   243.20   193.00   332.90   243.00  248.30
 -53.00   289.30   189.10   250.20   193.00   242.90   193.00   332.90   242.80  248.00
 -52.00   289.10   188.90   249.90   193.00   242.70   193.00   332.90   242.60  247.80
 -51.00   289.00   188.80   249.60   193.00   242.40   193.00   332.90   242.40  247.50
 -50.00   288.80   188.70   249.30   193.00   242.20   193.00   332.90   242.20  247.30
 -49.00   288.60   188.60   249.00   193.00   242.00   193.00   332.90   241.90  247.10
 -48.00   288.50   188.40   248.70   193.00   241.70   193.00   332.90   241.70  246.80
 -47.00   288.30   188.30   248.50   193.00   241.50   193.00   332.90   241.50  246.60
 -46.00   288.10   188.20   248.20   193.00   241.20   193.00   332.90   241.30  246.30
 -45.00   287.90   188.00   247.90   193.00   241.00   193.00   332.90   241.10  246.10
 -44.00   287.80   187.90   247.60   193.00   240.80   193.00   332.90   240.80  245.80
 -43.00   287.60   187.80   247.30   193.00   240.50   193.00   332.90   240.60  245.60
 -42.00   287.40   187.60   247.00   193.00   240.30   193.00   332.90   240.40  245.30
 -41.00   287.20   187.50   246.70   193.00   240.00   193.00   332.90   240.10  245.10
 -40.00   287.00   187.30   246.40   193.00   239.80   193.00   332.90   239.90  244.80
 -39.00   286.80   187.20   246.20   193.00   239.50   193.00   332.90   239.70  244.60
 -38.00   286.60   187.10   245.90   193.00   239.30   193.00   332.90   239.50  244.30
 -37.00   286.40   186.90   245.60   193.00   239.00   193.00   332.90   239.20  244.10
 -36.00   286.20   186.80   245.30   193.00   238.80   193.00   332.90   239.00  243.80
 -35.00   286.00   186.60   245.00   193.00   238.50   193.00   332.90   238.80  243.50
 -34.00   285.80   186.50   244.70   193.00   238.30   193.00   332.90   238.50  243.30
 -33.00   285.60   186.30   244.40   193.00   238.00   193.00   332.90   238.30  243.00
 -32.00   285.40   186.20   244.10   193.00   237.80   193.00   332.90   238.00  242.80
 -31.00   285.20   186.00   243.80   193.00   237.50   193.00   332.90   237.80  242.50
 -30.00   284.90   185.90   243.50   193.00   237.30   193.00   332.90   237.60  242.20
 -29.00   284.70   185.70   243.20   193.00   237.00   193.00   332.90   237.30  242.00
 -28.00   284.50   185.60   242.90   193.00   236.80   193.00   332.90   237.10  241.70
 -27.00   284.30   185.40   242.70   193.00   236.50   193.00   332.90   236.80  241.50
 -26.00   284.00   185.30   242.40   193.00   236.30   193.00   332.90   236.60  241.20
 -25.00   283.80   185.10   242.10   193.00   236.00   193.00   332.90   236.40  240.90
 -24.00   283.60   184.90   241.80   193.00   235.70   193.00   332.90   236.10  240.60
 -23.00   283.30   184.80   241.50   193.00   235.50   193.00   332.90   235.90  240.40
 -22.00   283.10   184.60   241.20   193.00   235.20   193.00   332.90   235.60  240.10
 -21.00   282.90   184.50   240.90   193.00   235.00   193.00   332.90   235.40  239.80
 -20.00   282.60   184.30   240.60   193.00   234.70   193.00   332.90   235.10  239.60
 -19.00   282.40   184.10   240.30   193.00   234.40   193.00   332.90   234.90  239.30
 -18.00   282.10   184.00   240.00   193.00   234.20   193.00   332.90   234.60  239.00
 -17.00   281.90   183.80   239.70   193.00   233.90   193.00   332.90   234.40  238.70
 -16.00   281.60   183.70   239.40   193.00   233.60   193.00   332.90   234.10  238.50
 -15.00   281.40   183.50   239.10   193.00   233.40   193.00   332.90   233.90  238.20
 -14.00   281.10   183.30   238.80   193.00   233.10   193.00   332.90   233.60  237.90
 -13.00   280.80   183.20   238.50   193.00   232.80   193.00   332.90   233.30  237.60
 -12.00   280.60   183.00   238.20   193.00   232.60   193.00   332.90   233.10  237.30
 -11.00   280.30   182.80   237.90   193.00   232.30   193.00   332.90   232.80  237.10
 -10.00   280.00   182.60   237.60   193.00   232.00   193.00   332.90   232.60  236.80
  -9.00   279.80   182.50   237.30   193.00   231.80   193.00   332.90   232.30  236.50
  -8.00   279.50   182.30   237.00   193.00   231.50   193.00   332.90   232.00  236.20
  -7.00   279.20   182.10   236.70   193.00   231.20   193.00   332.90   231.80  235.90
  -6.00   278.90   181.90   236.40   193.00   230.90   193.00   332.90   231.50  235.60
  -5.00   278.60   181.80   236.10   193.00   230.70   193.00   332.90   231.20  235.40
  -4.00   278.30   181.60   235.70   193.00   230.40   193.00   332.90   231.00  235.10
  -3.00   278.10   181.40   235.40   193.00   230.10   308.30   332.90   230.70  234.80
  -2.00   277.80   181.20   235.10   193.00   229.80   308.10   332.90   230.40  234.50
  -1.00   277.50   181.10   234.80   193.00   229.60   308.00   332.90   230.20  234.20
   0.10   277.10   180.90   234.50   193.00   229.20   307.80   332.90   229.90  233.90
   1.00   276.90   180.70   234.20   193.00   229.00   307.60   332.90   229.60  233.60
   2.00   276.60   180.50   233.90   193.00   228.70   307.40   332.90   229.40  233.30
   3.00   276.30   180.30   233.60   193.00   228.40   307.20   332.90   229.10  233.00
   4.00   276.00   180.20   233.30   193.00   228.10   307.00   332.90   228.80  232.70
   5.00   275.60   180.00   233.00   193.00   227.90   306.90   332.90   228.50  232.40
   6.00   275.30   179.80   232.60   193.00   227.60   306.70   332.90   228.30  232.10
   7.00   275.00   179.60   232.30   193.00   227.30   306.50   332.90   228.00  231.80
   8.00   274.70   179.40   232.00   193.00   227.00   306.30   332.90   227.70  231.50
   9.00   274.40   179.20   231.70   193.00   226.70   306.10   332.90   227.40  231.20
  10.00   274.00   179.00   231.40   193.00   226.40   305.90   332.90   227.10  230.90
  11.00   273.70   178.80   231.10   193.00   226.10   305.70   332.90   226.90  230.60
  12.00   273.40   178.60   230.80   193.00   225.90   305.60   332.90   226.60  230.30
  13.00   273.10   178.50   230.40   193.00   225.60   305.40   332.90   226.30  230.00
  14.00   272.70   178.30   230.10   193.00   225.30   305.20   332.90   226.00  229.70
  15.00   272.40   178.10   229.80   193.00   225.00   305.00   332.90   225.70  229.30
  16.00   272.00   177.90   229.50   193.00   224.70   304.80   332.90   225.40  229.00
  17.00   271.70   177.70   229.10   193.00   224.40   304.60   332.90   225.10  228.70
  18.00   271.40   177.50   228.80   193.00   224.10   304.40   332.90   224.80  228.40
  19.00   271.00   177.30   228.50   193.00   223.80   304.20   332.90   224.60  228.10
  20.00   270.70   177.10   228.20   193.00   223.50   304.10   332.90   224.30  227.80
  21.00   270.30   176.90   227.80   193.00   223.20   303.90   332.90   224.00  227.50
  22.00   269.90   176.70   227.50   193.00   222.90   303.70   332.90   223.70  227.10
  23.00   269.60   176.50   227.20   193.00   222.60   303.50   332.90   223.40  226.80
  24.00   269.20   176.30   226.90   193.00   222.30   303.30   332.90   223.10  226.50
  25.00   268.90   176.10   226.50   193.00   222.00   303.10   332.90   222.80  226.20
  26.00   268.50   175.90   226.20   193.00   221.70   302.90   332.90   222.50  225.90
  27.00   268.10   175.70   225.90   193.00   221.40   302.70   332.90   222.20  225.50
  28.00   267.70   175.50   225.50   193.00   221.10   302.50   332.90   221.90  225.20
  29.00   267.40   175.20   225.20   193.00   220.80   302.30   332.90   221.60  224.90
  30.00   267.00   175.00   224.90   193.00   220.50   302.10   332.90   221.30  224.50
  31.00   266.60   174.80   224.50   321.70   220.20   302.00   332.90   221.00  224.20
  32.00   266.20   174.60   224.20   321.70   219.90   301.80   332.90   220.70  223.90
  33.00   265.80   174.40   223.80   321.90   219.50   301.60   332.90   220.40  223.60
  34.00   265.40   174.20   223.50   321.90   219.20   301.40   332.90   220.10  223.20
  35.00   265.10   174.00   223.20   322.00   218.90   301.20   332.90   219.70  222.90
  36.00   264.70   173.80   222.80   322.20   218.60   301.00   332.90   219.40  222.50
  37.00   264.30   173.50   222.50   322.10   218.30   300.80   332.90   219.10  222.20
  38.00   263.90   173.30   222.10   322.20   218.00   300.60   332.90   218.80  221.90
  39.00   263.50   173.10   221.80   322.30   217.70   300.40   332.90   218.50  221.50
  40.00   263.10   172.90   221.50   322.40   217.30   300.20   332.90   218.20  221.20
  41.00   262.60   172.70   221.10   322.40   217.00   300.00   332.90   217.90  220.80
  42.00   262.20   172.50   220.80   322.60   216.70   299.80   332.90   217.60  220.50
  43.00   261.60   172.20   220.40   322.60   216.40   299.60   332.90   217.20  220.20
  44.00   261.30   172.00   220.10   322.70   216.10   299.50   332.90   216.90  219.80
  45.00   261.00   171.80   219.70   322.80   215.70   299.30   332.90   216.60  219.50
  46.00   260.60   171.60   219.40   322.90   215.40   299.10   332.90   216.30  219.10
  47.00   260.10   171.30   219.00   322.90   215.10   298.90   332.90   215.90  218.80
  48.00   259.70   171.10   218.70   322.90   214.80   298.70   332.90   215.60  218.40
  49.00   259.30   170.90   218.30   323.00   214.40   298.50   332.90   215.30  218.10
  50.00   258.80   170.70   218.00   323.10   214.10   298.30   332.90   215.00  217.70
  51.00   258.40   170.40   217.60   323.20   213.80   298.10   332.90   214.60  217.40
  52.00   258.00   170.20   217.20   323.20   213.40   297.90   332.90   214.30  217.00
  53.00   257.50   170.00   216.90   323.30   213.10   297.70   332.90   214.00  216.60
  54.00   257.10   169.70   216.50   323.30   212.80   297.50   332.90   213.60  216.30
  55.00   256.60   169.50   216.20   323.40   212.40   297.40   332.90   213.30  215.90
  56.00   256.20   169.30   215.80   323.50   212.10   297.20   332.90   213.00  215.60
  57.00   255.70   169.00   215.40   323.50   211.80   297.00   332.90   212.60  215.20
  58.00   255.30   168.80   215.10   323.50   211.40   296.80   332.90   212.30  214.80
  59.00   254.80   168.60   214.70   323.70   211.10   296.60   332.90   212.00  214.50
  60.00   254.40   168.30   214.30   323.70   210.80   296.40   332.90   211.60  214.10
  61.00   253.90   168.10   214.00   323.90   210.40   296.20   332.90   211.30  213.70
  62.00   253.40   167.80   213.60   323.80   210.10   296.10   332.90   210.90  213.30
  63.00   253.00   167.60   213.20   323.90   209.70   295.90   332.90   210.60  213.00
  64.00   252.50   167.40   212.90   324.00   209.40   295.70   332.90   210.30  212.60
  65.00   252.00   167.10   212.50   324.00   209.00   295.50   332.90   209.90  212.20
  66.00   251.50   166.90   212.10   324.10   208.70   295.30   332.90   209.60  211.80
  67.00   251.00   166.60   211.70   324.10   208.40   295.10   332.90   209.20  211.50
  68.00   250.60   166.40   211.40   324.30   208.00   295.00   332.90   208.90  211.10
  69.00   250.10   166.10   211.00   324.30   207.70   294.80   332.90   208.50  210.70
  70.00   249.60   165.90   210.60   324.30   207.30   294.60   332.90   208.20  210.30
  71.00   249.10   165.60   210.20   324.30   207.00   294.40   332.90   207.80  209.90
  72.00   248.60   165.40   209.80   324.40   206.60   294.30   332.90   207.40  209.60
  73.00   248.10   165.10   209.50   324.50   206.20   294.10   332.90   207.10  209.20
  74.00   247.60   164.90   209.10   324.60   205.90   293.90   332.90   206.70  208.80
  75.00   247.10   164.60   208.70   324.70   205.50   293.70   332.90   206.40  208.40
  76.00   246.60   164.40   208.30   324.60   205.20   293.60   332.90   206.00  208.00
  77.00   246.10   164.10   207.90   324.70   204.80   293.40   332.90   205.70  207.60
  78.00   245.60   163.90   207.50   324.80   204.50   293.20   332.90   205.30  207.20
  79.00   245.00   163.60   207.10   324.80   204.10   293.10   332.90   204.90  206.80
  80.00   244.50   163.30   206.70   325.00   203.70   292.90   332.90   204.50  206.40
  81.00   244.00   163.10   206.30   324.90   203.40   292.70   332.90   204.20  206.00
  82.00   243.50   162.80   205.90   325.00   203.00   292.60   332.90   203.80  205.60
  83.00   243.00   162.60   205.50   325.00   202.60   292.40   332.90   203.40  205.20
  84.00   242.40   162.30   205.10   325.20   202.30   292.20   332.90   203.10  204.80
  85.00   241.90   162.00   204.70   325.10   201.90   292.10   332.90   202.70  204.40
  86.00   241.40   161.80   204.30   325.20   201.50   291.90   332.90   202.30  204.00
  87.00   240.80   161.50   203.90   325.30   201.10   291.80   332.90   201.90  203.60
  88.00   240.30   161.20   203.50   325.30   200.80   291.60   332.90   201.50  203.20
  89.00   239.70   161.00   203.10   325.30   200.40   291.50   332.90   201.20  202.80
  90.00   239.20   160.70   202.70   325.40   200.00   291.30   332.90   200.80  202.30
  91.00   238.60   160.40   202.30   325.40   199.60   291.20   332.90   200.40  201.90
  92.00   238.10   160.10   201.90   325.50   199.30   291.00   332.90   200.00  201.50
  93.00   237.50   159.90   201.50   325.60   198.90   290.90   332.90   199.60  201.10
  94.00   236.90   159.60   201.10   325.80   198.50   290.70   332.90   199.20  200.70
  95.00   236.40   159.30   200.70   325.70   198.10   290.60   332.90   198.80  200.20
  96.00   235.80   159.00   200.20   325.80   197.70   290.50   332.90   198.40  199.80
  97.00   235.20   158.80   199.80   325.70   197.30   290.30   332.90   198.10  199.40
  98.00   234.70   158.50   199.40   325.80   197.00   290.20   332.90   197.70  199.00
  99.00   234.10   158.20   199.00   326.00   196.60   290.10   332.90   197.30  198.50
 100.00   233.50   157.90   198.50   325.90   196.20   289.90   332.90   196.90  198.10
 101.00   232.80   157.60   198.10   326.00   195.80   289.80   332.90   196.50  197.70
 102.00   232.30   157.40   197.70   326.10   195.40   289.70   332.90   196.10  197.20
 103.00   231.70   157.10   197.30   326.30   195.00   289.60   332.90   195.60  196.80
 104.00   231.10   156.80   196.80   326.10   194.60   289.40   332.90   195.20  196.40
 105.00   230.50   156.50   196.40   326.10   194.20   289.30   332.90   194.80  195.90
 106.00   229.90   156.20   196.00   326.40   193.80   289.20   332.90   194.40  195.50
 107.00   229.30   155.90   195.50   326.30   193.40   289.10   332.90   194.00  195.00
 108.00   228.70   155.60   195.10   326.30   193.00   289.00   332.90   193.60  194.60
 109.00   228.10   155.30   194.60   326.40   192.60   288.90   332.90   193.20  194.10
 110.00   227.50   155.00   194.20   326.50   192.20   288.80   332.90   192.80  193.70
 111.00   226.80   154.80   193.70   326.60   191.80   288.70   332.90   192.30  193.20
 112.00   226.20   154.50   193.30   326.60   191.40   288.60   332.90   191.90  192.80
 113.00   225.60   154.20   192.80   326.70   190.90   288.50   332.90   191.50  192.30
 114.00   224.90   153.90   192.40   326.60   190.50   288.40   332.90   191.10  191.90
 115.00   224.30   153.60   191.90   326.70   190.10   288.30   332.90   190.60  191.40
 116.00   223.70   153.30   191.50   326.90   189.70   288.20   332.90   190.20  190.90
 117.00   223.00   153.00   191.00   326.80   189.30   288.20   332.90   189.80  190.50
 118.00   222.40   152.70   190.60   326.90   188.90   288.10   332.90   189.30  190.00
 119.00   221.70   152.30   190.10   326.90   188.40   288.00   332.90   188.90  189.50
 120.00   221.00   152.00   189.60   327.00   188.00   287.90   332.90   188.40  189.10
 121.00   220.40   151.70   189.20   327.00   187.60   287.90   332.90   188.00  188.60
 122.00   219.70   151.40   188.70   327.00   187.10   287.80   332.90   187.60  188.10
 123.00   219.00   151.10   188.20   327.10   186.70   287.70   332.90   187.10  187.60
 124.00   218.40   150.80   187.70   327.10   186.30   287.70   332.90   186.70  187.10
 125.00   217.70   150.50   187.30   327.30   185.80   287.60   332.90   186.20  186.70
 126.00   217.00   150.20   186.80   327.30   185.40   287.60   332.90   185.80  186.20
 127.00   216.30   149.90   186.30   327.30   185.00   287.50   332.90   185.30  185.70
 128.00   215.60   149.50   185.80   327.30   184.50   287.50   332.90   184.80  185.20
 129.00   214.90   149.20   185.30   327.50   184.10   287.50   332.90   184.40  184.70
 130.00   214.20   148.90   184.90   327.60   183.60   287.40   332.90   183.90  184.20
 131.00   213.50   148.60   184.40   327.50   183.20   287.40   332.90   183.40  183.70
 132.00   212.80   148.30   183.90   327.60   182.70   287.40   332.90   183.00  183.20
 133.00   212.10   147.90   183.40   327.70   182.30   287.30   332.90   182.50  182.70
 134.00   211.30   147.60   182.90   327.70   181.80   287.30   332.90   182.00  182.20
 135.00   210.60   147.30   182.40   327.90   181.30   287.30   332.90   181.60  181.70
 136.00   209.90   147.00   181.90   327.80   180.90   287.30   332.90   181.10  181.20
 137.00   209.10   146.60   181.30   327.90   180.40   287.30   332.90   180.60  180.70
 138.00   208.40   146.30   180.80   327.80   179.90   287.30   332.90   180.10  180.20
 139.00   207.60   146.00   180.30   328.10   179.50   287.30   332.90   179.60  179.70
 140.00   206.90   145.60   179.80   327.90   179.00   287.30   332.90   179.10  179.10
 141.00   206.10   145.30   179.30   328.10   178.50   287.30   332.90   178.60  178.60
 142.00   205.40   145.00   178.80   328.10   178.00   287.30   332.90   178.10  178.10
 143.00   204.60   144.60   178.20   328.20   177.50   287.30   258.80   177.60  177.60
 144.00   203.80   144.30   177.70   328.40   177.00   287.30   257.70   177.10  177.00
 145.00   203.00   144.00   177.20   328.30   176.60   287.30   256.50   176.60  176.50
 146.00   202.20   143.60   176.60   328.40   176.10   287.30   255.30   176.10  176.00
 147.00   201.30   143.30   176.10   328.50   175.60   287.40   254.10   175.60  175.40
 148.00   200.60   142.90   175.50   328.40   175.00   287.40   252.90   175.10  174.90
 149.00   199.80   142.60   175.00   328.60   174.50   287.40   251.80   174.50  174.30
 150.00   199.00   142.20   174.40   328.60   174.00   287.50   250.60   174.00  173.80
 151.00   198.20   141.90   173.90   328.60   173.50   287.50   249.40   173.50  173.20
 152.00   197.30   141.50   173.30   328.70   173.00   287.60   248.30   172.90  172.70
 153.00   196.50   141.20   172.80   328.60   172.40   287.60   247.10   172.40  172.10
 154.00   195.70   140.80   172.20   328.80   171.90   287.70   246.00   171.90  171.60
 155.00   194.80   140.50   171.60   328.80   171.30   287.70   244.90   171.30  171.00
 156.00   193.90   140.10   171.10   329.00   170.80   287.80   243.70   170.80  170.40
 157.00   193.10   139.80   170.50   329.00   170.20   287.80   242.60   170.20  169.90
 158.00   192.20   139.40   169.90   329.10   169.70   287.90   241.40   169.60  169.30
 159.00   191.20   139.00   169.30   329.10   169.10   288.00   240.30   169.10  168.70
 160.00   190.40   138.70   168.70   329.20   168.60   288.00   239.20   168.50  168.10
 161.00   189.50   138.30   168.10   329.30   168.00   288.10   238.00   167.90  167.60
 162.00   188.60   137.90   167.50   329.10   167.40   288.20   236.90   167.30  167.00
 163.00   187.70   137.60   166.90   329.20   166.80   288.30   235.70   166.70  166.40
 164.00   186.80   137.20   166.30   329.30   166.20   288.30   234.60   166.20  165.80
 165.00   185.80   136.80   165.70   329.40   165.60   288.40   233.40   165.60  165.20
 166.00   184.90   136.50   165.10   329.50   165.00   288.50   232.30   165.00  164.60
 167.00   183.90   136.10   164.40   329.60   164.40   288.60   231.10   164.30  164.00
 168.00   182.90   135.70   163.80   329.70   163.80   288.70   229.90   163.70  163.40
 169.00   182.00   135.30   163.20   329.80   163.10   288.80   228.80   163.10  162.80
 170.00   181.00   135.00   162.50   329.80   162.50   288.90   227.60   162.50  162.20
 171.00   180.00   134.60   161.90   329.80   161.80   289.00   226.40   161.80  161.60
 172.00   179.00   134.20   161.20   329.80   161.20   289.10   225.20   161.20  160.90
 173.00   177.90   133.80   160.50   329.80   160.50   289.20   224.00   160.50  160.30
 174.00   176.80   133.40   159.90   329.80   159.90   289.30   222.80   159.90  159.70
 175.00   175.80   133.00   159.20   329.90   159.20   289.40   221.60   159.20  159.10
 176.00   174.80   132.60   158.50   329.80   158.50   289.50   220.30   158.50  158.40
 177.00   173.70   132.20   157.80   329.90   157.80   289.70   219.10   157.80  157.80
 178.00   172.60   131.80   157.10   329.90   157.10   289.80   217.80   157.10  157.10
 179.00   171.50   131.50   156.40   329.80   156.40   289.90   216.50   156.40  156.40
 180.00   170.40   131.10   155.80   329.80   155.80   290.00   215.30   155.80  155.80
 181.00   169.30   130.70   155.20   329.90   155.20   290.10   214.00   155.20  155.20
 182.00   168.10   130.30   154.50   329.90   154.50   290.30   212.60   154.50  154.50
 183.00   166.90   129.80   153.90   329.90   153.90   290.40   211.30   153.90  153.90
 184.00   165.80   129.40   153.20   329.90   153.20   290.50   210.00   153.20  153.20
 185.00   164.60   129.00   152.60   329.90   152.60   290.70   208.60   152.60  152.60
 186.00   163.30   128.60   152.00   329.90   152.00   290.80   207.20   152.00  152.00
 187.00   162.10   128.20   151.40   329.90   151.40   290.90   205.80   151.40  151.40
 188.00   160.80   127.70   150.70   329.90   150.70   291.10   204.40   150.70  150.70
 189.00   159.60   127.40   150.10   329.90   150.10   291.20   203.00   150.10  150.10
 190.00   158.30   127.00   149.50   329.90   149.50   291.40   201.50   149.50  149.50
 191.00   156.70   126.50   148.90   329.90   148.90   291.50   200.10   148.90  148.90
 192.00   155.60   126.10   148.20   329.90   148.20   291.60   198.60   148.20  148.20
 193.00   154.20   125.70   147.60   329.90   147.60   291.80   197.00   147.60  147.60
 194.00   152.90   125.30   147.00   329.90   147.00   291.90   195.50   147.00  147.00
 195.00   151.50   124.90   146.40   329.90   146.40   292.10   193.90   146.40  146.40
 196.00   149.90   124.40   145.70   329.90   145.70   292.20   193.00   145.70  145.70
 197.00   148.50   124.00   145.10   329.90   145.10   292.40   193.00   145.10  145.10
 198.00   147.00   123.60   144.50   329.90   144.50   292.50   193.00   144.50  144.50
 199.00   145.50   123.10   143.90   329.90   143.90   292.70   193.00   143.90  143.90
 200.00   143.80   122.70   143.20   329.90   143.20   292.90   193.00   143.20  143.20
 201.00   142.70   122.20   142.60   329.90   142.60   293.00   193.00   142.60  142.60
 202.00   142.10   121.80   142.00   329.90   142.00   293.20   193.00   142.00  142.00
 203.00   141.50   121.40   141.40   329.90   141.40   293.30   193.00   141.40  141.40
 204.00   140.80   120.90   140.70   329.90   140.70   293.50   193.00   140.70  140.70
 205.00   140.20   120.50   140.10   329.90   140.10   293.70   193.00   140.10  140.10
 206.00   139.60   120.00   139.50   329.90   139.50   293.80   193.00   139.50  139.50
 207.00   138.90   119.60   138.80   329.90   138.80   294.00   193.00   138.80  138.80
 208.00   138.30   119.10   138.20   329.90   138.20   294.10   193.00   138.20  138.20
 209.00   137.70   118.60   137.60   329.90   137.60   294.30   193.00   137.60  137.60
 210.00   137.00   118.20   136.90   329.90   136.90   294.50   193.00   136.90  136.90
 211.00   136.40   117.70   136.30   329.90   136.30   294.60   193.00   136.30  136.30
 212.00   135.80   117.30   135.70   329.90   135.70   294.80   193.00   135.70  135.70
 213.00   135.10   116.80   135.00   329.90   135.00   295.00   193.00   135.00  135.00
 214.00   134.50   116.30   134.40   329.90   134.40   295.20   193.00   134.40  134.40
 215.00   133.80   115.90   133.70   329.90   133.70   295.30   193.00   133.70  133.70
 216.00   133.20   115.40   133.10   329.90   133.10   295.50   193.00   133.10  133.10
 217.00   132.60   114.90   132.50   329.90   132.50   295.70   193.00   132.50  132.50
 218.00   131.90   114.40   131.80   329.90   131.80   295.80   193.00   131.80  131.80
 219.00   131.30   113.90   131.20   329.90   131.20   296.00   193.00   131.20  131.20
 220.00   130.60   113.50   130.50   329.90   130.50   296.20   193.00   130.50  130.50
 221.00   130.00   113.00   129.90   329.90   129.90   296.40   193.00   129.90  129.90
 222.00   129.30   112.50   129.20   329.90   129.20   296.50   193.00   129.20  129.20
 223.00   128.70   112.00   128.60   329.90   128.60   296.70   193.00   128.60  128.60
 224.00   128.00   111.50   127.90   329.90   127.90   296.90   193.00   127.90  127.90
 225.00   127.40   111.00   127.30   329.90   127.30   297.10   193.00   127.30  127.30
 226.00   126.70   110.50   126.60   329.90   126.60   297.20   193.00   126.60  126.60
 227.00   126.10   110.00   126.00   329.90   126.00   297.40   193.00   126.00  126.00
 228.00   125.40   109.50   125.30   329.90   125.30   297.60   193.00   125.30  125.30
 229.00   124.70   109.00   124.60   329.90   124.60   297.80   193.00   124.60  124.60
 230.00   124.10   108.50   124.00   329.90   124.00   298.00   193.00   124.00  124.00
 231.00   123.40   108.00   123.30   329.90   123.30   298.10   193.00   123.30  123.30
 232.00   122.80   107.50   122.70   329.90   122.70   298.30   193.00   122.70  122.70
 233.00   122.10   107.00   122.00   329.90   122.00   298.50   193.00   122.00  122.00
 234.00   121.40   106.50   121.30   329.90   121.30   298.70   193.00   121.30  121.30
 235.00   120.80   105.90   120.70   329.90   120.70   298.90   193.00   120.70  120.70
 236.00   120.10   105.40   120.00   329.90   120.00   299.00   193.00   120.00  120.00
 237.00   119.40   104.90   119.30   329.90   119.30   299.20   193.00   119.30  119.30
 238.00   118.70   104.40   118.60   329.90   118.60   299.40   193.00   118.60  118.60
 239.00   118.10   103.80   118.00   329.90   118.00   299.60   193.00   118.00  118.00
 240.00   117.40   103.30   117.30   329.90   117.30   299.80   193.00   117.30  117.30
 241.00   116.70   102.80   116.60   329.90   116.60   299.90   193.00   116.60  116.60
 242.00   116.00   102.20   115.90   329.90   115.90   300.10   193.00   115.90  115.90
 243.00   115.30   101.70   115.20   329.90   115.20   300.30   193.00   115.20  115.20
 244.00   114.70   101.10   114.60   329.90   114.60   300.50   193.00   114.60  114.60
 245.00   114.00   100.60   113.90   329.90   113.90   300.70   193.00   113.90  113.90
 246.00   113.30   100.10   113.20   329.90   113.20   300.90   193.00   113.20  113.20
 247.00   112.60   100.00   112.50   329.90   112.50   301.00   193.00   112.50  112.50
 248.00   111.90   100.00   111.80   329.90   111.80   301.20   193.00   111.80  111.80
 249.00   111.20   100.00   111.10   329.90   111.10   301.40   193.00   111.10  111.10
 250.00   110.50   100.00   110.40   329.90   110.40   301.60   193.00   110.40  110.40
 251.00   109.80   100.00   109.70   329.90   109.70   301.80   193.00   109.70  109.70
 252.00   109.10   100.00   109.00   329.90   109.00   302.00   193.00   109.00  109.00
 253.00   108.50   100.00   108.40   329.90   108.40   302.10   193.00   108.40  108.40
 254.00   107.80   100.00   107.70   329.90   107.70   302.40   193.00   107.70  107.70
 255.00   107.10   100.00   107.00   329.90   107.00   302.50   193.00   107.00  107.00
 256.00   106.40   100.00   106.30   329.90   106.30   302.70   193.00   106.30  106.30
 257.00   105.70   100.00   105.60   329.90   105.60   302.90   193.00   105.60  105.60
 258.00   105.00   100.00   104.90   329.90   104.90   303.10   193.00   104.90  104.90
 259.00   104.20   100.00   104.10   329.90   104.30   303.30   193.00   104.10  104.10
