#Temp(K)  Press(MPa) rho(kg/m^3)
258.15	-10	990.30
263.15	-10	992.40
273.15	-10	994.60
283.15	-10	994.80
293.15	-10	993.50
303.15	-10	991.10
313.15	-10	987.80
323.15	-10	983.60
333.15	-10	978.80
258.15	-20	984.30
263.15	-20	986.70
273.15	-20	989.40
283.15	-20	989.90
293.15	-20	988.80
303.15	-20	986.50
313.15	-20	983.30
323.15	-20	979.20
333.15	-20	974.30
258.15	-30	978.20
263.15	-30	981.00
273.15	-30	984.10
283.15	-30	984.90
293.15	-30	984.00
303.15	-30	981.90
313.15	-30	978.70
323.15	-30	974.60
333.15	-30	969.80
258.15	-40	972.30
263.15	-40	975.20
273.15	-40	978.70
283.15	-40	979.80
293.15	-40	979.20
303.15	-40	977.20
313.15	-40	974.00
323.15	-40	970.00
333.15	-40	965.10
258.15	-50	966.40
263.15	-50	969.40
273.15	-50	973.30
283.15	-50	974.70
293.15	-50	974.30
303.15	-50	972.30
313.15	-50	969.30
323.15	-50	965.20
333.15	-50	960.30
258.15	-60	960.60
263.15	-60	963.70
273.15	-60	967.80
283.15	-60	969.50
293.15	-60	969.30
303.15	-60	967.50
313.15	-60	964.40
323.15	-60	960.40
333.15	-60	955.40
258.15	-70	954.90
263.15	-70	957.90
273.15	-70	962.30
283.15	-70	964.30
293.15	-70	964.20
303.15	-70	962.50
313.15	-70	959.50
323.15	-70	955.40
333.15	-70	950.40
258.15	-80	949.20
263.15	-80	952.20
273.15	-80	956.80
283.15	-80	959.00
293.15	-80	959.10
303.15	-80	957.50
313.15	-80	954.50
323.15	-80	950.40
333.15	-80	945.20
258.15	-90	943.50
263.15	-90	946.40
273.15	-90	951.20
283.15	-90	953.60
293.15	-90	953.80
303.15	-90	952.30
313.15	-90	949.40
323.15	-90	945.20
333.15	-90	939.80
273.15	-100	945.50
283.15	-100	948.10
293.15	-100	948.50
303.15	-100	947.10
313.15	-100	944.10
323.15	-100	939.80
283.15	-110	942.50
293.15	-110	943.10
303.15	-110	941.70
