#P(MPa)   Temp(K) 	alpha*10^3
140    209.8985394    -0.1085873404
140    214.9000864    -0.0811044371
140    219.3020452    -0.0159605680
140    225.5902530     0.0766128602
140    229.9900780     0.1383320353
140    235.6168183     0.1692503014
140    239.9995732     0.2035719239
140    245.6199123     0.2242161078
140    249.9919984     0.2414142600
140    255.6102037     0.2586337498
140    260.6032156     0.2724178767
140    265.5940937     0.2827773095
140    271.2101653     0.2965721053
140    276.8262368     0.3103669010
140    282.4465758     0.3310110849
140    288.6921083     0.3550906317
140    297.4341467     0.3860622419
140    308.6748248     0.4273506097
140    318.6629824     0.4583435576
140    328.6511400     0.4893365055
140    339.2623572     0.5203401223
140    348.6253214     0.5478977073
140    358.6092115     0.5720412670
140    369.2204287     0.6030448838
140    379.2064525     0.6306131376
140    388.5715505     0.6615954167
140    398.5511730     0.6788895883
140    408.5350631     0.7030331481
140    418.5189532     0.7271767078
