#P(MPa)   T(K)   alpha*10^3
300    195.4294737     0.6685621619
300    200.3947467     0.6378252659
300    205.3664209     0.6173624521
300    210.3359614     0.5934749443
300    215.3055019     0.5695874364
300    220.2707749     0.5388505404
300    225.2424491     0.5183877266
300    230.2119896     0.4945002187
300    235.1879314     0.4808867931
300    240.7869328     0.4672840362
300    246.3859342     0.4536812794
300    251.9892031     0.4469279107
300    256.9694125     0.4401638732
300    263.1978748     0.4368458674
300    268.1823516     0.4369312181
300    273.7877543     0.4336025434
300    279.3952908     0.4336985629
300    286.2446789     0.4269665319
300    292.4795425     0.4339226083
300    299.3353320     0.4374646595
300    308.6854936     0.4444740801
300    318.6629824     0.4583435576
300    328.6468724     0.4824871174
300    339.2410195     0.4860931816
300    348.5954487     0.4999519903
300    357.9498778     0.5138107990
300    368.5568275     0.5379650276
300    378.5279150     0.5415604229
300    388.5032700     0.5520052064
300    399.1123534     0.5795841291
300    408.4625151     0.5865935496
300    419.0630634     0.6004736960
