#P(MPa)  T(K)    alpha*10^3
400    195.4870854     0.7610289019
400    199.8164961     0.7097331726
400    204.7753678     0.6687221944
400    210.3572991     0.6277218850
400    215.9392304     0.5867215756
400    220.2899788     0.5696727870
400    225.2616530     0.5492099732
400    229.6124014     0.5321611847
400    235.2135366     0.5219831219
400    240.1916122     0.5117943903
400    245.7948811     0.5050410216
400    250.7729567     0.4948522901
400    257.0035527     0.4949589784
400    263.8572084     0.4950763355
400    269.4604773     0.4883229668
400    273.8176270     0.4815482604
400    278.7978364     0.4747842229
400    286.2702841     0.4680628607
400    293.1239398     0.4681802179
400    299.3545359     0.4682869061
400    308.6961624     0.4615975504
400    318.6629824     0.4583435576
400    328.6362036     0.4653636470
400    339.2346182     0.4758190993
400    348.5826461     0.4794038258
400    358.5580011     0.4898486093
400    369.1585495     0.5037287557
400    378.5108449     0.5141628703
400    388.4819323     0.5177582657
400    399.0824807     0.5316384121
400    408.4305086     0.5352231386
400    418.4015961     0.5388185339
