#T(c)	P(bar)	Alpha*10^3 deg^-1)
0       200     4.62
5       200     73.81
10      200     134.04
15      200     187.32
20      200     235.18
25      200     278.75
30      200     318.88
35      200     356.2
40      200     391.19
45      200     424.21
50      200     455.57
#55     200     585.5
60      200     514.23
65      200     541.94
70      200     568.78
75      200     594.88
80      200     620.37
85      200     645.34
90      200     669.89
95      200     694.17
100     200     718.39
