#T(c)	P(bar)	Alpha*10^6 deg^-1)
0       400     68.86
5       400     125.51
10      400     175.57
15      400     220.45
20      400     261.25
25      400     298.8
30      400     333.72
35      400     366.46
40      400     397.37
45      400     426.72
50      400     454.7
55      400     481.52
60      400     507.33
65      400     532.27
70      400     556.46
75      400     580.01
80      400     603
85      400     625.53
90      400     647.67
95      400     669.56
100     400     691.43
