#Mishima (2010)
#Temperatures are on the ITS-90 scale.
#
# T/K           P/MPa     rho/(kg/m^3) uncertainty
 199.700000  399.000000  1190.476190     2.023741
 199.700000  381.000000  1184.834123     2.043403
 199.700000  359.000000  1176.470588     2.335982
 199.700000  340.000000  1170.960187     2.426995
 199.700000  321.000000  1164.144354     2.232354
 199.700000  301.000000  1157.407407     2.482210
 199.700000  281.000000  1150.747986     2.453728
 199.700000  260.000000  1141.552511     2.216982
 199.700000  239.000000  1132.502831     1.830650
 199.700000  220.000000  1123.595506     1.957817
 199.600000  200.000000  1114.827202     2.115155
 199.600000  179.000000  1102.535832     1.484200
 204.600000  399.000000  1186.239620     1.197840
 204.600000  381.000000  1180.637544     1.013621
 204.600000  358.000000  1173.708920     0.831697
 204.600000  340.000000  1166.861144     1.830521
 204.600000  321.000000  1161.440186     1.555894
 204.600000  300.000000  1154.734411     1.427422
 204.500000  281.000000  1148.105626     1.537373
 204.600000  260.000000  1138.952164     1.638041
 204.600000  241.000000  1131.221719     0.914827
 204.600000  220.000000  1122.334456     0.328794
 204.600000  200.000000  1112.347052     1.069976
 204.600000  179.000000  1100.110011     1.195966
 204.600000  160.000000  1088.139282     1.983101
 209.500000  399.000000  1182.033097     1.572941
 209.400000  381.000000  1176.470588     1.424711
 209.400000  359.000000  1169.590643     1.540001
 209.500000  340.000000  1162.790698     1.206589
 209.400000  321.000000  1157.407407     1.269489
 209.500000  300.000000  1150.747986     1.000360
 209.500000  281.000000  1142.857143     0.985885
 209.400000  260.000000  1135.073780     1.361029
 209.400000  241.000000  1127.395716     1.709572
 209.600000  219.000000  1117.318436     1.096429
 209.600000  200.000000  1109.877913     1.876259
 209.500000  179.000000  1096.491228     2.112608
 209.500000  160.000000  1084.598698     2.421770
 209.500000  140.000000  1070.663812     2.847839
 214.400000  399.000000  1177.856302     1.560992
 214.400000  380.000000  1172.332943     1.679754
 214.400000  360.000000  1166.861144     1.812960
 214.400000  340.000000  1160.092807     1.625023
 214.400000  321.000000  1153.402537     1.442106
 214.400000  301.000000  1146.788991     1.587966
 214.400000  281.000000  1140.250855     1.659346
 214.500000  259.000000  1131.221719     1.633957
 214.500000  241.000000  1124.859393     1.718986
 214.500000  219.000000  1116.071429     1.794745
 214.700000  200.000000  1107.419712     1.430343
 214.600000  180.000000  1096.491228     2.507660
 214.600000  160.000000  1085.776330     2.831778
 214.600000  140.000000  1072.961373     4.029559
 214.600000  120.000000  1054.852321     5.055781
 219.500000  399.000000  1175.088132     1.574017
 219.500000  380.000000  1169.590643     1.389613
 219.400000  359.000000  1162.790698     1.392601
 219.400000  340.000000  1157.407407     1.397837
 219.500000  320.000000  1150.747986     1.635548
 219.500000  300.000000  1144.164760     1.743923
 219.400000  281.000000  1137.656428     1.812374
 219.500000  260.000000  1129.943503     1.875708
 219.500000  241.000000  1122.334456     2.057091
 219.400000  219.000000  1113.585746     1.837787
 219.300000  201.000000  1106.194690     1.494819
 219.500000  179.000000  1095.290252     1.794106
 219.500000  160.000000  1086.956522     2.692086
 219.500000  139.000000  1072.961373     2.116950
 219.500000  120.000000  1058.201058     3.165687
 219.600000   98.000000  1038.421599     2.442469
 224.400000  381.000000  1166.861144     1.364738
 224.500000  358.000000  1158.748552     1.400254
 224.500000  340.000000  1153.402537     1.295853
 224.400000  322.000000  1148.105626     1.211926
 224.400000  300.000000  1141.552511     1.162915
 224.300000  281.000000  1133.786848     1.305837
 224.300000  260.000000  1126.126126     1.391840
 224.200000  240.000000  1118.568233     1.305597
 224.300000  219.000000  1111.111111     1.558938
 224.300000  201.000000  1102.535832     1.952305
 224.300000  180.000000  1092.896175     2.540393
 224.400000  161.000000  1083.423619     2.352363
 224.400000  139.000000  1071.811361     2.647926
 224.400000  120.000000  1057.082452     1.886614
 224.400000   99.000000  1041.666667     3.052871
 224.500000   80.000000  1022.494888     5.008498
 229.300000  399.000000  1168.224299     1.648722
 229.400000  380.000000  1162.790698     1.577783
 229.300000  359.000000  1156.069364     1.669588
 229.300000  340.000000  1150.747986     1.708745
 229.300000  321.000000  1144.164760     1.472968
 229.300000  300.000000  1137.656428     1.439565
 229.200000  281.000000  1131.221719     1.369097
 229.300000  259.000000  1123.595506     1.439092
 229.300000  240.000000  1116.071429     1.675401
 229.400000  219.000000  1108.647450     2.209532
 229.300000  201.000000  1101.321586     2.313771
 229.300000  179.000000  1090.512541     2.757935
 229.400000  160.000000  1081.081081     2.759247
 229.400000  140.000000  1071.811361     2.633110
 229.500000  119.000000  1059.322034     2.387396
 229.500000  101.000000  1048.218029     2.940906
 229.500000   80.000000  1031.991744     2.660218
 229.400000   60.000000  1016.260163     1.148098
 234.500000  399.000000  1165.501166     1.640210
 234.400000  381.000000  1160.092807     1.699414
 234.400000  359.000000  1153.402537     1.661894
 234.400000  340.000000  1148.105626     1.790769
 234.400000  318.000000  1140.250855     1.999520
 234.400000  299.000000  1133.786848     1.993494
 234.500000  281.000000  1127.395716     2.076467
 234.400000  260.000000  1121.076233     2.121953
 234.400000  241.000000  1114.827202     2.115155
 234.400000  219.000000  1106.194690     2.351578
 234.300000  201.000000  1098.901099     2.369620
 234.300000  179.000000  1089.324619     2.475716
 234.400000  160.000000  1079.913607     2.641555
 234.400000  140.000000  1070.663812     2.612690
 234.500000  121.000000  1059.322034     2.695470
 234.300000   99.000000  1047.120419     2.573799
 234.400000   79.000000  1035.196687     2.971626
 234.300000   59.000000  1019.367992     3.266276
 234.500000   39.000000  1005.025126     4.172548
 239.300000  399.000000  1160.092807     1.866380
 239.400000  380.000000  1154.734411     1.939262
 239.300000  360.000000  1149.425287     1.958797
 239.300000  340.000000  1142.857143     1.846630
 239.300000  320.000000  1137.656428     2.166899
 239.200000  300.000000  1131.221719     2.089799
 239.300000  281.000000  1124.859393     2.188365
 239.300000  259.000000  1117.318436     2.192858
 239.300000  241.000000  1109.877913     2.349863
 239.300000  219.000000  1102.535832     2.185985
 239.300000  200.000000  1095.290252     2.272288
 239.300000  179.000000  1085.776330     2.167820
 239.500000  160.000000  1077.586207     2.565995
 239.400000  140.000000  1068.376068     2.569289
 239.500000  119.000000  1057.082452     2.377999
 239.500000   99.000000  1046.025105     2.477696
 239.500000   79.000000  1035.196687     2.676767
 239.400000   61.000000  1020.408163     1.814892
 239.400000   40.000000  1005.025126     1.955378
 244.300000  399.000000  1158.748552     0.938450
 244.300000  381.000000  1153.402537     0.913470
 244.300000  360.000000  1148.105626     1.012772
 244.400000  340.000000  1141.552511     1.126899
 244.400000  321.000000  1136.363636     1.133333
 244.400000  300.000000  1129.943503     1.192706
 244.500000  281.000000  1122.334456     1.331423
 244.500000  260.000000  1116.071429     1.419118
 244.500000  241.000000  1108.647450     1.401056
 244.400000  220.000000  1101.321586     1.565110
 244.400000  201.000000  1094.091904     1.675493
 244.300000  179.000000  1084.598698     1.728184
 244.300000  160.000000  1076.426265     2.067309
 244.200000  140.000000  1067.235859     2.016769
 244.300000  120.000000  1058.201058     2.105185
 244.300000  100.000000  1048.218029     2.262702
 244.300000   80.000000  1037.344398     2.717626
 244.500000   61.000000  1025.641026     3.147020
 244.600000   39.000000  1009.081736     2.850478
 249.300000  399.000000  1156.069364     1.301852
 249.400000  380.000000  1150.747986     1.254923
 249.300000  359.000000  1145.475372     1.404622
 249.300000  340.000000  1138.952164     1.370345
 249.300000  321.000000  1133.786848     1.288468
 249.400000  300.000000  1127.395716     1.466017
 249.400000  281.000000  1121.076233     1.484363
 249.500000  259.000000  1114.827202     1.603732
 249.600000  242.000000  1108.647450     1.552787
 249.600000  220.000000  1100.110011     1.544573
 249.500000  200.000000  1092.896175     1.557394
 249.500000  179.000000  1084.598698     1.663160
 249.600000  160.000000  1076.426265     1.686582
 249.600000  141.000000  1068.376068     1.660048
 249.400000  120.000000  1059.322034     1.801575
 249.400000  101.000000  1050.420168     2.059432
 249.500000   79.000000  1038.421599     2.101397
 249.400000   60.000000  1024.590164     1.283051
 249.500000   39.000000  1012.145749     1.954241
 254.100000  399.000000  1153.402537     1.442106
 253.900000  380.000000  1148.105626     1.339029
 253.900000  359.000000  1142.857143     1.453559
 254.000000  340.000000  1136.363636     1.382365
 254.100000  321.000000  1131.221719     1.509779
 254.100000  300.000000  1124.859393     1.614852
 254.100000  281.000000  1118.568233     1.803552
 254.100000  260.000000  1111.111111     1.712102
 254.300000  241.000000  1104.972376     1.625746
 254.400000  219.000000  1097.694841     1.786451
 254.300000  200.000000  1090.512541     1.763150
 254.400000  180.000000  1083.423619     1.820324
 254.400000  161.000000  1075.268817     1.983333
 254.400000  139.000000  1066.098081     1.949647
 254.300000  120.000000  1057.082452     2.209171
 254.200000  101.000000  1049.317943     2.266777
 254.400000   79.000000  1037.344398     2.466483
 254.400000   61.000000  1028.806584     3.108620
 254.400000   40.000000  1016.260163     3.174713
 259.300000  399.000000  1148.105626     1.103444
 259.300000  380.000000  1142.857143     1.058082
 259.300000  359.000000  1137.656428     1.012704
 259.300000  340.000000  1132.502831     1.020879
 259.300000  319.000000  1126.126126     0.887911
 259.300000  300.000000  1119.820829     1.032801
 259.300000  281.000000  1114.827202     1.057196
 259.400000  259.000000  1107.419712     1.161447
 259.300000  241.000000  1101.321586     1.214991
 259.500000  219.000000  1094.091904     1.281432
 259.400000  200.000000  1088.139282     1.283525
 259.400000  179.000000  1079.913607     1.391687
 259.400000  159.000000  1071.811361     1.482359
 259.400000  140.000000  1063.829787     1.258790
 259.400000  120.000000  1055.966209     1.760045
 259.300000  101.000000  1047.120419     1.746170
 259.400000   80.000000  1037.344398     1.787077
 259.300000   61.000000  1027.749229     1.812556
 259.100000   39.000000  1016.260163     2.098292
 264.300000  399.000000  1146.788991     1.877128
 264.300000  381.000000  1142.857143     1.846630
 264.300000  359.000000  1136.363636     1.718637
 264.400000  341.000000  1131.221719     1.510565
 264.400000  321.000000  1124.859393     1.702666
 264.400000  300.000000  1118.568233     1.579933
 264.400000  280.000000  1112.347052     1.698434
 264.400000  259.000000  1106.194690     1.712766
 264.300000  241.000000  1100.110011     1.528964
 264.200000  221.000000  1092.896175     2.065032
 264.300000  201.000000  1086.956522     1.637746
 264.100000  180.000000  1078.748652     2.188449
 264.300000  160.000000  1071.811361     2.585133
 264.500000  140.000000  1063.829787     2.780321
 264.500000  120.000000  1054.852321     3.024038
 264.300000  101.000000  1047.120419     3.206137
 264.300000   79.000000  1037.344398     3.692455
 264.300000   61.000000  1027.749229     4.205077
 264.400000   39.000000  1014.198783     4.362149
 269.100000  399.000000  1142.857143     1.845828
 269.000000  380.000000  1137.656428     1.758320
 269.000000  361.000000  1132.502831     1.636872
 269.300000  340.000000  1127.395716     1.762655
 269.200000  320.000000  1121.076233     1.690461
 269.200000  300.000000  1114.827202     1.825858
 269.300000  281.000000  1109.877913     1.741592
 269.200000  260.000000  1102.535832     1.768647
 269.300000  241.000000  1096.491228     1.898467
 269.200000  220.000000  1090.512541     1.714214
 269.300000  201.000000  1083.423619     1.836905
 269.300000  180.000000  1076.426265     1.988317
 269.300000  160.000000  1068.376068     1.974111
 269.200000  139.000000  1060.445387     1.882752
 269.200000  120.000000  1052.631579     2.068112
 269.100000  100.000000  1043.841336     1.974157
 269.100000   80.000000  1034.126163     2.260072
 269.100000   61.000000  1024.590164     2.738251
 268.900000   39.000000  1014.198783     3.190907
 274.100000  399.000000  1141.552511     2.468294
 274.100000  381.000000  1136.363636     2.446699
 274.200000  359.000000  1129.943503     2.558711
 274.100000  340.000000  1124.859393     2.465796
 274.000000  319.000000  1119.820829     2.305125
 274.000000  300.000000  1113.585746     2.143958
 274.200000  280.000000  1107.419712     2.002781
 274.100000  259.000000  1101.321586     1.947263
 274.200000  240.000000  1095.290252     1.877364
 274.200000  219.000000  1088.139282     1.966375
 274.200000  200.000000  1081.081081     1.555486
 274.300000  180.000000  1074.113856     1.821061
 274.300000  159.000000  1066.098081     2.152778
 274.200000  141.000000  1059.322034     1.771250
 274.300000  120.000000  1051.524711     2.094325
 274.300000  100.000000  1043.841336     2.257900
 274.400000   80.000000  1034.126163     2.245623
 274.500000   60.000000  1024.590164     2.983256
 274.500000   39.000000  1014.198783     3.458764
