#tT(K)  P(MPa)	cp/(J/K/g)
236.15	0.101325	5.706
237.15	0.101325	5.500
238.15	0.101325	5.361
239.15	0.101325	5.244
240.15	0.101325	5.128
242.15	0.101325	4.911
245.15	0.101325	4.733
250.15	0.101325	4.522
255.15	0.101325	4.378
260.15	0.101325	4.311
265.15	0.101325	4.244
270.15	0.101325	4.233
275.15	0.101325	4.217
280.15	0.101325	4.200
285.15	0.101325	4.194
290.15	0.101325	4.189
293.15	0.101325	4.182
298.15	0.101325	4.181
303.15	0.101325	4.179
308.15	0.101325	4.178
313.15	0.101325	4.179
318.15	0.101325	4.181
323.15	0.101325	4.182
328.15	0.101325	4.183
333.15	0.101325	4.185
338.15	0.101325	4.188
343.15	0.101325	4.190
348.15	0.101325	4.194
353.15	0.101325	4.197
358.15	0.101325	4.203
363.15	0.101325	4.205
368.15	0.101325	4.213
373.15	0.101325	4.216
