#P(MPa)	T(K)	10^6kapa
0.101325  227.693   103.333
0.101325  228.194   103.273
0.101325  228.679   103.423
0.101325  229.195   104.384
0.101325  229.879   100.661
0.101325  230.501   100.060
0.101325  230.987   96.727
0.101325  231.214   97.267
0.101325  233.476   91.502
0.101325  237.097   82.754
0.101325  242.488   73.938
0.101325  247.834   67.632
0.101325  255.484   63.794
0.101325  253.15	61.94
0.101325  255.15	60.48
0.101325  257.15	59.11
0.101325  259.15	57.83
0.101325  261.15	56.64
0.101325  263.15	55.52
0.101325  264.15	54.99
0.101325  265.15	54.48
0.101325  266.15	53.98
0.101325  267.15	53.5
0.101325  268.15	53.04
0.101325  269.15	52.6
0.101325  270.15	52.17
0.101325  271.15	51.76
0.101325  272.15	51.36
0.101325  273.15	50.98
0.101325  274.15	50.61
0.101325  275.15	50.26
0.101325  276.15	49.92
0.101325  277.15	49.59
0.101325  278.15	49.28
0.101325  279.15	48.98
0.101325  280.15	48.69
0.101325  281.15	48.41
0.101325  282.15	48.15
0.101325  283.15	47.89
0.101325  284.15	47.65
0.101325  285.15	47.42
0.101325  286.15	47.19
0.101325  287.15	46.98
0.101325  288.15	46.78
0.101325  289.15	46.59
0.101325  290.15	46.4
0.101325  291.15	46.23
0.101325  292.15	46.06
0.101325  293.15	45.91
0.101325  294.15	45.76
0.101325  295.15	45.62
0.101325  296.15	45.48
0.101325  297.15	45.36
0.101325  298.15	45.24
0.101325  299.15	45.13
0.101325  300.15	45.02
0.101325  301.15	44.93
0.101325  302.15	44.84
0.101325  303.15	44.75
0.101325  304.15	44.67
0.101325  305.15	44.6
0.101325  306.15	44.54
0.101325  307.15	44.48
0.101325  308.15	44.42
0.101325  309.15	44.37
0.101325  310.15	44.33
0.101325  311.15	44.29
0.101325  312.15	44.25
0.101325  313.15	44.22
0.101325  314.15	44.2
0.101325  315.15	44.18
0.101325  316.15	44.16
0.101325  317.15	44.15
0.101325  318.15	44.15
0.101325  319.15	44.14
0.101325  320.15	44.15
0.101325  321.15	44.15
0.101325  322.15	44.16
0.101325  323.15	44.17
0.101325  324.15	44.19
0.101325  325.15	44.21
0.101325  326.15	44.24
0.101325  327.15	44.26
0.101325  328.15	44.29
0.101325  329.15	44.33
0.101325  330.15	44.37
0.101325  331.15	44.41
0.101325  332.15	44.45
0.101325  333.15	44.5
0.101325  334.15	44.55
0.101325  335.15	44.61
0.101325  336.15	44.66
0.101325  337.15	44.72
0.101325  338.15	44.79
0.101325  339.15	44.85
0.101325  340.15	44.92
0.101325  341.15	45
0.101325  342.15	45.07
0.101325  343.15	45.15
0.101325  344.15	45.23
0.101325  345.15	45.32
0.101325  346.15	45.4
0.101325  347.15	45.49
0.101325  348.15	45.59
0.101325  349.15	45.68
0.101325  350.15	45.78
0.101325  351.15	45.88
0.101325  352.15	45.99
0.101325  353.15	46.1
0.101325  354.15	46.21
0.101325  355.15	46.32
0.101325  356.15	46.44
0.101325  357.15	46.56
0.101325  358.15	46.68
0.101325  359.15	46.81
0.101325  360.15	46.94
0.101325  361.15	47.07
0.101325  362.15	47.2
0.101325  363.15	47.34
0.101325  364.15	47.48
0.101325  365.15	47.63
0.101325  366.15	47.77
0.101325  367.15	47.93
0.101325  368.15	48.08
0.101325  369.15	48.24
0.101325  370.15	48.4
0.101325  371.15	48.56
0.101325  372.15	48.73
0.101325  373.15	48.9

