#P(MPa)	T(K)	K_T*10^6(/bar)
86	229.4	66.7
86	234.4	60.1
86	239.5	56.7
86	244.3	52.3
86	249.5	49.2
86	254.4	48.6
86	259.4	44.8
86	264.4	43.2
86	269.2	44
80	273.15	40.865
80	278.15	39.846
80	283.15	39.005
80	288.15	38.316
80	293.15	37.755
80	298.15	37.307
80	303.15	36.957
80	308.15	36.695
80	313.15	36.512
80	318.15	36.401
80	323.15	36.356
80	328.15	36.371
80	333.15	36.443
80	338.15	36.57
80	343.15	36.747
80	348.15	36.973
80	353.15	37.246
80	358.15	37.565
80	363.15	37.926
80	368.15	38.328
80	373.15	38.77

