#T (K)  Cp(J/gK)
200.938    3.698
206.312    3.727
209.794    4.374
214.823    5.270
219.843    5.983
226.006    6.495
231.379    6.495
234.804    5.829
240.065    5.134
245.943    4.799
252.519    4.537
250.109    4.800
260.656    4.243
268.313    4.212
277.331    4.197
285.387    4.128
293.515    4.107
301.504    4.095
309.562    4.078
318.069    4.081
325.684    4.150
333.747    4.230
341.805    4.211
350.000    4.251
357.922    4.170
365.730    4.282
374.359    4.216
379.142    4.082
379.998    4.377
