# (MPa)	T(K)	V(cc/g)	rho (g/cc)
39	234.5	0.995	1.005025126
39	244.6	0.991	1.009081736
39	249.5	0.988	1.012145749
39	259.1	0.984	1.016260163
39	264.4	0.986	1.014198783
39	268.9	0.986	1.014198783
39	274.5	0.986	1.014198783
40	239.4	0.995	1.005025126
40	254.4	0.984	1.016260163
59	234.3	0.981	1.019367992
60	229.4	0.984	1.016260163
60	249.4	0.976	1.024590164
60	274.5	0.976	1.024590164
61	239.4	0.98	1.020408163
61	244.5	0.975	1.025641026
61	254.4	0.972	1.028806584
61	259.3	0.973	1.027749229
61	264.3	0.973	1.027749229
61	269.1	0.976	1.024590164
79	234.4	0.966	1.035196687
79	239.5	0.966	1.035196687
79	249.5	0.963	1.038421599
79	254.4	0.964	1.037344398
79	264.3	0.964	1.037344398
80	224.5	0.978	1.022494888
80	229.5	0.969	1.031991744
80	244.3	0.964	1.037344398
80	259.4	0.964	1.037344398
80	269.1	0.967	1.034126163
80	274.4	0.967	1.034126163
98	219.6	0.963	1.038421599
99	224.4	0.96	1.041666667
99	234.3	0.955	1.047120419
99	239.5	0.956	1.046025105
100	244.3	0.954	1.048218029
100	269.1	0.958	1.043841336
100	274.3	0.958	1.043841336
101	229.5	0.954	1.048218029
101	249.4	0.952	1.050420168
101	254.2	0.953	1.049317943
101	259.3	0.955	1.047120419
101	264.3	0.955	1.047120419
119	229.5	0.944	1.059322034
119	239.5	0.946	1.057082452
120	214.6	0.948	1.054852321
120	219.5	0.945	1.058201058
120	224.4	0.946	1.057082452
120	244.3	0.945	1.058201058
120	249.4	0.944	1.059322034
120	254.3	0.946	1.057082452
120	259.4	0.947	1.055966209
120	264.5	0.948	1.054852321
120	269.2	0.95	1.052631579
120	274.3	0.951	1.051524711
121	234.5	0.944	1.059322034
139	219.5	0.932	1.072961373
139	224.4	0.933	1.071811361
139	254.4	0.938	1.066098081
139	269.2	0.943	1.060445387
140	209.5	0.934	1.070663812
140	214.6	0.932	1.072961373
140	229.4	0.933	1.071811361
140	234.4	0.934	1.070663812
140	239.4	0.936	1.068376068
140	244.2	0.937	1.067235859
140	259.4	0.94	1.063829787
140	264.5	0.94	1.063829787
141	249.6	0.936	1.068376068
141	274.2	0.944	1.059322034
159	259.4	0.933	1.071811361
159	274.3	0.938	1.066098081
160	204.6	0.919	1.088139282
160	209.5	0.922	1.084598698
160	214.6	0.921	1.08577633
160	219.5	0.92	1.086956522
160	229.4	0.925	1.081081081
160	234.4	0.926	1.079913607
160	239.5	0.928	1.077586207
160	244.3	0.929	1.076426265
160	249.6	0.929	1.076426265
160	264.3	0.933	1.071811361
160	269.3	0.936	1.068376068
161	224.4	0.923	1.083423619
161	254.4	0.93	1.075268817
179	199.6	0.907	1.102535832
179	204.6	0.909	1.100110011
179	209.5	0.912	1.096491228
179	219.5	0.913	1.095290252
179	229.3	0.917	1.090512541
179	234.3	0.918	1.089324619
179	239.3	0.921	1.08577633
179	244.3	0.922	1.084598698
179	249.5	0.922	1.084598698
179	259.4	0.926	1.079913607
180	214.6	0.912	1.096491228
180	224.3	0.915	1.092896175
180	254.4	0.923	1.083423619
180	264.1	0.927	1.078748652
180	269.3	0.929	1.076426265
180	274.3	0.931	1.074113856
200	199.6	0.897	1.114827202
200	204.6	0.899	1.112347052
200	209.6	0.901	1.109877913
200	214.7	0.903	1.107419712
200	239.3	0.913	1.095290252
200	249.5	0.915	1.092896175
200	254.3	0.917	1.090512541
200	259.4	0.919	1.088139282
200	274.2	0.925	1.081081081
201	219.3	0.904	1.10619469
201	224.3	0.907	1.102535832
201	229.3	0.908	1.101321586
201	234.3	0.91	1.098901099
201	244.4	0.914	1.094091904
201	264.3	0.92	1.086956522
201	269.3	0.923	1.083423619
219	209.6	0.895	1.117318436
219	214.5	0.896	1.116071429
219	219.4	0.898	1.113585746
219	224.3	0.9	1.111111111
219	229.4	0.902	1.10864745
219	234.4	0.904	1.10619469
219	239.3	0.907	1.102535832
219	254.4	0.911	1.097694841
219	259.5	0.914	1.094091904
219	274.2	0.919	1.088139282
220	199.7	0.89	1.123595506
220	204.6	0.891	1.122334456
220	244.4	0.908	1.101321586
220	249.6	0.909	1.100110011
220	269.2	0.917	1.090512541
221	264.2	0.915	1.092896175
239	199.7	0.883	1.132502831
240	224.2	0.894	1.118568233
240	229.3	0.896	1.116071429
240	274.2	0.913	1.095290252
241	204.6	0.884	1.131221719
241	209.4	0.887	1.127395716
241	214.5	0.889	1.124859393
241	219.5	0.891	1.122334456
241	234.4	0.897	1.114827202
241	239.3	0.901	1.109877913
241	244.5	0.902	1.10864745
241	254.3	0.905	1.104972376
241	259.3	0.908	1.101321586
241	264.3	0.909	1.100110011
241	269.3	0.912	1.096491228
242	249.6	0.902	1.10864745
259	214.5	0.884	1.131221719
259	229.3	0.89	1.123595506
259	239.3	0.895	1.117318436
259	249.5	0.897	1.114827202
259	259.4	0.903	1.107419712
259	264.4	0.904	1.10619469
259	274.1	0.908	1.101321586
260	199.7	0.876	1.141552511
260	204.6	0.878	1.138952164
260	209.4	0.881	1.13507378
260	219.5	0.885	1.129943503
260	224.3	0.888	1.126126126
260	234.4	0.892	1.121076233
260	244.5	0.896	1.116071429
260	254.1	0.9	1.111111111
260	269.2	0.907	1.102535832
280	264.4	0.899	1.112347052
280	274.2	0.903	1.107419712
281	199.7	0.869	1.150747986
281	204.5	0.871	1.148105626
281	209.5	0.875	1.142857143
281	214.4	0.877	1.140250855
281	219.4	0.879	1.137656428
281	224.3	0.882	1.133786848
281	229.2	0.884	1.131221719
281	234.5	0.887	1.127395716
281	239.3	0.889	1.124859393
281	244.5	0.891	1.122334456
281	249.4	0.892	1.121076233
281	254.1	0.894	1.118568233
281	259.3	0.897	1.114827202
281	269.3	0.901	1.109877913
299	234.4	0.882	1.133786848
300	204.6	0.866	1.154734411
300	209.5	0.869	1.150747986
300	219.5	0.874	1.14416476
300	224.4	0.876	1.141552511
300	229.3	0.879	1.137656428
300	239.2	0.884	1.131221719
300	244.4	0.885	1.129943503
300	249.4	0.887	1.127395716
300	254.1	0.889	1.124859393
300	259.3	0.893	1.119820829
300	264.4	0.894	1.118568233
300	269.2	0.897	1.114827202
300	274	0.898	1.113585746
301	199.7	0.864	1.157407407
301	214.4	0.872	1.146788991
318	234.4	0.877	1.140250855
319	259.3	0.888	1.126126126
319	274	0.893	1.119820829
320	219.5	0.869	1.150747986
320	239.3	0.879	1.137656428
320	269.2	0.892	1.121076233
321	199.7	0.859	1.164144354
321	204.6	0.861	1.161440186
321	209.4	0.864	1.157407407
321	214.4	0.867	1.153402537
321	229.3	0.874	1.14416476
321	244.4	0.88	1.136363636
321	249.3	0.882	1.133786848
321	254.1	0.884	1.131221719
321	264.4	0.889	1.124859393
322	224.4	0.871	1.148105626
340	199.7	0.854	1.170960187
340	204.6	0.857	1.166861144
340	209.5	0.86	1.162790698
340	214.4	0.862	1.160092807
340	219.4	0.864	1.157407407
340	224.5	0.867	1.153402537
340	229.3	0.869	1.150747986
340	234.4	0.871	1.148105626
340	239.3	0.875	1.142857143
340	244.4	0.876	1.141552511
340	249.3	0.878	1.138952164
340	254	0.88	1.136363636
340	259.3	0.883	1.132502831
340	269.3	0.887	1.127395716
340	274.1	0.889	1.124859393
341	264.4	0.884	1.131221719
358	204.6	0.852	1.17370892
358	224.5	0.863	1.158748552
359	199.7	0.85	1.176470588
359	209.4	0.855	1.169590643
359	219.4	0.86	1.162790698
359	229.3	0.865	1.156069364
359	234.4	0.867	1.153402537
359	249.3	0.873	1.145475372
359	253.9	0.875	1.142857143
359	259.3	0.879	1.137656428
359	264.3	0.88	1.136363636
359	274.2	0.885	1.129943503
360	214.4	0.857	1.166861144
360	239.3	0.87	1.149425287
360	244.3	0.871	1.148105626
361	269	0.883	1.132502831
380	214.4	0.853	1.172332943
380	219.5	0.855	1.169590643
380	229.4	0.86	1.162790698
380	239.4	0.866	1.154734411
380	249.4	0.869	1.150747986
380	253.9	0.871	1.148105626
380	259.3	0.875	1.142857143
380	269	0.879	1.137656428
381	199.7	0.844	1.184834123
381	204.6	0.847	1.180637544
381	209.4	0.85	1.176470588
381	224.4	0.857	1.166861144
381	234.4	0.862	1.160092807
381	244.3	0.867	1.153402537
381	264.3	0.875	1.142857143
381	274.1	0.88	1.136363636
399	199.7	0.84	1.19047619
399	204.6	0.843	1.18623962
399	209.5	0.846	1.182033097
399	214.4	0.849	1.177856302
399	219.5	0.851	1.175088132
399	229.3	0.856	1.168224299
399	234.5	0.858	1.165501166
399	239.3	0.862	1.160092807
399	244.3	0.863	1.158748552
399	249.3	0.865	1.156069364
399	254.1	0.867	1.153402537
399	259.3	0.871	1.148105626
399	264.3	0.872	1.146788991
399	269.1	0.875	1.142857143
399	274.1	0.876	1.141552511
