#P(MPa)	T(K)	K_T*10^4(/Mpa)	K_T*10^6(/bar)
27	239.6	7.4	74
27	244.5	8.13	81.3
27	259.1	5.49	54.9
28	249.5	7.87	78.7
29	234.7	9.3	93
29	254.3	5.76	57.6
29	268.9	5.16	51.6
37	234.6	9.4	94
37	239.4	7.65	76.5
37	244.5	7.31	73.1
37	249.5	6.56	65.6
37	254.4	6.54	65.4
37	259.1	5.43	54.3
37	268.9	5.35	53.5
39	264.4	5.86	58.6
49	234.5	7.05	70.5
49	239.4	7.13	71.3
49	244.5	6.61	66.1
49	254.4	5.43	54.3
49	259.2	4.41	44.1
49	269.1	4.57	45.7
50	249.5	5.5	55
50	264.3	4.84	48.4
61	244.5	5.8	58
61	254.4	5.53	55.3
61	264.3	4.9	49
61	269.2	4.26	42.6
62	234.4	6.87	68.7
62	239.5	6.62	66.2
62	249.5	5.34	53.4
62	259.4	4.17	41.7
66	229.4	8.14	81.4
73	264.4	4.02	40.2
74	234.4	6.97	69.7
74	239.5	6.24	62.4
74	244.4	5.9	59
74	249.5	5.38	53.8
74	254.4	3.97	39.7
74	259.4	4.36	43.6
74	269.2	4.66	46.6
75	229.3	7.35	73.5
86	229.4	6.67	66.7
86	234.4	6.01	60.1
86	239.5	5.67	56.7
86	244.3	5.23	52.3
86	249.5	4.92	49.2
86	254.4	4.86	48.6
86	259.4	4.48	44.8
86	264.4	4.32	43.2
86	269.2	4.4	44
98	249.5	4.98	49.8
98	259.4	4.54	45.4
98	264.4	4.28	42.8
99	229.5	6.07	60.7
99	234.3	5.76	57.6
99	239.5	5.56	55.6
99	244.3	4.8	48
99	254.3	4.66	46.6
99	269.2	4.38	43.8
111	229.5	5.56	55.6
111	234.5	5.21	52.1
111	239.5	4.87	48.7
111	244.2	4.75	47.5
111	249.5	4.36	43.6
111	254.3	4.4	44
111	259.4	4.02	40.2
111	264.4	3.99	39.9
111	269.2	3.94	39.4
123	229.5	5.39	53.9
123	239.5	4.88	48.8
123	244.2	4.69	46.9
123	254.3	4.28	42.8
123	259.4	4.16	41.6
123	264.4	4.11	41.1
123	269.2	3.95	39.5
124	234.5	5.19	51.9
124	249.5	4.5	45
128	224.4	6.7	67
136	224.4	5.77	57.7
136	229.4	5.1	51
136	234.4	5.08	50.8
136	239.5	4.46	44.6
136	244.2	4.39	43.9
136	249.6	3.93	39.3
136	254.4	4.04	40.4
136	259.4	4.05	40.5
136	264.5	3.63	36.3
136	269.2	3.93	39.3
147	244.3	4.15	41.5
148	224.4	5.23	52.3
148	229.4	4.76	47.6
148	234.3	4.53	45.3
148	239.5	4.35	43.5
148	249.6	4.04	40.4
148	259.4	3.62	36.2
148	264.4	4.07	40.7
148	269.3	3.57	35.7
149	254.4	3.84	38.4
150	219.5	4.88	48.8
160	219.5	4.72	47.2
160	234.4	4.39	43.9
160	239.5	4.5	45
160	244.3	4.14	41.4
160	249.6	4.06	40.6
160	259.4	3.76	37.6
160	264.2	3.43	34.3
160	269.3	3.76	37.6
161	214.7	5.39	53.9
161	224.4	5.24	52.4
161	229.4	4.7	47
161	254.4	3.93	39.3
165	209.5	6.32	63.2
172	264.1	3.35	33.5
173	214.6	5.01	50.1
173	219.5	4.39	43.9
173	224.4	4.05	40.5
173	229.4	4.51	45.1
173	234.3	4.48	44.8
173	239.5	4.04	40.4
173	244.3	3.88	38.8
173	249.5	3.85	38.5
173	254.4	3.84	38.4
173	259.4	3.63	36.3
173	269.3	3.49	34.9
174	209.6	5.08	50.8
185	204.6	5.54	55.4
185	219.5	4.56	45.6
185	224.4	4.75	47.5
185	229.4	4.07	40.7
185	234.3	4.41	44.1
185	239.4	3.68	36.8
185	249.5	3.47	34.7
185	254.4	3.5	35
185	264.1	3.66	36.6
186	209.6	5.34	53.4
186	214.7	5.12	51.2
186	244.3	3.56	35.6
186	259.4	3.41	34.1
186	269.3	3.38	33.8
187	199.4	5.16	51.6
197	204.6	5.23	52.3
197	249.5	3.43	34.3
198	199.4	4.5	45
198	209.6	4.96	49.6
198	214.7	4.11	41.1
198	219.4	4.18	41.8
198	224.3	4.42	44.2
198	229.3	4.17	41.7
198	234.4	3.61	36.1
198	239.4	3.76	37.6
198	244.4	3.75	37.5
198	254.4	3.46	34.6
198	259.4	3.47	34.7
198	264.3	3.21	32.1
198	269.3	3.14	31.4
210	204.6	4.06	40.6
210	219.4	4.05	40.5
210	224.3	3.95	39.5
210	229.3	3.66	36.6
210	234.4	3.61	36.1
210	239.4	3.65	36.5
210	244.4	3.59	35.9
210	249.6	3.4	34
210	254.4	3.22	32.2
210	264.3	3.22	32.2
210	269.3	3.19	31.9
211	199.7	4.74	47.4
211	209.6	4.28	42.8
211	259.5	3.21	32.1
212	214.6	4.38	43.8
222	204.6	3.76	37.6
222	219.4	3.61	36.1
222	224.4	3.5	35
222	229.3	3.54	35.4
222	234.4	3.32	33.2
222	239.4	3.34	33.4
222	244.4	3.53	35.3
222	249.5	3.38	33.8
222	254.4	3.3	33
222	264.3	3.1	31
222	269.2	3.17	31.7
223	199.8	4.34	43.4
223	209.6	3.76	37.6
223	214.5	3.64	36.4
224	259.4	3.06	30.6
235	199.7	3.78	37.8
235	204.5	3.76	37.6
235	209.5	3.74	37.4
235	214.5	3.77	37.7
235	219.5	3.54	35.4
235	224.4	3.55	35.5
235	229.3	3.78	37.8
235	234.4	3.42	34.2
235	239.4	3.27	32.7
235	244.5	2.99	29.9
235	249.5	3.23	32.3
235	254.3	3.07	30.7
235	259.4	3	30
235	264.3	3.09	30.9
235	269.2	2.99	29.9
247	199.7	3.53	35.3
247	204.5	3.36	33.6
247	209.5	3.08	30.8
247	214.5	3.11	31.1
247	219.5	3.34	33.4
247	224.3	3.13	31.3
247	229.3	3.28	32.8
247	239.3	3.35	33.5
247	244.5	3.31	33.1
247	249.5	3.18	31.8
247	254.2	3.04	30.4
247	259.3	2.89	28.9
247	264.3	2.81	28.1
247	269.2	2.87	28.7
248	234.4	3.13	31.3
260	199.7	3.87	38.7
260	204.5	3.51	35.1
260	209.6	3.59	35.9
260	214.5	3.64	36.4
260	219.5	3.38	33.8
260	224.3	3.49	34.9
260	229.2	3.15	31.5
260	234.4	3.21	32.1
260	239.4	3.07	30.7
260	244.5	3.14	31.4
260	249.5	2.86	28.6
260	254.2	2.94	29.4
260	259.4	2.96	29.6
260	264.4	3.02	30.2
260	269.2	2.75	27.5
272	199.7	3.19	31.9
272	204.5	3.34	33.4
272	209.6	3.46	34.6
272	214.4	3.18	31.8
272	219.5	3.35	33.5
272	224.4	3.33	33.3
272	229.2	3.17	31.7
272	234.4	2.89	28.9
272	239.4	2.97	29.7
272	244.4	3.15	31.5
272	249.4	3	30
272	254.1	2.84	28.4
272	259.3	2.88	28.8
272	264.4	2.73	27.3
272	269.2	2.88	28.8
284	204.5	3.11	31.1
284	214.4	3.31	33.1
284	219.5	3.18	31.8
284	224.4	3.09	30.9
284	229.2	2.92	29.2
284	234.4	3.25	32.5
284	239.4	3.17	31.7
284	244.4	3.21	32.1
284	249.4	2.83	28.3
284	259.3	2.83	28.3
284	264.4	3.01	30.1
285	199.7	3.11	31.1
285	209.5	3.23	32.3
285	254.1	2.91	29.1
285	269.2	2.82	28.2
297	199.7	3.08	30.8
297	204.5	3.05	30.5
297	209.5	2.94	29.4
297	214.4	3.1	31
297	219.5	2.89	28.9
297	224.4	2.91	29.1
297	229.2	2.98	29.8
297	234.4	2.88	28.8
297	239.3	2.91	29.1
297	244.4	2.8	28
297	249.4	2.73	27.3
297	254	2.76	27.6
297	259.3	2.8	28
297	264.4	2.63	26.3
297	269.2	2.63	26.3
309	199.7	3.3	33
309	204.5	2.94	29.4
309	214.4	2.97	29.7
309	229.2	2.84	28.4
309	234.4	3.03	30.3
309	249.4	2.59	25.9
309	254.1	2.73	27.3
309	259.3	2.72	27.2
309	264.4	2.85	28.5
309	269.2	2.67	26.7
310	219.5	2.85	28.5
310	224.4	3.04	30.4
310	239.3	2.87	28.7
310	244.4	2.75	27.5
311	209.5	3.22	32.2
321	199.7	2.73	27.3
321	214.4	2.65	26.5
321	229.3	2.7	27
321	254.1	2.73	27.3
321	259.3	2.42	24.2
321	264.4	2.37	23.7
322	204.5	2.6	26
322	219.5	2.89	28.9
322	224.4	2.57	25.7
322	234.4	2.86	28.6
322	239.4	2.47	24.7
322	244.4	2.83	28.3
322	249.3	2.74	27.4
322	269.2	2.47	24.7
323	209.5	2.75	27.5
334	199.7	3.18	31.8
334	204.5	2.8	28
334	209.5	2.84	28.4
334	214.4	2.94	29.4
334	219.4	2.71	27.1
334	224.5	2.87	28.7
334	229.3	2.78	27.8
334	234.4	2.78	27.8
334	239.4	2.49	24.9
334	244.4	2.54	25.4
334	249.3	2.58	25.8
334	254	2.6	26
334	259.3	2.51	25.1
334	264.3	2.64	26.4
334	269.2	2.49	24.9
346	204.6	2.97	29.7
346	224.5	2.67	26.7
346	229.3	2.88	28.8
346	239.4	2.68	26.8
346	244.4	2.65	26.5
346	249.3	2.5	25
347	199.7	2.67	26.7
347	209.5	2.95	29.5
347	214.4	2.79	27.9
347	219.4	2.46	24.6
347	234.4	2.7	27
347	254	2.64	26.4
347	259.3	2.6	26
347	264.3	2.66	26.6
347	269.1	2.55	25.5
358	269.1	2.44	24.4
359	204.6	2.48	24.8
359	209.5	2.72	27.2
359	214.4	2.72	27.2
359	219.5	2.67	26.7
359	224.4	2.73	27.3
359	229.3	2.69	26.9
359	234.4	2.61	26.1
359	239.4	2.51	25.1
359	244.3	2.51	25.1
359	249.3	2.54	25.4
359	253.9	2.57	25.7
359	259.3	2.51	25.1
359	264.3	2.53	25.3
360	199.7	3.03	30.3
371	214.4	2.54	25.4
371	219.5	2.58	25.8
371	224.4	2.5	25
371	229.4	2.51	25.1
371	234.4	2.67	26.7
371	239.4	2.44	24.4
371	244.3	2.57	25.7
371	249.3	2.38	23.8
371	269.1	2.46	24.6
372	199.7	2.92	29.2
372	204.6	2.78	27.8
372	209.5	2.77	27.7
372	253.9	2.54	25.4
372	259.3	2.44	24.4
372	264.3	2.59	25.9
383	239.4	2.37	23.7
384	199.7	2.68	26.8
384	204.6	2.67	26.7
384	209.5	2.47	24.7
384	214.4	2.57	25.7
384	219.4	2.68	26.8
384	224.4	2.49	24.9
384	229.4	2.49	24.9
384	234.4	2.34	23.4
384	244.3	2.29	22.9
384	249.3	2.46	24.6
384	254	2.28	22.8
384	259.4	2.26	22.6
384	264.3	2.26	22.6
384	269.1	2.12	21.2
396	199.7	2.81	28.1
396	204.6	2.46	24.6
396	209.5	2.56	25.6
396	214.4	2.43	24.3
396	219.4	2.55	25.5
396	224.4	2.58	25.8
396	229.4	2.25	22.5
396	234.4	2.33	23.3
396	239.4	2.2	22
396	244.2	2.41	24.1
396	249.3	2.28	22.8
396	254	2.45	24.5
396	259.3	2.35	23.5
396	269.1	2.33	23.3
397	264.3	1.95	19.5
