#https://pubs.acs.org/doi/full/10.1021/acs.jctc.4c01005
#T (K) vs rho(g/cc) at 1 atm
# T (K)   DNN
198.130   0.929   
208.008   0.937   
212.996   0.949   
218.032   0.971   
222.962   0.986   
227.986   0.996   
237.978   1.006   
248.021   1.011   
258.121   1.013   
268.007   1.014   
278.035   1.013   
287.911   1.012   
298.024   1.009   
307.999   1.006   
317.835   1.002   
327.499   0.997   
337.759   0.992   
348.041   0.986   
367.935   0.973  
#T (K) vs kappa x 10^6(bar^-1) at 1 atm
# T (K)   MBpol
198.108   19.851   
207.916   44.732   
213.070   87.165   
218.269   97.876   
223.136   83.753  
228.182   78.495   
238.063   58.412   
248.037   50.730   
258.036   45.886   
268.158   42.580   
277.630   40.449   
287.850   39.146   
299.335   37.824   
308.016   37.910   
318.070   38.261   
327.879   38.059   
337.426   39.603   
348.345   40.988   
367.908   43.845   
