#solute size       Temp        p_0 p_meanfield         al       alHB        alS       alLJ        alO 
   0.0000000000 -173.0000000000    0.0000675453    0.1438993981    0.0005643471    0.0000000053    0.0005643410    0.0000000008    0.0000000000 
   0.0000000000 -172.0000000000    0.0000675453    0.1437386751    0.0005538150    0.0000000069    0.0005538070    0.0000000010    0.0000000000 
   0.0000000000 -171.0000000000    0.0000675453    0.1435811159    0.0005435488    0.0000000090    0.0005435385    0.0000000014    0.0000000000 
   0.0000000000 -170.0000000000    0.0000675453    0.1434266353    0.0005335410    0.0000000116    0.0005335277    0.0000000017    0.0000000000 
   0.0000000000 -169.0000000000    0.0000675453    0.1432751510    0.0005237840    0.0000000148    0.0005237669    0.0000000022    0.0000000000 
   0.0000000000 -168.0000000000    0.0000675453    0.1431265830    0.0005142704    0.0000000189    0.0005142486    0.0000000029    0.0000000000 
   0.0000000000 -167.0000000000    0.0000675453    0.1429808540    0.0005049931    0.0000000241    0.0005049654    0.0000000036    0.0000000000 
   0.0000000000 -166.0000000000    0.0000675453    0.1428378894    0.0004959452    0.0000000305    0.0004959101    0.0000000046    0.0000000000 
   0.0000000000 -165.0000000000    0.0000675453    0.1426976165    0.0004871199    0.0000000385    0.0004870756    0.0000000058    0.0000000000 
   0.0000000000 -164.0000000000    0.0000675453    0.1425599652    0.0004785106    0.0000000484    0.0004784549    0.0000000073    0.0000000000 
   0.0000000000 -163.0000000000    0.0000675453    0.1424248678    0.0004701110    0.0000000605    0.0004700413    0.0000000092    0.0000000000 
   0.0000000000 -162.0000000000    0.0000675453    0.1422922583    0.0004619148    0.0000000755    0.0004618279    0.0000000114    0.0000000000 
   0.0000000000 -161.0000000000    0.0000675453    0.1421620732    0.0004539160    0.0000000937    0.0004538081    0.0000000142    0.0000000000 
   0.0000000000 -160.0000000000    0.0000675453    0.1420342508    0.0004461088    0.0000001160    0.0004459752    0.0000000176    0.0000000000 
   0.0000000000 -159.0000000000    0.0000675453    0.1419087314    0.0004384874    0.0000001430    0.0004383226    0.0000000217    0.0000000000 
   0.0000000000 -158.0000000000    0.0000675453    0.1417854574    0.0004310462    0.0000001758    0.0004308437    0.0000000267    0.0000000000 
   0.0000000000 -157.0000000000    0.0000675453    0.1416643726    0.0004237798    0.0000002153    0.0004235318    0.0000000327    0.0000000000 
   0.0000000000 -156.0000000000    0.0000675453    0.1415454231    0.0004166829    0.0000002629    0.0004163800    0.0000000400    0.0000000000 
   0.0000000000 -155.0000000000    0.0000675453    0.1414285565    0.0004097504    0.0000003200    0.0004093817    0.0000000487    0.0000000000 
   0.0000000000 -154.0000000000    0.0000675453    0.1413137219    0.0004029771    0.0000003882    0.0004025298    0.0000000591    0.0000000000 
   0.0000000000 -153.0000000000    0.0000675453    0.1412008705    0.0003963581    0.0000004696    0.0003958170    0.0000000715    0.0000000000 
   0.0000000000 -152.0000000000    0.0000675453    0.1410899548    0.0003898885    0.0000005663    0.0003892360    0.0000000863    0.0000000000 
   0.0000000000 -151.0000000000    0.0000675453    0.1409809289    0.0003835635    0.0000006809    0.0003827788    0.0000001038    0.0000000000 
   0.0000000000 -150.0000000000    0.0000675453    0.1408737485    0.0003773785    0.0000008165    0.0003764376    0.0000001245    0.0000000000 
   0.0000000000 -149.0000000000    0.0000675453    0.1407683708    0.0003713288    0.0000009763    0.0003702035    0.0000001490    0.0000000000 
   0.0000000000 -148.0000000000    0.0000675453    0.1406647546    0.0003654097    0.0000011642    0.0003640677    0.0000001778    0.0000000000 
   0.0000000000 -147.0000000000    0.0000675453    0.1405628599    0.0003596167    0.0000013846    0.0003580205    0.0000002116    0.0000000000 
   0.0000000000 -146.0000000000    0.0000675453    0.1404626484    0.0003539452    0.0000016426    0.0003520515    0.0000002512    0.0000000000 
   0.0000000000 -145.0000000000    0.0000675453    0.1403640831    0.0003483907    0.0000019436    0.0003461497    0.0000002974    0.0000000000 
   0.0000000000 -144.0000000000    0.0000675453    0.1402671286    0.0003429486    0.0000022941    0.0003403033    0.0000003512    0.0000000000 
   0.0000000000 -143.0000000000    0.0000675453    0.1401717506    0.0003376144    0.0000027013    0.0003344992    0.0000004139    0.0000000000 
   0.0000000000 -142.0000000000    0.0000675453    0.1400779166    0.0003323833    0.0000031732    0.0003287236    0.0000004865    0.0000000000 
   0.0000000000 -141.0000000000    0.0000675453    0.1399855953    0.0003272508    0.0000037189    0.0003229613    0.0000005706    0.0000000000 
   0.0000000000 -140.0000000000    0.0000675453    0.1398947569    0.0003222119    0.0000043486    0.0003171957    0.0000006676    0.0000000000 
   0.0000000000 -139.0000000000    0.0000675453    0.1398053731    0.0003172620    0.0000050736    0.0003114089    0.0000007795    0.0000000000 
   0.0000000000 -138.0000000000    0.0000675453    0.1397174170    0.0003123958    0.0000059066    0.0003055811    0.0000009081    0.0000000000 
   0.0000000000 -137.0000000000    0.0000675453    0.1396308634    0.0003076084    0.0000068618    0.0002996910    0.0000010556    0.0000000000 
   0.0000000000 -136.0000000000    0.0000675453    0.1395456885    0.0003028943    0.0000079548    0.0002937149    0.0000012247    0.0000000000 
   0.0000000000 -135.0000000000    0.0000675453    0.1394618702    0.0002982482    0.0000092031    0.0002876272    0.0000014178    0.0000000000 
   0.0000000000 -134.0000000000    0.0000675453    0.1393793879    0.0002936641    0.0000106261    0.0002813999    0.0000016382    0.0000000000 
   0.0000000000 -133.0000000000    0.0000675453    0.1392982228    0.0002891363    0.0000122450    0.0002750022    0.0000018891    0.0000000000 
   0.0000000000 -132.0000000000    0.0000675453    0.1392183580    0.0002846583    0.0000140835    0.0002684005    0.0000021743    0.0000000000 
   0.0000000000 -131.0000000000    0.0000675453    0.1391397783    0.0002802237    0.0000161675    0.0002615583    0.0000024979    0.0000000000 
   0.0000000000 -130.0000000000    0.0000675453    0.1390624705    0.0002758255    0.0000185259    0.0002544354    0.0000028643    0.0000000000 
   0.0000000000 -129.0000000000    0.0000675453    0.1389864233    0.0002714565    0.0000211898    0.0002469882    0.0000032785    0.0000000000 
   0.0000000000 -128.0000000000    0.0000675453    0.1389116277    0.0002671090    0.0000241940    0.0002391691    0.0000037460    0.0000000000 
   0.0000000000 -127.0000000000    0.0000675453    0.1388380769    0.0002627749    0.0000275761    0.0002309261    0.0000042727    0.0000000000 
   0.0000000000 -126.0000000000    0.0000675453    0.1387657664    0.0002584455    0.0000313776    0.0002222027    0.0000048652    0.0000000000 
   0.0000000000 -125.0000000000    0.0000675453    0.1386946943    0.0002541117    0.0000356436    0.0002129375    0.0000055307    0.0000000000 
   0.0000000000 -124.0000000000    0.0000675453    0.1386248612    0.0002497638    0.0000404233    0.0002030637    0.0000062769    0.0000000000 
   0.0000000000 -123.0000000000    0.0000675453    0.1385562706    0.0002453915    0.0000457704    0.0001925088    0.0000071123    0.0000000000 
   0.0000000000 -122.0000000000    0.0000675453    0.1384889290    0.0002409839    0.0000517433    0.0001811943    0.0000080463    0.0000000000 
   0.0000000000 -121.0000000000    0.0000675453    0.1384228460    0.0002365292    0.0000584053    0.0001690351    0.0000090888    0.0000000000 
   0.0000000000 -120.0000000000    0.0000675453    0.1383580345    0.0002320150    0.0000658251    0.0001559389    0.0000102509    0.0000000000 
   0.0000000000 -119.0000000000    0.0000675453    0.1382945110    0.0002274281    0.0000740774    0.0001418062    0.0000115445    0.0000000000 
   0.0000000000 -118.0000000000    0.0000675453    0.1382322957    0.0002227545    0.0000832426    0.0001265296    0.0000129823    0.0000000000 
   0.0000000000 -117.0000000000    0.0000675453    0.1381714130    0.0002179790    0.0000934079    0.0001099928    0.0000145782    0.0000000000 
   0.0000000000 -116.0000000000    0.0000675453    0.1381118914    0.0002130858    0.0001046673    0.0000920711    0.0000163474    0.0000000000 
   0.0000000000 -115.0000000000    0.0000675453    0.1380537639    0.0002080579    0.0001171221    0.0000726297    0.0000183060    0.0000000001 
   0.0000000000 -114.0000000000    0.0000675453    0.1379970686    0.0002028771    0.0001308815    0.0000515239    0.0000204716    0.0000000001 
   0.0000000000 -113.0000000000    0.0000675453    0.1379416613    0.0001975241    0.0001460620    0.0000285993    0.0000228627    0.0000000001 
   0.0000000000 -112.0000000000    0.0000675453    0.1378879674    0.0001919787    0.0001627915    0.0000036872    0.0000254999    0.0000000001 
   0.0000000000 -111.0000000000    0.0000675453    0.1378358510    0.0001862190    0.0001812044   -0.0000233904    0.0000284049    0.0000000001 
   0.0000000000 -110.0000000000    0.0000675453    0.1377853725    0.0001802218    0.0002014459   -0.0000528251    0.0000316010    0.0000000001 
   0.0000000000 -109.0000000000    0.0000675453    0.1377365987    0.0001739627    0.0002236713   -0.0000848219    0.0000351132    0.0000000002 
   0.0000000000 -108.0000000000    0.0000675453    0.1376896035    0.0001674156    0.0002480468   -0.0001195996    0.0000389682    0.0000000002 
   0.0000000000 -107.0000000000    0.0000675453    0.1376444681    0.0001605529    0.0002747500   -0.0001573922    0.0000431949    0.0000000003 
   0.0000000000 -106.0000000000    0.0000675453    0.1376012815    0.0001533453    0.0003039704   -0.0001984492    0.0000478237    0.0000000003 
   0.0000000000 -105.0000000000    0.0000675453    0.1375601407    0.0001457618    0.0003359102   -0.0002430362    0.0000528874    0.0000000004 
   0.0000000000 -104.0000000000    0.0000675453    0.1375211518    0.0001377696    0.0003707845   -0.0002914362    0.0000584209    0.0000000004 
   0.0000000000 -103.0000000000    0.0000675453    0.1374844300    0.0001293341    0.0004088223   -0.0003439499    0.0000644612    0.0000000005 
   0.0000000000 -102.0000000000    0.0000675453    0.1374501001    0.0001204186    0.0004502670   -0.0004008969    0.0000710479    0.0000000006 
   0.0000000000 -101.0000000000    0.0000675453    0.1374182975    0.0001109845    0.0004953770   -0.0004626161    0.0000782230    0.0000000007 
   0.0000000000 -100.0000000000    0.0000675453    0.1373891683    0.0001009909    0.0005444261   -0.0005294669    0.0000860309    0.0000000008 
   0.0000000000  -99.0000000000    0.0000675453    0.1373628702    0.0000903948    0.0005977045   -0.0006018297    0.0000945190    0.0000000009 
   0.0000000000  -98.0000000000    0.0000675453    0.1373395731    0.0000791511    0.0006555193   -0.0006801068    0.0001037374    0.0000000011 
   0.0000000000  -97.0000000000    0.0000675453    0.1373196561    0.0000672116    0.0007181989   -0.0007647282    0.0001137396    0.0000000013 
   0.0000000000  -96.0000000000    0.0000675453    0.1373029288    0.0000545271    0.0007860780   -0.0008561328    0.0001245803    0.0000000015 
   0.0000000000  -95.0000000000    0.0000675453    0.1372897926    0.0000410450    0.0008595212   -0.0009547974    0.0001363193    0.0000000018 
   0.0000000000  -94.0000000000    0.0000675453    0.1372804731    0.0000267101    0.0009389084   -0.0010612192    0.0001490188    0.0000000021 
   0.0000000000  -93.0000000000    0.0000675453    0.1372752110    0.0000114649    0.0010246387   -0.0011759205    0.0001627443    0.0000000024 
   0.0000000000  -92.0000000000    0.0000675453    0.1372742641   -0.0000047507    0.0011171313   -0.0012994493    0.0001775645    0.0000000028 
   0.0000000000  -91.0000000000    0.0000675453    0.1372779070   -0.0000219996    0.0012168251   -0.0014323797    0.0001935518    0.0000000032 
   0.0000000000  -90.0000000000    0.0000675453    0.1372864325   -0.0000403470    0.0013241796   -0.0015753121    0.0002107818    0.0000000037 
   0.0000000000  -89.0000000000    0.0000675453    0.1373001523   -0.0000598610    0.0014396742   -0.0017288730    0.0002293335    0.0000000043 
   0.0000000000  -88.0000000000    0.0000675453    0.1373193976   -0.0000806122    0.0015638085   -0.0018937153    0.0002492896    0.0000000050 
   0.0000000000  -87.0000000000    0.0000675453    0.1373445205   -0.0001026738    0.0016971019   -0.0020705173    0.0002707359    0.0000000057 
   0.0000000000  -86.0000000000    0.0000675453    0.1373758942   -0.0001261211    0.0018400931   -0.0022599825    0.0002937617    0.0000000066 
   0.0000000000  -85.0000000000    0.0000675453    0.1374139142   -0.0001510321    0.0019933391   -0.0024628382    0.0003184594    0.0000000075 
   0.0000000000  -84.0000000000    0.0000675453    0.1374589990   -0.0001774866    0.0021574144   -0.0026798344    0.0003449247    0.0000000087 
   0.0000000000  -83.0000000000    0.0000675453    0.1375115909   -0.0002055665    0.0023329092   -0.0029117413    0.0003732557    0.0000000099 
   0.0000000000  -82.0000000000    0.0000675453    0.1375721566   -0.0002353549    0.0025204276   -0.0031593474    0.0004035534    0.0000000114 
   0.0000000000  -81.0000000000    0.0000675453    0.1376411883   -0.0002669366    0.0027205852   -0.0034234556    0.0004359208    0.0000000130 
   0.0000000000  -80.0000000000    0.0000675453    0.1377192035   -0.0003003968    0.0029340061   -0.0037048801    0.0004704624    0.0000000148 
   0.0000000000  -79.0000000000    0.0000675453    0.1378067466   -0.0003358210    0.0031613188   -0.0040044408    0.0005072841    0.0000000169 
   0.0000000000  -78.0000000000    0.0000675453    0.1379043881   -0.0003732941    0.0034031524   -0.0043229577    0.0005464920    0.0000000193 
   0.0000000000  -77.0000000000    0.0000675453    0.1380127259   -0.0004128999    0.0036601305   -0.0046612440    0.0005881916    0.0000000219 
   0.0000000000  -76.0000000000    0.0000675453    0.1381323842   -0.0004547199    0.0039328652   -0.0050200972    0.0006324871    0.0000000249 
   0.0000000000  -75.0000000000    0.0000675453    0.1382640144   -0.0004988322    0.0042219491   -0.0054002895    0.0006794799    0.0000000283 
   0.0000000000  -74.0000000000    0.0000675453    0.1384082936   -0.0005453102    0.0045279464   -0.0058025556    0.0007292669    0.0000000321 
   0.0000000000  -73.0000000000    0.0000675453    0.1385659243   -0.0005942211    0.0048513822   -0.0062275792    0.0007819395    0.0000000364 
   0.0000000000  -72.0000000000    0.0000675453    0.1387376329   -0.0006456240    0.0051927305   -0.0066759765    0.0008375809    0.0000000412 
   0.0000000000  -71.0000000000    0.0000675453    0.1389241678   -0.0006995678    0.0055523992   -0.0071482778    0.0008962642    0.0000000466 
   0.0000000000  -70.0000000000    0.0000675453    0.1391266974   -0.0007560974    0.0059307652   -0.0076449727    0.0009580574    0.0000000526 
   0.0000000000  -69.0000000000    0.0000675453    0.1393452951   -0.0008152194    0.0063279667   -0.0081662368    0.0010229913    0.0000000593 
   0.0000000000  -68.0000000000    0.0000675453    0.1395810903   -0.0008769432    0.0067441468   -0.0087122539    0.0010910970    0.0000000669 
   0.0000000000  -67.0000000000    0.0000675453    0.1398348930   -0.0009412496    0.0071792630   -0.0092829642    0.0011623763    0.0000000753 
   0.0000000000  -66.0000000000    0.0000675453    0.1401075156   -0.0010080934    0.0076330999   -0.0098780810    0.0012368030    0.0000000847 
   0.0000000000  -65.0000000000    0.0000675453    0.1403997663   -0.0010773994    0.0081052389   -0.0104970521    0.0013143187    0.0000000951 
   0.0000000000  -64.0000000000    0.0000675453    0.1407124405   -0.0011490572    0.0085950263   -0.0111390172    0.0013948270    0.0000001067 
   0.0000000000  -63.0000000000    0.0000675453    0.1410463108   -0.0012229160    0.0091015377   -0.0118027614    0.0014781881    0.0000001196 
   0.0000000000  -62.0000000000    0.0000675453    0.1414021153   -0.0012987796    0.0096235411   -0.0124866668    0.0015642123    0.0000001338 
   0.0000000000  -61.0000000000    0.0000675453    0.1417805440   -0.0013764002    0.0101594581   -0.0131886620    0.0016526541    0.0000001496 
   0.0000000000  -60.0000000000    0.0000675453    0.1421828703   -0.0014554932    0.0107074454   -0.0139063295    0.0017432239    0.0000001670 
   0.0000000000  -59.0000000000    0.0000675453    0.1426085243   -0.0015356572    0.0112649137   -0.0146362708    0.0018355138    0.0000001861 
   0.0000000000  -58.0000000000    0.0000675453    0.1430584657   -0.0016164729    0.0118291139   -0.0153748813    0.0019290873    0.0000002072 
   0.0000000000  -57.0000000000    0.0000675453    0.1435330280   -0.0016974340    0.0123967211   -0.0161178005    0.0020234151    0.0000002303 
   0.0000000000  -56.0000000000    0.0000675453    0.1440324016   -0.0017779602    0.0129639068   -0.0168600080    0.0021178854    0.0000002555 
   0.0000000000  -55.0000000000    0.0000675453    0.1445566098   -0.0018573960    0.0135263333   -0.0175958155    0.0022118033    0.0000002831 
   0.0000000000  -54.0000000000    0.0000675453    0.1451054837   -0.0019350126    0.0140791646   -0.0183188820    0.0023043919    0.0000003130 
   0.0000000000  -53.0000000000    0.0000675453    0.1456794637   -0.0020100400    0.0146172554   -0.0190224625    0.0023948216    0.0000003454 
   0.0000000000  -52.0000000000    0.0000675453    0.1462764912   -0.0020815761    0.0151346233   -0.0196987087    0.0024821289    0.0000003804 
   0.0000000000  -51.0000000000    0.0000675453    0.1468963324   -0.0021487411    0.0156253665   -0.0203398839    0.0025653583    0.0000004180 
   0.0000000000  -50.0000000000    0.0000675453    0.1475378273   -0.0022106074    0.0160832612   -0.0209378277    0.0026435008    0.0000004582 
   0.0000000000  -49.0000000000    0.0000675453    0.1481995258   -0.0022662438    0.0165020380   -0.0214843203    0.0027155375    0.0000005011 
   0.0000000000  -48.0000000000    0.0000675453    0.1488796818   -0.0023147431    0.0168755638   -0.0219713222    0.0027804688    0.0000005465 
   0.0000000000  -47.0000000000    0.0000675453    0.1495762578   -0.0023552537    0.0171980475   -0.0223912431    0.0028373474    0.0000005944 
   0.0000000000  -46.0000000000    0.0000675453    0.1502879867   -0.0023870353    0.0174643815   -0.0227373939    0.0028853324    0.0000006447 
   0.0000000000  -45.0000000000    0.0000675453    0.1510104013   -0.0024094035    0.0176698749   -0.0230036273    0.0029236518    0.0000006972 
   0.0000000000  -44.0000000000    0.0000675453    0.1517415772   -0.0024218910    0.0178111776   -0.0231855638    0.0029517436    0.0000007515 
   0.0000000000  -43.0000000000    0.0000675453    0.1524785462   -0.0024241891    0.0178859843   -0.0232801952    0.0029692141    0.0000008076 
   0.0000000000  -42.0000000000    0.0000675453    0.1532182180   -0.0024161866    0.0178932736   -0.0232862007    0.0029758754    0.0000008652 
   0.0000000000  -41.0000000000    0.0000675453    0.1539574395   -0.0023979792    0.0178333728   -0.0232040323    0.0029717565    0.0000009238 
   0.0000000000  -40.0000000000    0.0000675453    0.1546930589   -0.0023698677    0.0177079546   -0.0230359092    0.0029571037    0.0000009832 
   0.0000000000  -39.0000000000    0.0000675453    0.1554219894   -0.0023323466    0.0175199635   -0.0227857224    0.0029323690    0.0000010432 
   0.0000000000  -38.0000000000    0.0000675453    0.1561412697   -0.0022860819    0.0172734800   -0.0224588543    0.0028981890    0.0000011034 
   0.0000000000  -37.0000000000    0.0000675453    0.1568481192   -0.0022318815    0.0169735316   -0.0220619318    0.0028553551    0.0000011635 
   0.0000000000  -36.0000000000    0.0000675453    0.1575410303   -0.0021706531    0.0166258034   -0.0216024451    0.0028047652    0.0000012234 
   0.0000000000  -35.0000000000    0.0000675453    0.1582156571   -0.0021033932    0.0162366448   -0.0210887530    0.0027474322    0.0000012827 
   0.0000000000  -34.0000000000    0.0000675453    0.1588709924   -0.0020311145    0.0158124865   -0.0205293225    0.0026843801    0.0000013414 
   0.0000000000  -33.0000000000    0.0000675453    0.1595053345   -0.0019548320    0.0153598271   -0.0199327065    0.0026166482    0.0000013993 
   0.0000000000  -32.0000000000    0.0000675453    0.1601172871   -0.0018755292    0.0148849910   -0.0193072269    0.0025452505    0.0000014563 
   0.0000000000  -31.0000000000    0.0000675453    0.1607057529   -0.0017941333    0.0143939703   -0.0186607663    0.0024711504    0.0000015123 
   0.0000000000  -30.0000000000    0.0000675453    0.1612699202   -0.0017114980    0.0138923063   -0.0180006121    0.0023952405    0.0000015673 
   0.0000000000  -29.0000000000    0.0000675453    0.1618092428   -0.0016283910    0.0133850092   -0.0173333520    0.0023183304    0.0000016214 
   0.0000000000  -28.0000000000    0.0000675453    0.1623234167   -0.0015454881    0.0128765140   -0.0166648150    0.0022411383    0.0000016746 
   0.0000000000  -27.0000000000    0.0000675453    0.1628113780   -0.0014633900    0.0123707982   -0.0160002272    0.0021643123    0.0000017268 
   0.0000000000  -26.0000000000    0.0000675453    0.1632752257   -0.0013825488    0.0118708572   -0.0153435218    0.0020883376    0.0000017782 
   0.0000000000  -25.0000000000    0.0000675453    0.1637142020   -0.0013033871    0.0113795407   -0.0146984391    0.0020136824    0.0000018289 
   0.0000000000  -24.0000000000    0.0000675453    0.1641287039   -0.0012262277    0.0108990514   -0.0140678675    0.0019407095    0.0000018789 
   0.0000000000  -23.0000000000    0.0000675453    0.1645192397   -0.0011513216    0.0104311284   -0.0134540854    0.0018697072    0.0000019283 
   0.0000000000  -22.0000000000    0.0000675453    0.1648864075   -0.0010788551    0.0099770989   -0.0128588290    0.0018008978    0.0000019772 
   0.0000000000  -21.0000000000    0.0000675453    0.1652308749   -0.0010089592    0.0095379310   -0.0122833615    0.0017344456    0.0000020257 
   0.0000000000  -20.0000000000    0.0000675453    0.1655533613   -0.0009417170    0.0091142832   -0.0117285392    0.0016704651    0.0000020739 
   0.0000000000  -19.0000000000    0.0000675453    0.1658546228   -0.0008771716    0.0087065526   -0.0111948745    0.0016090285    0.0000021218 
   0.0000000000  -18.0000000000    0.0000675453    0.1661354390   -0.0008153325    0.0083149181   -0.0106825927    0.0015501725    0.0000021696 
   0.0000000000  -17.0000000000    0.0000675453    0.1663966024   -0.0007561822    0.0079393787   -0.0101916830    0.0014939047    0.0000022173 
   0.0000000000  -16.0000000000    0.0000675453    0.1666389083   -0.0006996814    0.0075797885   -0.0097219440    0.0014402090    0.0000022651 
   0.0000000000  -15.0000000000    0.0000675453    0.1668631481   -0.0006457737    0.0072358857   -0.0092730225    0.0013890502    0.0000023129 
   0.0000000000  -14.0000000000    0.0000675453    0.1670701028   -0.0005943892    0.0069073185   -0.0088444470    0.0013403784    0.0000023609 
   0.0000000000  -13.0000000000    0.0000675453    0.1672605383   -0.0005454485    0.0065936667   -0.0084356565    0.0012941322    0.0000024091 
   0.0000000000  -12.0000000000    0.0000675453    0.1674352014   -0.0004988651    0.0062944594   -0.0080460239    0.0012502419    0.0000024575 
   0.0000000000  -11.0000000000    0.0000675453    0.1675948170   -0.0004545476    0.0060091907   -0.0076748763    0.0012086316    0.0000025063 
   0.0000000000  -10.0000000000    0.0000675453    0.1677400863   -0.0004124022    0.0057373316   -0.0073215107    0.0011692214    0.0000025555 
   0.0000000000   -9.0000000000    0.0000675453    0.1678716848   -0.0003723335    0.0054783401   -0.0069852079    0.0011319292    0.0000026051 
   0.0000000000   -8.0000000000    0.0000675453    0.1679902618   -0.0003342462    0.0052316695   -0.0066652426    0.0010966717    0.0000026552 
   0.0000000000   -7.0000000000    0.0000675453    0.1680964399   -0.0002980459    0.0049967749   -0.0063608922    0.0010633656    0.0000027058 
   0.0000000000   -6.0000000000    0.0000675453    0.1681908145   -0.0002636399    0.0047731181   -0.0060714434    0.0010319284    0.0000027570 
   0.0000000000   -5.0000000000    0.0000675453    0.1682731958   -0.0002309462    0.0045602282   -0.0057962734    0.0010022903    0.0000028087 
   0.0000000000   -4.0000000000    0.0000675453    0.1683456951   -0.0001998593    0.0043574715   -0.0055345412    0.0009743492    0.0000028611 
   0.0000000000   -3.0000000000    0.0000675453    0.1684080135   -0.0001703040    0.0041644135   -0.0052856724    0.0009480407    0.0000029142 
   0.0000000000   -2.0000000000    0.0000675453    0.1684606420   -0.0001421987    0.0039805732   -0.0050490305    0.0009232906    0.0000029680 
   0.0000000000   -1.0000000000    0.0000675453    0.1685040471   -0.0001154650    0.0038054882   -0.0048240035    0.0009000277    0.0000030226 
   0.0000000000    0.0000000000    0.0000675453    0.1685386716   -0.0000900281    0.0036387146   -0.0046100043    0.0008781837    0.0000030779 
   0.0000000000    1.0000000000    0.0000675453    0.1685649354   -0.0000658165    0.0034798281   -0.0044064717    0.0008576931    0.0000031340 
   0.0000000000    2.0000000000    0.0000675453    0.1685832362   -0.0000427621    0.0033284232   -0.0042128697    0.0008384934    0.0000031910 
   0.0000000000    3.0000000000    0.0000675453    0.1685939509   -0.0000208001    0.0031841138   -0.0040286878    0.0008205251    0.0000032488 
   0.0000000000    4.0000000000    0.0000675453    0.1685974359    0.0000001312    0.0030465322   -0.0038534399    0.0008037315    0.0000033075 
   0.0000000000    5.0000000000    0.0000675453    0.1685940287    0.0000200901    0.0029153287   -0.0036866644    0.0007880586    0.0000033671 
   0.0000000000    6.0000000000    0.0000675453    0.1685840481    0.0000391322    0.0027901716   -0.0035279226    0.0007734556    0.0000034276 
   0.0000000000    7.0000000000    0.0000675453    0.1685677956    0.0000573100    0.0026707459   -0.0033767988    0.0007598737    0.0000034892 
   0.0000000000    8.0000000000    0.0000675453    0.1685455560    0.0000746732    0.0025567529   -0.0032328986    0.0007472673    0.0000035517 
   0.0000000000    9.0000000000    0.0000675453    0.1685175982    0.0000912691    0.0024479097   -0.0030958485    0.0007355927    0.0000036152 
   0.0000000000   10.0000000000    0.0000675453    0.1684841762    0.0001071421    0.0023439481   -0.0029652946    0.0007248088    0.0000036798 
   0.0000000000   11.0000000000    0.0000675453    0.1684455297    0.0001223344    0.0022446144   -0.0028409021    0.0007148767    0.0000037454 
   0.0000000000   12.0000000000    0.0000675453    0.1684018846    0.0001368860    0.0021496683   -0.0027223541    0.0007057596    0.0000038122 
   0.0000000000   13.0000000000    0.0000675453    0.1683534544    0.0001508346    0.0020588823   -0.0026093506    0.0006974229    0.0000038800 
   0.0000000000   14.0000000000    0.0000675453    0.1683004400    0.0001642159    0.0019720413   -0.0025016080    0.0006898336    0.0000039490 
   0.0000000000   15.0000000000    0.0000675453    0.1682430310    0.0001770635    0.0018889416   -0.0023988579    0.0006829607    0.0000040192 
   0.0000000000   16.0000000000    0.0000675453    0.1681814059    0.0001894094    0.0018093906   -0.0023008466    0.0006767749    0.0000040905 
   0.0000000000   17.0000000000    0.0000675453    0.1681157331    0.0002012839    0.0017332060   -0.0022073339    0.0006712486    0.0000041631 
   0.0000000000   18.0000000000    0.0000675453    0.1680461708    0.0002127153    0.0016602153   -0.0021180928    0.0006663557    0.0000042370 
   0.0000000000   19.0000000000    0.0000675453    0.1679728681    0.0002237307    0.0015902554   -0.0020329084    0.0006620716    0.0000043121 
   0.0000000000   20.0000000000    0.0000675453    0.1678959654    0.0002343556    0.0015231717   -0.0019515776    0.0006583730    0.0000043885 
   0.0000000000   21.0000000000    0.0000675453    0.1678155945    0.0002446142    0.0014588181   -0.0018739081    0.0006552380    0.0000044662 
   0.0000000000   22.0000000000    0.0000675453    0.1677318793    0.0002545294    0.0013970562   -0.0017997180    0.0006526459    0.0000045453 
   0.0000000000   23.0000000000    0.0000675453    0.1676449364    0.0002641228    0.0013377550   -0.0017288352    0.0006505772    0.0000046258 
   0.0000000000   24.0000000000    0.0000675453    0.1675548751    0.0002734149    0.0012807906   -0.0016610968    0.0006490134    0.0000047077 
   0.0000000000   25.0000000000    0.0000675453    0.1674617980    0.0002824251    0.0012260453   -0.0015963485    0.0006479372    0.0000047911 
   0.0000000000   26.0000000000    0.0000675453    0.1673658014    0.0002911718    0.0011734080   -0.0015344443    0.0006473322    0.0000048759 
   0.0000000000   27.0000000000    0.0000675453    0.1672669755    0.0002996724    0.0011227731   -0.0014752460    0.0006471830    0.0000049623 
   0.0000000000   28.0000000000    0.0000675453    0.1671654046    0.0003079435    0.0010740409   -0.0014186225    0.0006474750    0.0000050501 
   0.0000000000   29.0000000000    0.0000675453    0.1670611677    0.0003160007    0.0010271165   -0.0013644498    0.0006481945    0.0000051396 
   0.0000000000   30.0000000000    0.0000675453    0.1669543386    0.0003238590    0.0009819102   -0.0013126104    0.0006493286    0.0000052306 
   0.0000000000   31.0000000000    0.0000675453    0.1668449863    0.0003315324    0.0009383368   -0.0012629928    0.0006508650    0.0000053233 
   0.0000000000   32.0000000000    0.0000675453    0.1667331750    0.0003390342    0.0008963156   -0.0012154913    0.0006527923    0.0000054177 
   0.0000000000   33.0000000000    0.0000675453    0.1666189645    0.0003463774    0.0008557699   -0.0011700059    0.0006550997    0.0000055138 
   0.0000000000   34.0000000000    0.0000675453    0.1665024106    0.0003535738    0.0008166270   -0.0011264417    0.0006577769    0.0000056116 
   0.0000000000   35.0000000000    0.0000675453    0.1663835648    0.0003606351    0.0007788178   -0.0010847084    0.0006608145    0.0000057112 
   0.0000000000   36.0000000000    0.0000675453    0.1662624753    0.0003675722    0.0007422768   -0.0010447206    0.0006642034    0.0000058126 
   0.0000000000   37.0000000000    0.0000675453    0.1661391865    0.0003743953    0.0007069417   -0.0010063972    0.0006679351    0.0000059158 
   0.0000000000   38.0000000000    0.0000675453    0.1660137394    0.0003811146    0.0006727533   -0.0009696613    0.0006720016    0.0000060210 
   0.0000000000   39.0000000000    0.0000675453    0.1658861719    0.0003877393    0.0006396555   -0.0009344397    0.0006763954    0.0000061281 
   0.0000000000   40.0000000000    0.0000675453    0.1657565191    0.0003942785    0.0006075947   -0.0009006630    0.0006811096    0.0000062371 
   0.0000000000   41.0000000000    0.0000675453    0.1656248130    0.0004007407    0.0005765202   -0.0008682652    0.0006861375    0.0000063482 
   0.0000000000   42.0000000000    0.0000675453    0.1654910831    0.0004071340    0.0005463837   -0.0008371838    0.0006914728    0.0000064613 
   0.0000000000   43.0000000000    0.0000675453    0.1653553563    0.0004134664    0.0005171391   -0.0008073591    0.0006971099    0.0000065766 
   0.0000000000   44.0000000000    0.0000675453    0.1652176569    0.0004197451    0.0004887427   -0.0007787346    0.0007030432    0.0000066939 
   0.0000000000   45.0000000000    0.0000675453    0.1650780073    0.0004259774    0.0004611528   -0.0007512565    0.0007092676    0.0000068135 
   0.0000000000   46.0000000000    0.0000675453    0.1649364271    0.0004321699    0.0004343298   -0.0007248737    0.0007157785    0.0000069353 
   0.0000000000   47.0000000000    0.0000675453    0.1647929343    0.0004383292    0.0004082359   -0.0006995374    0.0007225713    0.0000070594 
   0.0000000000   48.0000000000    0.0000675453    0.1646475443    0.0004444615    0.0003828352   -0.0006752014    0.0007296419    0.0000071858 
   0.0000000000   49.0000000000    0.0000675453    0.1645008470    0.0004505725    0.0003580907   -0.0006518159    0.0007369831    0.0000073146 
   0.0000000000   50.0000000000    0.0000675453    0.1643517280    0.0004566683    0.0003339751   -0.0006293504    0.0007445978    0.0000074458 
   0.0000000000   51.0000000000    0.0000675453    0.1642007452    0.0004627542    0.0003104544   -0.0006077594    0.0007524797    0.0000075796 
   0.0000000000   52.0000000000    0.0000675453    0.1640479064    0.0004688354    0.0002874990   -0.0005870049    0.0007606254    0.0000077158 
   0.0000000000   53.0000000000    0.0000675453    0.1638932177    0.0004749169    0.0002650806   -0.0005670506    0.0007690323    0.0000078547 
   0.0000000000   54.0000000000    0.0000675453    0.1637366837    0.0004810036    0.0002431720   -0.0005478621    0.0007776976    0.0000079961 
   0.0000000000   55.0000000000    0.0000675453    0.1635783074    0.0004871001    0.0002217473   -0.0005294066    0.0007866190    0.0000081403 
   0.0000000000   56.0000000000    0.0000675453    0.1634180903    0.0004932108    0.0002007821   -0.0005116528    0.0007957942    0.0000082873 
   0.0000000000   57.0000000000    0.0000675453    0.1632560325    0.0004993400    0.0001802526   -0.0004945708    0.0008052213    0.0000084370 
   0.0000000000   58.0000000000    0.0000675453    0.1630921326    0.0005054920    0.0001601363   -0.0004781322    0.0008148982    0.0000085897 
   0.0000000000   59.0000000000    0.0000675453    0.1629263880    0.0005116705    0.0001404117   -0.0004623099    0.0008248235    0.0000087453 
   0.0000000000   60.0000000000    0.0000675453    0.1627587944    0.0005178796    0.0001210583   -0.0004470781    0.0008349955    0.0000089039 
   0.0000000000   61.0000000000    0.0000675453    0.1625893462    0.0005241228    0.0001020564   -0.0004324120    0.0008454129    0.0000090655 
   0.0000000000   62.0000000000    0.0000675453    0.1624180363    0.0005304038    0.0000833871   -0.0004182881    0.0008560745    0.0000092303 
   0.0000000000   63.0000000000    0.0000675453    0.1622448559    0.0005367260    0.0000650324   -0.0004046840    0.0008669793    0.0000093983 
   0.0000000000   64.0000000000    0.0000675453    0.1620697948    0.0005430927    0.0000469751   -0.0003915782    0.0008781263    0.0000095695 
   0.0000000000   65.0000000000    0.0000675453    0.1618928415    0.0005495072    0.0000291987   -0.0003789504    0.0008895147    0.0000097441 
   0.0000000000   66.0000000000    0.0000675453    0.1617139842    0.0005559725    0.0000116874   -0.0003667808    0.0009011439    0.0000099220 
   0.0000000000   67.0000000000    0.0000675453    0.1615332112    0.0005624918   -0.0000055740   -0.0003550509    0.0009130133    0.0000101035 
   0.0000000000   68.0000000000    0.0000675453    0.1613505128    0.0005690679   -0.0000226001   -0.0003437429    0.0009251224    0.0000102885 
   0.0000000000   69.0000000000    0.0000675453    0.1611658816    0.0005757037   -0.0000394046   -0.0003328395    0.0009374708    0.0000104771 
   0.0000000000   70.0000000000    0.0000675453    0.1609799485    0.0005824007   -0.0000560005   -0.0003223218    0.0009500536    0.0000106694 
   0.0000000000   71.0000000000    0.0000675453    0.1607915227    0.0005891637   -0.0000724014   -0.0003121794    0.0009628790    0.0000108655 
   0.0000000000   72.0000000000    0.0000675453    0.1606011370    0.0005959944   -0.0000886190   -0.0003023951    0.0009759430    0.0000110655 
   0.0000000000   73.0000000000    0.0000675453    0.1604087766    0.0006028953   -0.0001046653   -0.0002929545    0.0009892457    0.0000112694 
   0.0000000000   74.0000000000    0.0000675453    0.1602144250    0.0006098687   -0.0001205515   -0.0002838441    0.0010027870    0.0000114773 
   0.0000000000   75.0000000000    0.0000675453    0.1600180630    0.0006169171   -0.0001362885   -0.0002750509    0.0010165672    0.0000116893 
   0.0000000000   76.0000000000    0.0000675453    0.1598196670    0.0006240429   -0.0001518866   -0.0002665624    0.0010305863    0.0000119055 
   0.0000000000   77.0000000000    0.0000675453    0.1596192069    0.0006312483   -0.0001673560   -0.0002583667    0.0010448449    0.0000121260 
   0.0000000000   78.0000000000    0.0000675453    0.1594166444    0.0006385355   -0.0001827062   -0.0002504526    0.0010593434    0.0000123509 
   0.0000000000   79.0000000000    0.0000675453    0.1592119406    0.0006459067   -0.0001979465   -0.0002428092    0.0010740823    0.0000125802 
   0.0000000000   80.0000000000    0.0000675453    0.1590057267    0.0006533624   -0.0002130843   -0.0002354240    0.0010890566    0.0000128141 
   0.0000000000   81.0000000000    0.0000675453    0.1587969348    0.0006609072   -0.0002281305   -0.0002282904    0.0011042754    0.0000130526 
   0.0000000000   82.0000000000    0.0000675453    0.1585860170    0.0006685419   -0.0002430921   -0.0002213972    0.0011197353    0.0000132958 
   0.0000000000   83.0000000000    0.0000675453    0.1583729509    0.0006762684   -0.0002579771   -0.0002147352    0.0011354369    0.0000135439 
   0.0000000000   84.0000000000    0.0000675453    0.1581576882    0.0006840887   -0.0002727932   -0.0002082959    0.0011513808    0.0000137969 
   0.0000000000   85.0000000000    0.0000675453    0.1579401285    0.0006920048   -0.0002875477   -0.0002020709    0.0011675684    0.0000140550 
   0.0000000000   86.0000000000    0.0000675453    0.1577208495    0.0007000166   -0.0003022459   -0.0001960506    0.0011839949    0.0000143182 
   0.0000000000   87.0000000000    0.0000675453    0.1574989280    0.0007081287   -0.0003168972   -0.0001902297    0.0012006689    0.0000145866 
   0.0000000000   88.0000000000    0.0000675453    0.1572747681    0.0007163413   -0.0003315067   -0.0001845996    0.0012175873    0.0000148604 
   0.0000000000   89.0000000000    0.0000675453    0.1570482126    0.0007246566   -0.0003460812   -0.0001791536    0.0012347518    0.0000151397 
   0.0000000000   90.0000000000    0.0000675453    0.1568198264    0.0007330741   -0.0003606245   -0.0001738834    0.0012521576    0.0000154245 
   0.0000000000   91.0000000000    0.0000675453    0.1565887226    0.0007415983   -0.0003751453   -0.0001687846    0.0012698133    0.0000157150 
   0.0000000000   92.0000000000    0.0000675453    0.1563555780    0.0007502282   -0.0003896467   -0.0001638493    0.0012877130    0.0000160113 
   0.0000000000   93.0000000000    0.0000675453    0.1561196922    0.0007589678   -0.0004041364   -0.0001590729    0.0013058636    0.0000163135 
   0.0000000000   94.0000000000    0.0000675453    0.1558817144    0.0007678158   -0.0004186170   -0.0001544482    0.0013242593    0.0000166217 
   0.0000000000   95.0000000000    0.0000675453    0.1556412922    0.0007767748   -0.0004330944   -0.0001499705    0.0013429036    0.0000169361 
   0.0000000000   96.0000000000    0.0000675453    0.1553982970    0.0007858466   -0.0004475739   -0.0001456345    0.0013617983    0.0000172567 
   0.0000000000   97.0000000000    0.0000675453    0.1551530612    0.0007950310   -0.0004620583   -0.0001414346    0.0013809401    0.0000175838 
   0.0000000000   98.0000000000    0.0000675453    0.1549047177    0.0008043325   -0.0004765557   -0.0001373672    0.0014003381    0.0000179173 
   0.0000000000   99.0000000000    0.0000675453    0.1546545533    0.0008137470   -0.0004910642   -0.0001334255    0.0014199792    0.0000182575 
   0.0000000000  100.0000000000    0.0000675453    0.0000892172    0.3572615762   -0.0004244937   -0.0000207474    0.0003987455    0.3573080719 
   0.0000000000  101.0000000000    0.0000675453    0.0000833128    0.1042535540   -0.0001111093   -0.0000046819    0.0000978858    0.1042714595 
   0.0000000000  102.0000000000    0.0000675453    0.0000807522    0.0773634785   -0.0000780695   -0.0000029308    0.0000661010    0.0773783777 
   0.0000000000  103.0000000000    0.0000675453    0.0000790130    0.0650598090   -0.0000630143   -0.0000021243    0.0000515887    0.0650733589 
   0.0000000000  104.0000000000    0.0000675453    0.0000776939    0.0576517754   -0.0000539721   -0.0000016404    0.0000428551    0.0576645328 
   0.0000000000  105.0000000000    0.0000675453    0.0000766376    0.0525767708   -0.0000477865   -0.0000013124    0.0000368690    0.0525890006 
   0.0000000000  106.0000000000    0.0000675453    0.0000757623    0.0488230204   -0.0000432139   -0.0000010741    0.0000324360    0.0488348722 
   0.0000000000  107.0000000000    0.0000675453    0.0000750203    0.0459017791   -0.0000396555   -0.0000008929    0.0000289809    0.0459133466 
   0.0000000000  108.0000000000    0.0000675453    0.0000743817    0.0435444753   -0.0000367833   -0.0000007508    0.0000261881    0.0435558212 
   0.0000000000  109.0000000000    0.0000675453    0.0000738239    0.0415880396   -0.0000343981   -0.0000006367    0.0000238664    0.0415992079 
   0.0000000000  110.0000000000    0.0000675453    0.0000733329    0.0399294054   -0.0000323750   -0.0000005436    0.0000218956    0.0399404284 
   0.0000000000  111.0000000000    0.0000675453    0.0000728962    0.0384976878   -0.0000306275   -0.0000004665    0.0000201925    0.0385085892 
   0.0000000000  112.0000000000    0.0000675453    0.0000725062    0.0372442201   -0.0000290971   -0.0000004021    0.0000187010    0.0372550182 
   0.0000000000  113.0000000000    0.0000675453    0.0000721555    0.0361328793   -0.0000277400   -0.0000003477    0.0000173788    0.0361435882 
   0.0000000000  114.0000000000    0.0000675453    0.0000718385    0.0351370666   -0.0000265243   -0.0000003015    0.0000161952    0.0351476972 
   0.0000000000  115.0000000000    0.0000675453    0.0000715506    0.0342364186   -0.0000254252   -0.0000002621    0.0000151265    0.0342469795 
   0.0000000000  116.0000000000    0.0000675453    0.0000712887    0.0334154013   -0.0000244245   -0.0000002282    0.0000141549    0.0334258991 
   0.0000000000  117.0000000000    0.0000675453    0.0000710495    0.0326614408   -0.0000235069   -0.0000001991    0.0000132659    0.0326718809 
   0.0000000000  118.0000000000    0.0000675453    0.0000708302    0.0319645869   -0.0000226605   -0.0000001738    0.0000124480    0.0319749732 
   0.0000000000  119.0000000000    0.0000675453    0.0000706288    0.0313167694   -0.0000218757   -0.0000001520    0.0000116920    0.0313271051 
   0.0000000000  120.0000000000    0.0000675453    0.0000704432    0.0307113242   -0.0000211445   -0.0000001329    0.0000109900    0.0307216117 
   0.0000000000  121.0000000000    0.0000675453    0.0000702722    0.0301428831   -0.0000204607   -0.0000001164    0.0000103361    0.0301531241 
   0.0000000000  122.0000000000    0.0000675453    0.0000701141    0.0296068021   -0.0000198185   -0.0000001019    0.0000097248    0.0296169978 
   0.0000000000  123.0000000000    0.0000675453    0.0000699677    0.0290992322   -0.0000192135   -0.0000000893    0.0000091518    0.0291093833 
   0.0000000000  124.0000000000    0.0000675453    0.0000698319    0.0286169109   -0.0000186417   -0.0000000783    0.0000086131    0.0286270178 
   0.0000000000  125.0000000000    0.0000675453    0.0000697057    0.0281570552   -0.0000180999   -0.0000000686    0.0000081057    0.0281671180 
   0.0000000000  126.0000000000    0.0000675453    0.0000695883    0.0277172776   -0.0000175851   -0.0000000602    0.0000076267    0.0277272962 
