#solute size       Temp        p_0 p_meanfield         Cv      meanC       cvHB        cvS       cvLJ        cvO 
   0.0000000000 -173.0000000000    0.0000675453    0.1438993981   55.2679845325    2.3713597360   -0.0018178312  591.3222084534   -0.0000551481    0.0000000000 
   0.0000000000 -172.0000000000    0.0000675453    0.1437386751   55.2298374213    2.3258033209   -0.0023567267  589.4650873696   -0.0000712195    0.0000000000 
   0.0000000000 -171.0000000000    0.0000675453    0.1435811159   55.1933472459    2.2814375822   -0.0030407321  587.6519531548   -0.0000915296    0.0000000000 
   0.0000000000 -170.0000000000    0.0000675453    0.1434266353   55.1584240762    2.2382261667   -0.0039049564  585.8813957631   -0.0001170780    0.0000000000 
   0.0000000000 -169.0000000000    0.0000675453    0.1432751510   55.1249839595    2.1961337876   -0.0049920512  584.1520768135   -0.0001490714    0.0000000000 
   0.0000000000 -168.0000000000    0.0000675453    0.1431265830   55.0929484918    2.1551262032   -0.0063535878  582.4627276657   -0.0001889607    0.0000000000 
   0.0000000000 -167.0000000000    0.0000675453    0.1429808540   55.0622444305    2.1151701935   -0.0080516971  580.8121480155   -0.0002384833    0.0000000000 
   0.0000000000 -166.0000000000    0.0000675453    0.1428378894   55.0328033440    2.0762335352   -0.0101609320  579.1992051283   -0.0002997110    0.0000000000 
   0.0000000000 -165.0000000000    0.0000675453    0.1426976165   55.0045612949    2.0382849735   -0.0127703939  577.6228334768   -0.0003751049    0.0000000000 
   0.0000000000 -164.0000000000    0.0000675453    0.1425599652   54.9774585582    2.0012941934   -0.0159862258  576.0820350869   -0.0004675779    0.0000000000 
   0.0000000000 -163.0000000000    0.0000675453    0.1424248678   54.9514393657    1.9652317883   -0.0199343744  574.5758802688   -0.0005805643    0.0000000000 
   0.0000000000 -162.0000000000    0.0000675453    0.1422922583   54.9264516822    1.9300692279   -0.0247637821  573.1035091260   -0.0007180990    0.0000000000 
   0.0000000000 -161.0000000000    0.0000675453    0.1421620732   54.9024470057    1.8957788240   -0.0306499799  571.6641337013   -0.0008849061    0.0000000000 
   0.0000000000 -160.0000000000    0.0000675453    0.1420342508   54.8793801943    1.8623336958   -0.0377991689  570.2570406766   -0.0010864969    0.0000000000 
   0.0000000000 -159.0000000000    0.0000675453    0.1419087314   54.8572093167    1.8297077330   -0.0464527772  568.8815949252   -0.0013292806    0.0000000000 
   0.0000000000 -158.0000000000    0.0000675453    0.1417854574   54.8358955262    1.7978755580   -0.0568925997  567.5372438008   -0.0016206856    0.0000000000 
   0.0000000000 -157.0000000000    0.0000675453    0.1416643726   54.8154029577    1.7668124868   -0.0694465347  566.2235222328   -0.0019692946    0.0000000001 
   0.0000000000 -156.0000000000    0.0000675453    0.1415454231   54.7956986464    1.7364944885   -0.0844949987  564.9400587393   -0.0023849931    0.0000000001 
   0.0000000000 -155.0000000000    0.0000675453    0.1414285565   54.7767524690    1.7068981431   -0.1024780494  563.6865823654   -0.0028791324    0.0000000001 
   0.0000000000 -154.0000000000    0.0000675453    0.1413137219   54.7585371060    1.6780005980   -0.1239032832  562.4629306340   -0.0034647086    0.0000000001 
   0.0000000000 -153.0000000000    0.0000675453    0.1412008705   54.7410280264    1.6497795228   -0.1493545995  561.2690585458   -0.0041565579    0.0000000002 
   0.0000000000 -152.0000000000    0.0000675453    0.1410899548   54.7242034933    1.6222130622   -0.1795018270  560.1050487841   -0.0049715687    0.0000000003 
   0.0000000000 -151.0000000000    0.0000675453    0.1409809289   54.7080445932    1.5952797875   -0.2151113885  558.9711230967   -0.0059289125    0.0000000004 
   0.0000000000 -150.0000000000    0.0000675453    0.1408737485   54.6925352861    1.5689586451   -0.2570579415  557.8676549807   -0.0070502939    0.0000000005 
   0.0000000000 -149.0000000000    0.0000675453    0.1407683708   54.6776624792    1.5432289041   -0.3063371675  556.7951837908   -0.0083602194    0.0000000007 
   0.0000000000 -148.0000000000    0.0000675453    0.1406647546   54.6634161247    1.5180701006   -0.3640797475  555.7544302535   -0.0098862881    0.0000000009 
   0.0000000000 -147.0000000000    0.0000675453    0.1405628599   54.6497893406    1.4934619795   -0.4315666018  554.7463135882   -0.0116595021    0.0000000012 
   0.0000000000 -146.0000000000    0.0000675453    0.1404626484   54.6367785580    1.4693844346   -0.5102454527  553.7719702711   -0.0137146005    0.0000000016 
   0.0000000000 -145.0000000000    0.0000675453    0.1403640831   54.6243836929    1.4458174441   -0.6017488345  552.8327745104   -0.0160904138    0.0000000021 
   0.0000000000 -144.0000000000    0.0000675453    0.1402671286   54.6126083450    1.4227410051   -0.7079135569  551.9303604928   -0.0188302430    0.0000000028 
   0.0000000000 -143.0000000000    0.0000675453    0.1401717506   54.6014600248    1.4001350628   -0.8308018112  551.0666467615   -0.0219822606    0.0000000037 
   0.0000000000 -142.0000000000    0.0000675453    0.1400779166   54.5909504094    1.3779794377   -0.9727238951  550.2438623165   -0.0255999362    0.0000000048 
   0.0000000000 -141.0000000000    0.0000675453    0.1399855953   54.5810956279    1.3562537482   -1.1362626934  549.4645751988   -0.0297424848    0.0000000063 
   0.0000000000 -140.0000000000    0.0000675453    0.1398947569   54.5719165775    1.3349373299   -1.3242999904  548.7317229602   -0.0344753397    0.0000000082 
   0.0000000000 -139.0000000000    0.0000675453    0.1398053731   54.5634392729    1.3140091504   -1.5400447038  548.0486456310   -0.0398706487    0.0000000106 
   0.0000000000 -138.0000000000    0.0000675453    0.1397174170   54.5556952284    1.2934477196   -1.7870631201  547.4191211267   -0.0460077942    0.0000000138 
   0.0000000000 -137.0000000000    0.0000675453    0.1396308634   54.5487218752    1.2732309961   -2.0693112008  546.8474030849   -0.0529739357    0.0000000177 
   0.0000000000 -136.0000000000    0.0000675453    0.1395456885   54.5425630149    1.2533362882   -2.3911690728  546.3382615253   -0.0608645765    0.0000000228 
   0.0000000000 -135.0000000000    0.0000675453    0.1394618702   54.5372693099    1.2337401502   -2.7574778165  545.8970260334   -0.0697841508    0.0000000292 
   0.0000000000 -134.0000000000    0.0000675453    0.1393793879   54.5328988126    1.2144182734   -3.1735785061  545.5296319341   -0.0798466336    0.0000000372 
   0.0000000000 -133.0000000000    0.0000675453    0.1392982228   54.5295175349    1.1953453714   -3.6453537439  545.2426692427   -0.0911761703    0.0000000473 
   0.0000000000 -132.0000000000    0.0000675453    0.1392183580   54.5272000587    1.1764950608   -4.1792717636  545.0434350609   -0.1039077258    0.0000000599 
   0.0000000000 -131.0000000000    0.0000675453    0.1391397783   54.5260301896    1.1578397343   -4.7824330279  544.9399887137   -0.1181877520    0.0000000757 
   0.0000000000 -130.0000000000    0.0000675453    0.1390624705   54.5261016517    1.1393504296   -5.4626195847  544.9412102137   -0.1341748713    0.0000000953 
   0.0000000000 -129.0000000000    0.0000675453    0.1389864233   54.5275188321    1.1209966905   -6.2283472651  545.0568625992   -0.1520405762    0.0000001197 
   0.0000000000 -128.0000000000    0.0000675453    0.1389116277   54.5303975655    1.1027464228   -7.0889206246  545.2976571038   -0.1719699412    0.0000001498 
   0.0000000000 -127.0000000000    0.0000675453    0.1388380769   54.5348659699    1.0845657424   -8.0544909412  545.6753223502   -0.1941623468    0.0000001870 
   0.0000000000 -126.0000000000    0.0000675453    0.1387657664   54.5410653286    1.0664188174   -9.1361173233  546.2026772178   -0.2188322127    0.0000002327 
   0.0000000000 -125.0000000000    0.0000675453    0.1386946943   54.5491510201    1.0482677026  -10.3458308417  546.8937074531   -0.2462097376    0.0000002888 
   0.0000000000 -124.0000000000    0.0000675453    0.1386248612   54.5592934968    1.0300721672  -11.6967020224  547.7636465429   -0.2765416444    0.0000003574 
   0.0000000000 -123.0000000000    0.0000675453    0.1385562706   54.5716793149    1.0117895146  -13.2029116762  548.8290601044   -0.3100919257    0.0000004411 
   0.0000000000 -122.0000000000    0.0000675453    0.1384889290   54.5865122109    0.9933743949  -14.8798252026  550.1079353111   -0.3471425904    0.0000005430 
   0.0000000000 -121.0000000000    0.0000675453    0.1384228460   54.6040142289    0.9747786101  -16.7440704343  551.6197741303   -0.3879944044    0.0000006667 
   0.0000000000 -120.0000000000    0.0000675453    0.1383580345   54.6244268971    0.9559509099  -18.8136192407  553.3856911210   -0.4329676251    0.0000008166 
   0.0000000000 -119.0000000000    0.0000675453    0.1382945110   54.6480124501    0.9368367816  -21.1078728909  555.4285165030   -0.4824027247    0.0000009976 
   0.0000000000 -118.0000000000    0.0000675453    0.1382322957   54.6750550999    0.9173782299  -23.6477514072  557.7729031389   -0.5366610985    0.0000012158 
   0.0000000000 -117.0000000000    0.0000675453    0.1381714130   54.7058623509    0.8975135492  -26.4557870128  560.4454394403   -0.5961257554    0.0000014782 
   0.0000000000 -116.0000000000    0.0000675453    0.1381118914   54.7407663566    0.8771770879  -29.5562217657  563.4747669198   -0.6612019845    0.0000017930 
   0.0000000000 -115.0000000000    0.0000675453    0.1380537639   54.7801253172    0.8562990030  -32.9751095786  566.8917033203   -0.7323179948    0.0000021699 
   0.0000000000 -114.0000000000    0.0000675453    0.1379970686   54.8243249119    0.8348050078  -36.7404228396  570.7293716038   -0.8099255216    0.0000026201 
   0.0000000000 -113.0000000000    0.0000675453    0.1379416613   54.8737764915    0.8126156381  -40.8819158180  575.0230210662   -0.8944957803    0.0000031568 
   0.0000000000 -112.0000000000    0.0000675453    0.1378879674   54.9289313696    0.7896479558  -45.4322115661  579.8113966735   -0.9865381162    0.0000037953 
   0.0000000000 -111.0000000000    0.0000675453    0.1378358510   54.9902635286    0.7658121786  -50.4254964237  585.1350775407   -1.0865737573    0.0000045532 
   0.0000000000 -110.0000000000    0.0000675453    0.1377853725   55.0582834216    0.7410135401  -55.8985791778  591.0378144244   -1.1951537416    0.0000054513 
   0.0000000000 -109.0000000000    0.0000675453    0.1377365987   55.1335364853    0.7151514356  -61.8907944148  597.5663995365   -1.3128549572    0.0000065133 
   0.0000000000 -108.0000000000    0.0000675453    0.1376896035   55.2166046501    0.6881191184  -68.4441400489  604.7708333867   -1.4402804109    0.0000077667 
   0.0000000000 -107.0000000000    0.0000675453    0.1376444681   55.3081078321    0.6598033892  -75.6034209209  612.7045000984   -1.5780594123    0.0000092435 
   0.0000000000 -106.0000000000    0.0000675453    0.1376012815   55.4087053867    0.6300842768  -83.4163983787  621.4243495236   -1.7268476567    0.0000109801 
   0.0000000000 -105.0000000000    0.0000675453    0.1375601407   55.5190975105    0.5988347135  -91.9339461578  630.9910877400   -1.8873271972    0.0000130188 
   0.0000000000 -104.0000000000    0.0000675453    0.1375211518   55.6400265666    0.5659202040 -101.2102125448  641.4693752427   -2.0602062871    0.0000154080 
   0.0000000000 -103.0000000000    0.0000675453    0.1374844300   55.7722783189    0.5311984886 -111.3027893359  652.9280339845   -2.2462190779    0.0000182033 
   0.0000000000 -102.0000000000    0.0000675453    0.1374501001   55.9166830412    0.4945192041 -122.2728872767  665.4402624286   -2.4461251493    0.0000214682 
   0.0000000000 -101.0000000000    0.0000675453    0.1374182975   56.0741164762    0.4557235409 -134.1855182727  679.0838599076   -2.6607088527    0.0000252757 
   0.0000000000 -100.0000000000    0.0000675453    0.1373891683   56.2455006130    0.4146439002 -147.1096842837  693.9414585550   -2.8907784320    0.0000297091 
   0.0000000000  -99.0000000000    0.0000675453    0.1373628702   56.4318042414    0.3711035518 -161.1185729969  710.1007654516   -3.1371649034    0.0000348635 
   0.0000000000  -98.0000000000    0.0000675453    0.1373395731   56.6340432420    0.3249162971 -176.2897597416  727.6548123574   -3.4007206476    0.0000408474 
   0.0000000000  -97.0000000000    0.0000675453    0.1373196561   56.8532949177    0.2758841826 -192.7064813750  746.7035066016   -3.6823336465    0.0000477848 
   0.0000000000  -96.0000000000    0.0000675453    0.1373029288   57.0906418896    0.2238046709 -210.4537119728  767.3488754308   -3.9828630900    0.0000558155 
   0.0000000000  -95.0000000000    0.0000675453    0.1372897926   57.3472525934    0.1684595447 -229.6244179511  789.7026666088   -4.3032280868    0.0000650999 
   0.0000000000  -94.0000000000    0.0000675453    0.1372804731   57.6243271664    0.1096215429 -250.3158587586  813.8818656375   -4.6443451439    0.0000758199 
   0.0000000000  -93.0000000000    0.0000675453    0.1372752110   57.9231084694    0.0470524354 -272.6307673352  840.0101398391   -5.0071391287    0.0000881817 
   0.0000000000  -92.0000000000    0.0000675453    0.1372742641   58.2448795765   -0.0194972013 -296.6775741531  868.2181221181   -5.3925390114    0.0001024195 
   0.0000000000  -91.0000000000    0.0000675453    0.1372779070   58.5909605366   -0.0902881649 -322.5706293766  898.6436949189   -5.8014728588    0.0001187986 
   0.0000000000  -90.0000000000    0.0000675453    0.1372864325   58.9627042982   -0.1655927562 -350.4304194581  931.4322694221   -6.2348619563    0.0001376199 
   0.0000000000  -89.0000000000    0.0000675453    0.1373001523   59.3614916981   -0.2456948416 -380.3837745739  966.7370561428   -6.6936139290    0.0001592235 
   0.0000000000  -88.0000000000    0.0000675453    0.1373193976   59.7887253954   -0.3308898359 -412.5640617682 1004.7193214647   -7.1786147143    0.0001839948 
   0.0000000000  -87.0000000000    0.0000675453    0.1373445205   60.2458226256   -0.4214845888 -447.1113576505 1045.5486225902   -7.6907192056    0.0002123692 
   0.0000000000  -86.0000000000    0.0000675453    0.1373758942   60.7342066457   -0.5177971534 -484.1725924842 1089.4030112632   -8.2307403637    0.0002448390 
   0.0000000000  -85.0000000000    0.0000675453    0.1374139142   61.2552967220   -0.6201564163 -523.9016579433 1136.4691994822   -8.7994365978    0.0002819605 
   0.0000000000  -84.0000000000    0.0000675453    0.1374589990   61.8104965187   -0.7289015590 -566.4594643306 1186.9426673602   -9.3974971090    0.0003243618 
   0.0000000000  -83.0000000000    0.0000675453    0.1375115909   62.4011807268   -0.8443813208 -612.0139347378 1241.0277010724  -10.0255249327    0.0003727518 
   0.0000000000  -82.0000000000    0.0000675453    0.1375721566   63.0286797796   -0.9669530254 -660.7399193942 1298.9373414859  -10.6840173532    0.0004279307 
   0.0000000000  -81.0000000000    0.0000675453    0.1376411883   63.6942624864   -1.0969813292 -712.8190077582 1360.8932158047  -11.3733432891    0.0004908007 
   0.0000000000  -80.0000000000    0.0000675453    0.1377192035   64.3991164355   -1.2348366400 -768.4392139186 1427.1252246175  -12.0937172435    0.0005623792 
   0.0000000000  -79.0000000000    0.0000675453    0.1378067466   65.1443260015   -1.3808931501 -827.7945054530 1497.8710494431  -12.8451693563    0.0006438128 
   0.0000000000  -78.0000000000    0.0000675453    0.1379043881   65.9308478328   -1.5355264186 -891.0841385816 1573.3754366302  -13.6275110328    0.0007363928 
   0.0000000000  -77.0000000000    0.0000675453    0.1380127259   66.7594836784   -1.6991104251 -958.5117571821 1653.8892080126  -14.4402955982    0.0008415737 
   0.0000000000  -76.0000000000    0.0000675453    0.1381323842   67.6308504765   -1.8720140118 -1030.2842031209 1739.6679355877  -15.2827733576    0.0009609917 
   0.0000000000  -75.0000000000    0.0000675453    0.1382640144   68.5453476414   -2.0545966162 -1106.6099791999 1830.9702115357  -16.1538404462    0.0010964874 
   0.0000000000  -74.0000000000    0.0000675453    0.1384082936   69.5031215501   -2.2472031851 -1187.6972931031 1928.0554281804  -17.0519808092    0.0012501294 
   0.0000000000  -73.0000000000    0.0000675453    0.1385659243   70.5040272861   -2.4501581497 -1273.7515982932 2031.1809666480  -17.9752006254    0.0014242404 
   0.0000000000  -72.0000000000    0.0000675453    0.1387376329   71.5475877982   -2.6637583319 -1364.9725422122 2140.5986896959  -18.9209546425    0.0016214264 
   0.0000000000  -71.0000000000    0.0000675453    0.1389241678   72.6329507284   -2.8882646321 -1461.5502055724 2256.5505954493  -19.8860637712    0.0018446073 
   0.0000000000  -70.0000000000    0.0000675453    0.1391266974   73.7589893611   -3.1239275802 -1563.6748236161 2379.2808783796  -20.8667239836    0.0020970914 
   0.0000000000  -69.0000000000    0.0000675453    0.1393452951   74.9237100463   -3.3708454608 -1671.4782657877 2508.9651221880  -21.8580268043    0.0023824638 
   0.0000000000  -68.0000000000    0.0000675453    0.1395810903   76.1249766302   -3.6291351422 -1785.1017986732 2645.7928928063  -22.8543891204    0.0027048260 
   0.0000000000  -67.0000000000    0.0000675453    0.1398348930   77.3599765228   -3.8988019800 -1904.6414831299 2789.9017553342  -23.8490928391    0.0030687082 
   0.0000000000  -66.0000000000    0.0000675453    0.1401075156   78.6252911056   -4.1797505710 -2030.1499570820 2941.3797785374  -24.8342422610    0.0034791364 
   0.0000000000  -65.0000000000    0.0000675453    0.1403997663   79.9168533200   -4.4717661436 -2161.6256107663 3100.2527422001  -25.8006351833    0.0039416678 
   0.0000000000  -64.0000000000    0.0000675453    0.1407124405   81.2299100006   -4.7744939319 -2299.0001198105 3266.4693555680  -26.7376335143    0.0044624234 
   0.0000000000  -63.0000000000    0.0000675453    0.1410463108   82.5589910897   -5.0874165902 -2442.1242466974 3439.8843582145  -27.6330384087    0.0050481126 
   0.0000000000  -62.0000000000    0.0000675453    0.1414021153   83.8978881493   -5.4098298712 -2590.7519316293 3620.2395117180  -28.4729773710    0.0057060487 
   0.0000000000  -61.0000000000    0.0000675453    0.1417805440   85.2396449757   -5.7408169480 -2744.5227787405 3807.1425804258  -29.2418127790    0.0064441500 
   0.0000000000  -60.0000000000    0.0000675453    0.1421828703   86.5768317828   -6.0793085776 -2902.9804771982 4000.0903338860  -29.9221539551    0.0072711334 
   0.0000000000  -59.0000000000    0.0000675453    0.1426085243   87.9005640417   -6.4237370815 -3065.4157751050 4198.2761925132  -30.4945557719    0.0081957059 
   0.0000000000  -58.0000000000    0.0000675453    0.1430584657   89.2019666823   -6.7724583462 -3231.0382253507 4400.8008499725  -30.9380160470    0.0092275304 
   0.0000000000  -57.0000000000    0.0000675453    0.1435330280   90.4713509508   -7.1234506213 -3398.8376884609 4606.5022720251  -31.2298299026    0.0103764635 
   0.0000000000  -56.0000000000    0.0000675453    0.1440324016   91.6985247116   -7.4743636056 -3567.5959550385 4813.9693367975  -31.3459164423    0.0116525354 
   0.0000000000  -55.0000000000    0.0000675453    0.1445566098   92.8729208262   -7.8225092741 -3735.8743989822 5021.5256449675  -31.2612066892    0.0130657225 
   0.0000000000  -54.0000000000    0.0000675453    0.1451054837   93.9837567744   -8.1648631451 -3902.0080387749 5227.2206348067  -30.9501850667    0.0146256586 
   0.0000000000  -53.0000000000    0.0000675453    0.1456794637   95.0204801567   -8.4981976504 -4064.1612828402 5428.8969143088  -30.3873373306    0.0163418467 
   0.0000000000  -52.0000000000    0.0000675453    0.1462764912   95.9720079987   -8.8186685046 -4220.1445027221 5623.9581992527  -29.5489194716    0.0182211945 
   0.0000000000  -51.0000000000    0.0000675453    0.1468963324   96.8283787570   -9.1224935929 -4367.7220177443 5809.7489423231  -28.4128546051    0.0202703549 
   0.0000000000  -50.0000000000    0.0000675453    0.1475378273   97.5801149672   -9.4056299453 -4504.4813734986 5983.3863906394  -26.9605957101    0.0224934864 
   0.0000000000  -49.0000000000    0.0000675453    0.1481995258   98.2187085571   -9.6639620380 -4627.9373066415 6141.8840582168  -25.1782422556    0.0248921406 
   0.0000000000  -48.0000000000    0.0000675453    0.1488796818   98.7368868253   -9.8934177027 -4735.6111948755 6282.2441225670  -23.0578136748    0.0274647764 
   0.0000000000  -47.0000000000    0.0000675453    0.1495762578   99.1288605266  -10.0901019793 -4825.1253472284 6401.5681264278  -20.5984266061    0.0302063490 
   0.0000000000  -46.0000000000    0.0000675453    0.1502879867   99.3906149765  -10.2505499215 -4894.3513194950 6497.2387892031  -17.8061553736    0.0331092835 
   0.0000000000  -45.0000000000    0.0000675453    0.1510104013   99.5197389006  -10.3714557234 -4941.3445161044 6566.8205779299  -14.6987229024    0.0361586585 
   0.0000000000  -44.0000000000    0.0000675453    0.1517415772   99.5160732299  -10.4504313505 -4964.7043846619 6608.5216820888  -11.3000435040    0.0393389133 
   0.0000000000  -43.0000000000    0.0000675453    0.1524785462   99.3813695940  -10.4857323987 -4963.4964448400 6621.0848221899   -7.6433714297    0.0426300481 
   0.0000000000  -42.0000000000    0.0000675453    0.1532182180   99.1193448865  -10.4764504060 -4937.3588853744 6603.9234703586   -3.7695829417    0.0460091793 
   0.0000000000  -41.0000000000    0.0000675453    0.1539574395   98.7355629277  -10.4225694876 -4886.5371572889 6557.1687434887    0.2742504153    0.0494513285 
   0.0000000000  -40.0000000000    0.0000675453    0.1546930589   98.2372456399  -10.3249779493 -4811.8827586362 6481.6743274917    4.4367194161    0.0529303717 
   0.0000000000  -39.0000000000    0.0000675453    0.1554219894   97.6330253189  -10.1854328024 -4714.8152786732 6378.9777952028    8.6642178983    0.0564200722 
   0.0000000000  -38.0000000000    0.0000675453    0.1561412697   96.9326538531  -10.0064798948 -4597.2509940610 6251.2216916628   12.9031842182    0.0598951141 
   0.0000000000  -37.0000000000    0.0000675453    0.1568481192   96.1466873955   -9.7913366897 -4461.5049363543 6101.0421202944   17.1022528287    0.0633320497 
   0.0000000000  -36.0000000000    0.0000675453    0.1575410303   95.2858901519   -9.5437258669 -4310.1493648878 5931.4099406597   21.2158290222    0.0667118653 
   0.0000000000  -35.0000000000    0.0000675453    0.1582156571   94.3619945509   -9.2677925829 -4145.9918851512 5745.5837112313   25.1988846714    0.0700135475 
   0.0000000000  -34.0000000000    0.0000675453    0.1588709924   93.3858715788   -8.9678473009 -3971.8184550071 5546.8394411957   29.0179483549    0.0732248173 
   0.0000000000  -33.0000000000    0.0000675453    0.1595053345   92.3682804803   -8.6482635807 -3790.3729251768 5338.4223201089   32.6450936980    0.0763354464 
   0.0000000000  -32.0000000000    0.0000675453    0.1601172871   91.3194320440   -8.3133323935 -3604.2495108508 5123.4225044329   36.0596386789    0.0793388431 
   0.0000000000  -31.0000000000    0.0000675453    0.1607057529   90.2488376661   -7.9671492730 -3415.8260962452 4904.6928701924   39.2478479837    0.0822318005 
   0.0000000000  -30.0000000000    0.0000675453    0.1612699202   89.1652048377   -7.6135273722 -3227.2193927329 4684.7922285721   42.2023421095    0.0850141248 
   0.0000000000  -29.0000000000    0.0000675453    0.1618092428   88.0763752996   -7.2559366609 -3040.2605423674 4465.9526553496   44.9213112191    0.0876881891 
   0.0000000000  -28.0000000000    0.0000675453    0.1623234167   86.9893003129   -6.8974674464 -2856.4883409863 4250.0678419048   47.4076256208    0.0902584581 
   0.0000000000  -27.0000000000    0.0000675453    0.1628113780   85.9103972215   -6.5408922220 -2677.2024190892 4038.7501553606   49.6668118465    0.0927293656 
   0.0000000000  -26.0000000000    0.0000675453    0.1632752257   84.8441594777   -6.1883569760 -2503.2948840512 3833.1393695185   51.7107257707    0.0951115617 
   0.0000000000  -25.0000000000    0.0000675453    0.1637142020   83.7953570511   -5.8418645350 -2335.5570205779 3634.2465502507   53.5497370132    0.0974113619 
   0.0000000000  -24.0000000000    0.0000675453    0.1641287039   82.7676469659   -5.5029866590 -2174.5176048628 3442.7725283108   55.1968203190    0.0996372623 
   0.0000000000  -23.0000000000    0.0000675453    0.1645192397   81.7640040162   -5.1729726156 -2020.5202888158 3259.1951580195   56.6657335280    0.1017979310 
   0.0000000000  -22.0000000000    0.0000675453    0.1648864075   80.7867899514   -4.8527830194 -1873.7527857111 3083.8029654400   57.9705348514    0.1039019886 
   0.0000000000  -21.0000000000    0.0000675453    0.1652308749   79.8378227005   -4.5431246765 -1734.2743745770 2916.7271628665   59.1252043864    0.1059578405 
   0.0000000000  -20.0000000000    0.0000675453    0.1655533613   78.9184434152   -4.2444847940 -1602.0409419082 2757.9710342770   60.1433586519    0.1079735552 
   0.0000000000  -19.0000000000    0.0000675453    0.1658546228   78.0295797996   -3.9571634246 -1476.9271654357 2607.4361624433   61.0380452509    0.1099567824 
   0.0000000000  -18.0000000000    0.0000675453    0.1661354390   77.1718047596   -3.6813034247 -1358.7457145366 2464.9452907660   61.8216041159    0.1119147015 
   0.0000000000  -17.0000000000    0.0000675453    0.1663966024   76.3453898493   -3.4169175286 -1247.2635358704 2330.2618513248   62.5055824182    0.1138539960 
   0.0000000000  -16.0000000000    0.0000675453    0.1666389083   75.5503533202   -3.1639123936 -1142.2154233940 2203.1063581397   63.1006917904    0.1157808473 
   0.0000000000  -15.0000000000    0.0000675453    0.1668631481   74.7865028370   -2.9221096297 -1043.3151287644 2083.1699321835   63.6167974669    0.1177009426 
   0.0000000000  -14.0000000000    0.0000675453    0.1670701028   74.0534730702   -2.6912639585 -950.2643114282 1970.1252906779   64.0629310830    0.1196194932 
   0.0000000000  -13.0000000000    0.0000675453    0.1672605383   73.3507584965   -2.4710787119 -862.7596269174 1863.6355358713   64.4473202379    0.1215412594 
   0.0000000000  -12.0000000000    0.0000675453    0.1674352014   72.6777417998   -2.2612189223 -780.4982385546 1763.3610683757   64.7774293460    0.1234705802 
   0.0000000000  -11.0000000000    0.0000675453    0.1675948170   72.0337182769   -2.0613222614 -703.1820111977 1668.9649188743   65.0600072262    0.1254114049 
   0.0000000000  -10.0000000000    0.0000675453    0.1677400863   71.4179166802   -1.8710081035 -630.5206272209 1580.1167841608   65.3011387067    0.1273673261 
   0.0000000000   -9.0000000000    0.0000675453    0.1678716848   70.8295168954   -1.6898849496 -562.2338192260 1496.4959855065   65.5062971238    0.1293416115 
   0.0000000000   -8.0000000000    0.0000675453    0.1679902618   70.2676648401   -1.5175564546 -498.0529011677 1417.7935718592   65.6803966384    0.1313372354 
   0.0000000000   -7.0000000000    0.0000675453    0.1680964399   69.7314849379   -1.3536262624 -437.7217393375 1343.7137301467   65.8278427547    0.1333569092 
   0.0000000000   -6.0000000000    0.0000675453    0.1681908145   69.2200904909   -1.1977018349 -380.9972863932 1273.9746509115   65.9525803478    0.1354031084 
   0.0000000000   -5.0000000000    0.0000675453    0.1682731958   68.7327532320   -1.0494345791 -327.6649501766 1208.3270293122   66.0579653849    0.1374767048 
   0.0000000000   -4.0000000000    0.0000675453    0.1683456951   68.2682500385   -0.9083695944 -277.4760849284 1146.4798667472   66.1475230994    0.1395826514 
   0.0000000000   -3.0000000000    0.0000675453    0.1684080135   67.8258852683   -0.7741825951 -230.2442785802 1088.2151638610   66.2238738936    0.1417213824 
   0.0000000000   -2.0000000000    0.0000675453    0.1684606420   67.4047986921   -0.6465197236 -185.7785349500 1033.3086222773   66.2895382507    0.1438946723 
   0.0000000000   -1.0000000000    0.0000675453    0.1685040471   67.0041483359   -0.5250400010 -143.8999708858  981.5496125530   66.3467684427    0.1461041710 
   0.0000000000    0.0000000000    0.0000675453    0.1685386716   66.6231132575   -0.4094158577 -104.4412714151  932.7406356005   66.3975773855    0.1483514190 
   0.0000000000    1.0000000000    0.0000675453    0.1685649354   66.2608956434   -0.2993334116  -67.2461072925  886.6967265155   66.4437647435    0.1506378631 
   0.0000000000    2.0000000000    0.0000675453    0.1685832362   65.9167223363   -0.1944925461  -32.1685340020  843.2448239692   66.4869404084    0.1529648692 
   0.0000000000    3.0000000000    0.0000675453    0.1685939509   65.5898458902   -0.0946068297    0.9276131976  802.2231229850   66.5285454853    0.1553337342 
   0.0000000000    4.0000000000    0.0000675453    0.1685974359   65.2795452308    0.0005966864   32.1693170422  763.4804270374   66.5698711146    0.1577456970 
   0.0000000000    5.0000000000    0.0000675453    0.1685940287   64.9851259957    0.0913777650   61.6749611066  726.8755094431   66.6120752964    0.1602019477 
   0.0000000000    6.0000000000    0.0000675453    0.1685840481   64.7059206057    0.1779833490   89.5548920208  692.2764912072   66.6561978614    0.1627036366 
   0.0000000000    7.0000000000    0.0000675453    0.1685677956   64.4412881251    0.2606479791  115.9119574558  659.5602419813   66.7031738807    0.1652518815 
   0.0000000000    8.0000000000    0.0000675453    0.1685455560   64.1906139454    0.3395942454  140.8420172790  628.6118058767   66.7538455062    0.1678477749 
   0.0000000000    9.0000000000    0.0000675453    0.1685175982   63.9533093337    0.4150332629  164.4344270185  599.3238570122   66.8089726505    0.1704923900 
   0.0000000000   10.0000000000    0.0000675453    0.1684841762   63.7288108706    0.4871651586  186.7724927170  571.5961831111   66.8692423636    0.1731867864 
   0.0000000000   11.0000000000    0.0000675453    0.1684455297   63.5165798073    0.5561795637  207.9338976405  545.3351995652   66.9352772274    0.1759320149 
   0.0000000000   12.0000000000    0.0000675453    0.1684018846   63.3161013583    0.6222561038  227.9911014005  520.4534931541   67.0076428351    0.1787291224 
   0.0000000000   13.0000000000    0.0000675453    0.1683534544   63.1268839504    0.6855648832  247.0117122155  496.8693944361   67.0868544038    0.1815791552 
   0.0000000000   14.0000000000    0.0000675453    0.1683004400   62.9484584398    0.7462669590  265.0588337614  474.5065786222   67.1733827141    0.1844831636 
   0.0000000000   15.0000000000    0.0000675453    0.1682430310   62.7803773111    0.8045148014  282.1913872858  453.2936925914   67.2676592977    0.1874422045 
   0.0000000000   16.0000000000    0.0000675453    0.1681814059   62.6222138669    0.8604527407  298.4644112070  433.1640084844   67.3700811828    0.1904573447 
   0.0000000000   17.0000000000    0.0000675453    0.1681157331   62.4735614159    0.9142173964  313.9293384922  414.0551005547   67.4810149896    0.1935296635 
   0.0000000000   18.0000000000    0.0000675453    0.1680461708   62.3340324666    0.9659380904  328.6342540996  395.9085454700   67.6008006607    0.1966602556 
   0.0000000000   19.0000000000    0.0000675453    0.1679728681   62.2032579310    1.0157372418  342.6241333464  378.6696438616   67.7297547628    0.1998502327 
   0.0000000000   20.0000000000    0.0000675453    0.1678959654   62.0808863434    1.0637307439  355.9410624453  362.2871617184   67.8681733976    0.2031007263 
   0.0000000000   21.0000000000    0.0000675453    0.1678155945   61.9665830960    1.1100283238  368.6244429412  346.7130908907   68.0163348618    0.2064128893 
   0.0000000000   22.0000000000    0.0000675453    0.1677318793   61.8600296950    1.1547338834  380.7111805139  331.9024265511   68.1745019464    0.2097878976 
   0.0000000000   23.0000000000    0.0000675453    0.1676449364   61.7609230389    1.1979458240  392.2358599323  317.8129611784   68.3429240418    0.2132269524 
   0.0000000000   24.0000000000    0.0000675453    0.1675548751   61.6689747199    1.2397573538  403.2309068554  304.4050934523   68.5218390020    0.2167312810 
   0.0000000000   25.0000000000    0.0000675453    0.1674617980   61.5839103492    1.2802567788  413.7267375282  291.6416510836   68.7114748079    0.2203021391 
   0.0000000000   26.0000000000    0.0000675453    0.1673658014   61.5054689067    1.3195277788  423.7518972509  279.4877265089   68.9120510469    0.2239408112 
   0.0000000000   27.0000000000    0.0000675453    0.1672669755   61.4334021167    1.3576496671  433.3331888100  267.9105247259   69.1237802786    0.2276486130 
   0.0000000000   28.0000000000    0.0000675453    0.1671654046   61.3674738476    1.3946976372  442.4957909559  256.8792218737   69.3468691910    0.2314268918 
   0.0000000000   29.0000000000    0.0000675453    0.1670611677   61.3074595351    1.4307429949  451.2633685765  246.3648343603   69.5815197111    0.2352770281 
   0.0000000000   30.0000000000    0.0000675453    0.1669543386   61.2531456328    1.4658533774  459.6581744110  236.3400971901   69.8279299440    0.2392004367 
   0.0000000000   31.0000000000    0.0000675453    0.1668449863   61.2043290834    1.5000929603  467.7011435319  226.7793511803   70.0862950556    0.2431985677 
   0.0000000000   32.0000000000    0.0000675453    0.1667331750   61.1608168148    1.5335226525  475.4119808039  217.6584381591   70.3568080447    0.2472729077 
   0.0000000000   33.0000000000    0.0000675453    0.1666189645   61.1224252588    1.5662002804  482.8092420464  208.9546036594   70.6396604472    0.2514249810 
   0.0000000000   34.0000000000    0.0000675453    0.1665024106   61.0889798903    1.5981807607  489.9104093906  200.6464065245   70.9350429798    0.2556563503 
   0.0000000000   35.0000000000    0.0000675453    0.1663835648   61.0603147895    1.6295162643  496.7319610753  192.7136348151   71.2431460998    0.2599686181 
   0.0000000000   36.0000000000    0.0000675453    0.1662624753   61.0362722227    1.6602563697  503.2894365039  185.1372277185   71.5641605466    0.2643634275 
   0.0000000000   37.0000000000    0.0000675453    0.1661391865   61.0167022440    1.6904482082  509.5974963390  177.8992027601   71.8982777844    0.2688424632 
   0.0000000000   38.0000000000    0.0000675453    0.1660137394   61.0014623149    1.7201366005  515.6699788404  170.9825882524   72.2456904731    0.2734074529 
   0.0000000000   39.0000000000    0.0000675453    0.1658861719   60.9904169431    1.7493641850  521.5199515694  164.3713601595   72.6065928016    0.2780601678 
   0.0000000000   40.0000000000    0.0000675453    0.1657565191   60.9834373371    1.7781715393  527.1597603491  158.0503835992   72.9811809141    0.2828024242 
   0.0000000000   41.0000000000    0.0000675453    0.1656248130   60.9804010801    1.8065972936  532.6010737939  152.0053580025   73.3696531546    0.2876360837 
   0.0000000000   42.0000000000    0.0000675453    0.1654910831   60.9811918177    1.8346782386  537.8549258424  146.2227663450   73.7722104429    0.2925630553 
   0.0000000000   43.0000000000    0.0000675453    0.1653553563   60.9856989622    1.8624494265  542.9317545276  140.6898275421   74.1890565022    0.2975852952 
   0.0000000000   44.0000000000    0.0000675453    0.1652176569   60.9938174123    1.8899442659  547.8414385156  135.3944521698   74.6203981242    0.3027048088 
   0.0000000000   45.0000000000    0.0000675453    0.1650780073   61.0054472856    1.9171946118  552.5933310802  130.3252011029   75.0664454035    0.3079236507 
   0.0000000000   46.0000000000    0.0000675453    0.1649364271   61.0204936650    1.9442308498  557.1962918361  125.4712468949   75.5274119580    0.3132439265 
   0.0000000000   47.0000000000    0.0000675453    0.1647929343   61.0388663584    1.9710819765  561.6587163379  120.8223376819   76.0035151312    0.3186677928 
   0.0000000000   48.0000000000    0.0000675453    0.1646475443   61.0604796697    1.9977756736  565.9885637263  116.3687634317   76.4949761814    0.3241974589 
   0.0000000000   49.0000000000    0.0000675453    0.1645008470   61.0852199113    2.0243382805  570.1938763434  112.1001883070   77.0019989045    0.3298371071 
   0.0000000000   50.0000000000    0.0000675453    0.1643517280   61.1130729641    2.0507950296  574.2808025823  108.0101605828   77.5248532033    0.3355853211 
   0.0000000000   51.0000000000    0.0000675453    0.1642007452   61.1439344663    2.0771701822  578.2566573066  104.0892874963   78.0637542370    0.3414462817 
   0.0000000000   52.0000000000    0.0000675453    0.1640479064   61.1777346282    2.1034868335  582.1278968264  100.3297295546   78.6189406185    0.3474224161 
   0.0000000000   53.0000000000    0.0000675453    0.1638932177   61.2144071592    2.1297670805  585.9006547963   96.7240497648   79.1906556728    0.3535162086 
   0.0000000000   54.0000000000    0.0000675453    0.1637366837   61.2538890960    2.1560320736  589.5807607039   93.2651908436   79.7791475661    0.3597302022 
   0.0000000000   55.0000000000    0.0000675453    0.1635783074   61.2961206403    2.1823020667  593.1737572397   89.9464538580   80.3846694355    0.3660669991 
   0.0000000000   56.0000000000    0.0000675453    0.1634180903   61.3410450039    2.2085964635  596.6849165312   86.7614781876   81.0074795084    0.3725292623 
   0.0000000000   57.0000000000    0.0000675453    0.1632560325   61.3886082617    2.2349338614  600.1192554218   83.7042227399   81.6478412259    0.3791197158 
   0.0000000000   58.0000000000    0.0000675453    0.1630921326   61.4387592129    2.2613320929  603.4815497041   80.7689483122   82.3060233501    0.3858411464 
   0.0000000000   59.0000000000    0.0000675453    0.1629263880   61.4914492491    2.2878082646  606.7763476109   77.9502010607   82.9823000866    0.3926964038 
   0.0000000000   60.0000000000    0.0000675453    0.1627587944   61.5466322302    2.3143787947  610.0079823501   75.2427969635   83.6769511876    0.3996884022 
   0.0000000000   61.0000000000    0.0000675453    0.1625893462   61.6042643676    2.3410594470  613.1805839351   72.6418072341   84.3902620602    0.4068201200 
   0.0000000000   62.0000000000    0.0000675453    0.1624180363   61.6643041133    2.3678653653  616.2980904399   70.1425446089   85.1225238912    0.4140946016 
   0.0000000000   63.0000000000    0.0000675453    0.1622448559   61.7267120525    2.3948111036  619.3642583701   67.7405503706   85.8740337364    0.4215149574 
   0.0000000000   64.0000000000    0.0000675453    0.1620697948   61.7914507961    2.4219106559  622.3826725765   65.4315820353   86.6450946236    0.4290843650 
   0.0000000000   65.0000000000    0.0000675453    0.1618928415   61.8584848651    2.4491774818  625.3567555665   63.2116015443   87.4360156384    0.4368060717 
   0.0000000000   66.0000000000    0.0000675453    0.1617139842   61.9277805606    2.4766245278  628.2897758282   61.0767638119   88.2471119279    0.4446833975 
   0.0000000000   67.0000000000    0.0000675453    0.1615332112   61.9993058141    2.5042642446  631.1848556983   59.0234056951   89.0787046958    0.4527197403 
   0.0000000000   68.0000000000    0.0000675453    0.1613505128   62.0730300299    2.5321085984  634.0449780010   57.0480355468   89.9311210899    0.4609185819 
   0.0000000000   69.0000000000    0.0000675453    0.1611658816   62.1489239530    2.5601690821  636.8729924110   55.1473239339   90.8046941456    0.4692834926 
   0.0000000000   70.0000000000    0.0000675453    0.1609799485   62.2269232903    2.5884521221  639.6713429687   53.3175437866   91.6996867585    0.4778206846 
   0.0000000000   71.0000000000    0.0000675453    0.1607915227   62.3070688031    2.6169766888  642.4431167976   51.5567209863   92.6165820523    0.4865291627 
   0.0000000000   72.0000000000    0.0000675453    0.1606011370   62.3893045323    2.6457492638  645.1905935629   49.8614841867   93.5556698316    0.4954148903 
   0.0000000000   73.0000000000    0.0000675453    0.1604087766   62.4736067586    2.6747797353  647.9161589213   48.2290881429   94.5173090237    0.5044817341 
   0.0000000000   74.0000000000    0.0000675453    0.1602144250   62.5599529828    2.7040776354  650.6220972791   46.6569152872   95.5018652669    0.5137336363 
   0.0000000000   75.0000000000    0.0000675453    0.1600180630   62.6483219020    2.7336521624  653.3105976943   45.1424696768   96.5097111292    0.5231746124 
   0.0000000000   76.0000000000    0.0000675453    0.1598196670   62.7386934433    2.7635122104  655.9837597608   43.6833717813   97.5412264092    0.5328087450 
   0.0000000000   77.0000000000    0.0000675453    0.1596192069   62.8310488633    2.7936664102  658.6436008315   42.2773540861   98.5967987199    0.5426401737 
   0.0000000000   78.0000000000    0.0000675453    0.1594166444   62.9253707811    2.8241231620  661.2920622984   40.9222558425   99.6768239172    0.5526730896 
   0.0000000000   79.0000000000    0.0000675453    0.1592119406   63.0216426877    2.8548905815  663.9310086161   39.6160125805  100.7817050995    0.5629117667 
   0.0000000000   80.0000000000    0.0000675453    0.1590057267   63.1198077104    2.8859695105  666.5616409303   38.3562484691  101.9117337478    0.5733634699 
   0.0000000000   81.0000000000    0.0000675453    0.1587969348   63.2199135190    2.9173779299  669.1865436535   37.1417164278  103.0675033318    0.5840282182 
   0.0000000000   82.0000000000    0.0000675453    0.1585860170   63.3219156776    2.9491180361  671.8069414286   35.9703147953  104.2493519574    0.5949126729 
   0.0000000000   83.0000000000    0.0000675453    0.1583729509   63.4257992085    2.9811965364  674.4243886546   34.8403170437  105.4577054062    0.6060215457 
   0.0000000000   84.0000000000    0.0000675453    0.1581576882   63.5315513260    3.0136201634  677.0404021518   33.7500861122  106.6930014661    0.6173595238 
   0.0000000000   85.0000000000    0.0000675453    0.1579401285   63.6391631275    3.0463960328  679.6564967133   32.6980814189  107.9556963292    0.6289311505 
   0.0000000000   86.0000000000    0.0000675453    0.1577208495   63.7485824015    3.0795227012  682.2733784908   31.6824972649  109.2461061211    0.6407441159 
   0.0000000000   87.0000000000    0.0000675453    0.1574989280   63.8598539922    3.1130167200  684.8933435611   30.7023361973  110.5648763736    0.6527994527 
   0.0000000000   88.0000000000    0.0000675453    0.1572747681   63.9729376813    3.1468782654  687.5171803756   29.7560037604  111.9123746056    0.6651042539 
   0.0000000000   89.0000000000    0.0000675453    0.1570482126   64.0878298998    3.1811141799  690.1462518014   28.8422378203  113.2890979787    0.6776631731 
   0.0000000000   90.0000000000    0.0000675453    0.1568198264   64.2044790744    3.2157213411  692.7809658453   27.9595210803  114.6953725525    0.6904842889 
   0.0000000000   91.0000000000    0.0000675453    0.1565887226   64.3229309387    3.2507159073  695.4234997574   27.1070142427  116.1318883840    0.7035690763 
   0.0000000000   92.0000000000    0.0000675453    0.1563555780   64.4431263780    3.2860925020  698.0739957354   26.2832668023  117.5989506274    0.7169263389 
   0.0000000000   93.0000000000    0.0000675453    0.1561196922   64.5650999479    3.3218647392  700.7343582968   25.4874376225  119.0972283300    0.7305585601 
   0.0000000000   94.0000000000    0.0000675453    0.1558817144   64.6887936842    3.3580266307  703.4046167894   24.7182031656  120.6270334461    0.7444746444 
   0.0000000000   95.0000000000    0.0000675453    0.1556412922   64.8142185845    3.3945863634  706.0861229085   23.9746728494  122.1889554348    0.7586788883 
   0.0000000000   96.0000000000    0.0000675453    0.1553982970   64.9413705778    3.4315487793  708.7798955826   23.2559057910  123.7835328178    0.7731767216 
   0.0000000000   97.0000000000    0.0000675453    0.1551530612   65.0702126201    3.4689112139  711.4862130121   22.5608453575  125.4111680007    0.7879758789 
   0.0000000000   98.0000000000    0.0000675453    0.1549047177   65.2007939064    3.5066898103  714.2071535256   21.8888714785  127.0726445155    0.8030784146 
   0.0000000000   99.0000000000    0.0000675453    0.1546545533   65.3330075402    3.5448656921  716.9413898762   21.2387027559  128.7680618349    0.8184968781 
   0.0000000000  100.0000000000    0.0000675453    0.0000892172  108.4691295269   18.4277768945 114093.6763200695 3193.3190007230 9219.4280477881 7471.7714081136 
   0.0000000000  101.0000000000    0.0000675453    0.0000833128  110.3243649985    4.5867801446 10054.0248055097  247.3414013403  809.0423451058  701.4644484643 
   0.0000000000  102.0000000000    0.0000675453    0.0000807522  111.4494347732    3.1150969660 5677.5169858728  125.9549347405  459.2412738480  411.8102531797 
   0.0000000000  103.0000000000    0.0000675453    0.0000790130  112.3783433008    2.4411072928 4107.9674620359   82.6720626606  334.7868482016  307.8456405417 
   0.0000000000  104.0000000000    0.0000675453    0.0000776939  113.1967188902    2.0349531748 3296.1179633060   60.3418607030  270.9653016489  254.3628895172 
   0.0000000000  105.0000000000    0.0000675453    0.0000766376  113.9380214164    1.7565678265 2798.9235571492   46.6832686584  232.2644433181  221.9596906230 
   0.0000000000  106.0000000000    0.0000675453    0.0000757623  114.6194915022    1.5506537839 2462.7962876236   37.4574743838  206.3980724110  200.3999195563 
   0.0000000000  107.0000000000    0.0000675453    0.0000750203  115.2509581939    1.3905089787 2220.3614038119   30.8099591880  187.9866535458  185.1780335615 
   0.0000000000  108.0000000000    0.0000675453    0.0000743817  115.8383994368    1.2614676471 2037.3393434577   25.7987868316  174.2978426387  173.9948954135 
   0.0000000000  109.0000000000    0.0000675453    0.0000738239  116.3862795644    1.1546105300 1894.2774683701   21.8914083673  163.7811884211  165.5423978405 
   0.0000000000  110.0000000000    0.0000675453    0.0000733329  116.8970817761    1.0643164847 1779.4938127121   18.7670294045  155.5085109658  159.0329715793 
   0.0000000000  111.0000000000    0.0000675453    0.0000728962  117.3731018059    0.9867034414 1685.3727252303   16.2176436570  148.8733002299  153.9521317336 
   0.0000000000  112.0000000000    0.0000675453    0.0000725062  117.8154480550    0.9191193658 1606.8733337418   14.1046244868  143.4759627807  149.9582635685 
   0.0000000000  113.0000000000    0.0000675453    0.0000721555  118.2253494826    0.8595832924 1540.4161374199   12.3301539786  139.0314058093  146.8083978876 
   0.0000000000  114.0000000000    0.0000675453    0.0000718385  118.6035580452    0.8066393225 1483.4473488906   10.8241010013  135.3366234279  144.3286317208 
   0.0000000000  115.0000000000    0.0000675453    0.0000715506  118.9507085768    0.7591697818 1434.0744040939    9.5344853464  132.2408148093  142.3897665967 
   0.0000000000  116.0000000000    0.0000675453    0.0000712887  119.2670478365    0.7163258631 1390.8861794312    8.4222174876  129.6320143736  140.8948900277 
   0.0000000000  117.0000000000    0.0000675453    0.0000710495  119.5530049840    0.6774134699 1352.7771002872    7.4568574922  127.4216245277  139.7680203270 
   0.0000000000  118.0000000000    0.0000675453    0.0000708302  119.8088221514    0.6418840305 1318.8898613324    6.6146196162  125.5410067740  138.9498686027 
   0.0000000000  119.0000000000    0.0000675453    0.0000706288  120.0346904674    0.6092912972 1288.5438427626    5.8765479902  123.9354798154  138.3931053813 
   0.0000000000  120.0000000000    0.0000675453    0.0000704432  120.2308227035    0.5792643817 1261.1891960761    5.2273018207  122.5605356578  138.0593403058 
   0.0000000000  121.0000000000    0.0000675453    0.0000702722  120.3972212816    0.5515065613 1236.3866420053    4.6544405240  121.3808945064  137.9173922828 
   0.0000000000  122.0000000000    0.0000675453    0.0000701141  120.5340852953    0.5257562900 1213.7665402291    4.1475785531  120.3662113432  137.9411019548 
   0.0000000000  123.0000000000    0.0000675453    0.0000699677  120.6415275285    0.5017968532 1193.0255323577    3.6980931274  119.4915894692  138.1086836645 
   0.0000000000  124.0000000000    0.0000675453    0.0000698319  120.7196616975    0.4794433712 1173.9098766827    3.2987278446  118.7360497736  138.4017124232 
   0.0000000000  125.0000000000    0.0000675453    0.0000697057  120.7686070107    0.4585370022 1156.2057222224    2.9433279799  118.0817660475  138.8044645087 
   0.0000000000  126.0000000000    0.0000675453    0.0000695883  120.7884917532    0.4389403814 1139.7315941458    2.6266360135  117.5134750573  139.3034080974 
