#solute size       Temp        p_0 p_meanfield       duHB        duS       duLJ        duO       dvHB        dvS       dvLJ        dvO 
   0.0000000000 -173.0000000000    0.0000675453    0.1438993981   -0.0000236354    6.6457011566   -0.0000010080    0.0000000000    0.0000167988    1.7812015390    0.0000025317    0.0000000000 
   0.0000000000 -172.0000000000    0.0000675453    0.1437386751   -0.0000307044    6.6411215408   -0.0000013072    0.0000000000    0.0000218916    1.7505060405    0.0000033004    0.0000000000 
   0.0000000000 -171.0000000000    0.0000675453    0.1435811159   -0.0000396956    6.6367431654   -0.0000016870    0.0000000000    0.0000283904    1.7205222614    0.0000042818    0.0000000000 
   0.0000000000 -170.0000000000    0.0000675453    0.1434266353   -0.0000510793    6.6325557065   -0.0000021669    0.0000000000    0.0000366455    1.6912309161    0.0000055291    0.0000000000 
   0.0000000000 -169.0000000000    0.0000675453    0.1432751510   -0.0000654280    6.6285496657   -0.0000027706    0.0000000000    0.0000470845    1.6626130506    0.0000071071    0.0000000000 
   0.0000000000 -168.0000000000    0.0000675453    0.1431265830   -0.0000834356    6.6247163376   -0.0000035268    0.0000000000    0.0000602277    1.6346500243    0.0000090950    0.0000000000 
   0.0000000000 -167.0000000000    0.0000675453    0.1429808540   -0.0001059398    6.6210477874   -0.0000044699    0.0000000000    0.0000767059    1.6073234860    0.0000115886    0.0000000000 
   0.0000000000 -166.0000000000    0.0000675453    0.1428378894   -0.0001339479    6.6175368353   -0.0000056414    0.0000000000    0.0000972799    1.5806153452    0.0000147038    0.0000000000 
   0.0000000000 -165.0000000000    0.0000675453    0.1426976165   -0.0001686665    6.6141770493   -0.0000070906    0.0000000000    0.0001228648    1.5545077381    0.0000185798    0.0000000000 
   0.0000000000 -164.0000000000    0.0000675453    0.1425599652   -0.0002115359    6.6109627469   -0.0000088763    0.0000000000    0.0001545568    1.5289829865    0.0000233838    0.0000000000 
   0.0000000000 -163.0000000000    0.0000675453    0.1424248678   -0.0002642690    6.6078890047   -0.0000110684    0.0000000000    0.0001936640    1.5040235524    0.0000293154    0.0000000000 
   0.0000000000 -162.0000000000    0.0000675453    0.1422922583   -0.0003288951    6.6049516780   -0.0000137494    0.0000000000    0.0002417427    1.4796119841    0.0000366121    0.0000000000 
   0.0000000000 -161.0000000000    0.0000675453    0.1421620732   -0.0004078114    6.6021474285   -0.0000170164    0.0000000000    0.0003006370    1.4557308558    0.0000455558    0.0000000000 
   0.0000000000 -160.0000000000    0.0000675453    0.1420342508   -0.0005038391    6.5994737638   -0.0000209835    0.0000000000    0.0003725258    1.4323626992    0.0000564796    0.0000000000 
   0.0000000000 -159.0000000000    0.0000675453    0.1419087314   -0.0006202882    6.5969290853   -0.0000257840    0.0000000000    0.0004599748    1.4094899260    0.0000697764    0.0000000000 
   0.0000000000 -158.0000000000    0.0000675453    0.1417854574   -0.0007610300    6.5945127485   -0.0000315736    0.0000000000    0.0005659954    1.3870947418    0.0000859075    0.0000000000 
   0.0000000000 -157.0000000000    0.0000675453    0.1416643726   -0.0009305777    6.5922251353   -0.0000385333    0.0000000000    0.0006941114    1.3651590491    0.0001054132    0.0000000000 
   0.0000000000 -156.0000000000    0.0000675453    0.1415454231   -0.0011341780    6.5900677380   -0.0000468727    0.0000000000    0.0008484340    1.3436643396    0.0001289246    0.0000000000 
   0.0000000000 -155.0000000000    0.0000675453    0.1414285565   -0.0013779114    6.5880432575   -0.0000568343    0.0000000000    0.0010337453    1.3225915738    0.0001571764    0.0000000000 
   0.0000000000 -154.0000000000    0.0000675453    0.1413137219   -0.0016688052    6.5861557153   -0.0000686972    0.0000000000    0.0012555919    1.3019210483    0.0001910213    0.0000000000 
   0.0000000000 -153.0000000000    0.0000675453    0.1412008705   -0.0020149583    6.5844105815   -0.0000827825    0.0000000000    0.0015203894    1.2816322487    0.0002314469    0.0000000000 
   0.0000000000 -152.0000000000    0.0000675453    0.1410899548   -0.0024256786    6.5828149179   -0.0000994578    0.0000000000    0.0018355382    1.2617036865    0.0002795933    0.0000000000 
   0.0000000000 -151.0000000000    0.0000675453    0.1409809289   -0.0029116360    6.5813775406   -0.0001191436    0.0000000000    0.0022095520    1.2421127199    0.0003367733    0.0000000000 
   0.0000000000 -150.0000000000    0.0000675453    0.1408737485   -0.0034850291    6.5801091985   -0.0001423188    0.0000000000    0.0026522001    1.2228353572    0.0004044948    0.0000000000 
   0.0000000000 -149.0000000000    0.0000675453    0.1407683708   -0.0041597694    6.5790227734   -0.0001695280    0.0000000000    0.0031746636    1.2038460397    0.0004844853    0.0000000001 
   0.0000000000 -148.0000000000    0.0000675453    0.1406647546   -0.0049516826    6.5781335003   -0.0002013890    0.0000000000    0.0037897085    1.1851174051    0.0005787190    0.0000000001 
   0.0000000000 -147.0000000000    0.0000675453    0.1405628599   -0.0058787281    6.5774592101   -0.0002386004    0.0000000000    0.0045118748    1.1666200282    0.0006894468    0.0000000001 
   0.0000000000 -146.0000000000    0.0000675453    0.1404626484   -0.0069612393    6.5770205954   -0.0002819508    0.0000000000    0.0053576842    1.1483221380    0.0008192288    0.0000000001 
   0.0000000000 -145.0000000000    0.0000675453    0.1403640831   -0.0082221837    6.5768415016   -0.0003323281    0.0000000000    0.0063458665    1.1301893096    0.0009709701    0.0000000002 
   0.0000000000 -144.0000000000    0.0000675453    0.1402671286   -0.0096874459    6.5769492434   -0.0003907296    0.0000000000    0.0074976076    1.1121841294    0.0011479600    0.0000000002 
   0.0000000000 -143.0000000000    0.0000675453    0.1401717506   -0.0113861340    6.5773749498   -0.0004582732    0.0000000000    0.0088368184    1.0942658315    0.0013539148    0.0000000003 
   0.0000000000 -142.0000000000    0.0000675453    0.1400779166   -0.0133509103    6.5781539374   -0.0005362091    0.0000000000    0.0103904272    1.0763899035    0.0015930236    0.0000000004 
   0.0000000000 -141.0000000000    0.0000675453    0.1399855953   -0.0156183482    6.5793261143   -0.0006259323    0.0000000000    0.0121886974    1.0585076613    0.0018699994    0.0000000006 
   0.0000000000 -140.0000000000    0.0000675453    0.1398947569   -0.0182293161    6.5809364152   -0.0007289965    0.0000000000    0.0142655697    1.0405657893    0.0021901332    0.0000000007 
   0.0000000000 -139.0000000000    0.0000675453    0.1398053731   -0.0212293898    6.5830352706   -0.0008471282    0.0000000000    0.0166590331    1.0225058450    0.0025593528    0.0000000009 
   0.0000000000 -138.0000000000    0.0000675453    0.1397174170   -0.0246692943    6.5856791097   -0.0009822423    0.0000000000    0.0194115239    1.0042637266    0.0029842870    0.0000000012 
   0.0000000000 -137.0000000000    0.0000675453    0.1396308634   -0.0286053765    6.5889309000   -0.0011364584    0.0000000000    0.0225703546    0.9857691011    0.0034723338    0.0000000016 
   0.0000000000 -136.0000000000    0.0000675453    0.1395456885   -0.0331001098    6.5928607232   -0.0013121180    0.0000000000    0.0261881755    0.9669447914    0.0040317341    0.0000000020 
   0.0000000000 -135.0000000000    0.0000675453    0.1394618702   -0.0382226325    6.5975463915   -0.0015118030    0.0000000000    0.0303234686    0.9477061197    0.0046716513    0.0000000026 
   0.0000000000 -134.0000000000    0.0000675453    0.1393793879   -0.0440493189    6.6030741011   -0.0017383550    0.0000000000    0.0350410756    0.9279602080    0.0054022554    0.0000000033 
   0.0000000000 -133.0000000000    0.0000675453    0.1392982228   -0.0506643868    6.6095391291   -0.0019948955    0.0000000000    0.0404127622    0.9076052308    0.0062348143    0.0000000042 
   0.0000000000 -132.0000000000    0.0000675453    0.1392183580   -0.0581605413    6.6170465721   -0.0022848478    0.0000000000    0.0465178201    0.8865296188    0.0071817904    0.0000000053 
   0.0000000000 -131.0000000000    0.0000675453    0.1391397783   -0.0666396551    6.6257121268   -0.0026119593    0.0000000000    0.0534437065    0.8646112148    0.0082569436    0.0000000067 
   0.0000000000 -130.0000000000    0.0000675453    0.1390624705   -0.0762134863    6.6356629164   -0.0029803247    0.0000000000    0.0612867235    0.8417163767    0.0094754414    0.0000000085 
   0.0000000000 -129.0000000000    0.0000675453    0.1389864233   -0.0870044365    6.6470383615   -0.0033944113    0.0000000000    0.0701527400    0.8176990267    0.0108539753    0.0000000107 
   0.0000000000 -128.0000000000    0.0000675453    0.1389116277   -0.0991463460    6.6599910960   -0.0038590842    0.0000000000    0.0801579530    0.7923996485    0.0124108843    0.0000000134 
   0.0000000000 -127.0000000000    0.0000675453    0.1388380769   -0.1127853293    6.6746879298   -0.0043796331    0.0000000000    0.0914296941    0.7656442267    0.0141662860    0.0000000167 
   0.0000000000 -126.0000000000    0.0000675453    0.1387657664   -0.1280806516    6.6913108585   -0.0049618002    0.0000000000    0.1041072797    0.7372431294    0.0161422145    0.0000000209 
   0.0000000000 -125.0000000000    0.0000675453    0.1386946943   -0.1452056429    6.7100581189   -0.0056118086    0.0000000000    0.1183429049    0.7069899343    0.0183627660    0.0000000259 
   0.0000000000 -124.0000000000    0.0000675453    0.1386248612   -0.1643486533    6.7311452907   -0.0063363920    0.0000000000    0.1343025835    0.6746601954    0.0208542526    0.0000000321 
   0.0000000000 -123.0000000000    0.0000675453    0.1385562706   -0.1857140474    6.7548064460   -0.0071428254    0.0000000000    0.1521671338    0.6400101510    0.0236453630    0.0000000397 
   0.0000000000 -122.0000000000    0.0000675453    0.1384889290   -0.2095232370    6.7812953422   -0.0080389564    0.0000000000    0.1721332100    0.6027753720    0.0267673316    0.0000000489 
   0.0000000000 -121.0000000000    0.0000675453    0.1384228460   -0.2360157511    6.8108866599   -0.0090332370    0.0000000000    0.1944143790    0.5626693531    0.0302541150    0.0000000602 
   0.0000000000 -120.0000000000    0.0000675453    0.1383580345   -0.2654503426    6.8438772840   -0.0101347565    0.0000000000    0.2192422433    0.5193820429    0.0341425770    0.0000000738 
   0.0000000000 -119.0000000000    0.0000675453    0.1382945110   -0.2981061289    6.8805876241   -0.0113532750    0.0000000000    0.2468676072    0.4725783200    0.0384726805    0.0000000902 
   0.0000000000 -118.0000000000    0.0000675453    0.1382322957   -0.3342837645    6.9213629741   -0.0126992568    0.0000000000    0.2775616882    0.4218964109    0.0432876873    0.0000001101 
   0.0000000000 -117.0000000000    0.0000675453    0.1381714130   -0.3743066438    6.9665749067   -0.0141839048    0.0000000000    0.3116173683    0.3669462557    0.0486343657    0.0000001340 
   0.0000000000 -116.0000000000    0.0000675453    0.1381118914   -0.4185221277    7.0166226981   -0.0158191941    0.0000000000    0.3493504852    0.3073078234    0.0545632043    0.0000001626 
   0.0000000000 -115.0000000000    0.0000675453    0.1380537639   -0.4673027934    7.0719347789   -0.0176179068    0.0000000000    0.3911011609    0.2425293812    0.0611286330    0.0000001970 
   0.0000000000 -114.0000000000    0.0000675453    0.1379970686   -0.5210477002    7.1329702065   -0.0195936652    0.0000000000    0.4372351617    0.1721257206    0.0683892499    0.0000002381 
   0.0000000000 -113.0000000000    0.0000675453    0.1379416613   -0.5801800702    7.2002160274   -0.0217608309    0.0000000000    0.4881423132    0.0955794675    0.0764075983    0.0000002871 
   0.0000000000 -112.0000000000    0.0000675453    0.1378879674   -0.6451626491    7.2742049161   -0.0241350646    0.0000000000    0.5442495558    0.0123271355    0.0852521853    0.0000003454 
   0.0000000000 -111.0000000000    0.0000675453    0.1378358510   -0.7164782895    7.3554929345   -0.0267325819    0.0000000000    0.6060052740   -0.0782250938    0.0949951061    0.0000004146 
   0.0000000000 -110.0000000000    0.0000675453    0.1377853725   -0.7946447388    7.4446765169   -0.0295706903    0.0000000000    0.6738919056   -0.1767146665    0.1057139962    0.0000004967 
   0.0000000000 -109.0000000000    0.0000675453    0.1377365987   -0.8802125620    7.5423901170   -0.0326676930    0.0000000000    0.7484246436   -0.2838217495    0.1174918562    0.0000005938 
   0.0000000000 -108.0000000000    0.0000675453    0.1376896035   -0.9737663422    7.6493076166   -0.0360429143    0.0000000000    0.8301528644   -0.4002710828    0.1304172962    0.0000007083 
   0.0000000000 -107.0000000000    0.0000675453    0.1376444681   -1.0759258330    7.7661436789   -0.0397167227    0.0000000000    0.9196615343   -0.5268338025    0.1445847761    0.0000008433 
   0.0000000000 -106.0000000000    0.0000675453    0.1376012815   -1.1873470423    7.8936550276   -0.0437105497    0.0000000000    1.0175725795   -0.6643292145    0.1600948427    0.0000010019 
   0.0000000000 -105.0000000000    0.0000675453    0.1375601407   -1.3087232316    8.0326416291   -0.0480469055    0.0000000000    1.1245462030   -0.8136264967    0.1770543581    0.0000011880 
   0.0000000000 -104.0000000000    0.0000675453    0.1375211518   -1.4407858069    8.1839477535   -0.0527493891    0.0000000000    1.2412821276   -0.9756463042    0.1955767189    0.0000014060 
   0.0000000000 -103.0000000000    0.0000675453    0.1374844300   -1.5843050818    8.3484628907   -0.0578426927    0.0000000000    1.3685207486   -1.1513622543    0.2157820607    0.0000016608 
   0.0000000000 -102.0000000000    0.0000675453    0.1374501001   -1.7400908816    8.5271224856   -0.0633526001    0.0000000000    1.5070441655   -1.3418022516    0.2377974450    0.0000019582 
   0.0000000000 -101.0000000000    0.0000675453    0.1374182975   -1.9089929584    8.7209084589   -0.0693059768    0.0000000000    1.6576770664   -1.5480496207    0.2617570242    0.0000023045 
   0.0000000000 -100.0000000000    0.0000675453    0.1373891683   -2.0919011862    8.9308494777   -0.0757307514    0.0000000000    1.8212874368   -1.7712440059    0.2878021788    0.0000027071 
   0.0000000000  -99.0000000000    0.0000675453    0.1373628702   -2.2897454953    9.1580209274   -0.0826558872    0.0000000000    1.9987870515   -2.0125819887    0.3160816207    0.0000031745 
   0.0000000000  -98.0000000000    0.0000675453    0.1373395731   -2.5034955020    9.4035445364   -0.0901113425    0.0000000000    2.1911317117   -2.2733173690    0.3467514581    0.0000037160 
   0.0000000000  -97.0000000000    0.0000675453    0.1373196561   -2.7341749791    9.6686050606   -0.0981285603    0.0000000000    2.3993342834   -2.5547778037    0.3799772275    0.0000043423 
   0.0000000000  -96.0000000000    0.0000675453    0.1373029288   -2.9828017108    9.9543812107   -0.1067382877    0.0000000000    2.6244134144   -2.8582992750    0.4159260284    0.0000050656 
   0.0000000000  -95.0000000000    0.0000675453    0.1372897926   -3.2504720830   10.2621429254   -0.1159735796    0.0000000000    2.8674669323   -3.1853196671    0.4547778387    0.0000058993 
   0.0000000000  -94.0000000000    0.0000675453    0.1372804731   -3.5383029577   10.5931846276   -0.1258676868    0.0000000000    3.1296223365   -3.5373156029    0.4967179180    0.0000068590 
   0.0000000000  -93.0000000000    0.0000675453    0.1372752110   -3.8474426301   10.9488378735   -0.1364544230    0.0000000000    3.4120467186   -3.9158149803    0.5419383514    0.0000079617 
   0.0000000000  -92.0000000000    0.0000675453    0.1372742641   -4.1790674374   11.3304675121   -0.1477680173    0.0000000000    3.7159443023   -4.3223937267    0.5906376831    0.0000092268 
   0.0000000000  -91.0000000000    0.0000675453    0.1372779070   -4.5343776063   11.7394669705   -0.1598429414    0.0000000000    4.0425532790   -4.7586716339    0.6430204374    0.0000106759 
   0.0000000000  -90.0000000000    0.0000675453    0.1372864325   -4.9145922442   12.1772525534   -0.1727137076    0.0000000000    4.3931418434   -5.2263071473    0.6992965108    0.0000123332 
   0.0000000000  -89.0000000000    0.0000675453    0.1373001523   -5.3209433772   12.6452566447   -0.1864146359    0.0000000000    4.7690033313   -5.7269909835    0.7596804173    0.0000142257 
   0.0000000000  -88.0000000000    0.0000675453    0.1373193976   -5.7546689236   13.1449196841   -0.2009795852    0.0000000000    5.1714503448   -6.2624384261    0.8243903712    0.0000163834 
   0.0000000000  -87.0000000000    0.0000675453    0.1373445205   -6.2170044915   13.6776807863   -0.2164416473    0.0000000000    5.6018077512   -6.8343801504    0.8936471856    0.0000188396 
   0.0000000000  -86.0000000000    0.0000675453    0.1373758942   -6.7091738785   14.2449668649   -0.2328327994    0.0000000000    6.0614044278   -7.4445514120    0.9676729663    0.0000216315 
   0.0000000000  -85.0000000000    0.0000675453    0.1374139142   -7.2323781447   14.8481801084   -0.2501835106    0.0000000000    6.5515636169   -8.0946794214    1.0466895796    0.0000248002 
   0.0000000000  -84.0000000000    0.0000675453    0.1374589990   -7.7877831313   15.4886836607   -0.2685223006    0.0000000000    7.0735917552   -8.7864687261    1.1309168696    0.0000283911 
   0.0000000000  -83.0000000000    0.0000675453    0.1375115909   -8.3765052864   16.1677853455   -0.2878752460    0.0000000000    7.6287656271   -9.5215844071    1.2205706008    0.0000324543 
   0.0000000000  -82.0000000000    0.0000675453    0.1375721566   -8.9995956636   16.8867192778   -0.3082654305    0.0000000000    8.2183176961  -10.3016328957    1.3158601017    0.0000370451 
   0.0000000000  -81.0000000000    0.0000675453    0.1376411883   -9.6580219612   17.6466252057   -0.3297123366    0.0000000000    8.8434194633  -11.1281402150    1.4169855833    0.0000422242 
   0.0000000000  -80.0000000000    0.0000675453    0.1377192035  -10.3526484723   18.4485254342   -0.3522311751    0.0000000000    9.5051627049  -12.0025274532    1.5241351082    0.0000480581 
   0.0000000000  -79.0000000000    0.0000675453    0.1378067466  -11.0842138311   19.2932991925   -0.3758321508    0.0000000000   10.2045384502  -12.9260832850    1.6374811859    0.0000546198 
   0.0000000000  -78.0000000000    0.0000675453    0.1379043881  -11.8533064537   20.1816543264   -0.4005196617    0.0000000000   10.9424135706  -13.8999333739    1.7571769733    0.0000619889 
   0.0000000000  -77.0000000000    0.0000675453    0.1380127259  -12.6603375976   21.1140962237   -0.4262914320    0.0000000000   11.7195048711  -14.9250065104    1.8833520606    0.0000702520 
   0.0000000000  -76.0000000000    0.0000675453    0.1381323842  -13.5055119957   22.0908939180   -0.4531375789    0.0000000000   12.5363506037  -16.0019973813    2.0161078289    0.0000795033 
   0.0000000000  -75.0000000000    0.0000675453    0.1382640144  -14.3887960683   23.1120433702   -0.4810396158    0.0000000000   13.3932793616  -17.1313259137    2.1555123710    0.0000898448 
   0.0000000000  -74.0000000000    0.0000675453    0.1384082936  -15.3098837652   24.1772279840   -0.5099693952    0.0000000000   14.2903763588  -18.3130931995    2.3015949764    0.0001013869 
   0.0000000000  -73.0000000000    0.0000675453    0.1385659243  -16.2681601728   25.2857765024   -0.5398879994    0.0000000000   15.2274471744  -19.5470340984    2.4543401896    0.0001142480 
   0.0000000000  -72.0000000000    0.0000675453    0.1387376329  -17.2626630978   26.4366185290   -0.5707445881    0.0000000000   16.2039791126  -20.8324667166    2.6136814688    0.0001285558 
   0.0000000000  -71.0000000000    0.0000675453    0.1389241678  -18.2920429620   27.6282380484   -0.6024752154    0.0000000000   17.2191004427  -22.1682391042    2.7794944837    0.0001444464 
   0.0000000000  -70.0000000000    0.0000675453    0.1391266974  -19.3546646025   28.8587907950   -0.6350062602    0.0000000000   18.2716707476  -23.5528498178    2.9516106039    0.0001620672 
   0.0000000000  -69.0000000000    0.0000675453    0.1393452951  -20.4480295459   30.1254367522   -0.6682359048    0.0000000000   19.3597405004  -24.9837321713    3.1297330671    0.0001815683 
   0.0000000000  -68.0000000000    0.0000675453    0.1395810903  -21.5694920322   31.4251666963   -0.7020575467    0.0000000000   20.4812089186  -26.4581270767    3.3135379764    0.0002031140 
   0.0000000000  -67.0000000000    0.0000675453    0.1398348930  -22.7157397565   32.7542021402   -0.7363432023    0.0000000000   21.6333370591  -27.9724383164    3.5025986787    0.0002268750 
   0.0000000000  -66.0000000000    0.0000675453    0.1401075156  -23.8828696658   34.1080823444   -0.7709462553    0.0000000000   22.8128110968  -29.5223170436    3.6963950250    0.0002530297 
   0.0000000000  -65.0000000000    0.0000675453    0.1403997663  -25.0663538319   35.4816243096   -0.8057006768    0.0000000000   24.0157032557  -31.1026105358    3.8943068531    0.0002817630 
   0.0000000000  -64.0000000000    0.0000675453    0.1407124405  -26.2610110837   36.8688893278   -0.8404204721    0.0000000000   25.2374374822  -32.7073171097    4.0956082285    0.0003132654 
   0.0000000000  -63.0000000000    0.0000675453    0.1410463108  -27.4609864922   38.2631585067   -0.8748994230    0.0000000000   26.4727618824  -34.3295498411    4.2994627767    0.0003477317 
   0.0000000000  -62.0000000000    0.0000675453    0.1414021153  -28.6597410817   39.6569200097   -0.9089111994    0.0000000000   27.7157302419  -35.9615121238    4.5049204871    0.0003853589 
   0.0000000000  -61.0000000000    0.0000675453    0.1417805440  -29.8500544341   41.0418710957   -0.9422099244    0.0000000000   28.9596952641  -37.5944885195    4.7109164194    0.0004263443 
   0.0000000000  -60.0000000000    0.0000675453    0.1421828703  -31.0242933274   42.4092283509   -0.9745387980    0.0000000000   30.1975571085  -39.2191754611    4.9163084315    0.0004708920 
   0.0000000000  -59.0000000000    0.0000675453    0.1426085243  -32.1735092760   43.7486806417   -1.0056034886    0.0000000000   31.4208865731  -40.8245120513    5.1197436373    0.0005191772 
   0.0000000000  -58.0000000000    0.0000675453    0.1430584657  -33.2888252862   45.0499945278   -1.0351147287    0.0000000000   32.6212450350  -42.3994369542    5.3198599636    0.0005713879 
   0.0000000000  -57.0000000000    0.0000675453    0.1435330280  -34.3606811859   46.3021384451   -1.0627661468    0.0000000000   33.7894511759  -43.9319097554    5.5151748250    0.0006276937 
   0.0000000000  -56.0000000000    0.0000675453    0.1440324016  -35.3791426457   47.4936391409   -1.0882443688    0.0000000000   34.9158674907  -45.4092900371    5.7041296648    0.0006882482 
   0.0000000000  -55.0000000000    0.0000675453    0.1445566098  -36.3340397946   48.6127406630   -1.1112339547    0.0000000000   35.9905245938  -46.8184998840    5.8851100435    0.0007531847 
   0.0000000000  -54.0000000000    0.0000675453    0.1451054837  -37.2151349004   49.6475970315   -1.1314231968    0.0000000000   37.0032748156  -48.1462248774    6.0564705110    0.0008226120 
   0.0000000000  -53.0000000000    0.0000675453    0.1456794637  -38.0125376079   50.5867534141   -1.1485164869    0.0000000000   37.9441958625  -49.3794505127    6.2165965526    0.0008966288 
   0.0000000000  -52.0000000000    0.0000675453    0.1462764912  -38.7160764712   51.4184108801   -1.1622190079    0.0000000000   38.8029468883  -50.5045901351    6.3638132471    0.0009752514 
   0.0000000000  -51.0000000000    0.0000675453    0.1468963324  -39.3167660041   52.1321327351   -1.1722773735    0.0000000000   39.5702278627  -51.5094375797    6.4966036630    0.0010585044 
   0.0000000000  -50.0000000000    0.0000675453    0.1475378273  -39.8062750471   52.7182230323   -1.1784664103    0.0000000000   40.2372414947  -52.3824376580    6.6135331564    0.0011463592 
   0.0000000000  -49.0000000000    0.0000675453    0.1481995258  -40.1773722919   53.1682434365   -1.1806021410    0.0000000000   40.7961353335  -53.1132724361    6.7133184382    0.0012387456 
   0.0000000000  -48.0000000000    0.0000675453    0.1488796818  -40.4241736027   53.4752998598   -1.1785491165    0.0000000000   41.2402504651  -53.6931884776    6.7948679929    0.0013355507 
   0.0000000000  -47.0000000000    0.0000675453    0.1495762578  -40.5423660859   53.6343027182   -1.1722267721    0.0000000000   41.5643519247  -54.1153004331    6.8573195350    0.0014366191 
   0.0000000000  -46.0000000000    0.0000675453    0.1502879867  -40.5294208131   53.6422183483   -1.1616131167    0.0000000000   41.7648735486  -54.3749220722    6.9000751097    0.0015417882 
   0.0000000000  -45.0000000000    0.0000675453    0.1510104013  -40.3845787546   53.4980405992   -1.1467509719    0.0000000000   41.8398451922  -54.4694408885    6.9228072485    0.0016507664 
   0.0000000000  -44.0000000000    0.0000675453    0.1517415772  -40.1091929670   53.2032093585   -1.1277462960    0.0000000000   41.7893616470  -54.3989808452    6.9255095857    0.0017633147 
   0.0000000000  -43.0000000000    0.0000675453    0.1524785462  -39.7065240812   52.7613641084   -1.1047673160    0.0000000000   41.6153394018  -54.1660557709    6.9084737430    0.0018791413 
   0.0000000000  -42.0000000000    0.0000675453    0.1532182180  -39.1817187390   52.1783250720   -1.0780406771    0.0000000000   41.3215394778  -53.7756079097    6.8722892903    0.0019979354 
   0.0000000000  -41.0000000000    0.0000675453    0.1539574395  -38.5416593459   51.4619225299   -1.0478452351    0.0000000000   40.9134482364  -53.2348527301    6.8178245833    0.0021193754 
   0.0000000000  -40.0000000000    0.0000675453    0.1546930589  -37.7947479360   50.6217498016   -1.0145038779    0.0000000000   40.3980924981  -52.5530370563    6.7461969925    0.0022431366 
   0.0000000000  -39.0000000000    0.0000675453    0.1554219894  -36.9506370746   49.6688546910   -0.9783738575    0.0000000000   39.7838002908  -51.7411253024    6.6587343628    0.0023689000 
   0.0000000000  -38.0000000000    0.0000675453    0.1561412697  -36.0199245624   48.6153886499   -0.9398362131    0.0000000000   39.0799225021  -50.8114338200    6.5569301783    0.0024963593 
   0.0000000000  -37.0000000000    0.0000675453    0.1568481192  -35.0138307648   47.4742353384   -0.8992849190    0.0000000000   38.2965330233  -49.7772364774    6.4423952751    0.0026252281 
   0.0000000000  -36.0000000000    0.0000675453    0.1575410303  -33.9435720540   46.2582903576   -0.8571048664    0.0000000000   37.4438490917  -48.6520063099    6.3167596368    0.0027552867 
   0.0000000000  -35.0000000000    0.0000675453    0.1582156571  -32.8212489292   44.9814761562   -0.8137072439    0.0000000000   36.5330159442  -47.4504282001    6.1818181177    0.0028862198 
   0.0000000000  -34.0000000000    0.0000675453    0.1588709924  -31.6578423394   43.6564440939   -0.7694552845    0.0000000000   35.5742823028  -46.1860260824    6.0392080326    0.0030178655 
   0.0000000000  -33.0000000000    0.0000675453    0.1595053345  -30.4641033147   42.2955900688   -0.7247001154    0.0000000000   34.5777781474  -44.8721656802    5.8905533051    0.0031500549 
   0.0000000000  -32.0000000000    0.0000675453    0.1601172871  -29.2501030410   40.9105365740   -0.6797652515    0.0000000000   33.5530898653  -43.5214990655    5.7373914791    0.0032826516 
   0.0000000000  -31.0000000000    0.0000675453    0.1607057529  -28.0251014476   39.5119796340   -0.6349430942    0.0000000000   32.5091221973  -42.1457817241    5.5811515420    0.0034155510 
   0.0000000000  -30.0000000000    0.0000675453    0.1612699202  -26.7974625390   38.1095896128   -0.5904929741    0.0000000000   31.4540040745  -40.7557474694    5.4231388003    0.0035486778 
   0.0000000000  -29.0000000000    0.0000675453    0.1618092428  -25.5746118020   36.7119605783   -0.5466405453    0.0000000000   30.3950345689  -39.3610362955    5.2645261955    0.0036819841 
   0.0000000000  -28.0000000000    0.0000675453    0.1623234167  -24.3630294473   35.3266010845   -0.5035782996    0.0000000000   29.3386635418  -37.9701680801    5.1063511832    0.0038154464 
   0.0000000000  -27.0000000000    0.0000675453    0.1628113780  -23.1686277661   33.9603680524   -0.4614792159    0.0000000000   28.2908371131  -36.5909956621    4.9495760393    0.0039490183 
   0.0000000000  -26.0000000000    0.0000675453    0.1632752257  -21.9953547694   32.6178555176   -0.4204490053    0.0000000000   27.2556659841  -35.2289560116    4.7948543635    0.0040828068 
   0.0000000000  -25.0000000000    0.0000675453    0.1637142020  -20.8474414513   31.3039846329   -0.3806042635    0.0000000000   26.2375409262  -33.8898472415    4.6429004680    0.0042167983 
   0.0000000000  -24.0000000000    0.0000675453    0.1641287039  -19.7279964902   30.0223828654   -0.3420240419    0.0000000000   25.2397978734  -32.5780766950    4.4942549597    0.0043510378 
   0.0000000000  -23.0000000000    0.0000675453    0.1645192397  -18.6394523026   28.7758975117   -0.3047655176    0.0000000000   24.2651326988  -31.2972055018    4.3493563216    0.0044855812 
   0.0000000000  -22.0000000000    0.0000675453    0.1648864075  -17.5836406088   27.5666823154   -0.2688667263    0.0000000000   23.3156676246  -30.0500361302    4.2085515082    0.0046204926 
   0.0000000000  -21.0000000000    0.0000675453    0.1652308749  -16.5618664938   26.3962824720   -0.2343491822    0.0000000000   22.3930173129  -28.8386995958    4.0721064861    0.0047558427 
   0.0000000000  -20.0000000000    0.0000675453    0.1655533613  -15.5749789632   25.2657156974   -0.2012203297    0.0000000000   21.4983526009  -27.6647396254    3.9402163958    0.0048917071 
   0.0000000000  -19.0000000000    0.0000675453    0.1658546228  -14.6234366712   24.1755478192   -0.1694757905    0.0000000000   20.6324604901  -26.5291919226    3.8130151135    0.0050281650 
   0.0000000000  -18.0000000000    0.0000675453    0.1661354390  -13.7073680559   23.1259619905   -0.1391013908    0.0000000000   19.7957995288  -25.4326573878    3.6905840751    0.0051652979 
   0.0000000000  -17.0000000000    0.0000675453    0.1663966024  -12.8266255344   22.1168211144   -0.1100749639    0.0000000000   18.9885501399  -24.3753686864    3.5729602930    0.0053031890 
   0.0000000000  -16.0000000000    0.0000675453    0.1666389083  -11.9808337245   21.1477234272   -0.0823679335    0.0000000000   18.2106597516  -23.3572499691    3.4601435437    0.0054419220 
   0.0000000000  -15.0000000000    0.0000675453    0.1668631481  -11.1694318825   20.2180514478   -0.0559466895    0.0000000000   17.4618828174  -22.3779698512    3.3521027389    0.0055815810 
   0.0000000000  -14.0000000000    0.0000675453    0.1670701028  -10.3917108855   19.3270146643   -0.0307737716    0.0000000000   16.7418159557  -21.4369879459    3.2487815193    0.0057222495 
   0.0000000000  -13.0000000000    0.0000675453    0.1672605383   -9.6468451803   18.4736864355   -0.0068088786    0.0000000000   16.0499285396  -20.5335953879    3.1501031231    0.0058640107 
   0.0000000000  -12.0000000000    0.0000675453    0.1674352014   -8.9339201584   17.6570356345    0.0159902793    0.0000000000   15.3855891183  -19.6669498441    3.0559745911    0.0060069466 
   0.0000000000  -11.0000000000    0.0000675453    0.1675948170   -8.2519554356   16.8759535760    0.0376672661    0.0000000000   14.7480880754  -18.8361055458    2.9662903721    0.0061511383 
   0.0000000000  -10.0000000000    0.0000675453    0.1677400863   -7.5999244984   16.1292767629    0.0582663274    0.0000000000   14.1366569260  -18.0400388734    2.8809353939    0.0062966659 
   0.0000000000   -9.0000000000    0.0000675453    0.1678716848   -6.9767711640   15.4158059584    0.0778319026    0.0000000000   13.5504846457  -17.2776700090    2.7997876622    0.0064436079 
   0.0000000000   -8.0000000000    0.0000675453    0.1679902618   -6.3814232608   14.7343220556    0.0964082283    0.0000000000   12.9887313943  -16.5478811389    2.7227204455    0.0065920420 
   0.0000000000   -7.0000000000    0.0000675453    0.1680964399   -5.8128039071   14.0835991751    0.1140390191    0.0000000000   12.4505399734  -15.8495316518    2.6496040990    0.0067420444 
   0.0000000000   -6.0000000000    0.0000675453    0.1681908145   -5.2698407236   13.4624153775    0.1307672142    0.0000000000   11.9350453217  -15.1814707367    2.5803075779    0.0068936903 
   0.0000000000   -5.0000000000    0.0000675453    0.1682731958   -4.7516171298   12.8697292898    0.1466300358    0.0000000000   11.4415256893  -14.5427396055    2.5147273756    0.0070470078 
   0.0000000000   -4.0000000000    0.0000675453    0.1683456951   -4.2567874108   12.3039972834    0.1616783240    0.0000000000   10.9688203337  -13.9317923669    2.4526750563    0.0072021644 
   0.0000000000   -3.0000000000    0.0000675453    0.1684080135   -3.7844926352   11.7642424777    0.1759463807    0.0000000000   10.5162421122  -13.3477165441    2.3940526463    0.0073591835 
   0.0000000000   -2.0000000000    0.0000675453    0.1684606420   -3.3337387995   11.2493291274    0.1894725098    0.0000000000   10.0829589919  -12.7894060818    2.3387337856    0.0075181364 
   0.0000000000   -1.0000000000    0.0000675453    0.1685040471   -2.9035607758   10.7581539224    0.2022936506    0.0000000000    9.6681576687  -12.2557800048    2.2865949609    0.0076790938 
   0.0000000000    0.0000000000    0.0000675453    0.1685386716   -2.4930242621   10.2896483021    0.2144453478    0.0000000000    9.2710460201  -11.7457856712    2.2375159004    0.0078421255 
   0.0000000000    1.0000000000    0.0000675453    0.1685649354   -2.1012271092    9.8427800455    0.2259617406    0.0000000000    8.8908549334  -11.2584011941    2.1913798684    0.0080073011 
   0.0000000000    2.0000000000    0.0000675453    0.1685832362   -1.7273001344    9.4165542657    0.2368755650    0.0000000000    8.5268396125  -10.7926371728    2.1480738788    0.0081746897 
   0.0000000000    3.0000000000    0.0000675453    0.1685939509   -1.3704075126    9.0100139134    0.2472181690    0.0000000000    8.1782804518  -10.3475378476    2.1074888381    0.0083443599 
   0.0000000000    4.0000000000    0.0000675453    0.1685974359   -1.0297468256    8.6222398820    0.2570195358    0.0000000000    7.8444835525   -9.9221817795    2.0695196332    0.0085163804 
   0.0000000000    5.0000000000    0.0000675453    0.1685940287   -0.7045488328    8.2523507879    0.2663083149    0.0000000000    7.5247809448   -9.5156821397    2.0340651712    0.0086908195 
   0.0000000000    6.0000000000    0.0000675453    0.1685840481   -0.3940770221    7.8995024941    0.2751118585    0.0000000000    7.2185305713   -9.1271866809    2.0010283816    0.0088677459 
   0.0000000000    7.0000000000    0.0000675453    0.1685677956   -0.0976269850    7.5628874282    0.2834562614    0.0000000000    6.9251160760   -8.7558774510    1.9703161886    0.0090472280 
   0.0000000000    8.0000000000    0.0000675453    0.1685455560    0.1854743425    7.2417337417    0.2913664047    0.0000000000    6.6439464388   -8.4009703010    1.9418394567    0.0092293346 
   0.0000000000    9.0000000000    0.0000675453    0.1685175982    0.4558695431    6.9353043479    0.2988660006    0.0000000000    6.3744554870   -8.0617142299    1.9155129191    0.0094141347 
   0.0000000000   10.0000000000    0.0000675453    0.1684841762    0.7141716558    6.6428958702    0.3059776383    0.0000000000    6.1161013122   -7.7373906032    1.8912550887    0.0096016978 
   0.0000000000   11.0000000000    0.0000675453    0.1684455297    0.9609651674    6.3638375271    0.3127228313    0.0000000000    5.8683656139   -7.4273122746    1.8689881592    0.0097920937 
   0.0000000000   12.0000000000    0.0000675453    0.1684018846    1.1968070385    6.0974899737    0.3191220634    0.0000000000    5.6307529899   -7.1308226376    1.8486378965    0.0099853929 
   0.0000000000   13.0000000000    0.0000675453    0.1683534544    1.4222277489    5.8432441203    0.3251948354    0.0000000000    5.4027901890   -6.8472946255    1.8301335244    0.0101816662 
   0.0000000000   14.0000000000    0.0000675453    0.1683004400    1.6377323505    5.6005199400    0.3309597105    0.0000000000    5.1840253390   -6.5761296805    1.8134076064    0.0103809855 
   0.0000000000   15.0000000000    0.0000675453    0.1682430310    1.8438015171    5.3687652777    0.3364343587    0.0000000000    4.9740271601   -6.3167567023    1.7983959242    0.0105834231 
   0.0000000000   16.0000000000    0.0000675453    0.1681814059    2.0408925836    5.1474546703    0.3416356001    0.0000000000    4.7723841735   -6.0686309914    1.7850373570    0.0107890525 
   0.0000000000   17.0000000000    0.0000675453    0.1681157331    2.2294405674    4.9360881854    0.3465794471    0.0000000000    4.5787039121   -5.8312331943    1.7732737590    0.0109979478 
   0.0000000000   18.0000000000    0.0000675453    0.1680461708    2.4098591691    4.7341902838    0.3512811447    0.0000000000    4.3926121378   -5.6040682588    1.7630498392    0.0112101841 
   0.0000000000   19.0000000000    0.0000675453    0.1679728681    2.5825417455    4.5413087108    0.3557552101    0.0000000000    4.2137520718   -5.3866644064    1.7543130424    0.0114258378 
   0.0000000000   20.0000000000    0.0000675453    0.1678959654    2.7478622551    4.3570134194    0.3600154696    0.0000000000    4.0417836406   -5.1785721248    1.7470134334    0.0116449860 
   0.0000000000   21.0000000000    0.0000675453    0.1678155945    2.9061761726    4.1808955285    0.3640750952    0.0000000000    3.8763827400   -4.9793631863    1.7411035826    0.0118677073 
   0.0000000000   22.0000000000    0.0000675453    0.1677318793    3.0578213705    4.0125663164    0.3679466387    0.0000000000    3.7172405200   -4.7886296931    1.7365384562    0.0120940814 
   0.0000000000   23.0000000000    0.0000675453    0.1676449364    3.2031189684    3.8516562524    0.3716420649    0.0000000000    3.5640626925   -4.6059831523    1.7332753085    0.0123241893 
   0.0000000000   24.0000000000    0.0000675453    0.1675548751    3.3423741487    3.6978140656    0.3751727828    0.0000000000    3.4165688608   -4.4310535829    1.7312735790    0.0125581132 
   0.0000000000   25.0000000000    0.0000675453    0.1674617980    3.4758769384    3.5507058518    0.3785496759    0.0000000000    3.2744918750   -4.2634886533    1.7304947921    0.0127959368 
   0.0000000000   26.0000000000    0.0000675453    0.1673658014    3.6039029580    3.4100142181    0.3817831304    0.0000000000    3.1375772095   -4.1029528530    1.7309024614    0.0130377454 
   0.0000000000   27.0000000000    0.0000675453    0.1672669755    3.7267141370    3.2754374650    0.3848830625    0.0000000000    3.0055823669   -3.9491266954    1.7324619968    0.0132836255 
   0.0000000000   28.0000000000    0.0000675453    0.1671654046    3.8445593982    3.1466888042    0.3878589439    0.0000000000    2.8782763052   -3.8017059542    1.7351406162    0.0135336654 
   0.0000000000   29.0000000000    0.0000675453    0.1670611677    3.9576753097    3.0234956130    0.3907198268    0.0000000000    2.7554388888   -3.6604009315    1.7389072604    0.0137879549 
   0.0000000000   30.0000000000    0.0000675453    0.1669543386    4.0662867063    2.9055987230    0.3934743668    0.0000000000    2.6368603639   -3.5249357571    1.7437325120    0.0140465854 
   0.0000000000   31.0000000000    0.0000675453    0.1668449863    4.1706072824    2.7927517426    0.3961308450    0.0000000000    2.5223408565   -3.3950477193    1.7495885172    0.0143096501 
   0.0000000000   32.0000000000    0.0000675453    0.1667331750    4.2708401547    2.6847204113    0.3986971887    0.0000000000    2.4116898929   -3.2704866255    1.7564489116    0.0145772440 
   0.0000000000   33.0000000000    0.0000675453    0.1666189645    4.3671783993    2.5812819866    0.4011809917    0.0000000000    2.3047259427   -3.1510141921    1.7642887494    0.0148494637 
   0.0000000000   34.0000000000    0.0000675453    0.1665024106    4.4598055604    2.4822246596    0.4035895327    0.0000000000    2.2012759818   -3.0364034622    1.7730844352    0.0151264078 
   0.0000000000   35.0000000000    0.0000675453    0.1663835648    4.5488961352    2.3873470006    0.4059297933    0.0000000000    2.1011750771   -2.9264382509    1.7828136594    0.0154081768 
   0.0000000000   36.0000000000    0.0000675453    0.1662624753    4.6346160339    2.2964574317    0.4082084748    0.0000000000    2.0042659902   -2.8209126175    1.7934553366    0.0156948733 
   0.0000000000   37.0000000000    0.0000675453    0.1661391865    4.7171230160    2.2093737263    0.4104320139    0.0000000000    1.9103988001   -2.7196303618    1.8049895464    0.0159866015 
   0.0000000000   38.0000000000    0.0000675453    0.1660137394    4.7965671049    2.1259225339    0.4126065984    0.0000000000    1.8194305446   -2.6224045456    1.8173974777    0.0162834681 
   0.0000000000   39.0000000000    0.0000675453    0.1658861719    4.8730909811    2.0459389288    0.4147381809    0.0000000000    1.7312248788   -2.5290570375    1.8306613746    0.0165855815 
   0.0000000000   40.0000000000    0.0000675453    0.1657565191    4.9468303553    1.9692659829    0.4168324927    0.0000000000    1.6456517508   -2.4394180799    1.8447644861    0.0168930526 
   0.0000000000   41.0000000000    0.0000675453    0.1656248130    5.0179143215    1.8957543595    0.4188950565    0.0000000000    1.5625870932   -2.3533258777    1.8596910172    0.0172059943 
   0.0000000000   42.0000000000    0.0000675453    0.1654910831    5.0864656921    1.8252619288    0.4209311985    0.0000000000    1.4819125299   -2.2706262076    1.8754260831    0.0175245216 
   0.0000000000   43.0000000000    0.0000675453    0.1653553563    5.1526013158    1.7576534034    0.4229460600    0.0000000000    1.4035150984   -2.1911720467    1.8919556654    0.0178487522 
   0.0000000000   44.0000000000    0.0000675453    0.1652176569    5.2164323783    1.6927999927    0.4249446079    0.0000000000    1.3272869849   -2.1148232204    1.9092665704    0.0181788058 
   0.0000000000   45.0000000000    0.0000675453    0.1650780073    5.2780646875    1.6305790754    0.4269316454    0.0000000000    1.2531252735   -2.0414460675    1.9273463900    0.0185148045 
   0.0000000000   46.0000000000    0.0000675453    0.1649364271    5.3375989440    1.5708738888    0.4289118214    0.0000000000    1.1809317078   -1.9709131224    1.9461834640    0.0188568729 
   0.0000000000   47.0000000000    0.0000675453    0.1647929343    5.3951309970    1.5135732346    0.4308896397    0.0000000000    1.1106124639   -1.9031028133    1.9657668446    0.0192051380 
   0.0000000000   48.0000000000    0.0000675453    0.1646475443    5.4507520878    1.4585711996    0.4328694678    0.0000000000    1.0420779356   -1.8378991751    1.9860862630    0.0195597295 
   0.0000000000   49.0000000000    0.0000675453    0.1645008470    5.5045570833    1.4057544918    0.4348560604    0.0000000000    0.9752354148   -1.7751756216    2.0071226747    0.0199208343 
   0.0000000000   50.0000000000    0.0000675453    0.1643517280    5.5566125576    1.3550517450    0.4368525121    0.0000000000    0.9100175849   -1.7148584185    2.0288854320    0.0202884799 
   0.0000000000   51.0000000000    0.0000675453    0.1642007452    5.6070053483    1.3063590595    0.4388633358    0.0000000000    0.8463390042   -1.6568310398    2.0513571932    0.0206628557 
   0.0000000000   52.0000000000    0.0000675453    0.1640479064    5.6558104565    1.2595891420    0.4408924319    0.0000000000    0.7841249836   -1.6009973478    2.0745300982    0.0210441017 
   0.0000000000   53.0000000000    0.0000675453    0.1638932177    5.7030993155    1.2146587868    0.4429436018    0.0000000000    0.7233041240   -1.5472655738    2.0983968168    0.0214323605 
   0.0000000000   54.0000000000    0.0000675453    0.1637366837    5.7489399668    1.1714886731    0.4450205538    0.0000000000    0.6638081580   -1.4955481073    2.1229505232    0.0218277777 
   0.0000000000   55.0000000000    0.0000675453    0.1635783074    5.7933972276    1.1300031716    0.4471269095    0.0000000000    0.6055718003   -1.4457612958    2.1481848712    0.0222305016 
   0.0000000000   56.0000000000    0.0000675453    0.1634180903    5.8365328485    1.0901301630    0.4492662092    0.0000000000    0.5485326051   -1.3978252541    2.1740939710    0.0226406832 
   0.0000000000   57.0000000000    0.0000675453    0.1632560325    5.8784056639    1.0518008641    0.4514419174    0.0000000000    0.4926308309   -1.3516636846    2.2006723670    0.0230584766 
   0.0000000000   58.0000000000    0.0000675453    0.1630921326    5.9190717340    1.0149496646    0.4536574277    0.0000000000    0.4378093122   -1.3072037056    2.2279150172    0.0234840388 
   0.0000000000   59.0000000000    0.0000675453    0.1629263880    5.9585844790    0.9795139718    0.4559160676    0.0000000000    0.3840133378   -1.2643756890    2.2558172732    0.0239175299 
   0.0000000000   60.0000000000    0.0000675453    0.1627587944    5.9969948074    0.9454340632    0.4582211032    0.0000000000    0.3311905350   -1.2231131067    2.2843748623    0.0243591128 
   0.0000000000   61.0000000000    0.0000675453    0.1625893462    6.0343512363    0.9126529473    0.4605757433    0.0000000000    0.2792907593   -1.1833523838    2.3135838699    0.0248089536 
   0.0000000000   62.0000000000    0.0000675453    0.1624180363    6.0707000070    0.8811162314    0.4629831435    0.0000000000    0.2282659900   -1.1450327604    2.3434407242    0.0252672215 
   0.0000000000   63.0000000000    0.0000675453    0.1622448559    6.1060851938    0.8507719953    0.4654464103    0.0000000000    0.1780702298   -1.1080961581    2.3739421798    0.0257340888 
   0.0000000000   64.0000000000    0.0000675453    0.1620697948    6.1405488085    0.8215706703    0.4679686047    0.0000000000    0.1286594101   -1.0724870527    2.4050853010    0.0262097309 
   0.0000000000   65.0000000000    0.0000675453    0.1618928415    6.1741309001    0.7934649225    0.4705527456    0.0000000000    0.0799913007   -1.0381523493    2.4368674415    0.0266943267 
   0.0000000000   66.0000000000    0.0000675453    0.1617139842    6.2068696492    0.7664095380    0.4732018139    0.0000000000    0.0320254244   -1.0050412596    2.4692862179    0.0271880582 
   0.0000000000   67.0000000000    0.0000675453    0.1615332112    6.2388014588    0.7403613119    0.4759187557    0.0000000000   -0.0152770208   -0.9731051811    2.5023394748    0.0276911111 
   0.0000000000   68.0000000000    0.0000675453    0.1613505128    6.2699610369    0.7152789427    0.4787064854    0.0000000000   -0.0619532338   -0.9422975829    2.5360252466    0.0282036746 
   0.0000000000   69.0000000000    0.0000675453    0.1611658816    6.3003814726    0.6911229378    0.4815678887    0.0000000000   -0.1080388741   -0.9125739040    2.5703417257    0.0287259417 
   0.0000000000   70.0000000000    0.0000675453    0.1609799485    6.3300955430    0.6678497299    0.4845060251    0.0000000000   -0.1535669115   -0.8838836115    2.6052746912    0.0292581689 
   0.0000000000   71.0000000000    0.0000675453    0.1607915227    6.3591307210    0.6454343088    0.4875233331    0.0000000000   -0.1985720250   -0.8562008463    2.6408459017    0.0298004450 
   0.0000000000   72.0000000000    0.0000675453    0.1606011370    6.3875169064    0.6238370497    0.4906228088    0.0000000000   -0.2430848921   -0.8294795944    2.6770435380    0.0303530248 
   0.0000000000   73.0000000000    0.0000675453    0.1604087766    6.4152813782    0.6030250337    0.4938072403    0.0000000000   -0.2871356840   -0.8036825179    2.7138666205    0.0309161151 
   0.0000000000   74.0000000000    0.0000675453    0.1602144250    6.4424501291    0.5829667930    0.4970793969    0.0000000000   -0.3307533559   -0.7787738788    2.7513143535    0.0314899262 
   0.0000000000   75.0000000000    0.0000675453    0.1600180630    6.4690479252    0.5636322468    0.5004420321    0.0000000000   -0.3739657053   -0.7547194712    2.7893861301    0.0320746720 
   0.0000000000   76.0000000000    0.0000675453    0.1598196670    6.4950983636    0.5449926456    0.5038978845    0.0000000000   -0.4167994336   -0.7314865643    2.8280815563    0.0326705700 
   0.0000000000   77.0000000000    0.0000675453    0.1596192069    6.5206239303    0.5270205230    0.5074496806    0.0000000000   -0.4592802139   -0.7090438558    2.8674004996    0.0332778407 
   0.0000000000   78.0000000000    0.0000675453    0.1594166444    6.5456460589    0.5096896387    0.5111001372    0.0000000000   -0.5014327551   -0.6873614107    2.9073431147    0.0338967080 
   0.0000000000   79.0000000000    0.0000675453    0.1592119406    6.5701851790    0.4929748681    0.5148519644    0.0000000000   -0.5432808148   -0.6664105262    2.9479096796    0.0345273997 
   0.0000000000   80.0000000000    0.0000675453    0.1590057267    6.5942599082    0.4768480446    0.5187078721    0.0000000000   -0.5848430337   -0.6461579713    2.9890856310    0.0351702055 
   0.0000000000   81.0000000000    0.0000675453    0.1587969348    6.6178898335    0.4612926533    0.5226705208    0.0000000000   -0.6261474448   -0.6265863964    3.0308941049    0.0358252715 
   0.0000000000   82.0000000000    0.0000675453    0.1585860170    6.6410920293    0.4462835713    0.5267426154    0.0000000000   -0.6672121331   -0.6076662450    3.0733247233    0.0364928803 
   0.0000000000   83.0000000000    0.0000675453    0.1583729509    6.6638831799    0.4317996322    0.5309268372    0.0000000000   -0.7080571361   -0.5893731873    3.1163775987    0.0371732769 
   0.0000000000   84.0000000000    0.0000675453    0.1581576882    6.6862792036    0.4178206983    0.5352258681    0.0000000000   -0.7487018919   -0.5716840792    3.1600534931    0.0378667086 
   0.0000000000   85.0000000000    0.0000675453    0.1579401285    6.7082953830    0.4043277242    0.5396424005    0.0000000000   -0.7891655269   -0.5545770676    3.2043544628    0.0385734227 
   0.0000000000   86.0000000000    0.0000675453    0.1577208495    6.7299444379    0.3912991483    0.5441789979    0.0000000000   -0.8294607827   -0.5380265109    3.2492663647    0.0392937246 
   0.0000000000   87.0000000000    0.0000675453    0.1574989280    6.7512422965    0.3787215981    0.5488384972    0.0000000000   -0.8696120935   -0.5220180873    3.2948108813    0.0400278041 
   0.0000000000   88.0000000000    0.0000675453    0.1572747681    6.7722007361    0.3665758596    0.5536234987    0.0000000000   -0.9096322807   -0.5065290264    3.3409780586    0.0407759616 
   0.0000000000   89.0000000000    0.0000675453    0.1570482126    6.7928323995    0.3548461455    0.5585367178    0.0000000000   -0.9495382459   -0.4915411891    3.3877714236    0.0415384572 
   0.0000000000   90.0000000000    0.0000675453    0.1568198264    6.8131467785    0.3435142850    0.5635806324    0.0000000000   -0.9893393257   -0.4770328355    3.4351763754    0.0423156090 
   0.0000000000   91.0000000000    0.0000675453    0.1565887226    6.8331578086    0.3325688754    0.5687582085    0.0000000000   -1.0290582062   -0.4629916787    3.4832147204    0.0431076320 
   0.0000000000   92.0000000000    0.0000675453    0.1563555780    6.8528732383    0.3219926432    0.5740718631    0.0000000000   -1.0687017140   -0.4493968676    3.5318687595    0.0439148600 
   0.0000000000   93.0000000000    0.0000675453    0.1561196922    6.8723054775    0.3117743629    0.5795245669    0.0000000000   -1.1082900543   -0.4362360298    3.5811560121    0.0447375336 
   0.0000000000   94.0000000000    0.0000675453    0.1558817144    6.8914609716    0.3018982446    0.5851186945    0.0000000000   -1.1478287389   -0.4234900656    3.6310589128    0.0455759905 
   0.0000000000   95.0000000000    0.0000675453    0.1556412922    6.9103497016    0.2923527959    0.5908570798    0.0000000000   -1.1873333175   -0.4111458854    3.6815859078    0.0464305048 
   0.0000000000   96.0000000000    0.0000675453    0.1553982970    6.9289803055    0.2831261333    0.5967424786    0.0000000000   -1.2268165914   -0.3991896870    3.7327396882    0.0473013711 
   0.0000000000   97.0000000000    0.0000675453    0.1551530612    6.9473587328    0.2742053825    0.6027773615    0.0000000000   -1.2662854360   -0.3876060699    3.7845102584    0.0481889164 
   0.0000000000   98.0000000000    0.0000675453    0.1549047177    6.9654962777    0.2655819038    0.6089649894    0.0000000000   -1.3057605496   -0.3763856467    3.8369205727    0.0490934020 
   0.0000000000   99.0000000000    0.0000675453    0.1546545533    6.9833930728    0.2572409255    0.6153071478    0.0000000000   -1.3452360129   -0.3655099403    3.8899336435    0.0500152166 
   0.0000000000  100.0000000000    0.0000675453    0.0000892172   11.7638958738    0.3292737545    0.9496571113    0.0000000000  -10.2579183933   -0.5013621312    9.6357096523 8634.3726362643 
   0.0000000000  101.0000000000    0.0000675453    0.0000833128   12.0053412094    0.2953618408    0.9652057306    0.0000000000  -10.7122618598   -0.4513934674    9.4373563929 10053.0125129536 
   0.0000000000  102.0000000000    0.0000675453    0.0000807522   12.1497024417    0.2695531330    0.9819367675    0.0000000000  -11.0098138160   -0.4133192815    9.3219563163 10912.3538240585 
   0.0000000000  103.0000000000    0.0000675453    0.0000790130   12.2670758337    0.2468846587    0.9989280811    0.0000000000  -11.2655617645   -0.3797835969    9.2229128965 11633.6796707324 
   0.0000000000  104.0000000000    0.0000675453    0.0000776939   12.3688216769    0.2264461737    1.0160259657    0.0000000000  -11.4979853867   -0.3494529228    9.1296617517 12284.5949541741 
   0.0000000000  105.0000000000    0.0000675453    0.0000766376   12.4594490973    0.2078209347    1.0331614076    0.0000000000  -11.7143651442   -0.3217239538    9.0380617399 12891.6601447250 
   0.0000000000  106.0000000000    0.0000675453    0.0000757623   12.5413304097    0.1907539064    1.0502902192    0.0000000000  -11.9184952854   -0.2962313138    8.9459474126 13468.7865696760 
   0.0000000000  107.0000000000    0.0000675453    0.0000750203   12.6158589228    0.1750667838    1.0673792863    0.0000000000  -12.1125785404   -0.2727220066    8.8520634643 14024.0127258915 
   0.0000000000  108.0000000000    0.0000675453    0.0000743817   12.6839172028    0.1606232733    1.0844011522    0.0000000000  -12.2979869212   -0.2510041040    8.7556331351 14562.2738815336 
   0.0000000000  109.0000000000    0.0000675453    0.0000738239   12.7461828150    0.1473089490    1.1013294893    0.0000000000  -12.4757613233   -0.2309168388    8.6560521371 15087.4995643681 
   0.0000000000  110.0000000000    0.0000675453    0.0000733329   12.8030703772    0.1350304789    1.1181416032    0.0000000000  -12.6465202480   -0.2123299816    8.5529897695 15601.7946972687 
   0.0000000000  111.0000000000    0.0000675453    0.0000728962   12.8549642441    0.1237032341    1.1348138175    0.0000000000  -12.8108299536   -0.1951251210    8.4461228839 16107.3458140993 
   0.0000000000  112.0000000000    0.0000675453    0.0000725062   12.9020906057    0.1132551986    1.1513252378    0.0000000000  -12.9690062398   -0.1792020072    8.3353101484 16605.1129400568 
   0.0000000000  113.0000000000    0.0000675453    0.0000721555   12.9446866072    0.1036191336    1.1676537332    0.0000000000  -13.1213674120   -0.1644665678    8.2203861367 17096.3507183799 
   0.0000000000  114.0000000000    0.0000675453    0.0000718385   12.9829238399    0.0947348999    1.1837782704    0.0000000000  -13.2681514724   -0.1508347013    8.1012606372 17581.8237824272 
   0.0000000000  115.0000000000    0.0000675453    0.0000715506   13.0169550458    0.0865471152    1.1996778248    0.0000000000  -13.4095461363   -0.1382287387    7.9778676776 18062.2244172859 
   0.0000000000  116.0000000000    0.0000675453    0.0000712887   13.0468794022    0.0790057989    1.2153328715    0.0000000000  -13.5456531364   -0.1265785882    7.8502168277 18537.7616235625 
   0.0000000000  117.0000000000    0.0000675453    0.0000710495   13.0728162962    0.0720636192    1.2307229589    0.0000000000  -13.6766193543   -0.1158174841    7.7182889711 19008.9292965495 
   0.0000000000  118.0000000000    0.0000675453    0.0000708302   13.0948578365    0.0656771507    1.2458285194    0.0000000000  -13.8025341278   -0.1058840396    7.5821067340 19475.9800601419 
   0.0000000000  119.0000000000    0.0000675453    0.0000706288   13.1130865156    0.0598060408    1.2606303947    0.0000000000  -13.9234780124   -0.0967210247    7.4417114356 19939.0982037478 
   0.0000000000  120.0000000000    0.0000675453    0.0000704432   13.1275847523    0.0544125502    1.2751094903    0.0000000000  -14.0395337092   -0.0882746828    7.2971474753 20398.5049492470 
   0.0000000000  121.0000000000    0.0000675453    0.0000702722   13.1384047870    0.0494621075    1.2892484282    0.0000000000  -14.1507212281   -0.0804956919    7.1485171183 20854.0707466657 
   0.0000000000  122.0000000000    0.0000675453    0.0000701141   13.1456216764    0.0449218131    1.3030289914    0.0000000000  -14.2571208983   -0.0733368057    6.9958877366 21305.9654481408 
   0.0000000000  123.0000000000    0.0000675453    0.0000699677   13.1492965842    0.0407612234    1.3164340212    0.0000000000  -14.3587645915   -0.0667541784    6.8393551581 21754.1987833818 
   0.0000000000  124.0000000000    0.0000675453    0.0000698319   13.1494881705    0.0369519247    1.3294469453    0.0000000000  -14.4556990379   -0.0607067205    6.6790275786 22198.7544288966 
   0.0000000000  125.0000000000    0.0000675453    0.0000697057   13.1462532421    0.0334673966    1.3420518112    0.0000000000  -14.5479581547   -0.0551559113    6.5150214627 22639.5941547966 
   0.0000000000  126.0000000000    0.0000675453    0.0000695883   13.1396472742    0.0302828899    1.3542333187    0.0000000000  -14.6355773723   -0.0500656570    6.3474610875 23076.6613166982 
