#solute size.    Temp(C)     P(MPa)          G          H       TdS          Cp
     0.000   -173.000      0.101    -42.512    -38.524      3.988     57.159
     0.000   -172.000      0.101    -42.496    -38.467      4.029     57.088
     0.000   -171.000      0.101    -42.480    -38.411      4.069     57.020
     0.000   -170.000      0.101    -42.464    -38.354      4.109     56.954
     0.000   -169.000      0.101    -42.448    -38.298      4.150     56.890
     0.000   -168.000      0.101    -42.432    -38.242      4.190     56.829
     0.000   -167.000      0.101    -42.416    -38.186      4.230     56.769
     0.000   -166.000      0.101    -42.400    -38.129      4.270     56.711
     0.000   -165.000      0.101    -42.384    -38.073      4.311     56.655
     0.000   -164.000      0.101    -42.368    -38.017      4.351     56.601
     0.000   -163.000      0.101    -42.352    -37.961      4.391     56.549
     0.000   -162.000      0.101    -42.337    -37.905      4.432     56.498
     0.000   -161.000      0.101    -42.321    -37.849      4.472     56.449
     0.000   -160.000      0.101    -42.305    -37.793      4.512     56.401
     0.000   -159.000      0.101    -42.290    -37.737      4.553     56.355
     0.000   -158.000      0.101    -42.274    -37.681      4.593     56.310
     0.000   -157.000      0.101    -42.258    -37.625      4.633     56.266
     0.000   -156.000      0.101    -42.243    -37.570      4.673     56.224
     0.000   -155.000      0.101    -42.227    -37.514      4.714     56.183
     0.000   -154.000      0.101    -42.212    -37.458      4.754     56.143
     0.000   -153.000      0.101    -42.196    -37.402      4.794     56.105
     0.000   -152.000      0.101    -42.181    -37.346      4.835     56.067
     0.000   -151.000      0.101    -42.166    -37.291      4.875     56.031
     0.000   -150.000      0.101    -42.150    -37.235      4.915     55.995
     0.000   -149.000      0.101    -42.135    -37.179      4.956     55.961
     0.000   -148.000      0.101    -42.120    -37.124      4.996     55.928
     0.000   -147.000      0.101    -42.104    -37.068      5.036     55.895
     0.000   -146.000      0.101    -42.089    -37.013      5.076     55.864
     0.000   -145.000      0.101    -42.074    -36.957      5.117     55.834
     0.000   -144.000      0.101    -42.059    -36.902      5.157     55.804
     0.000   -143.000      0.101    -42.043    -36.846      5.197     55.776
     0.000   -142.000      0.101    -42.028    -36.791      5.238     55.748
     0.000   -141.000      0.101    -42.013    -36.735      5.278     55.722
     0.000   -140.000      0.101    -41.998    -36.680      5.318     55.696
     0.000   -139.000      0.101    -41.983    -36.624      5.359     55.671
     0.000   -138.000      0.101    -41.968    -36.569      5.399     55.648
     0.000   -137.000      0.101    -41.953    -36.513      5.439     55.625
     0.000   -136.000      0.101    -41.937    -36.458      5.479     55.603
     0.000   -135.000      0.101    -41.922    -36.403      5.520     55.583
     0.000   -134.000      0.101    -41.907    -36.347      5.560     55.563
     0.000   -133.000      0.101    -41.892    -36.292      5.600     55.545
     0.000   -132.000      0.101    -41.877    -36.237      5.641     55.527
     0.000   -131.000      0.101    -41.862    -36.181      5.681     55.511
     0.000   -130.000      0.101    -41.847    -36.126      5.721     55.497
     0.000   -129.000      0.101    -41.832    -36.071      5.761     55.484
     0.000   -128.000      0.101    -41.817    -36.016      5.802     55.472
     0.000   -127.000      0.101    -41.802    -35.960      5.842     55.462
     0.000   -126.000      0.101    -41.787    -35.905      5.882     55.453
     0.000   -125.000      0.101    -41.772    -35.850      5.923     55.447
     0.000   -124.000      0.101    -41.757    -35.795      5.963     55.442
     0.000   -123.000      0.101    -41.743    -35.739      6.003     55.440
     0.000   -122.000      0.101    -41.728    -35.684      6.044     55.439
     0.000   -121.000      0.101    -41.713    -35.629      6.084     55.442
     0.000   -120.000      0.101    -41.698    -35.574      6.124     55.446
     0.000   -119.000      0.101    -41.683    -35.518      6.164     55.454
     0.000   -118.000      0.101    -41.668    -35.463      6.205     55.465
     0.000   -117.000      0.101    -41.653    -35.408      6.245     55.479
     0.000   -116.000      0.101    -41.638    -35.352      6.285     55.497
     0.000   -115.000      0.101    -41.623    -35.297      6.325     55.519
     0.000   -114.000      0.101    -41.607    -35.242      6.366     55.545
     0.000   -113.000      0.101    -41.592    -35.186      6.406     55.575
     0.000   -112.000      0.101    -41.577    -35.131      6.446     55.611
     0.000   -111.000      0.101    -41.562    -35.075      6.487     55.652
     0.000   -110.000      0.101    -41.547    -35.020      6.527     55.699
     0.000   -109.000      0.101    -41.531    -34.964      6.567     55.752
     0.000   -108.000      0.101    -41.516    -34.909      6.607     55.811
     0.000   -107.000      0.101    -41.501    -34.853      6.648     55.878
     0.000   -106.000      0.101    -41.485    -34.797      6.688     55.953
     0.000   -105.000      0.101    -41.469    -34.742      6.728     56.036
     0.000   -104.000      0.101    -41.454    -34.686      6.768     56.129
     0.000   -103.000      0.101    -41.438    -34.630      6.808     56.231
     0.000   -102.000      0.101    -41.422    -34.574      6.849     56.343
     0.000   -101.000      0.101    -41.406    -34.517      6.889     56.467
     0.000   -100.000      0.101    -41.390    -34.461      6.929     56.603
     0.000    -99.000      0.101    -41.374    -34.405      6.969     56.751
     0.000    -98.000      0.101    -41.357    -34.348      7.009     56.913
     0.000    -97.000      0.101    -41.340    -34.291      7.049     57.090
     0.000    -96.000      0.101    -41.324    -34.234      7.089     57.282
     0.000    -95.000      0.101    -41.306    -34.177      7.130     57.491
     0.000    -94.000      0.101    -41.289    -34.120      7.170     57.718
     0.000    -93.000      0.101    -41.272    -34.062      7.210     57.963
     0.000    -92.000      0.101    -41.254    -34.004      7.250     58.228
     0.000    -91.000      0.101    -41.236    -33.946      7.290     58.514
     0.000    -90.000      0.101    -41.217    -33.888      7.330     58.823
     0.000    -89.000      0.101    -41.198    -33.829      7.370     59.154
     0.000    -88.000      0.101    -41.179    -33.770      7.410     59.511
     0.000    -87.000      0.101    -41.160    -33.710      7.449     59.893
     0.000    -86.000      0.101    -41.140    -33.650      7.489     60.303
     0.000    -85.000      0.101    -41.119    -33.590      7.529     60.741
     0.000    -84.000      0.101    -41.098    -33.529      7.569     61.209
     0.000    -83.000      0.101    -41.077    -33.468      7.608     61.708
     0.000    -82.000      0.101    -41.055    -33.407      7.648     62.240
     0.000    -81.000      0.101    -41.032    -33.344      7.688     62.805
     0.000    -80.000      0.101    -41.009    -33.281      7.727     63.405
     0.000    -79.000      0.101    -40.985    -33.218      7.767     64.041
     0.000    -78.000      0.101    -40.960    -33.154      7.806     64.714
     0.000    -77.000      0.101    -40.935    -33.089      7.846     65.424
     0.000    -76.000      0.101    -40.908    -33.023      7.885     66.173
     0.000    -75.000      0.101    -40.881    -32.957      7.924     66.962
     0.000    -74.000      0.101    -40.853    -32.890      7.963     67.789
     0.000    -73.000      0.101    -40.824    -32.822      8.002     68.656
     0.000    -72.000      0.101    -40.794    -32.753      8.041     69.563
     0.000    -71.000      0.101    -40.763    -32.683      8.080     70.509
     0.000    -70.000      0.101    -40.730    -32.611      8.119     71.494
     0.000    -69.000      0.101    -40.697    -32.539      8.157     72.515
     0.000    -68.000      0.101    -40.662    -32.466      8.196     73.572
     0.000    -67.000      0.101    -40.626    -32.392      8.234     74.663
     0.000    -66.000      0.101    -40.589    -32.316      8.273     75.785
     0.000    -65.000      0.101    -40.550    -32.239      8.311     76.935
     0.000    -64.000      0.101    -40.510    -32.161      8.349     78.109
     0.000    -63.000      0.101    -40.468    -32.081      8.387     79.303
     0.000    -62.000      0.101    -40.425    -32.000      8.424     80.512
     0.000    -61.000      0.101    -40.380    -31.918      8.462     81.730
     0.000    -60.000      0.101    -40.334    -31.834      8.499     82.950
     0.000    -59.000      0.101    -40.286    -31.749      8.536     84.166
     0.000    -58.000      0.101    -40.236    -31.663      8.573     85.369
     0.000    -57.000      0.101    -40.185    -31.575      8.610     86.551
     0.000    -56.000      0.101    -40.132    -31.485      8.647     87.703
     0.000    -55.000      0.101    -40.078    -31.394      8.684     88.815
     0.000    -54.000      0.101    -40.022    -31.302      8.720     89.876
     0.000    -53.000      0.101    -39.965    -31.209      8.756     90.878
     0.000    -52.000      0.101    -39.906    -31.114      8.792     91.808
     0.000    -51.000      0.101    -39.846    -31.018      8.828     92.657
     0.000    -50.000      0.101    -39.785    -30.922      8.864     93.416
     0.000    -49.000      0.101    -39.723    -30.824      8.899     94.074
     0.000    -48.000      0.101    -39.660    -30.725      8.935     94.624
     0.000    -47.000      0.101    -39.596    -30.626      8.970     95.059
     0.000    -46.000      0.101    -39.532    -30.527      9.005     95.374
     0.000    -45.000      0.101    -39.467    -30.427      9.040     95.563
     0.000    -44.000      0.101    -39.402    -30.327      9.075     95.627
     0.000    -43.000      0.101    -39.337    -30.227      9.110     95.564
     0.000    -42.000      0.101    -39.272    -30.127      9.145     95.378
     0.000    -41.000      0.101    -39.208    -30.028      9.180     95.072
     0.000    -40.000      0.101    -39.144    -29.929      9.215     94.653
     0.000    -39.000      0.101    -39.080    -29.831      9.250     94.129
     0.000    -38.000      0.101    -39.018    -29.733      9.285     93.508
     0.000    -37.000      0.101    -38.957    -29.637      9.320     92.802
     0.000    -36.000      0.101    -38.896    -29.541      9.355     92.021
     0.000    -35.000      0.101    -38.837    -29.447      9.390     91.177
     0.000    -34.000      0.101    -38.779    -29.354      9.425     90.280
     0.000    -33.000      0.101    -38.723    -29.262      9.461     89.343
     0.000    -32.000      0.101    -38.668    -29.171      9.496     88.375
     0.000    -31.000      0.101    -38.614    -29.082      9.532     87.386
     0.000    -30.000      0.101    -38.562    -28.994      9.568     86.386
     0.000    -29.000      0.101    -38.511    -28.907      9.604     85.381
     0.000    -28.000      0.101    -38.461    -28.821      9.640     84.381
     0.000    -27.000      0.101    -38.413    -28.737      9.676     83.390
     0.000    -26.000      0.101    -38.366    -28.654      9.713     82.413
     0.000    -25.000      0.101    -38.321    -28.572      9.749     81.455
     0.000    -24.000      0.101    -38.277    -28.491      9.786     80.519
     0.000    -23.000      0.101    -38.234    -28.411      9.823     79.609
     0.000    -22.000      0.101    -38.192    -28.333      9.860     78.726
     0.000    -21.000      0.101    -38.152    -28.255      9.897     77.872
     0.000    -20.000      0.101    -38.112    -28.178      9.934     77.047
     0.000    -19.000      0.101    -38.074    -28.103      9.971     76.253
     0.000    -18.000      0.101    -38.036    -28.028     10.009     75.490
     0.000    -17.000      0.101    -38.000    -27.954     10.046     74.758
     0.000    -16.000      0.101    -37.964    -27.880     10.084     74.056
     0.000    -15.000      0.101    -37.929    -27.808     10.122     73.384
     0.000    -14.000      0.101    -37.895    -27.736     10.159     72.742
     0.000    -13.000      0.101    -37.862    -27.665     10.197     72.129
     0.000    -12.000      0.101    -37.830    -27.594     10.236     71.544
     0.000    -11.000      0.101    -37.798    -27.524     10.274     70.986
     0.000    -10.000      0.101    -37.767    -27.455     10.312     70.454
     0.000     -9.000      0.101    -37.736    -27.386     10.350     69.948
     0.000     -8.000      0.101    -37.706    -27.318     10.389     69.467
     0.000     -7.000      0.101    -37.677    -27.250     10.427     69.009
     0.000     -6.000      0.101    -37.648    -27.182     10.466     68.574
     0.000     -5.000      0.101    -37.620    -27.115     10.504     68.161
     0.000     -4.000      0.101    -37.592    -27.049     10.543     67.768
     0.000     -3.000      0.101    -37.564    -26.983     10.582     67.396
     0.000     -2.000      0.101    -37.537    -26.917     10.621     67.042
     0.000     -1.000      0.101    -37.511    -26.851     10.659     66.707
     0.000      0.000      0.101    -37.484    -26.786     10.698     66.390
     0.000      1.000      0.101    -37.458    -26.721     10.737     66.089
     0.000      2.000      0.101    -37.432    -26.656     10.776     65.804
     0.000      3.000      0.101    -37.407    -26.592     10.816     65.535
     0.000      4.000      0.101    -37.382    -26.527     10.855     65.280
     0.000      5.000      0.101    -37.357    -26.463     10.894     65.039
     0.000      6.000      0.101    -37.333    -26.400     10.933     64.812
     0.000      7.000      0.101    -37.308    -26.336     10.972     64.597
     0.000      8.000      0.101    -37.284    -26.273     11.012     64.395
     0.000      9.000      0.101    -37.260    -26.209     11.051     64.204
     0.000     10.000      0.101    -37.237    -26.146     11.090     64.025
     0.000     11.000      0.101    -37.213    -26.083     11.130     63.856
     0.000     12.000      0.101    -37.190    -26.020     11.169     63.698
     0.000     13.000      0.101    -37.167    -25.958     11.209     63.549
     0.000     14.000      0.101    -37.144    -25.895     11.248     63.410
     0.000     15.000      0.101    -37.121    -25.833     11.288     63.280
     0.000     16.000      0.101    -37.098    -25.770     11.328     63.159
     0.000     17.000      0.101    -37.075    -25.708     11.367     63.046
     0.000     18.000      0.101    -37.053    -25.646     11.407     62.941
     0.000     19.000      0.101    -37.031    -25.584     11.447     62.844
     0.000     20.000      0.101    -37.008    -25.522     11.486     62.754
     0.000     21.000      0.101    -36.986    -25.460     11.526     62.671
     0.000     22.000      0.101    -36.964    -25.398     11.566     62.594
     0.000     23.000      0.101    -36.942    -25.336     11.606     62.525
     0.000     24.000      0.101    -36.920    -25.274     11.646     62.462
     0.000     25.000      0.101    -36.898    -25.212     11.686     62.404
     0.000     26.000      0.101    -36.876    -25.151     11.725     62.353
     0.000     27.000      0.101    -36.854    -25.089     11.765     62.307
     0.000     28.000      0.101    -36.832    -25.027     11.805     62.267
     0.000     29.000      0.101    -36.811    -24.965     11.845     62.232
     0.000     30.000      0.101    -36.789    -24.904     11.885     62.202
     0.000     31.000      0.101    -36.767    -24.842     11.925     62.177
     0.000     32.000      0.101    -36.746    -24.780     11.965     62.157
     0.000     33.000      0.101    -36.724    -24.719     12.005     62.141
     0.000     34.000      0.101    -36.702    -24.657     12.046     62.130
     0.000     35.000      0.101    -36.681    -24.595     12.086     62.123
     0.000     36.000      0.101    -36.659    -24.533     12.126     62.120
     0.000     37.000      0.101    -36.638    -24.472     12.166     62.122
     0.000     38.000      0.101    -36.616    -24.410     12.206     62.127
     0.000     39.000      0.101    -36.594    -24.348     12.246     62.136
     0.000     40.000      0.101    -36.573    -24.286     12.287     62.149
     0.000     41.000      0.101    -36.551    -24.224     12.327     62.165
     0.000     42.000      0.101    -36.530    -24.162     12.367     62.186
     0.000     43.000      0.101    -36.508    -24.100     12.408     62.209
     0.000     44.000      0.101    -36.486    -24.038     12.448     62.236
     0.000     45.000      0.101    -36.464    -23.976     12.488     62.266
     0.000     46.000      0.101    -36.443    -23.914     12.529     62.299
     0.000     47.000      0.101    -36.421    -23.852     12.569     62.336
     0.000     48.000      0.101    -36.399    -23.789     12.610     62.375
     0.000     49.000      0.101    -36.377    -23.727     12.650     62.418
     0.000     50.000      0.101    -36.355    -23.665     12.691     62.463
     0.000     51.000      0.101    -36.333    -23.602     12.731     62.512
     0.000     52.000      0.101    -36.311    -23.540     12.772     62.563
     0.000     53.000      0.101    -36.289    -23.477     12.812     62.617
     0.000     54.000      0.101    -36.267    -23.414     12.853     62.673
     0.000     55.000      0.101    -36.245    -23.351     12.893     62.732
     0.000     56.000      0.101    -36.222    -23.288     12.934     62.794
     0.000     57.000      0.101    -36.200    -23.225     12.975     62.859
     0.000     58.000      0.101    -36.178    -23.162     13.015     62.926
     0.000     59.000      0.101    -36.155    -23.099     13.056     62.995
     0.000     60.000      0.101    -36.133    -23.036     13.097     63.067
     0.000     61.000      0.101    -36.110    -22.973     13.138     63.141
     0.000     62.000      0.101    -36.087    -22.909     13.178     63.218
     0.000     63.000      0.101    -36.065    -22.845     13.219     63.297
     0.000     64.000      0.101    -36.042    -22.782     13.260     63.379
     0.000     65.000      0.101    -36.019    -22.718     13.301     63.462
     0.000     66.000      0.101    -35.996    -22.654     13.342     63.548
     0.000     67.000      0.101    -35.973    -22.590     13.383     63.636
     0.000     68.000      0.101    -35.949    -22.526     13.424     63.727
     0.000     69.000      0.101    -35.926    -22.462     13.465     63.819
     0.000     70.000      0.101    -35.903    -22.397     13.506     63.914
     0.000     71.000      0.101    -35.879    -22.333     13.547     64.011
     0.000     72.000      0.101    -35.856    -22.268     13.588     64.110
     0.000     73.000      0.101    -35.832    -22.203     13.629     64.211
     0.000     74.000      0.101    -35.808    -22.138     13.670     64.314
     0.000     75.000      0.101    -35.784    -22.073     13.711     64.419
     0.000     76.000      0.101    -35.760    -22.008     13.752     64.527
     0.000     77.000      0.101    -35.736    -21.943     13.793     64.636
     0.000     78.000      0.101    -35.712    -21.877     13.835     64.747
     0.000     79.000      0.101    -35.687    -21.811     13.876     64.860
     0.000     80.000      0.101    -35.663    -21.746     13.917     64.976
     0.000     81.000      0.101    -35.638    -21.680     13.959     65.093
     0.000     82.000      0.101    -35.613    -21.613     14.000     65.212
     0.000     83.000      0.101    -35.589    -21.547     14.041     65.333
     0.000     84.000      0.101    -35.564    -21.481     14.083     65.456
     0.000     85.000      0.101    -35.538    -21.414     14.124     65.581
     0.000     86.000      0.101    -35.513    -21.347     14.166     65.708
     0.000     87.000      0.101    -35.488    -21.280     14.207     65.837
     0.000     88.000      0.101    -35.462    -21.213     14.249     65.967
     0.000     89.000      0.101    -35.437    -21.146     14.291     66.099
     0.000     90.000      0.101    -35.411    -21.078     14.332     66.234
     0.000     91.000      0.101    -35.385    -21.011     14.374     66.370
     0.000     92.000      0.101    -35.359    -20.943     14.416     66.507
     0.000     93.000      0.101    -35.332    -20.875     14.457     66.647
     0.000     94.000      0.101    -35.306    -20.807     14.499     66.788
     0.000     95.000      0.101    -35.279    -20.738     14.541     66.932
     0.000     96.000      0.101    -35.253    -20.670     14.583     67.076
     0.000     97.000      0.101    -35.226    -20.601     14.625     67.223
     0.000     98.000      0.101    -35.199    -20.532     14.667     67.371
     0.000     99.000      0.101    -35.172    -20.463     14.709     67.521
     0.000    100.000      0.101    -41.984    -13.468     28.515    150.584
     0.000    101.000      0.101    -42.351    -13.265     29.087    128.022
     0.000    102.000      0.101    -42.545    -13.105     29.441    126.662
     0.000    103.000      0.101    -42.694    -12.954     29.740    126.533
     0.000    104.000      0.101    -42.820    -12.809     30.011    126.778
     0.000    105.000      0.101    -42.930    -12.667     30.263    127.179
     0.000    106.000      0.101    -43.029    -12.526     30.503    127.655
     0.000    107.000      0.101    -43.119    -12.387     30.733    128.168
     0.000    108.000      0.101    -43.203    -12.248     30.955    128.696
     0.000    109.000      0.101    -43.282    -12.110     31.172    129.228
     0.000    110.000      0.101    -43.355    -11.972     31.383    129.755
     0.000    111.000      0.101    -43.425    -11.835     31.590    130.274
     0.000    112.000      0.101    -43.491    -11.698     31.794    130.780
     0.000    113.000      0.101    -43.554    -11.560     31.994    131.270
     0.000    114.000      0.101    -43.615    -11.423     32.192    131.743
     0.000    115.000      0.101    -43.673    -11.286     32.387    132.197
     0.000    116.000      0.101    -43.728    -11.149     32.580    132.629
     0.000    117.000      0.101    -43.782    -11.012     32.770    133.041
     0.000    118.000      0.101    -43.834    -10.874     32.959    133.429
     0.000    119.000      0.101    -43.884    -10.737     33.147    133.794
     0.000    120.000      0.101    -43.932    -10.599     33.333    134.135
     0.000    121.000      0.101    -43.979    -10.462     33.517    134.452
     0.000    122.000      0.101    -44.025    -10.324     33.701    134.743
     0.000    123.000      0.101    -44.069    -10.186     33.883    135.008
     0.000    124.000      0.101    -44.112    -10.049     34.063    135.247
     0.000    125.000      0.101    -44.154     -9.911     34.243    135.460
     0.000    126.000      0.101    -44.195     -9.773     34.422    135.646
