#solute size.    Temp(C)     P(MPa)          HB          S         LJ  avg_trans
   0.0000000000 -173.0000000000    0.1013250000    0.0564210402    0.0065836325    0.0591581931    0.0065836337
   0.0000000000 -172.0000000000    0.1013250000    0.0573958773    0.0066249223    0.0602815456    0.0066249238
   0.0000000000 -171.0000000000    0.1013250000    0.0583717215    0.0066656379    0.0614110615    0.0066656399
   0.0000000000 -170.0000000000    0.1013250000    0.0593484277    0.0067057904    0.0625466534    0.0067057931
   0.0000000000 -169.0000000000    0.1013250000    0.0603258549    0.0067453906    0.0636882352    0.0067453941
   0.0000000000 -168.0000000000    0.1013250000    0.0613038652    0.0067844490    0.0648357215    0.0067844538
   0.0000000000 -167.0000000000    0.1013250000    0.0622823243    0.0068229762    0.0659890278    0.0068229824
   0.0000000000 -166.0000000000    0.1013250000    0.0632611013    0.0068609821    0.0671480708    0.0068609903
   0.0000000000 -165.0000000000    0.1013250000    0.0642400687    0.0068984767    0.0683127678    0.0068984874
   0.0000000000 -164.0000000000    0.1013250000    0.0652191024    0.0069354695    0.0694830371    0.0069354834
   0.0000000000 -163.0000000000    0.1013250000    0.0661980815    0.0069719702    0.0706587978    0.0069719881
   0.0000000000 -162.0000000000    0.1013250000    0.0671768884    0.0070079878    0.0718399696    0.0070080109
   0.0000000000 -161.0000000000    0.1013250000    0.0681554085    0.0070435314    0.0730264733    0.0070435611
   0.0000000000 -160.0000000000    0.1013250000    0.0691335307    0.0070786098    0.0742182301    0.0070786478
   0.0000000000 -159.0000000000    0.1013250000    0.0701111467    0.0071132317    0.0754151622    0.0071132800
   0.0000000000 -158.0000000000    0.1013250000    0.0710881513    0.0071474053    0.0766171921    0.0071474666
   0.0000000000 -157.0000000000    0.1013250000    0.0720644423    0.0071811391    0.0778242434    0.0071812165
   0.0000000000 -156.0000000000    0.1013250000    0.0730399206    0.0072144409    0.0790362400    0.0072145385
   0.0000000000 -155.0000000000    0.1013250000    0.0740144898    0.0072473187    0.0802531067    0.0072474411
   0.0000000000 -154.0000000000    0.1013250000    0.0749880563    0.0072797802    0.0814747686    0.0072799332
   0.0000000000 -153.0000000000    0.1013250000    0.0759605295    0.0073118329    0.0827011516    0.0073120235
   0.0000000000 -152.0000000000    0.1013250000    0.0769318213    0.0073434840    0.0839321822    0.0073437208
   0.0000000000 -151.0000000000    0.1013250000    0.0779018464    0.0073747409    0.0851677873    0.0073750341
   0.0000000000 -150.0000000000    0.1013250000    0.0788705221    0.0074056105    0.0864078944    0.0074059722
   0.0000000000 -149.0000000000    0.1013250000    0.0798377683    0.0074360997    0.0876524315    0.0074365447
   0.0000000000 -148.0000000000    0.1013250000    0.0808035074    0.0074662151    0.0889013273    0.0074667610
   0.0000000000 -147.0000000000    0.1013250000    0.0817676642    0.0074959635    0.0901545108    0.0074966311
   0.0000000000 -146.0000000000    0.1013250000    0.0827301661    0.0075253511    0.0914119116    0.0075261652
   0.0000000000 -145.0000000000    0.1013250000    0.0836909426    0.0075543843    0.0926734596    0.0075553742
   0.0000000000 -144.0000000000    0.1013250000    0.0846499259    0.0075830692    0.0939390854    0.0075842696
   0.0000000000 -143.0000000000    0.1013250000    0.0856070500    0.0076114118    0.0952087199    0.0076128636
   0.0000000000 -142.0000000000    0.1013250000    0.0865622515    0.0076394180    0.0964822947    0.0076411691
   0.0000000000 -141.0000000000    0.1013250000    0.0875154690    0.0076670936    0.0977597416    0.0076692003
   0.0000000000 -140.0000000000    0.1013250000    0.0884666433    0.0076944442    0.0990409930    0.0076969722
   0.0000000000 -139.0000000000    0.1013250000    0.0894157171    0.0077214752    0.1003259815    0.0077245014
   0.0000000000 -138.0000000000    0.1013250000    0.0903626353    0.0077481921    0.1016146405    0.0077518059
   0.0000000000 -137.0000000000    0.1013250000    0.0913073448    0.0077746002    0.1029069035    0.0077789053
   0.0000000000 -136.0000000000    0.1013250000    0.0922497942    0.0078007046    0.1042027046    0.0078058213
   0.0000000000 -135.0000000000    0.1013250000    0.0931899342    0.0078265103    0.1055019783    0.0078325779
   0.0000000000 -134.0000000000    0.1013250000    0.0941277174    0.0078520223    0.1068046595    0.0078592014
   0.0000000000 -133.0000000000    0.1013250000    0.0950630979    0.0078772455    0.1081106835    0.0078857210
   0.0000000000 -132.0000000000    0.1013250000    0.0959960318    0.0079021846    0.1094199860    0.0079121691
   0.0000000000 -131.0000000000    0.1013250000    0.0969264768    0.0079268442    0.1107325031    0.0079385816
   0.0000000000 -130.0000000000    0.1013250000    0.0978543924    0.0079512289    0.1120481715    0.0079649984
   0.0000000000 -129.0000000000    0.1013250000    0.0987797395    0.0079753431    0.1133669279    0.0079914640
   0.0000000000 -128.0000000000    0.1013250000    0.0997024808    0.0079991911    0.1146887099    0.0080180274
   0.0000000000 -127.0000000000    0.1013250000    0.1006225805    0.0080227773    0.1160134550    0.0080447436
   0.0000000000 -126.0000000000    0.1013250000    0.1015400042    0.0080461059    0.1173411015    0.0080716732
   0.0000000000 -125.0000000000    0.1013250000    0.1024547190    0.0080691808    0.1186715880    0.0080988838
   0.0000000000 -124.0000000000    0.1013250000    0.1033666936    0.0080920062    0.1200048533    0.0081264503
   0.0000000000 -123.0000000000    0.1013250000    0.1042758978    0.0081145859    0.1213408368    0.0081544560
   0.0000000000 -122.0000000000    0.1013250000    0.1051823030    0.0081369238    0.1226794783    0.0081829928
   0.0000000000 -121.0000000000    0.1013250000    0.1060858819    0.0081590237    0.1240207180    0.0082121628
   0.0000000000 -120.0000000000    0.1013250000    0.1069866083    0.0081808893    0.1253644963    0.0082420790
   0.0000000000 -119.0000000000    0.1013250000    0.1078844574    0.0082025242    0.1267107543    0.0082728661
   0.0000000000 -118.0000000000    0.1013250000    0.1087794056    0.0082239319    0.1280594333    0.0083046620
   0.0000000000 -117.0000000000    0.1013250000    0.1096714305    0.0082451160    0.1294104750    0.0083376186
   0.0000000000 -116.0000000000    0.1013250000    0.1105605108    0.0082660798    0.1307638216    0.0083719036
   0.0000000000 -115.0000000000    0.1013250000    0.1114466263    0.0082868267    0.1321194157    0.0084077014
   0.0000000000 -114.0000000000    0.1013250000    0.1123297581    0.0083073600    0.1334772003    0.0084452148
   0.0000000000 -113.0000000000    0.1013250000    0.1132098880    0.0083276828    0.1348371187    0.0084846656
   0.0000000000 -112.0000000000    0.1013250000    0.1140869991    0.0083477984    0.1361991147    0.0085263002
   0.0000000000 -111.0000000000    0.1013250000    0.1149610755    0.0083677098    0.1375631325    0.0085703857
   0.0000000000 -110.0000000000    0.1013250000    0.1158321021    0.0083874200    0.1389291166    0.0086172153
   0.0000000000 -109.0000000000    0.1013250000    0.1167000649    0.0084069321    0.1402970122    0.0086671100
   0.0000000000 -108.0000000000    0.1013250000    0.1175649508    0.0084262489    0.1416667645    0.0087204200
   0.0000000000 -107.0000000000    0.1013250000    0.1184267475    0.0084453734    0.1430383195    0.0087775278
   0.0000000000 -106.0000000000    0.1013250000    0.1192854436    0.0084643082    0.1444116234    0.0088388500
   0.0000000000 -105.0000000000    0.1013250000    0.1201410286    0.0084830563    0.1457866228    0.0089048404
   0.0000000000 -104.0000000000    0.1013250000    0.1209934928    0.0085016202    0.1471632648    0.0089759925
   0.0000000000 -103.0000000000    0.1013250000    0.1218428272    0.0085200026    0.1485414968    0.0090528421
   0.0000000000 -102.0000000000    0.1013250000    0.1226890238    0.0085382061    0.1499212668    0.0091359709
   0.0000000000 -101.0000000000    0.1013250000    0.1235320751    0.0085562334    0.1513025231    0.0092260092
   0.0000000000 -100.0000000000    0.1013250000    0.1243719744    0.0085740868    0.1526852145    0.0093236398
   0.0000000000  -99.0000000000    0.1013250000    0.1252087158    0.0085917688    0.1540692900    0.0094296006
   0.0000000000  -98.0000000000    0.1013250000    0.1260422939    0.0086092820    0.1554546992    0.0095446893
   0.0000000000  -97.0000000000    0.1013250000    0.1268727042    0.0086266285    0.1568413922    0.0096697727
   0.0000000000  -96.0000000000    0.1013250000    0.1276999425    0.0086438108    0.1582293193    0.0098057667
   0.0000000000  -95.0000000000    0.1013250000    0.1285240057    0.0086608312    0.1596184314    0.0099536755
   0.0000000000  -94.0000000000    0.1013250000    0.1293448908    0.0086776918    0.1610086798    0.0101145735
   0.0000000000  -93.0000000000    0.1013250000    0.1301625957    0.0086943949    0.1624000161    0.0102896145
   0.0000000000  -92.0000000000    0.1013250000    0.1309771187    0.0087109427    0.1637923924    0.0104800364
   0.0000000000  -91.0000000000    0.1013250000    0.1317884589    0.0087273373    0.1651857613    0.0106871663
   0.0000000000  -90.0000000000    0.1013250000    0.1325966156    0.0087435807    0.1665800757    0.0109124240
   0.0000000000  -89.0000000000    0.1013250000    0.1334015889    0.0087596750    0.1679752890    0.0111573280
   0.0000000000  -88.0000000000    0.1013250000    0.1342033791    0.0087756223    0.1693713550    0.0114234988
   0.0000000000  -87.0000000000    0.1013250000    0.1350019873    0.0087914244    0.1707682280    0.0117126646
   0.0000000000  -86.0000000000    0.1013250000    0.1357974148    0.0088070835    0.1721658625    0.0120266654
   0.0000000000  -85.0000000000    0.1013250000    0.1365896636    0.0088226013    0.1735642137    0.0123674572
   0.0000000000  -84.0000000000    0.1013250000    0.1373787358    0.0088379797    0.1749632371    0.0127371165
   0.0000000000  -83.0000000000    0.1013250000    0.1381646343    0.0088532206    0.1763628885    0.0131378444
   0.0000000000  -82.0000000000    0.1013250000    0.1389473622    0.0088683258    0.1777631244    0.0135719693
   0.0000000000  -81.0000000000    0.1013250000    0.1397269229    0.0088832970    0.1791639016    0.0140419510
   0.0000000000  -80.0000000000    0.1013250000    0.1405033204    0.0088981361    0.1805651772    0.0145503821
   0.0000000000  -79.0000000000    0.1013250000    0.1412765590    0.0089128447    0.1819669088    0.0150999903
   0.0000000000  -78.0000000000    0.1013250000    0.1420466432    0.0089274246    0.1833690546    0.0156936391
   0.0000000000  -77.0000000000    0.1013250000    0.1428135780    0.0089418773    0.1847715729    0.0163343270
   0.0000000000  -76.0000000000    0.1013250000    0.1435773688    0.0089562046    0.1861744227    0.0170251862
   0.0000000000  -75.0000000000    0.1013250000    0.1443380211    0.0089704081    0.1875775634    0.0177694788
   0.0000000000  -74.0000000000    0.1013250000    0.1450955408    0.0089844892    0.1889809546    0.0185705923
   0.0000000000  -73.0000000000    0.1013250000    0.1458499342    0.0089984496    0.1903845565    0.0194320317
   0.0000000000  -72.0000000000    0.1013250000    0.1466012078    0.0090122908    0.1917883296    0.0203574098
   0.0000000000  -71.0000000000    0.1013250000    0.1473493683    0.0090260144    0.1931922351    0.0213504348
   0.0000000000  -70.0000000000    0.1013250000    0.1480944228    0.0090396217    0.1945962342    0.0224150183
   0.0000000000  -69.0000000000    0.1013250000    0.1488363786    0.0090531142    0.1960002889    0.0235547955
   0.0000000000  -68.0000000000    0.1013250000    0.1495752433    0.0090664934    0.1974043613    0.0247737462
   0.0000000000  -67.0000000000    0.1013250000    0.1503110245    0.0090797606    0.1988084142    0.0260757617
   0.0000000000  -66.0000000000    0.1013250000    0.1510437303    0.0090929174    0.2002124106    0.0274647066
   0.0000000000  -65.0000000000    0.1013250000    0.1517733690    0.0091059649    0.2016163139    0.0289443789
   0.0000000000  -64.0000000000    0.1013250000    0.1524999489    0.0091189046    0.2030200882    0.0305184644
   0.0000000000  -63.0000000000    0.1013250000    0.1532234788    0.0091317377    0.2044236976    0.0321904840
   0.0000000000  -62.0000000000    0.1013250000    0.1539439674    0.0091444656    0.2058271068    0.0339637340
   0.0000000000  -61.0000000000    0.1013250000    0.1546614237    0.0091570896    0.2072302811    0.0358412198
   0.0000000000  -60.0000000000    0.1013250000    0.1553758570    0.0091696109    0.2086331860    0.0378259456
   0.0000000000  -59.0000000000    0.1013250000    0.1560872766    0.0091820306    0.2100357872    0.0399195020
   0.0000000000  -58.0000000000    0.1013250000    0.1567956920    0.0091943502    0.2114380512    0.0421238311
   0.0000000000  -57.0000000000    0.1013250000    0.1575011130    0.0092065707    0.2128399447    0.0444399829
   0.0000000000  -56.0000000000    0.1013250000    0.1582035493    0.0092186933    0.2142414348    0.0468682920
   0.0000000000  -55.0000000000    0.1013250000    0.1589030110    0.0092307192    0.2156424890    0.0494082825
   0.0000000000  -54.0000000000    0.1013250000    0.1595995081    0.0092426495    0.2170430752    0.0520585761
   0.0000000000  -53.0000000000    0.1013250000    0.1602930509    0.0092544853    0.2184431617    0.0548174295
   0.0000000000  -52.0000000000    0.1013250000    0.1609836498    0.0092662279    0.2198427172    0.0576803596
   0.0000000000  -51.0000000000    0.1013250000    0.1616713153    0.0092778781    0.2212417108    0.0606432964
   0.0000000000  -50.0000000000    0.1013250000    0.1623560578    0.0092894372    0.2226401119    0.0637005431
   0.0000000000  -49.0000000000    0.1013250000    0.1630378883    0.0093009062    0.2240378904    0.0668452396
   0.0000000000  -48.0000000000    0.1013250000    0.1637168174    0.0093122861    0.2254350165    0.0700693877
   0.0000000000  -47.0000000000    0.1013250000    0.1643928561    0.0093235779    0.2268314607    0.0733639128
   0.0000000000  -46.0000000000    0.1013250000    0.1650660154    0.0093347827    0.2282271941    0.0767196970
   0.0000000000  -45.0000000000    0.1013250000    0.1657363064    0.0093459014    0.2296221881    0.0801241876
   0.0000000000  -44.0000000000    0.1013250000    0.1664037402    0.0093569350    0.2310164143    0.0835666027
   0.0000000000  -43.0000000000    0.1013250000    0.1670683280    0.0093678845    0.2324098448    0.0870349535
   0.0000000000  -42.0000000000    0.1013250000    0.1677300813    0.0093787509    0.2338024521    0.0905170352
   0.0000000000  -41.0000000000    0.1013250000    0.1683890113    0.0093895350    0.2351942091    0.0940006714
   0.0000000000  -40.0000000000    0.1013250000    0.1690451295    0.0094002379    0.2365850888    0.0974739576
   0.0000000000  -39.0000000000    0.1013250000    0.1696984475    0.0094108603    0.2379750650    0.1009254926
   0.0000000000  -38.0000000000    0.1013250000    0.1703489768    0.0094214032    0.2393641114    0.1043445856
   0.0000000000  -37.0000000000    0.1013250000    0.1709967290    0.0094318675    0.2407522023    0.1077214301
   0.0000000000  -36.0000000000    0.1013250000    0.1716417158    0.0094422541    0.2421393124    0.1110481491
   0.0000000000  -35.0000000000    0.1013250000    0.1722839489    0.0094525638    0.2435254167    0.1143152544
   0.0000000000  -34.0000000000    0.1013250000    0.1729234401    0.0094627974    0.2449104903    0.1175170995
   0.0000000000  -33.0000000000    0.1013250000    0.1735602010    0.0094729558    0.2462945091    0.1206483175
   0.0000000000  -32.0000000000    0.1013250000    0.1741942437    0.0094830398    0.2476774489    0.1237046718
   0.0000000000  -31.0000000000    0.1013250000    0.1748255799    0.0094930502    0.2490592862    0.1266829977
   0.0000000000  -30.0000000000    0.1013250000    0.1754542215    0.0095029878    0.2504399977    0.1295811213
   0.0000000000  -29.0000000000    0.1013250000    0.1760801804    0.0095128534    0.2518195602    0.1323977641
   0.0000000000  -28.0000000000    0.1013250000    0.1767034686    0.0095226478    0.2531979513    0.1351324393
   0.0000000000  -27.0000000000    0.1013250000    0.1773240980    0.0095323717    0.2545751485    0.1377846574
   0.0000000000  -26.0000000000    0.1013250000    0.1779420805    0.0095420259    0.2559511299    0.1403566275
   0.0000000000  -25.0000000000    0.1013250000    0.1785574283    0.0095516111    0.2573258739    0.1428488698
   0.0000000000  -24.0000000000    0.1013250000    0.1791701532    0.0095611281    0.2586993589    0.1452630356
   0.0000000000  -23.0000000000    0.1013250000    0.1797802672    0.0095705775    0.2600715642    0.1476010836
   0.0000000000  -22.0000000000    0.1013250000    0.1803877825    0.0095799602    0.2614424688    0.1498652075
   0.0000000000  -21.0000000000    0.1013250000    0.1809927109    0.0095892767    0.2628120525    0.1520577720
   0.0000000000  -20.0000000000    0.1013250000    0.1815950646    0.0095985278    0.2641802951    0.1541812582
   0.0000000000  -19.0000000000    0.1013250000    0.1821948555    0.0096077141    0.2655471768    0.1562382180
   0.0000000000  -18.0000000000    0.1013250000    0.1827920956    0.0096168364    0.2669126783    0.1582312364
   0.0000000000  -17.0000000000    0.1013250000    0.1833867971    0.0096258953    0.2682767803    0.1601628998
   0.0000000000  -16.0000000000    0.1013250000    0.1839789718    0.0096348915    0.2696394640    0.1620357717
   0.0000000000  -15.0000000000    0.1013250000    0.1845686318    0.0096438255    0.2710007107    0.1638523730
   0.0000000000  -14.0000000000    0.1013250000    0.1851557890    0.0096526981    0.2723605023    0.1656151666
   0.0000000000  -13.0000000000    0.1013250000    0.1857404555    0.0096615098    0.2737188207    0.1673265462
   0.0000000000  -12.0000000000    0.1013250000    0.1863226432    0.0096702613    0.2750756482    0.1689888283
   0.0000000000  -11.0000000000    0.1013250000    0.1869023641    0.0096789532    0.2764309676    0.1706042462
   0.0000000000  -10.0000000000    0.1013250000    0.1874796301    0.0096875861    0.2777847615    0.1721749466
   0.0000000000   -9.0000000000    0.1013250000    0.1880544531    0.0096961606    0.2791370132    0.1737029879
   0.0000000000   -8.0000000000    0.1013250000    0.1886268451    0.0097046773    0.2804877062    0.1751903396
   0.0000000000   -7.0000000000    0.1013250000    0.1891968178    0.0097131367    0.2818368241    0.1766388831
   0.0000000000   -6.0000000000    0.1013250000    0.1897643832    0.0097215395    0.2831843509    0.1780504125
   0.0000000000   -5.0000000000    0.1013250000    0.1903295530    0.0097298862    0.2845302710    0.1794263986
   0.0000000000   -4.0000000000    0.1013250000    0.1908923392    0.0097381773    0.2858745688    0.1807689714
   0.0000000000   -3.0000000000    0.1013250000    0.1914527534    0.0097464134    0.2872172291    0.1820794116
   0.0000000000   -2.0000000000    0.1013250000    0.1920108075    0.0097545950    0.2885582370    0.1833591905
   0.0000000000   -1.0000000000    0.1013250000    0.1925665131    0.0097627227    0.2898975779    0.1846097059
   0.0000000000    0.0000000000    0.1013250000    0.1931198820    0.0097707971    0.2912352372    0.1858322856
   0.0000000000    1.0000000000    0.1013250000    0.1936709258    0.0097788185    0.2925712009    0.1870281902
   0.0000000000    2.0000000000    0.1013250000    0.1942196561    0.0097867876    0.2939054551    0.1881986168
   0.0000000000    3.0000000000    0.1013250000    0.1947660846    0.0097947048    0.2952379859    0.1893447018
   0.0000000000    4.0000000000    0.1013250000    0.1953102228    0.0098025707    0.2965687802    0.1904675241
   0.0000000000    5.0000000000    0.1013250000    0.1958520823    0.0098103858    0.2978978246    0.1915681081
   0.0000000000    6.0000000000    0.1013250000    0.1963916746    0.0098181505    0.2992251063    0.1926474266
   0.0000000000    7.0000000000    0.1013250000    0.1969290111    0.0098258652    0.3005506126    0.1937064035
   0.0000000000    8.0000000000    0.1013250000    0.1974641032    0.0098335306    0.3018743310    0.1947459165
   0.0000000000    9.0000000000    0.1013250000    0.1979969623    0.0098411471    0.3031962493    0.1957667995
   0.0000000000   10.0000000000    0.1013250000    0.1985275999    0.0098487151    0.3045163555    0.1967698452
   0.0000000000   11.0000000000    0.1013250000    0.1990560272    0.0098562350    0.3058346379    0.1977558072
   0.0000000000   12.0000000000    0.1013250000    0.1995822554    0.0098637075    0.3071510850    0.1987254020
   0.0000000000   13.0000000000    0.1013250000    0.2001062959    0.0098711328    0.3084656854    0.1996793115
   0.0000000000   14.0000000000    0.1013250000    0.2006281598    0.0098785114    0.3097784281    0.2006181846
   0.0000000000   15.0000000000    0.1013250000    0.2011478582    0.0098858438    0.3110893022    0.2015426390
   0.0000000000   16.0000000000    0.1013250000    0.2016654023    0.0098931304    0.3123982971    0.2024532630
   0.0000000000   17.0000000000    0.1013250000    0.2021808031    0.0099003716    0.3137054024    0.2033506172
   0.0000000000   18.0000000000    0.1013250000    0.2026940717    0.0099075679    0.3150106078    0.2042352359
   0.0000000000   19.0000000000    0.1013250000    0.2032052190    0.0099147196    0.3163139034    0.2051076286
   0.0000000000   20.0000000000    0.1013250000    0.2037142560    0.0099218272    0.3176152794    0.2059682814
   0.0000000000   21.0000000000    0.1013250000    0.2042211936    0.0099288910    0.3189147261    0.2068176581
   0.0000000000   22.0000000000    0.1013250000    0.2047260425    0.0099359116    0.3202122342    0.2076562018
   0.0000000000   23.0000000000    0.1013250000    0.2052288137    0.0099428892    0.3215077945    0.2084843354
   0.0000000000   24.0000000000    0.1013250000    0.2057295179    0.0099498243    0.3228013980    0.2093024634
   0.0000000000   25.0000000000    0.1013250000    0.2062281657    0.0099567172    0.3240930360    0.2101109723
   0.0000000000   26.0000000000    0.1013250000    0.2067247679    0.0099635683    0.3253826998    0.2109102319
   0.0000000000   27.0000000000    0.1013250000    0.2072193350    0.0099703781    0.3266703810    0.2117005961
   0.0000000000   28.0000000000    0.1013250000    0.2077118777    0.0099771468    0.3279560715    0.2124824038
   0.0000000000   29.0000000000    0.1013250000    0.2082024064    0.0099838749    0.3292397632    0.2132559797
   0.0000000000   30.0000000000    0.1013250000    0.2086909316    0.0099905627    0.3305214482    0.2140216346
   0.0000000000   31.0000000000    0.1013250000    0.2091774638    0.0099972105    0.3318011190    0.2147796671
   0.0000000000   32.0000000000    0.1013250000    0.2096620134    0.0100038188    0.3330787680    0.2155303632
   0.0000000000   33.0000000000    0.1013250000    0.2101445906    0.0100103878    0.3343543879    0.2162739977
   0.0000000000   34.0000000000    0.1013250000    0.2106252058    0.0100169180    0.3356279716    0.2170108343
   0.0000000000   35.0000000000    0.1013250000    0.2111038692    0.0100234096    0.3368995122    0.2177411265
   0.0000000000   36.0000000000    0.1013250000    0.2115805910    0.0100298631    0.3381690029    0.2184651180
   0.0000000000   37.0000000000    0.1013250000    0.2120553813    0.0100362786    0.3394364371    0.2191830432
   0.0000000000   38.0000000000    0.1013250000    0.2125282502    0.0100426567    0.3407018084    0.2198951275
   0.0000000000   39.0000000000    0.1013250000    0.2129992077    0.0100489975    0.3419651104    0.2206015883
   0.0000000000   40.0000000000    0.1013250000    0.2134682640    0.0100553014    0.3432263371    0.2213026347
   0.0000000000   41.0000000000    0.1013250000    0.2139354288    0.0100615688    0.3444854825    0.2219984685
   0.0000000000   42.0000000000    0.1013250000    0.2144007121    0.0100678000    0.3457425409    0.2226892842
   0.0000000000   43.0000000000    0.1013250000    0.2148641238    0.0100739952    0.3469975066    0.2233752697
   0.0000000000   44.0000000000    0.1013250000    0.2153256735    0.0100801547    0.3482503741    0.2240566062
   0.0000000000   45.0000000000    0.1013250000    0.2157853712    0.0100862790    0.3495011382    0.2247334690
   0.0000000000   46.0000000000    0.1013250000    0.2162432264    0.0100923682    0.3507497936    0.2254060273
   0.0000000000   47.0000000000    0.1013250000    0.2166992489    0.0100984228    0.3519963354    0.2260744451
   0.0000000000   48.0000000000    0.1013250000    0.2171534482    0.0101044428    0.3532407587    0.2267388809
   0.0000000000   49.0000000000    0.1013250000    0.2176058339    0.0101104288    0.3544830587    0.2273995050
   0.0000000000   50.0000000000    0.1013250000    0.2180564154    0.0101163809    0.3557232309    0.2280564325
   0.0000000000   51.0000000000    0.1013250000    0.2185052023    0.0101222995    0.3569612709    0.2287098246
   0.0000000000   52.0000000000    0.1013250000    0.2189522039    0.0101281847    0.3581971743    0.2293598215
   0.0000000000   53.0000000000    0.1013250000    0.2193974296    0.0101340370    0.3594309371    0.2300065592
   0.0000000000   54.0000000000    0.1013250000    0.2198408887    0.0101398565    0.3606625551    0.2306501698
   0.0000000000   55.0000000000    0.1013250000    0.2202825904    0.0101456436    0.3618920245    0.2312907817
   0.0000000000   56.0000000000    0.1013250000    0.2207225439    0.0101513985    0.3631193416    0.2319285201
   0.0000000000   57.0000000000    0.1013250000    0.2211607585    0.0101571215    0.3643445027    0.2325635065
   0.0000000000   58.0000000000    0.1013250000    0.2215972431    0.0101628129    0.3655675044    0.2331958597
   0.0000000000   59.0000000000    0.1013250000    0.2220320069    0.0101684728    0.3667883432    0.2338256951
   0.0000000000   60.0000000000    0.1013250000    0.2224650589    0.0101741016    0.3680070160    0.2344531256
   0.0000000000   61.0000000000    0.1013250000    0.2228964080    0.0101796996    0.3692235197    0.2350782613
   0.0000000000   62.0000000000    0.1013250000    0.2233260632    0.0101852669    0.3704378512    0.2357012097
   0.0000000000   63.0000000000    0.1013250000    0.2237540332    0.0101908038    0.3716500078    0.2363220759
   0.0000000000   64.0000000000    0.1013250000    0.2241803270    0.0101963107    0.3728599866    0.2369409628
   0.0000000000   65.0000000000    0.1013250000    0.2246049532    0.0102017876    0.3740677850    0.2375579712
   0.0000000000   66.0000000000    0.1013250000    0.2250279207    0.0102072349    0.3752734006    0.2381731997
   0.0000000000   67.0000000000    0.1013250000    0.2254492380    0.0102126527    0.3764768309    0.2387867451
   0.0000000000   68.0000000000    0.1013250000    0.2258689139    0.0102180415    0.3776780736    0.2393987023
   0.0000000000   69.0000000000    0.1013250000    0.2262869567    0.0102234012    0.3788771267    0.2400091645
   0.0000000000   70.0000000000    0.1013250000    0.2267033752    0.0102287323    0.3800739879    0.2406182212
   0.0000000000   71.0000000000    0.1013250000    0.2271181778    0.0102340349    0.3812686555    0.2412259649
   0.0000000000   72.0000000000    0.1013250000    0.2275313728    0.0102393093    0.3824611275    0.2418324833
   0.0000000000   73.0000000000    0.1013250000    0.2279429687    0.0102445556    0.3836514022    0.2424378633
   0.0000000000   74.0000000000    0.1013250000    0.2283529739    0.0102497742    0.3848394780    0.2430421908
   0.0000000000   75.0000000000    0.1013250000    0.2287613965    0.0102549652    0.3860253533    0.2436455502
   0.0000000000   76.0000000000    0.1013250000    0.2291682449    0.0102601288    0.3872090268    0.2442480250
   0.0000000000   77.0000000000    0.1013250000    0.2295735273    0.0102652652    0.3883904970    0.2448496977
   0.0000000000   78.0000000000    0.1013250000    0.2299772517    0.0102703747    0.3895697628    0.2454506500
   0.0000000000   79.0000000000    0.1013250000    0.2303794264    0.0102754575    0.3907468231    0.2460509626
   0.0000000000   80.0000000000    0.1013250000    0.2307800592    0.0102805138    0.3919216768    0.2466507049
   0.0000000000   81.0000000000    0.1013250000    0.2311791584    0.0102855438    0.3930943229    0.2472499712
   0.0000000000   82.0000000000    0.1013250000    0.2315767318    0.0102905477    0.3942647606    0.2478488324
   0.0000000000   83.0000000000    0.1013250000    0.2319727873    0.0102955256    0.3954329892    0.2484473655
   0.0000000000   84.0000000000    0.1013250000    0.2323673328    0.0103004779    0.3965990080    0.2490456475
   0.0000000000   85.0000000000    0.1013250000    0.2327603762    0.0103054047    0.3977628164    0.2496437560
   0.0000000000   86.0000000000    0.1013250000    0.2331519252    0.0103103061    0.3989244140    0.2502417527
   0.0000000000   87.0000000000    0.1013250000    0.2335419876    0.0103151824    0.4000838003    0.2508397323
   0.0000000000   88.0000000000    0.1013250000    0.2339305711    0.0103200339    0.4012409750    0.2514377597
   0.0000000000   89.0000000000    0.1013250000    0.2343176832    0.0103248605    0.4023959379    0.2520359120
   0.0000000000   90.0000000000    0.1013250000    0.2347033317    0.0103296627    0.4035486888    0.2526342463
   0.0000000000   91.0000000000    0.1013250000    0.2350875240    0.0103344405    0.4046992277    0.2532328593
   0.0000000000   92.0000000000    0.1013250000    0.2354702678    0.0103391941    0.4058475546    0.2538318034
   0.0000000000   93.0000000000    0.1013250000    0.2358515704    0.0103439237    0.4069936695    0.2544311715
   0.0000000000   94.0000000000    0.1013250000    0.2362314393    0.0103486295    0.4081375727    0.2550310144
   0.0000000000   95.0000000000    0.1013250000    0.2366098818    0.0103533116    0.4092792644    0.2556314141
   0.0000000000   96.0000000000    0.1013250000    0.2369869054    0.0103579704    0.4104187448    0.2562324459
   0.0000000000   97.0000000000    0.1013250000    0.2373625173    0.0103626058    0.4115560145    0.2568341683
   0.0000000000   98.0000000000    0.1013250000    0.2377367248    0.0103672181    0.4126910739    0.2574366842
   0.0000000000   99.0000000000    0.1013250000    0.2381095351    0.0103718075    0.4138239235    0.2580400146
   0.0000000000  100.0000000000    0.1013250000    0.2384809553    0.0103763741    0.4149545639    0.2564360324
   0.0000000000  101.0000000000    0.1013250000    0.2388509927    0.0103809182    0.4160829959    0.2555041292
   0.0000000000  102.0000000000    0.1013250000    0.2392196542    0.0103854398    0.4172092201    0.2551651194
   0.0000000000  103.0000000000    0.1013250000    0.2395869469    0.0103899391    0.4183332374    0.2549585528
   0.0000000000  104.0000000000    0.1013250000    0.2399528779    0.0103944163    0.4194550487    0.2548114805
   0.0000000000  105.0000000000    0.1013250000    0.2403174541    0.0103988716    0.4205746549    0.2546953742
   0.0000000000  106.0000000000    0.1013250000    0.2406806823    0.0104033051    0.4216920571    0.2545953210
   0.0000000000  107.0000000000    0.1013250000    0.2410425696    0.0104077170    0.4228072563    0.2545026331
   0.0000000000  108.0000000000    0.1013250000    0.2414031228    0.0104121075    0.4239202537    0.2544118733
   0.0000000000  109.0000000000    0.1013250000    0.2417623485    0.0104164766    0.4250310505    0.2543187223
   0.0000000000  110.0000000000    0.1013250000    0.2421202537    0.0104208246    0.4261396479    0.2542206826
   0.0000000000  111.0000000000    0.1013250000    0.2424768450    0.0104251516    0.4272460473    0.2541152365
   0.0000000000  112.0000000000    0.1013250000    0.2428321290    0.0104294577    0.4283502500    0.2540010644
   0.0000000000  113.0000000000    0.1013250000    0.2431861126    0.0104337431    0.4294522576    0.2538765915
   0.0000000000  114.0000000000    0.1013250000    0.2435388022    0.0104380080    0.4305520715    0.2537407245
   0.0000000000  115.0000000000    0.1013250000    0.2438902043    0.0104422525    0.4316496932    0.2535924504
   0.0000000000  116.0000000000    0.1013250000    0.2442403256    0.0104464767    0.4327451244    0.2534312292
   0.0000000000  117.0000000000    0.1013250000    0.2445891726    0.0104506809    0.4338383667    0.2532562557
   0.0000000000  118.0000000000    0.1013250000    0.2449367516    0.0104548650    0.4349294219    0.2530669636
   0.0000000000  119.0000000000    0.1013250000    0.2452830690    0.0104590293    0.4360182918    0.2528628598
   0.0000000000  120.0000000000    0.1013250000    0.2456281313    0.0104631739    0.4371049781    0.2526434210
   0.0000000000  121.0000000000    0.1013250000    0.2459719448    0.0104672990    0.4381894827    0.2524084772
   0.0000000000  122.0000000000    0.1013250000    0.2463145157    0.0104714047    0.4392718075    0.2521575713
   0.0000000000  123.0000000000    0.1013250000    0.2466558503    0.0104754911    0.4403519546    0.2518904120
   0.0000000000  124.0000000000    0.1013250000    0.2469959549    0.0104795584    0.4414299260    0.2516067431
   0.0000000000  125.0000000000    0.1013250000    0.2473348357    0.0104836066    0.4425057236    0.2513063397
   0.0000000000  126.0000000000    0.1013250000    0.2476724986    0.0104876360    0.4435793497    0.2509890056
