#Temp(K) Press(MPa) rho(g/cc)
298.56	400	1127.035831
303.36	400	1124.106563
312.96	400	1119.016818
322.56	400	1114.690722
333.12	400	1108.974359
342.72	400	1104.020421
353.28	400	1098.412698
362.88	400	1093.552465
373.44	400	1088.050314
383.04	400	1082.603254
393.6	400	1076.540137
403.2	400	1071.20743
412.8	400	1065.927295
423.36	400	1060.04902
#199.700000 399.000000 1190.476190   
#204.600000 399.000000 1186.239620   
#209.500000 399.000000 1182.033097   
#214.400000 399.000000 1177.856302   
#219.500000 399.000000 1175.088132   
#229.300000 399.000000 1168.224299   
#234.500000 399.000000 1165.501166   
#239.300000 399.000000 1160.092807   
#244.300000 399.000000 1158.748552   
#249.300000 399.000000 1156.069364   
#254.100000 399.000000 1153.402537   
#259.300000 399.000000 1148.105626   
#264.300000 399.000000 1146.788991   
#269.100000 399.000000 1142.857143   
#274.100000 399.000000 1141.552511  
199.7   399     1188.11    #Mishima (2010), corrected
204.6   399     1183.87    #Mishima (2010), corrected
209.5   399     1179.67    #Mishima (2010), corrected
214.4   399     1175.49    #Mishima (2010), corrected
219.5   399     1172.72    #Mishima (2010), corrected
229.3   399     1165.86    #Mishima (2010), corrected
234.5   399     1163.13    #Mishima (2010), corrected
239.3   399     1157.73    #Mishima (2010), corrected
244.3   399     1156.38    #Mishima (2010), corrected
249.3   399     1153.7     #Mishima (2010), corrected
254.1   399     1151.03    #Mishima (2010), corrected
259.3   399     1145.74    #Mishima (2010), corrected
264.3   399     1144.42    #Mishima (2010), corrected
269.1   399     1140.49    #Mishima (2010), corrected
274.1   399     1139.18    #Mishima (2010), corrected 
