#rho(g/cc) p(MPa)
1.1490779129346422, 1000.04799430400003
1.1824334102554073, 1195.7862348600397
1.19951793327336, 1320.3797140121305
1.2161956819337427, 1446.065457642881
1.232466656236555, 1576.8886107525755
1.2483308561817967, 1708.869048803544
1.2629747330543277, 1841.4940010240934
1.2776186099268587, 1990.2347482818195
1.2918557124418195, 2119.1640265446335
1.3044657175264989, 2248.668929421461
1.316668948253608, 2378.3847523355475
1.328465404623147, 2511.475295845773
1.3394483122775451, 2637.053841105939
1.3504312199319435, 2767.7431411150656
1.357753158368209, 2857.9114570431493
1.3784986506042944, 3119.411741698282
1.3886680095435522, 3254.441127089462
1.3984305941252395, 3387.584400609002
1.4081931787069268, 3522.573224454555
1.4175489889310438, 3655.908243462512
1.4252777017248797, 3765.5267423718938

