#rho(g/cc) p(MPa)
1.1102296183429388  1000.5183572800756
1.134912594129841  1185.6567557597605
1.1525713868290697  1303.2756941840103
1.1709958724366658  1431.3165638610426
1.1888062085240088  1563.7412617634513
1.2057551400894382  1699.8549924743843
1.2218634046492223  1836.3202565807483
1.2377547228849688  1994.8585070793433
1.2520499360224395  2111.4805109016393
1.26582215355732  2244.812105883017
1.2786355458207845  2374.6409216742063
1.2908231313802947  2505.8778025492925
1.3029865380444252  2638.8901728988553
1.3146663668009544  2771.1503109477057
1.320736691829311  2834.182952851548
1.340705614837308  3081.8222511420768
1.351281748134136  3212.113310521414
1.3614954824578558  3344.187602943029
1.3712580670395431  3474.5361859688915
1.3811833613642586  3609.630469833074
1.3906205264598896  3743.1428534178167
1.397617045410099  3839.7442304822907
1.4077864043493564  3984.7517560976307
