#Temp(C) nHB 
6.6056  3.1786
14.048  3.1474
21.491  3.1161
28.934  3.0854
36.376  3.0548
43.819  3.0312
51.262  3.0056
58.704  2.9648
66.147  2.9245
73.590  2.8907
81.032  2.8594
88.475  2.8326
95.918  2.8000
103.36  2.7687
110.80  2.7368
118.25  2.7011
125.69  2.6570
133.13  2.6085
140.57  2.5632
148.02  2.5165
155.46  2.4731
162.90  2.4297
170.34  2.3888
177.79  2.3486
185.23  2.3090
192.67  2.2695
200.12  2.2311
207.56  2.1922
215.00  2.1564
222.44  2.1220
229.89  2.0900
237.33  2.0581
244.77  2.0224
252.21  1.9898
259.66  1.9592
267.10  1.9279
274.54  1.8972
281.98  1.8659
289.43  1.8340
296.87  1.8046
304.31  1.7714
311.76  1.7414
319.20  1.7082
326.64  1.6731
334.08  1.6431
341.53  1.6169
348.97  1.5901
356.41  1.5435
363.85  1.5026
371.30  1.4739
378.74  1.4477
386.18  1.4139
392.27  1.3996

