#Temp(C) kappa10^6(1/bar)
-49.67741935483872  67.33333333333334
-37.41935483870968  44.22222222222222
-25.161290322580648  51.333333333333336
-12.258064516129032  44.22222222222222
0  45.55555555555556
12.903225806451616  52.22222222222222
25.161290322580655  59.777777777777786
38.06451612903227  44.22222222222222
50.322580645161295  41.11111111111111
63.2258064516129  50.44444444444444
75.48387096774192  55.333333333333336
87.74193548387098  62.44444444444444
100.64516129032259  78.44444444444446
