#Temp(C)  Density(g/cc)
-49.55777359428835  1.0101445671864455
-37.32817106525059  1.015305651262743
-24.60128583099491  1.0190210634745853
-12.343267147373275  1.018385252015771
0.43689837672717147  1.011231485099279
12.719781195609713  1.005523390047242
24.995559975846277  1.0012645188789828
37.789933577238685  0.9912123041949349
50.094128512059115  0.9811565374915641
62.39477142755658  0.9718253827300821
75.18914502894899  0.9617731680460343
87.48978794444645  0.9524420132845524
99.84726316911164  0.931517067452847
