#Temp(K) kappa(1/bar)
209.952270093716     0.00004290578580351678   
219.976672743796     0.00006011070310839435  
229.680203939672     0.00006455564106510697  
240.236458475206     0.0000616738965864936     
246.968739023533     0.00005745381384814971  
259.468613578202     0.00005433165417005652   
269.980471490116     0.00005039515883311921  
279.736350530871     0.00004904923626764476  
290.087428553182     0.0000469247025100496     
299.681853187511     0.000046668036943950245  
310.665417788705     0.0000460959270579095   
320.164290925091     0.00004669646345650656   
339.749417097362     0.00004804011521801271   
359.898640172612     0.00005031421095450648  

