#P(MPa) Temp(K) 	alpha*10^3
100    214.725     -0.3619293510
100    219.679     -0.4097897173
100    224.694     -0.3617586497
100    229.102     -0.2655784655
100    234.452     -0.1982064563
100    239.842     -0.0650846522
100    244.707      0.0528460569
100    250.533      0.1441850713
100    254.933      0.1730057291
100    260.158      0.2019359724
100    268.827      0.2416534165
100    279.375      0.2920070044
100    289.128      0.3291782456
100    298.667      0.3655354151
100    309.287      0.4102378081
100    318.660      0.4549188635
100    329.284      0.5064706447
100    338.846      0.5291412725
100    348.974      0.5650464478
100    358.792      0.5968374147
100    374.196      0.6505142539
100    387.971      0.6992563826
100    382.725      0.6742811937
100    399.570      0.7354485344
100    409.199      0.7605386134
100    418.990      0.7780676405
#P(MPa)   Temp(K) 	alpha*10^3
140    209.898     -0.1085873404
140    214.900     -0.0811044371
140    219.302     -0.0159605680
140    225.590      0.0766128602
140    229.990      0.1383320353
140    235.616      0.1692503014
140    239.999      0.2035719239
140    245.619      0.2242161078
140    249.991      0.2414142600
140    255.610      0.2586337498
140    260.603      0.2724178767
140    265.594      0.2827773095
140    271.210      0.2965721053
140    276.826      0.3103669010
140    282.446      0.3310110849
140    288.692      0.3550906317
140    297.434      0.3860622419
140    308.674      0.4273506097
140    318.662      0.4583435576
140    328.651      0.4893365055
140    339.262      0.5203401223
140    348.625      0.5478977073
140    358.609      0.5720412670
140    369.220      0.6030448838
140    379.206      0.6306131376
140    388.571      0.6615954167
140    398.551      0.6788895883
140    408.535      0.7030331481
140    418.518      0.7271767078
#P(MPa) Temp(K       alpha*10^3
160    198.843      0.1480726761
160    205.697      0.1481900332
160    210.064      0.1585387972
160    214.447      0.1928604197
160    220.074      0.2237786858
160    225.076      0.2512615890
160    230.071      0.2684704100
160    233.818      0.2822331993
160    239.434      0.2960279950
160    245.045      0.3029734026
160    250.659      0.3133435043
160    255.650      0.3237029371
160    261.258      0.3237989566
160    266.870      0.3307443642
160    272.486      0.3445391599
160    278.721      0.3514952364
160    284.334      0.3618653380
160    291.197      0.3756814714
160    298.682      0.3895082737
160    309.295      0.4239365845
160    318.660      0.4549188636
160    328.649      0.4859118115
160    339.260      0.5169154282
160    349.246      0.5444836820
160    358.609      0.5720412670
160    369.216      0.5961954956
160    378.576      0.6203283866
160    389.181      0.6410579211
160    399.163      0.6617767868
160    408.524      0.6859096777
160    419.133      0.7134886004
#P(MPa)  Temp(       alpha*10^3
200    193.438      0.4733225934
200    197.793      0.4631231930
200    203.390      0.4460957421
200    208.364      0.4290576223
200    211.468      0.4119874961
200    216.444      0.3983740705
200    222.664      0.3813572884
200    227.019      0.3711578880
200    231.997      0.3609691564
200    237.603      0.3576404818
200    243.210      0.3577365013
200    247.572      0.3578111831
200    252.556      0.3578965337
200    258.789      0.3614279161
200    265.024      0.3683839925
200    269.387      0.3718833684
200    274.376      0.3788181071
200    279.363      0.3823281518
200    284.977      0.3926982535
200    292.462      0.4065250557
200    298.703      0.4237552144
200    309.304      0.4376353608
200    318.658      0.4514941695
200    328.644      0.4790624233
200    339.258      0.5134907341
200    348.610      0.5239248488
200    358.594      0.5480684085
200    369.199      0.5687979430
200    378.557      0.5895061399
200    387.920      0.6170637249
200    399.148      0.6378039283
200    409.130      0.6585227940
200    418.486      0.6758062967
#P(MPa)   T(K)lpha 
300    195.429      0.6685621619
300    200.394      0.6378252659
300    205.366      0.6173624521
300    210.335      0.5934749443
300    215.305      0.5695874364
300    220.270      0.5388505404
300    225.242      0.5183877266
300    230.211      0.4945002187
300    235.187      0.4808867931
300    240.786      0.4672840362
300    246.385      0.4536812794
300    251.989      0.4469279107
300    256.969      0.4401638732
300    263.197      0.4368458674
300    268.182      0.4369312181
300    273.787      0.4336025434
300    279.395      0.4336985629
300    286.244      0.4269665319
300    292.479      0.4339226083
300    299.335      0.4374646595
300    308.685      0.4444740801
300    318.662      0.4583435576
300    328.646      0.4824871174
300    339.241      0.4860931816
300    348.595      0.4999519903
300    357.949      0.5138107990
300    368.556      0.5379650276
300    378.527      0.5415604229
300    388.503      0.5520052064
300    399.112      0.5795841291
300    408.462      0.5865935496
300    419.063      0.6004736960
#P(MPa)  T(K) lpha 
400    195.487      0.7610289019
400    199.816      0.7097331726
400    204.775      0.6687221944
400    210.357      0.6277218850
400    215.939      0.5867215756
400    220.289      0.5696727870
400    225.261      0.5492099732
400    229.612      0.5321611847
400    235.213      0.5219831219
400    240.191      0.5117943903
400    245.794      0.5050410216
400    250.772      0.4948522901
400    257.003      0.4949589784
400    263.857      0.4950763355
400    269.460      0.4883229668
400    273.817      0.4815482604
400    278.797      0.4747842229
400    286.270      0.4680628607
400    293.123      0.4681802179
400    299.354      0.4682869061
400    308.696      0.4615975504
400    318.662      0.4583435576
400    328.636      0.4653636470
400    339.234      0.4758190993
400    348.582      0.4794038258
400    358.558      0.4898486093
400    369.158      0.5037287557
400    378.510      0.5141628703
400    388.481      0.5177582657
400    399.082      0.5316384121
400    408.430      0.5352231386
400    418.401      0.5388185339
# P(MPa) Temp(K) 	alpha*10^3
60     234.116     -0.5496421372
60     239.355     -0.4388305973
60     244.140     -0.3100986582
60     250.065     -0.1865789503
60     254.758     -0.0483265104
60     267.650      0.1488239342
60     278.048      0.2248531197
60     355.146      0.6224408850
60     384.110      0.7211798080
60     389.110      0.7471872433
60     224.130     -0.7307294278
60     229.068     -0.6554715088
60     258.541      0.0392292838
60     263.485      0.1042131205
60     272.157      0.1862564146
60     282.083      0.2545795947
60     287.046      0.2887411848
60     292.007      0.3263274690
60     296.973      0.3570643650
60     306.912      0.4048393807
60     316.853      0.4491897024
60     327.417      0.4935293552
60     336.735      0.5378903457
60     346.677      0.5822406674
60     366.568      0.6572425344
60     376.513      0.6947434680
60     396.396      0.7834441113
60     406.343      0.8175203507
60     415.676      0.8379084827
