#P(MPa) Temp(K) 	alpha*10^3
160    198.8434989     0.1480726761
160    205.6971546     0.1481900332
160    210.0649732     0.1585387972
160    214.4477281     0.1928604197
160    220.0744684     0.2237786858
160    225.0760154     0.2512615890
160    230.0711611     0.2684704100
160    233.8180538     0.2822331993
160    239.4341253     0.2960279950
160    245.0459293     0.3029734026
160    250.6598671     0.3133435043
160    255.6507452     0.3237029371
160    261.2582817     0.3237989566
160    266.8700857     0.3307443642
160    272.4861572     0.3445391599
160    278.7210208     0.3514952364
160    284.3349586     0.3618653380
160    291.1971493     0.3756814714
160    298.6823996     0.3895082737
160    309.2957506     0.4239365845
160    318.6608486     0.4549188636
160    328.6490062     0.4859118115
160    339.2602234     0.5169154282
160    349.2462472     0.5444836820
160    358.6092115     0.5720412670
160    369.2161611     0.5961954956
160    378.5769916     0.6203283866
160    389.1818075     0.6410579211
160    399.1635638     0.6617767868
160    408.5243943     0.6859096777
160    419.1334777     0.7134886004
