#Temp(K) Press(MPa) rho(g/cc)
298.56	400	1127.035831
303.36	400	1124.106563
312.96	400	1119.016818
322.56	400	1114.690722
333.12	400	1108.974359
342.72	400	1104.020421
353.28	400	1098.412698
362.88	400	1093.552465
373.44	400	1088.050314
383.04	400	1082.603254
393.6	400	1076.540137
403.2	400	1071.20743
412.8	400	1065.927295
423.36	400	1060.04902
297.6	300	1101.209421
303.36	300	1098.412698
312.96	300	1093.552465
322.56	300	1088.735053
333.12	300	1083.9599
342.72	300	1078.553616
353.28	300	1073.200993
362.88	300	1067.901235
372.48	300	1062.001228
383.04	300	1056.81124
393.6	300	1051.032807
403.2	300	1045.317221
412.8	300	1039.039039
423.36	300	1032.835821
297.6	240	1083.9599
303.36	240	1081.926204
312.96	240	1077.210461
322.56	240	1072.535648
333.12	240	1067.242443
342.72	240	1062.001228
353.28	240	1056.81124
362.88	240	1051.032807
373.44	240	1045.317221
383.04	240	1039.663462
392.64	240	1033.452808
403.2	240	1027.926322
412.8	240	1021.854696
423.36	240	1014.662757
297.6	200	1071.871128
302.4	200	1069.882498
312.96	200	1065.270936
322.56	200	1060.04902
333.12	200	1055.52166
342.72	200	1050.394657
353.28	200	1044.68599
362.88	200	1039.039039
373.44	200	1033.452808
383.04	200	1027.315914
393.6	200	1021.251476
403.2	200	1015.258216
412.8	200	1008.746356
423.36	200	1001.737116
297.6	160	1058.75153
303.36	160	1056.81124
312.96	160	1052.311436
322.56	160	1047.849788
333.12	160	1042.796866
342.72	160	1037.792442
353.28	160	1032.21957
362.88	160	1026.706231
373.44	160	1020.648968
383.04	160	1014.662757
393.6	160	1008.158508
403.2	160	1001.157407
412.8	160	0994.824612
423.36	160	0988.006853
297.6	120	1044.68599
303.36	120	1042.796866
312.96	120	1039.039039
312.96	120	1039.039039
322.56	120	1034.070532
333.12	120	1029.761905
342.72	120	1024.274719
353.28	120	1018.845701
362.88	120	1012.880562
373.44	120	1006.984866
384	120	1000.578369
393.6	120	0993.681792
403.2	120	0987.442922
413.76	120	0980.169972
423.36	120	0972.456436
297.6	100	1037.792442
303.36	100	1035.928144
312.96	100	1032.21957
323.52	100	1027.315914
333.12	100	1023.063276
342.72	100	1017.048795
353.28	100	1012.287888
362.88	100	1005.813953
373.44	100	0999.422299
383.04	100	0993.111366
393.6	100	0986.31699
403.2	100	0979.614949
412.8	100	0971.910112
423.36	100	0964.863358
297.6	80	1029.761905
303.36	80	1028.537455
312.96	80	1024.274719
323.52	80	1020.04717
333.12	80	1014.662757
342.72	80	1009.92411
352.32	80	1004.062681
362.88	80	0998.268898
373.44	80	0991.972477
383.04	80	0985.754986
392.64	80	0978.506787
403.2	80	0971.364402
412.8	80	0963.788301
423.36	80	0955.801105
297.6	60	1022.458629
303.36	60	1020.648968
312.96	60	1016.451234
322.56	60	1012.287888
333.12	60	1007.571345
342.72	60	1002.317497
353.28	60	0996.543779
363.84	60	0990.269033
373.44	60	0984.07281
383.04	60	0977.40113
393.6	60	0969.730942
403.2	60	0962.715637
412.8	60	0955.27333
423.36	60	0947.426068
297.6	40	1014.067995
302.4	40	1012.287888
312.96	40	1008.746356
322.56	40	1004.645761
333.12	40	0999.422299
342.72	40	0994.252874
353.28	40	0988.571429
362.88	40	0982.396366
373.44	40	0975.747321
383.04	40	0969.187675
393.6	40	0961.645359
403.2	40	0953.693495
412.8	40	0945.872061
423.36	40	0937.669377
234.500000  39.000000 1005.025126   
244.600000  39.000000 1009.081736   
249.500000  39.000000 1012.145749   
259.100000  39.000000 1016.260163   
264.400000  39.000000 1014.198783   
268.900000  39.000000 1014.198783   
274.500000  39.000000 1014.198783   
239.400000  40.000000 1005.025126   
254.400000  40.000000 1016.260163   
234.300000  59.000000 1019.367992   
229.400000  60.000000 1016.260163   
249.400000  60.000000 1024.590164   
274.500000  60.000000 1024.590164   
239.400000  61.000000 1020.408163   
244.500000  61.000000 1025.641026   
254.400000  61.000000 1028.806584   
259.300000  61.000000 1027.749229   
264.300000  61.000000 1027.749229   
269.100000  61.000000 1024.590164   
234.400000  79.000000 1035.196687   
239.500000  79.000000 1035.196687   
249.500000  79.000000 1038.421599   
254.400000  79.000000 1037.344398   
264.300000  79.000000 1037.344398   
224.500000  80.000000 1022.494888   
229.500000  80.000000 1031.991744   
244.300000  80.000000 1037.344398   
259.400000  80.000000 1037.344398   
269.100000  80.000000 1034.126163   
274.400000  80.000000 1034.126163   
219.600000  98.000000 1038.421599   
224.400000  99.000000 1041.666667   
234.300000  99.000000 1047.120419   
239.500000  99.000000 1046.025105   
244.300000 100.000000 1048.218029   
269.100000 100.000000 1043.841336   
274.300000 100.000000 1043.841336   
229.500000 101.000000 1048.218029   
249.400000 101.000000 1050.420168   
254.200000 101.000000 1049.317943   
259.300000 101.000000 1047.120419   
264.300000 101.000000 1047.120419   
229.500000 119.000000 1059.322034   
239.500000 119.000000 1057.082452   
214.600000 120.000000 1054.852321   
219.500000 120.000000 1058.201058   
224.400000 120.000000 1057.082452   
244.300000 120.000000 1058.201058   
249.400000 120.000000 1059.322034   
254.300000 120.000000 1057.082452   
259.400000 120.000000 1055.966209   
264.500000 120.000000 1054.852321   
269.200000 120.000000 1052.631579   
274.300000 120.000000 1051.524711   
234.500000 121.000000 1059.322034   
259.400000 159.000000 1071.811361   
274.300000 159.000000 1066.098081   
204.600000 160.000000 1088.139282   
209.500000 160.000000 1084.598698   
214.600000 160.000000 1085.776330   
219.500000 160.000000 1086.956522   
229.400000 160.000000 1081.081081   
234.400000 160.000000 1079.913607   
239.500000 160.000000 1077.586207   
244.300000 160.000000 1076.426265   
249.600000 160.000000 1076.426265   
264.300000 160.000000 1071.811361   
269.300000 160.000000 1068.376068   
224.400000 161.000000 1083.423619   
254.400000 161.000000 1075.268817   
199.600000 200.000000 1114.827202   
204.600000 200.000000 1112.347052   
209.600000 200.000000 1109.877913   
214.700000 200.000000 1107.419712   
239.300000 200.000000 1095.290252   
249.500000 200.000000 1092.896175   
254.300000 200.000000 1090.512541   
259.400000 200.000000 1088.139282   
274.200000 200.000000 1081.081081   
219.300000 201.000000 1106.194690   
224.300000 201.000000 1102.535832   
229.300000 201.000000 1101.321586   
234.300000 201.000000 1098.901099   
244.400000 201.000000 1094.091904   
264.300000 201.000000 1086.956522   
269.300000 201.000000 1083.423619   
199.700000 239.000000 1132.502831   
224.200000 240.000000 1118.568233   
229.300000 240.000000 1116.071429   
274.200000 240.000000 1095.290252   
204.600000 241.000000 1131.221719   
209.400000 241.000000 1127.395716   
214.500000 241.000000 1124.859393   
219.500000 241.000000 1122.334456   
234.400000 241.000000 1114.827202   
239.300000 241.000000 1109.877913   
244.500000 241.000000 1108.647450   
254.300000 241.000000 1104.972376   
259.300000 241.000000 1101.321586   
264.300000 241.000000 1100.110011   
269.300000 241.000000 1096.491228   
249.600000 242.000000 1108.647450   
234.400000 299.000000 1133.786848   
204.600000 300.000000 1154.734411   
209.500000 300.000000 1150.747986   
219.500000 300.000000 1144.164760   
224.400000 300.000000 1141.552511   
229.300000 300.000000 1137.656428   
239.200000 300.000000 1131.221719   
244.400000 300.000000 1129.943503   
249.400000 300.000000 1127.395716   
254.100000 300.000000 1124.859393   
259.300000 300.000000 1119.820829   
264.400000 300.000000 1118.568233   
269.200000 300.000000 1114.827202   
274.000000 300.000000 1113.585746   
199.700000 301.000000 1157.407407   
214.400000 301.000000 1146.788991   
199.700000 399.000000 1190.476190   
204.600000 399.000000 1186.239620   
209.500000 399.000000 1182.033097   
214.400000 399.000000 1177.856302   
219.500000 399.000000 1175.088132   
229.300000 399.000000 1168.224299   
234.500000 399.000000 1165.501166   
239.300000 399.000000 1160.092807   
244.300000 399.000000 1158.748552   
249.300000 399.000000 1156.069364   
254.100000 399.000000 1153.402537   
259.300000 399.000000 1148.105626   
264.300000 399.000000 1146.788991   
269.100000 399.000000 1142.857143   
274.100000 399.000000 1141.552511   
