# T(K)  P(MPa) Cp(J/gK)
253.15	0.1	4.393
273.15	0.1	4.218
298.15	0.1	4.182
323.15	0.1	4.182
348.15	0.1	4.192
373.15	0.1	4.216
398.15	0.1	4.254
423.15	0.1	4.309
448.15	0.1	4.387
473.15	0.1	4.507
253.15	50	4.025
273.15	50	4.017
298.15	50	4.061
323.15	50	4.083
348.15	50	4.096
373.15	50	4.115
398.15	50	4.142
423.15	50	4.177
448.15	50	4.218
473.15	50	4.275
253.15	100	3.831
273.15	100	3.889
298.15	100	3.977
323.15	100	4.009
348.15	100	4.022
373.15	100	4.037
398.15	100	4.058
423.15	100	4.082
448.15	100	4.106
473.15	100	4.135
253.15	150	3.716
273.15	150	3.805
298.15	150	3.918
323.15	150	3.954
348.15	150	3.964
373.15	150	3.975
398.15	150	3.991
423.15	150	4.009
448.15	150	4.024
473.15	150	4.039
253.15	200	3.63
273.15	200	3.746
298.15	200	3.876
323.15	200	3.913
348.15	200	3.919
373.15	200	3.924
398.15	200	3.937
423.15	200	3.951
448.15	200	3.96
473.15	200	3.968
253.15	250	3.553
273.15	250	3.7
298.15	250	3.846
323.15	250	3.882
348.15	250	3.883
373.15	250	3.883
398.15	250	3.892
423.15	250	3.903
448.15	250	3.909
473.15	250	3.912
253.15	300	3.477
273.15	300	3.661
298.15	300	3.824
323.15	300	3.859
348.15	300	3.854
373.15	300	3.85
398.15	300	3.854
423.15	300	3.862
448.15	300	3.866
473.15	300	3.868
253.15	350	3.398
273.15	350	3.626
298.15	350	3.808
323.15	350	3.843
348.15	350	3.832
373.15	350	3.821
398.15	350	3.821
423.15	350	3.827
448.15	350	3.83
473.15	350	3.832
253.15	400	3.314
273.15	400	3.592
298.15	400	3.795
323.15	400	3.831
348.15	400	3.815
373.15	400	3.798
398.15	400	3.794
423.15	400	3.797
448.15	400	3.8
473.15	400	3.803
