#P(MPa)	T(K)	K_T*10^4(/Mpa)	K_T*10^4(/bar)
39	264.4	5.86	58.6
49	234.5	7.05	70.5
49	239.4	7.13	71.3
49	244.5	6.61	66.1
49	254.4	5.43	54.3
49	259.2	4.41	44.1
49	269.1	4.57	45.7
75	229.3	7.35	73.5
86	229.4	6.67	66.7
86	234.4	6.01	60.1
86	239.5	5.67	56.7
86	244.3	5.23	52.3
86	249.5	4.92	49.2
86	254.4	4.86	48.6
86	259.4	4.48	44.8
86	264.4	4.32	43.2
86	269.2	4.4	44
123	229.5	5.39	53.9
123	239.5	4.88	48.8
123	244.2	4.69	46.9
123	254.3	4.28	42.8
123	259.4	4.16	41.6
123	264.4	4.11	41.1
123	269.2	3.95	39.5
124	234.5	5.19	51.9
124	249.5	4.5	45
160	219.5	4.72	47.2
160	234.4	4.39	43.9
160	239.5	4.5	45
160	244.3	4.14	41.4
160	249.6	4.06	40.6
160	259.4	3.76	37.6
160	264.2	3.43	34.3
160	269.3	3.76	37.6
161	214.7	5.39	53.9
161	224.4	5.24	52.4
161	229.4	4.7	47
161	254.4	3.93	39.3
165	209.5	6.32	63.2
197	204.6	5.23	52.3
197	249.5	3.43	34.3
198	199.4	4.5	45
198	209.6	4.96	49.6
198	214.7	4.11	41.1
198	219.4	4.18	41.8
198	224.3	4.42	44.2
198	229.3	4.17	41.7
198	234.4	3.61	36.1
198	239.4	3.76	37.6
198	244.4	3.75	37.5
198	254.4	3.46	34.6
198	259.4	3.47	34.7
198	264.3	3.21	32.1
198	269.3	3.14	31.4
297	199.7	3.08	30.8
297	204.5	3.05	30.5
297	209.5	2.94	29.4
297	214.4	3.1	31
297	219.5	2.89	28.9
297	224.4	2.91	29.1
297	229.2	2.98	29.8
297	234.4	2.88	28.8
297	239.3	2.91	29.1
297	244.4	2.8	28
297	249.4	2.73	27.3
297	254	2.76	27.6
297	259.3	2.8	28
297	264.4	2.63	26.3
297	269.2	2.63	26.3
396	199.7	2.81	28.1
396	204.6	2.46	24.6
396	209.5	2.56	25.6
396	214.4	2.43	24.3
396	219.4	2.55	25.5
396	224.4	2.58	25.8
396	229.4	2.25	22.5
396	234.4	2.33	23.3
396	239.4	2.2	22
396	244.2	2.41	24.1
396	249.3	2.28	22.8
396	254	2.45	24.5
396	259.3	2.35	23.5
396	269.1	2.33	23.3
397	264.3	1.95	19.5
