#Temp(K)  Press(MPa) rho(kg/m^3)
258.15	-20	984.30
263.15	-20	986.70
273.15	-20	989.40
283.15	-20	989.90
293.15	-20	988.80
303.15	-20	986.50
313.15	-20	983.30
323.15	-20	979.20
333.15	-20	974.30
258.15	-40	972.30
263.15	-40	975.20
273.15	-40	978.70
283.15	-40	979.80
293.15	-40	979.20
303.15	-40	977.20
313.15	-40	974.00
323.15	-40	970.00
333.15	-40	965.10
258.15	-60	960.60
263.15	-60	963.70
273.15	-60	967.80
283.15	-60	969.50
293.15	-60	969.30
303.15	-60	967.50
313.15	-60	964.40
323.15	-60	960.40
333.15	-60	955.40
258.15	-80	949.20
263.15	-80	952.20
273.15	-80	956.80
283.15	-80	959.00
293.15	-80	959.10
303.15	-80	957.50
313.15	-80	954.50
323.15	-80	950.40
333.15	-80	945.20
273.15	-100	945.50
283.15	-100	948.10
293.15	-100	948.50
303.15	-100	947.10
313.15	-100	944.10
323.15	-100	939.80
