#P(MPa)	T(K)	K_T*10^6(/bar)
235     199.7   37.8
235     204.5   37.6
235     209.5   37.4
235     214.5   37.7
235     219.5   35.4
235     224.4   35.5
235     229.3   37.8
235     234.4   34.2
235     239.4   32.7
235     244.5   29.9
235     249.5   32.3
235     254.3   30.7
235     259.4   30
235     264.3   30.9
235     269.2   29.9
247     199.7   35.3
247     204.5   33.6
247     209.5   30.8
247     214.5   31.1
247     219.5   33.4
247     224.3   31.3
247     229.3   32.8
247     239.3   33.5
247     244.5   33.1
247     249.5   31.8
247     254.2   30.4
247     259.3   28.9
247     264.3   28.1
247     269.2   28.7
