#solute size.    Temp(C) Press(Mpa)        fHB          fS        fLJ         fO        xHB        nHB 
   0.0000000000   -173.000    250.000   0.032903    0.964105   0.002991   0.000000   0.997009   3.988035 
   0.0000000000   -172.000    250.000   0.037416    0.959183   0.003401   0.000000   0.996599   3.986394 
   0.0000000000   -171.000    250.000   0.042590    0.953538   0.003872   0.000000   0.996128   3.984513 
   0.0000000000   -170.000    250.000   0.048568    0.947016   0.004415   0.000000   0.995585   3.982339 
   0.0000000000   -169.000    250.000   0.055513    0.939440   0.005047   0.000000   0.994953   3.979813 
   0.0000000000   -168.000    250.000   0.063694    0.930516   0.005790   0.000000   0.994210   3.976839 
   0.0000000000   -167.000    250.000   0.073467    0.919854   0.006679   0.000000   0.993321   3.973285 
   0.0000000000   -166.000    250.000   0.085422    0.906813   0.007766   0.000000   0.992234   3.968938 
   0.0000000000   -165.000    250.000   0.100645    0.890205   0.009150   0.000000   0.990850   3.963402 
   0.0000000000   -164.000    250.000   0.121540    0.867411   0.011049   0.000000   0.988951   3.955804 
   0.0000000000   -163.000    250.000   0.157717    0.827945   0.014338   0.000000   0.985662   3.942648 
   0.0000000000   -162.000    250.000   0.911968    0.005126   0.082887   0.000019   0.917094   3.668375 
   0.0000000000   -161.000    250.000   0.911939    0.005158   0.082883   0.000020   0.917096   3.668386 
   0.0000000000   -160.000    250.000   0.911912    0.005187   0.082880   0.000021   0.917099   3.668396 
   0.0000000000   -159.000    250.000   0.911886    0.005215   0.082877   0.000022   0.917101   3.668405 
   0.0000000000   -158.000    250.000   0.911862    0.005242   0.082873   0.000023   0.917103   3.668414 
   0.0000000000   -157.000    250.000   0.911839    0.005267   0.082870   0.000024   0.917106   3.668422 
   0.0000000000   -156.000    250.000   0.911817    0.005290   0.082867   0.000025   0.917108   3.668430 
   0.0000000000   -155.000    250.000   0.911798    0.005311   0.082864   0.000026   0.917109   3.668437 
   0.0000000000   -154.000    250.000   0.911779    0.005332   0.082861   0.000028   0.917111   3.668444 
   0.0000000000   -153.000    250.000   0.911763    0.005350   0.082859   0.000029   0.917112   3.668450 
   0.0000000000   -152.000    250.000   0.911747    0.005367   0.082856   0.000030   0.917114   3.668456 
   0.0000000000   -151.000    250.000   0.911734    0.005381   0.082854   0.000031   0.917115   3.668460 
   0.0000000000   -150.000    250.000   0.911722    0.005394   0.082851   0.000032   0.917116   3.668465 
   0.0000000000   -149.000    250.000   0.911711    0.005406   0.082849   0.000034   0.917117   3.668469 
   0.0000000000   -148.000    250.000   0.911702    0.005416   0.082847   0.000035   0.917118   3.668472 
   0.0000000000   -147.000    250.000   0.911695    0.005424   0.082845   0.000036   0.917119   3.668475 
   0.0000000000   -146.000    250.000   0.911689    0.005430   0.082843   0.000038   0.917119   3.668477 
   0.0000000000   -145.000    250.000   0.911684    0.005435   0.082841   0.000039   0.917120   3.668478 
   0.0000000000   -144.000    250.000   0.911682    0.005438   0.082840   0.000041   0.917120   3.668479 
   0.0000000000   -143.000    250.000   0.911680    0.005440   0.082838   0.000042   0.917120   3.668480 
   0.0000000000   -142.000    250.000   0.911680    0.005440   0.082836   0.000044   0.917120   3.668480 
   0.0000000000   -141.000    250.000   0.911682    0.005438   0.082835   0.000045   0.917120   3.668479 
   0.0000000000   -140.000    250.000   0.911685    0.005435   0.082834   0.000047   0.917120   3.668478 
   0.0000000000   -139.000    250.000   0.911689    0.005430   0.082833   0.000048   0.917119   3.668477 
   0.0000000000   -138.000    250.000   0.911695    0.005423   0.082831   0.000050   0.917119   3.668474 
   0.0000000000   -137.000    250.000   0.911703    0.005415   0.082830   0.000052   0.917118   3.668472 
   0.0000000000   -136.000    250.000   0.911712    0.005405   0.082830   0.000053   0.917117   3.668468 
   0.0000000000   -135.000    250.000   0.911722    0.005394   0.082829   0.000055   0.917116   3.668465 
   0.0000000000   -134.000    250.000   0.911733    0.005382   0.082828   0.000057   0.917115   3.668461 
   0.0000000000   -133.000    250.000   0.911746    0.005368   0.082827   0.000059   0.917114   3.668456 
   0.0000000000   -132.000    250.000   0.911760    0.005353   0.082827   0.000061   0.917113   3.668451 
   0.0000000000   -131.000    250.000   0.911775    0.005336   0.082826   0.000062   0.917111   3.668445 
   0.0000000000   -130.000    250.000   0.911792    0.005318   0.082826   0.000064   0.917110   3.668439 
   0.0000000000   -129.000    250.000   0.911810    0.005299   0.082825   0.000066   0.917108   3.668433 
   0.0000000000   -128.000    250.000   0.911829    0.005278   0.082825   0.000068   0.917106   3.668426 
   0.0000000000   -127.000    250.000   0.911849    0.005256   0.082825   0.000070   0.917105   3.668418 
   0.0000000000   -126.000    250.000   0.911870    0.005233   0.082825   0.000072   0.917103   3.668411 
   0.0000000000   -125.000    250.000   0.911892    0.005208   0.082825   0.000075   0.917101   3.668402 
   0.0000000000   -124.000    250.000   0.911916    0.005183   0.082825   0.000077   0.917098   3.668394 
   0.0000000000   -123.000    250.000   0.911940    0.005156   0.082825   0.000079   0.917096   3.668385 
   0.0000000000   -122.000    250.000   0.911965    0.005129   0.082825   0.000081   0.917094   3.668376 
   0.0000000000   -121.000    250.000   0.911991    0.005100   0.082825   0.000083   0.917091   3.668366 
   0.0000000000   -120.000    250.000   0.912019    0.005070   0.082825   0.000086   0.917089   3.668356 
   0.0000000000   -119.000    250.000   0.912047    0.005040   0.082826   0.000088   0.917086   3.668346 
   0.0000000000   -118.000    250.000   0.912076    0.005008   0.082826   0.000090   0.917084   3.668335 
   0.0000000000   -117.000    250.000   0.912105    0.004976   0.082826   0.000093   0.917081   3.668324 
   0.0000000000   -116.000    250.000   0.912136    0.004942   0.082827   0.000095   0.917078   3.668313 
   0.0000000000   -115.000    250.000   0.912167    0.004908   0.082827   0.000098   0.917075   3.668301 
   0.0000000000   -114.000    250.000   0.912199    0.004873   0.082827   0.000100   0.917072   3.668290 
   0.0000000000   -113.000    250.000   0.912232    0.004838   0.082828   0.000103   0.917069   3.668277 
   0.0000000000   -112.000    250.000   0.912265    0.004801   0.082828   0.000105   0.917066   3.668265 
   0.0000000000   -111.000    250.000   0.912298    0.004765   0.082829   0.000108   0.917063   3.668253 
   0.0000000000   -110.000    250.000   0.912333    0.004727   0.082829   0.000111   0.917060   3.668240 
   0.0000000000   -109.000    250.000   0.912368    0.004689   0.082830   0.000113   0.917057   3.668227 
   0.0000000000   -108.000    250.000   0.912403    0.004650   0.082830   0.000116   0.917053   3.668214 
   0.0000000000   -107.000    250.000   0.912439    0.004611   0.082831   0.000119   0.917050   3.668200 
   0.0000000000   -106.000    250.000   0.912476    0.004571   0.082832   0.000122   0.917047   3.668187 
   0.0000000000   -105.000    250.000   0.912512    0.004531   0.082832   0.000125   0.917043   3.668173 
   0.0000000000   -104.000    250.000   0.912550    0.004490   0.082833   0.000128   0.917040   3.668159 
   0.0000000000   -103.000    250.000   0.912587    0.004449   0.082833   0.000130   0.917036   3.668145 
   0.0000000000   -102.000    250.000   0.912625    0.004408   0.082834   0.000133   0.917033   3.668130 
   0.0000000000   -101.000    250.000   0.912663    0.004366   0.082835   0.000136   0.917029   3.668116 
   0.0000000000   -100.000    250.000   0.912702    0.004324   0.082835   0.000140   0.917025   3.668101 
   0.0000000000    -99.000    250.000   0.912740    0.004281   0.082836   0.000143   0.917022   3.668086 
   0.0000000000    -98.000    250.000   0.912779    0.004239   0.082836   0.000146   0.917018   3.668071 
   0.0000000000    -97.000    250.000   0.912818    0.004196   0.082837   0.000149   0.917014   3.668056 
   0.0000000000    -96.000    250.000   0.912857    0.004153   0.082838   0.000152   0.917010   3.668041 
   0.0000000000    -95.000    250.000   0.912896    0.004110   0.082838   0.000155   0.917006   3.668026 
   0.0000000000    -94.000    250.000   0.912936    0.004067   0.082839   0.000159   0.917003   3.668010 
   0.0000000000    -93.000    250.000   0.912975    0.004024   0.082839   0.000162   0.916999   3.667995 
   0.0000000000    -92.000    250.000   0.913015    0.003980   0.082840   0.000166   0.916995   3.667979 
   0.0000000000    -91.000    250.000   0.913054    0.003937   0.082840   0.000169   0.916991   3.667963 
   0.0000000000    -90.000    250.000   0.913094    0.003893   0.082841   0.000172   0.916987   3.667948 
   0.0000000000    -89.000    250.000   0.913133    0.003850   0.082841   0.000176   0.916983   3.667932 
   0.0000000000    -88.000    250.000   0.913173    0.003806   0.082842   0.000180   0.916979   3.667916 
   0.0000000000    -87.000    250.000   0.913212    0.003763   0.082842   0.000183   0.916975   3.667899 
   0.0000000000    -86.000    250.000   0.913251    0.003720   0.082842   0.000187   0.916971   3.667883 
   0.0000000000    -85.000    250.000   0.913290    0.003676   0.082843   0.000190   0.916967   3.667867 
   0.0000000000    -84.000    250.000   0.913329    0.003633   0.082843   0.000194   0.916963   3.667850 
   0.0000000000    -83.000    250.000   0.913368    0.003590   0.082844   0.000198   0.916958   3.667834 
   0.0000000000    -82.000    250.000   0.913407    0.003547   0.082844   0.000202   0.916954   3.667817 
   0.0000000000    -81.000    250.000   0.913446    0.003504   0.082844   0.000206   0.916950   3.667800 
   0.0000000000    -80.000    250.000   0.913484    0.003462   0.082845   0.000209   0.916946   3.667783 
   0.0000000000    -79.000    250.000   0.913522    0.003419   0.082845   0.000213   0.916941   3.667766 
   0.0000000000    -78.000    250.000   0.913560    0.003377   0.082845   0.000217   0.916937   3.667749 
   0.0000000000    -77.000    250.000   0.913598    0.003335   0.082846   0.000221   0.916933   3.667731 
   0.0000000000    -76.000    250.000   0.913635    0.003293   0.082846   0.000225   0.916928   3.667714 
   0.0000000000    -75.000    250.000   0.913672    0.003252   0.082846   0.000229   0.916924   3.667696 
   0.0000000000    -74.000    250.000   0.913709    0.003210   0.082847   0.000234   0.916920   3.667678 
   0.0000000000    -73.000    250.000   0.913746    0.003169   0.082847   0.000238   0.916915   3.667660 
   0.0000000000    -72.000    250.000   0.913782    0.003128   0.082847   0.000242   0.916911   3.667642 
   0.0000000000    -71.000    250.000   0.913818    0.003088   0.082848   0.000246   0.916906   3.667624 
   0.0000000000    -70.000    250.000   0.913854    0.003048   0.082848   0.000251   0.916901   3.667605 
   0.0000000000    -69.000    250.000   0.913889    0.003008   0.082848   0.000255   0.916897   3.667587 
   0.0000000000    -68.000    250.000   0.913924    0.002968   0.082849   0.000259   0.916892   3.667568 
   0.0000000000    -67.000    250.000   0.913958    0.002929   0.082849   0.000264   0.916887   3.667548 
   0.0000000000    -66.000    250.000   0.913992    0.002890   0.082850   0.000268   0.916882   3.667529 
   0.0000000000    -65.000    250.000   0.914026    0.002851   0.082850   0.000273   0.916877   3.667509 
   0.0000000000    -64.000    250.000   0.914059    0.002813   0.082850   0.000277   0.916872   3.667489 
   0.0000000000    -63.000    250.000   0.914092    0.002775   0.082851   0.000282   0.916867   3.667469 
   0.0000000000    -62.000    250.000   0.914125    0.002737   0.082851   0.000287   0.916862   3.667448 
   0.0000000000    -61.000    250.000   0.914157    0.002700   0.082852   0.000291   0.916857   3.667427 
   0.0000000000    -60.000    250.000   0.914188    0.002663   0.082852   0.000296   0.916852   3.667406 
   0.0000000000    -59.000    250.000   0.914219    0.002627   0.082853   0.000301   0.916846   3.667385 
   0.0000000000    -58.000    250.000   0.914250    0.002591   0.082854   0.000306   0.916841   3.667363 
   0.0000000000    -57.000    250.000   0.914280    0.002555   0.082855   0.000310   0.916835   3.667340 
   0.0000000000    -56.000    250.000   0.914310    0.002519   0.082855   0.000315   0.916829   3.667317 
   0.0000000000    -55.000    250.000   0.914339    0.002484   0.082856   0.000320   0.916824   3.667294 
   0.0000000000    -54.000    250.000   0.914368    0.002450   0.082857   0.000325   0.916818   3.667270 
   0.0000000000    -53.000    250.000   0.914396    0.002415   0.082858   0.000330   0.916812   3.667246 
   0.0000000000    -52.000    250.000   0.914424    0.002381   0.082859   0.000335   0.916805   3.667221 
   0.0000000000    -51.000    250.000   0.914451    0.002348   0.082861   0.000340   0.916799   3.667196 
   0.0000000000    -50.000    250.000   0.914478    0.002315   0.082862   0.000346   0.916793   3.667170 
   0.0000000000    -49.000    250.000   0.914504    0.002282   0.082863   0.000351   0.916786   3.667144 
   0.0000000000    -48.000    250.000   0.914530    0.002249   0.082865   0.000356   0.916779   3.667117 
   0.0000000000    -47.000    250.000   0.914555    0.002217   0.082866   0.000361   0.916772   3.667089 
   0.0000000000    -46.000    250.000   0.914580    0.002186   0.082868   0.000367   0.916765   3.667061 
   0.0000000000    -45.000    250.000   0.914604    0.002154   0.082870   0.000372   0.916758   3.667032 
   0.0000000000    -44.000    250.000   0.914627    0.002124   0.082872   0.000377   0.916751   3.667002 
   0.0000000000    -43.000    250.000   0.914650    0.002093   0.082874   0.000383   0.916743   3.666971 
   0.0000000000    -42.000    250.000   0.914672    0.002063   0.082877   0.000388   0.916735   3.666940 
   0.0000000000    -41.000    250.000   0.914694    0.002033   0.082879   0.000394   0.916727   3.666908 
   0.0000000000    -40.000    250.000   0.914715    0.002004   0.082882   0.000399   0.916719   3.666875 
   0.0000000000    -39.000    250.000   0.914735    0.001975   0.082885   0.000405   0.916710   3.666841 
   0.0000000000    -38.000    250.000   0.914755    0.001946   0.082888   0.000411   0.916702   3.666806 
   0.0000000000    -37.000    250.000   0.914775    0.001918   0.082891   0.000416   0.916693   3.666771 
   0.0000000000    -36.000    250.000   0.914793    0.001890   0.082894   0.000422   0.916683   3.666734 
   0.0000000000    -35.000    250.000   0.914811    0.001863   0.082898   0.000428   0.916674   3.666696 
   0.0000000000    -34.000    250.000   0.914829    0.001836   0.082902   0.000434   0.916664   3.666657 
   0.0000000000    -33.000    250.000   0.914845    0.001809   0.082906   0.000440   0.916654   3.666617 
   0.0000000000    -32.000    250.000   0.914861    0.001783   0.082910   0.000446   0.916644   3.666576 
   0.0000000000    -31.000    250.000   0.914877    0.001756   0.082915   0.000452   0.916633   3.666534 
   0.0000000000    -30.000    250.000   0.914892    0.001731   0.082920   0.000458   0.916623   3.666490 
   0.0000000000    -29.000    250.000   0.914906    0.001706   0.082925   0.000464   0.916611   3.666445 
   0.0000000000    -28.000    250.000   0.914919    0.001681   0.082931   0.000470   0.916600   3.666399 
   0.0000000000    -27.000    250.000   0.914932    0.001656   0.082936   0.000476   0.916588   3.666352 
   0.0000000000    -26.000    250.000   0.914944    0.001632   0.082942   0.000482   0.916576   3.666303 
   0.0000000000    -25.000    250.000   0.914955    0.001608   0.082949   0.000488   0.916563   3.666252 
   0.0000000000    -24.000    250.000   0.914966    0.001584   0.082955   0.000494   0.916550   3.666200 
   0.0000000000    -23.000    250.000   0.914976    0.001561   0.082963   0.000501   0.916537   3.666147 
   0.0000000000    -22.000    250.000   0.914985    0.001538   0.082970   0.000507   0.916523   3.666092 
   0.0000000000    -21.000    250.000   0.914993    0.001515   0.082978   0.000513   0.916509   3.666035 
   0.0000000000    -20.000    250.000   0.915001    0.001493   0.082986   0.000520   0.916494   3.665977 
   0.0000000000    -19.000    250.000   0.915008    0.001471   0.082994   0.000526   0.916479   3.665917 
   0.0000000000    -18.000    250.000   0.915014    0.001450   0.083003   0.000533   0.916464   3.665855 
   0.0000000000    -17.000    250.000   0.915020    0.001428   0.083013   0.000539   0.916448   3.665791 
   0.0000000000    -16.000    250.000   0.915024    0.001407   0.083023   0.000546   0.916431   3.665726 
   0.0000000000    -15.000    250.000   0.915028    0.001387   0.083033   0.000553   0.916415   3.665658 
   0.0000000000    -14.000    250.000   0.915031    0.001366   0.083043   0.000559   0.916397   3.665589 
   0.0000000000    -13.000    250.000   0.915033    0.001346   0.083055   0.000566   0.916379   3.665517 
   0.0000000000    -12.000    250.000   0.915035    0.001326   0.083066   0.000573   0.916361   3.665444 
   0.0000000000    -11.000    250.000   0.915035    0.001307   0.083078   0.000580   0.916342   3.665368 
   0.0000000000    -10.000    250.000   0.915035    0.001288   0.083091   0.000586   0.916322   3.665290 
   0.0000000000     -9.000    250.000   0.915034    0.001269   0.083104   0.000593   0.916302   3.665209 
   0.0000000000     -8.000    250.000   0.915031    0.001250   0.083118   0.000600   0.916282   3.665127 
   0.0000000000     -7.000    250.000   0.915029    0.001232   0.083132   0.000607   0.916260   3.665041 
   0.0000000000     -6.000    250.000   0.915025    0.001214   0.083147   0.000614   0.916238   3.664954 
   0.0000000000     -5.000    250.000   0.915020    0.001196   0.083163   0.000621   0.916216   3.664864 
   0.0000000000     -4.000    250.000   0.915014    0.001178   0.083179   0.000628   0.916193   3.664771 
   0.0000000000     -3.000    250.000   0.915008    0.001161   0.083195   0.000636   0.916169   3.664676 
   0.0000000000     -2.000    250.000   0.915000    0.001144   0.083213   0.000643   0.916144   3.664578 
   0.0000000000     -1.000    250.000   0.914992    0.001127   0.083231   0.000650   0.916119   3.664477 
   0.0000000000      0.000    250.000   0.914982    0.001111   0.083249   0.000657   0.916093   3.664373 
   0.0000000000      1.000    250.000   0.914972    0.001095   0.083269   0.000665   0.916067   3.664267 
   0.0000000000      2.000    250.000   0.914961    0.001079   0.083289   0.000672   0.916039   3.664157 
   0.0000000000      3.000    250.000   0.914948    0.001063   0.083309   0.000680   0.916011   3.664044 
   0.0000000000      4.000    250.000   0.914935    0.001047   0.083331   0.000687   0.915982   3.663929 
   0.0000000000      5.000    250.000   0.914920    0.001032   0.083353   0.000695   0.915952   3.663810 
   0.0000000000      6.000    250.000   0.914905    0.001017   0.083376   0.000702   0.915922   3.663688 
   0.0000000000      7.000    250.000   0.914888    0.001002   0.083400   0.000710   0.915890   3.663562 
   0.0000000000      8.000    250.000   0.914871    0.000988   0.083424   0.000717   0.915858   3.663433 
   0.0000000000      9.000    250.000   0.914852    0.000973   0.083450   0.000725   0.915825   3.663301 
   0.0000000000     10.000    250.000   0.914832    0.000959   0.083476   0.000733   0.915791   3.663165 
   0.0000000000     11.000    250.000   0.914811    0.000945   0.083503   0.000741   0.915756   3.663025 
   0.0000000000     12.000    250.000   0.914789    0.000932   0.083531   0.000748   0.915721   3.662882 
   0.0000000000     13.000    250.000   0.914766    0.000918   0.083560   0.000756   0.915684   3.662735 
   0.0000000000     14.000    250.000   0.914741    0.000905   0.083590   0.000764   0.915646   3.662584 
   0.0000000000     15.000    250.000   0.914716    0.000892   0.083621   0.000772   0.915607   3.662429 
   0.0000000000     16.000    250.000   0.914689    0.000879   0.083652   0.000780   0.915568   3.662271 
   0.0000000000     17.000    250.000   0.914661    0.000866   0.083685   0.000788   0.915527   3.662108 
   0.0000000000     18.000    250.000   0.914632    0.000854   0.083719   0.000796   0.915485   3.661941 
   0.0000000000     19.000    250.000   0.914601    0.000841   0.083753   0.000804   0.915442   3.661769 
   0.0000000000     20.000    250.000   0.914569    0.000829   0.083789   0.000813   0.915398   3.661594 
   0.0000000000     21.000    250.000   0.914536    0.000817   0.083826   0.000821   0.915353   3.661414 
   0.0000000000     22.000    250.000   0.914502    0.000805   0.083863   0.000829   0.915307   3.661229 
   0.0000000000     23.000    250.000   0.914466    0.000794   0.083902   0.000838   0.915260   3.661040 
   0.0000000000     24.000    250.000   0.914429    0.000783   0.083942   0.000846   0.915212   3.660846 
   0.0000000000     25.000    250.000   0.914391    0.000771   0.083984   0.000854   0.915162   3.660648 
   0.0000000000     26.000    250.000   0.914351    0.000760   0.084026   0.000863   0.915111   3.660444 
   0.0000000000     27.000    250.000   0.914310    0.000749   0.084069   0.000871   0.915059   3.660236 
   0.0000000000     28.000    250.000   0.914267    0.000739   0.084114   0.000880   0.915006   3.660023 
   0.0000000000     29.000    250.000   0.914223    0.000728   0.084160   0.000889   0.914951   3.659804 
   0.0000000000     30.000    250.000   0.914177    0.000718   0.084207   0.000897   0.914895   3.659581 
   0.0000000000     31.000    250.000   0.914130    0.000708   0.084256   0.000906   0.914838   3.659352 
   0.0000000000     32.000    250.000   0.914082    0.000697   0.084306   0.000915   0.914779   3.659118 
   0.0000000000     33.000    250.000   0.914032    0.000688   0.084357   0.000924   0.914720   3.658878 
   0.0000000000     34.000    250.000   0.913980    0.000678   0.084409   0.000933   0.914658   3.658633 
   0.0000000000     35.000    250.000   0.913927    0.000668   0.084463   0.000942   0.914595   3.658382 
   0.0000000000     36.000    250.000   0.913873    0.000659   0.084518   0.000951   0.914531   3.658125 
   0.0000000000     37.000    250.000   0.913816    0.000649   0.084574   0.000960   0.914466   3.657863 
   0.0000000000     38.000    250.000   0.913758    0.000640   0.084632   0.000969   0.914399   3.657594 
   0.0000000000     39.000    250.000   0.913699    0.000631   0.084692   0.000978   0.914330   3.657320 
   0.0000000000     40.000    250.000   0.913638    0.000622   0.084753   0.000987   0.914260   3.657039 
   0.0000000000     41.000    250.000   0.913575    0.000613   0.084815   0.000997   0.914188   3.656753 
   0.0000000000     42.000    250.000   0.913510    0.000605   0.084879   0.001006   0.914115   3.656459 
   0.0000000000     43.000    250.000   0.913444    0.000596   0.084945   0.001015   0.914040   3.656160 
   0.0000000000     44.000    250.000   0.913375    0.000588   0.085012   0.001025   0.913963   3.655854 
   0.0000000000     45.000    250.000   0.913306    0.000580   0.085080   0.001034   0.913885   3.655541 
   0.0000000000     46.000    250.000   0.913234    0.000572   0.085151   0.001044   0.913805   3.655222 
   0.0000000000     47.000    250.000   0.913160    0.000564   0.085223   0.001054   0.913724   3.654895 
   0.0000000000     48.000    250.000   0.913085    0.000556   0.085296   0.001063   0.913641   3.654562 
   0.0000000000     49.000    250.000   0.913008    0.000548   0.085372   0.001073   0.913555   3.654222 
   0.0000000000     50.000    250.000   0.912928    0.000540   0.085449   0.001083   0.913469   3.653874 
   0.0000000000     51.000    250.000   0.912847    0.000533   0.085527   0.001093   0.913380   3.653520 
   0.0000000000     52.000    250.000   0.912764    0.000525   0.085608   0.001103   0.913289   3.653158 
   0.0000000000     53.000    250.000   0.912679    0.000518   0.085690   0.001113   0.913197   3.652788 
   0.0000000000     54.000    250.000   0.912592    0.000511   0.085775   0.001123   0.913103   3.652411 
   0.0000000000     55.000    250.000   0.912503    0.000504   0.085861   0.001133   0.913007   3.652026 
   0.0000000000     56.000    250.000   0.912412    0.000497   0.085949   0.001143   0.912908   3.651634 
   0.0000000000     57.000    250.000   0.912318    0.000490   0.086038   0.001153   0.912808   3.651233 
   0.0000000000     58.000    250.000   0.912223    0.000483   0.086130   0.001164   0.912706   3.650825 
   0.0000000000     59.000    250.000   0.912126    0.000476   0.086224   0.001174   0.912602   3.650408 
   0.0000000000     60.000    250.000   0.912026    0.000470   0.086320   0.001184   0.912496   3.649983 
   0.0000000000     61.000    250.000   0.911924    0.000463   0.086418   0.001195   0.912387   3.649550 
   0.0000000000     62.000    250.000   0.911820    0.000457   0.086517   0.001206   0.912277   3.649108 
   0.0000000000     63.000    250.000   0.911714    0.000451   0.086619   0.001216   0.912164   3.648658 
   0.0000000000     64.000    250.000   0.911605    0.000444   0.086723   0.001227   0.912050   3.648198 
   0.0000000000     65.000    250.000   0.911494    0.000438   0.086830   0.001238   0.911933   3.647731 
   0.0000000000     66.000    250.000   0.911381    0.000432   0.086938   0.001249   0.911813   3.647254 
   0.0000000000     67.000    250.000   0.911266    0.000426   0.087049   0.001260   0.911692   3.646768 
   0.0000000000     68.000    250.000   0.911148    0.000420   0.087161   0.001271   0.911568   3.646272 
   0.0000000000     69.000    250.000   0.911027    0.000415   0.087276   0.001282   0.911442   3.645768 
   0.0000000000     70.000    250.000   0.910905    0.000409   0.087394   0.001293   0.911314   3.645254 
   0.0000000000     71.000    250.000   0.910779    0.000403   0.087513   0.001304   0.911183   3.644731 
   0.0000000000     72.000    250.000   0.910652    0.000398   0.087635   0.001315   0.911049   3.644197 
   0.0000000000     73.000    250.000   0.910521    0.000392   0.087760   0.001327   0.910914   3.643654 
   0.0000000000     74.000    250.000   0.910388    0.000387   0.087886   0.001338   0.910775   3.643101 
   0.0000000000     75.000    250.000   0.910253    0.000382   0.088016   0.001350   0.910635   3.642538 
   0.0000000000     76.000    250.000   0.910115    0.000376   0.088147   0.001361   0.910491   3.641965 
   0.0000000000     77.000    250.000   0.909974    0.000371   0.088281   0.001373   0.910345   3.641382 
   0.0000000000     78.000    250.000   0.909831    0.000366   0.088418   0.001385   0.910197   3.640788 
   0.0000000000     79.000    250.000   0.909684    0.000361   0.088557   0.001397   0.910046   3.640183 
   0.0000000000     80.000    250.000   0.909536    0.000356   0.088699   0.001409   0.909892   3.639568 
   0.0000000000     81.000    250.000   0.909384    0.000351   0.088844   0.001421   0.909735   3.638941 
   0.0000000000     82.000    250.000   0.909229    0.000347   0.088991   0.001433   0.909576   3.638304 
   0.0000000000     83.000    250.000   0.909072    0.000342   0.089141   0.001445   0.909414   3.637656 
   0.0000000000     84.000    250.000   0.908912    0.000337   0.089293   0.001458   0.909249   3.636996 
   0.0000000000     85.000    250.000   0.908749    0.000333   0.089449   0.001470   0.909081   3.636325 
   0.0000000000     86.000    250.000   0.908583    0.000328   0.089607   0.001482   0.908911   3.635643 
   0.0000000000     87.000    250.000   0.908413    0.000324   0.089768   0.001495   0.908737   3.634949 
   0.0000000000     88.000    250.000   0.908241    0.000319   0.089932   0.001508   0.908561   3.634243 
   0.0000000000     89.000    250.000   0.908066    0.000315   0.090098   0.001521   0.908381   3.633525 
   0.0000000000     90.000    250.000   0.907888    0.000311   0.090268   0.001533   0.908199   3.632795 
   0.0000000000     91.000    250.000   0.907707    0.000307   0.090440   0.001546   0.908013   3.632053 
   0.0000000000     92.000    250.000   0.907522    0.000302   0.090616   0.001559   0.907825   3.631298 
   0.0000000000     93.000    250.000   0.907334    0.000298   0.090795   0.001573   0.907633   3.630531 
   0.0000000000     94.000    250.000   0.907144    0.000294   0.090976   0.001586   0.907438   3.629751 
   0.0000000000     95.000    250.000   0.906949    0.000290   0.091161   0.001599   0.907240   3.628958 
   0.0000000000     96.000    250.000   0.906752    0.000286   0.091349   0.001613   0.907038   3.628153 
   0.0000000000     97.000    250.000   0.906551    0.000282   0.091540   0.001626   0.906834   3.627334 
   0.0000000000     98.000    250.000   0.906347    0.000279   0.091735   0.001640   0.906626   3.626502 
   0.0000000000     99.000    250.000   0.906139    0.000275   0.091932   0.001654   0.906414   3.625657 
   0.0000000000    100.000    250.000   0.905928    0.000271   0.092133   0.001668   0.906199   3.624798 
   0.0000000000    101.000    250.000   0.905714    0.000267   0.092337   0.001682   0.905981   3.623925 
   0.0000000000    102.000    250.000   0.905496    0.000264   0.092545   0.001696   0.905760   3.623038 
   0.0000000000    103.000    250.000   0.905274    0.000260   0.092756   0.001710   0.905534   3.622138 
   0.0000000000    104.000    250.000   0.905049    0.000257   0.092970   0.001724   0.905306   3.621223 
   0.0000000000    105.000    250.000   0.904820    0.000253   0.093188   0.001739   0.905073   3.620294 
   0.0000000000    106.000    250.000   0.904588    0.000250   0.093409   0.001753   0.904837   3.619350 
   0.0000000000    107.000    250.000   0.904351    0.000246   0.093634   0.001768   0.904598   3.618392 
   0.0000000000    108.000    250.000   0.904112    0.000243   0.093863   0.001783   0.904355   3.617418 
   0.0000000000    109.000    250.000   0.903868    0.000240   0.094095   0.001798   0.904108   3.616430 
   0.0000000000    110.000    250.000   0.903620    0.000237   0.094330   0.001813   0.903857   3.615427 
   0.0000000000    111.000    250.000   0.903369    0.000233   0.094570   0.001828   0.903602   3.614408 
   0.0000000000    112.000    250.000   0.903113    0.000230   0.094813   0.001843   0.903343   3.613374 
   0.0000000000    113.000    250.000   0.902854    0.000227   0.095060   0.001859   0.903081   3.612324 
   0.0000000000    114.000    250.000   0.902591    0.000224   0.095311   0.001874   0.902815   3.611259 
   0.0000000000    115.000    250.000   0.902323    0.000221   0.095566   0.001890   0.902544   3.610177 
   0.0000000000    116.000    250.000   0.902052    0.000218   0.095824   0.001906   0.902270   3.609079 
   0.0000000000    117.000    250.000   0.901776    0.000215   0.096087   0.001922   0.901991   3.607965 
   0.0000000000    118.000    250.000   0.901497    0.000212   0.096353   0.001938   0.901709   3.606834 
   0.0000000000    119.000    250.000   0.901213    0.000209   0.096624   0.001954   0.901422   3.605687 
   0.0000000000    120.000    250.000   0.900924    0.000206   0.096899   0.001971   0.901131   3.604523 
   0.0000000000    121.000    250.000   0.900632    0.000203   0.097177   0.001987   0.900835   3.603342 
   0.0000000000    122.000    250.000   0.900335    0.000201   0.097460   0.002004   0.900536   3.602143 
   0.0000000000    123.000    250.000   0.900034    0.000198   0.097748   0.002021   0.900232   3.600928 
   0.0000000000    124.000    250.000   0.899728    0.000195   0.098039   0.002038   0.899924   3.599694 
   0.0000000000    125.000    250.000   0.899418    0.000193   0.098335   0.002055   0.899611   3.598443 
   0.0000000000    126.000    250.000   0.899104    0.000190   0.098635   0.002072   0.899294   3.597174 
