#solute size.    Temp(C) Press(Mpa)        fHB          fS        fLJ         fO        xHB        nHB 
   0.0000000000   -173.000    270.000   0.915480    0.001294   0.083205   0.000020   0.916774   3.667097 
   0.0000000000   -172.000    270.000   0.915454    0.001323   0.083203   0.000021   0.916777   3.667107 
   0.0000000000   -171.000    270.000   0.915429    0.001351   0.083199   0.000022   0.916780   3.667118 
   0.0000000000   -170.000    270.000   0.915403    0.001379   0.083195   0.000023   0.916782   3.667126 
   0.0000000000   -169.000    270.000   0.915377    0.001407   0.083192   0.000024   0.916784   3.667136 
   0.0000000000   -168.000    270.000   0.915352    0.001435   0.083188   0.000026   0.916786   3.667145 
   0.0000000000   -167.000    270.000   0.915326    0.001462   0.083185   0.000027   0.916789   3.667154 
   0.0000000000   -166.000    270.000   0.915301    0.001490   0.083181   0.000028   0.916791   3.667163 
   0.0000000000   -165.000    270.000   0.915276    0.001517   0.083177   0.000029   0.916793   3.667172 
   0.0000000000   -164.000    270.000   0.915252    0.001544   0.083174   0.000031   0.916795   3.667182 
   0.0000000000   -163.000    270.000   0.915227    0.001570   0.083170   0.000032   0.916797   3.667190 
   0.0000000000   -162.000    270.000   0.915203    0.001597   0.083167   0.000034   0.916800   3.667199 
   0.0000000000   -161.000    270.000   0.915179    0.001622   0.083163   0.000035   0.916802   3.667208 
   0.0000000000   -160.000    270.000   0.915156    0.001648   0.083159   0.000037   0.916804   3.667216 
   0.0000000000   -159.000    270.000   0.915133    0.001673   0.083156   0.000038   0.916806   3.667224 
   0.0000000000   -158.000    270.000   0.915110    0.001698   0.083152   0.000040   0.916808   3.667233 
   0.0000000000   -157.000    270.000   0.915088    0.001722   0.083149   0.000041   0.916810   3.667241 
   0.0000000000   -156.000    270.000   0.915066    0.001746   0.083145   0.000043   0.916812   3.667249 
   0.0000000000   -155.000    270.000   0.915045    0.001770   0.083141   0.000045   0.916814   3.667257 
   0.0000000000   -154.000    270.000   0.915024    0.001792   0.083138   0.000046   0.916816   3.667264 
   0.0000000000   -153.000    270.000   0.915003    0.001815   0.083134   0.000048   0.916818   3.667272 
   0.0000000000   -152.000    270.000   0.914983    0.001837   0.083130   0.000050   0.916820   3.667279 
   0.0000000000   -151.000    270.000   0.914963    0.001858   0.083127   0.000052   0.916822   3.667286 
   0.0000000000   -150.000    270.000   0.914944    0.001879   0.083123   0.000054   0.916823   3.667293 
   0.0000000000   -149.000    270.000   0.914925    0.001900   0.083119   0.000056   0.916825   3.667300 
   0.0000000000   -148.000    270.000   0.914907    0.001919   0.083116   0.000058   0.916827   3.667306 
   0.0000000000   -147.000    270.000   0.914890    0.001938   0.083112   0.000060   0.916828   3.667313 
   0.0000000000   -146.000    270.000   0.914873    0.001957   0.083109   0.000062   0.916830   3.667319 
   0.0000000000   -145.000    270.000   0.914856    0.001975   0.083105   0.000064   0.916831   3.667325 
   0.0000000000   -144.000    270.000   0.914841    0.001992   0.083102   0.000066   0.916833   3.667331 
   0.0000000000   -143.000    270.000   0.914825    0.002009   0.083098   0.000068   0.916834   3.667336 
   0.0000000000   -142.000    270.000   0.914811    0.002025   0.083094   0.000070   0.916835   3.667342 
   0.0000000000   -141.000    270.000   0.914797    0.002040   0.083091   0.000072   0.916837   3.667347 
   0.0000000000   -140.000    270.000   0.914783    0.002055   0.083087   0.000075   0.916838   3.667352 
   0.0000000000   -139.000    270.000   0.914770    0.002069   0.083084   0.000077   0.916839   3.667356 
   0.0000000000   -138.000    270.000   0.914758    0.002082   0.083080   0.000079   0.916840   3.667361 
   0.0000000000   -137.000    270.000   0.914747    0.002095   0.083077   0.000082   0.916841   3.667365 
   0.0000000000   -136.000    270.000   0.914736    0.002107   0.083074   0.000084   0.916842   3.667369 
   0.0000000000   -135.000    270.000   0.914725    0.002118   0.083070   0.000087   0.916843   3.667373 
   0.0000000000   -134.000    270.000   0.914716    0.002129   0.083067   0.000089   0.916844   3.667376 
   0.0000000000   -133.000    270.000   0.914706    0.002138   0.083063   0.000092   0.916845   3.667379 
   0.0000000000   -132.000    270.000   0.914698    0.002148   0.083060   0.000094   0.916846   3.667382 
   0.0000000000   -131.000    270.000   0.914690    0.002156   0.083057   0.000097   0.916846   3.667385 
   0.0000000000   -130.000    270.000   0.914683    0.002164   0.083053   0.000100   0.916847   3.667388 
   0.0000000000   -129.000    270.000   0.914677    0.002171   0.083050   0.000102   0.916848   3.667390 
   0.0000000000   -128.000    270.000   0.914671    0.002177   0.083047   0.000105   0.916848   3.667392 
   0.0000000000   -127.000    270.000   0.914665    0.002183   0.083043   0.000108   0.916849   3.667394 
   0.0000000000   -126.000    270.000   0.914661    0.002188   0.083040   0.000111   0.916849   3.667396 
   0.0000000000   -125.000    270.000   0.914657    0.002192   0.083037   0.000114   0.916849   3.667397 
   0.0000000000   -124.000    270.000   0.914653    0.002196   0.083034   0.000117   0.916850   3.667398 
   0.0000000000   -123.000    270.000   0.914651    0.002199   0.083030   0.000120   0.916850   3.667399 
   0.0000000000   -122.000    270.000   0.914648    0.002202   0.083027   0.000123   0.916850   3.667400 
   0.0000000000   -121.000    270.000   0.914647    0.002203   0.083024   0.000126   0.916850   3.667401 
   0.0000000000   -120.000    270.000   0.914646    0.002204   0.083021   0.000129   0.916850   3.667401 
   0.0000000000   -119.000    270.000   0.914645    0.002205   0.083018   0.000132   0.916850   3.667401 
   0.0000000000   -118.000    270.000   0.914646    0.002205   0.083015   0.000135   0.916850   3.667401 
   0.0000000000   -117.000    270.000   0.914646    0.002204   0.083011   0.000139   0.916850   3.667400 
   0.0000000000   -116.000    270.000   0.914648    0.002202   0.083008   0.000142   0.916850   3.667400 
   0.0000000000   -115.000    270.000   0.914649    0.002200   0.083005   0.000145   0.916850   3.667399 
   0.0000000000   -114.000    270.000   0.914652    0.002198   0.083002   0.000148   0.916849   3.667398 
   0.0000000000   -113.000    270.000   0.914655    0.002195   0.082999   0.000152   0.916849   3.667397 
   0.0000000000   -112.000    270.000   0.914658    0.002191   0.082996   0.000155   0.916849   3.667395 
   0.0000000000   -111.000    270.000   0.914662    0.002187   0.082993   0.000159   0.916848   3.667394 
   0.0000000000   -110.000    270.000   0.914666    0.002182   0.082990   0.000162   0.916848   3.667392 
   0.0000000000   -109.000    270.000   0.914671    0.002176   0.082987   0.000166   0.916847   3.667390 
   0.0000000000   -108.000    270.000   0.914676    0.002171   0.082984   0.000170   0.916847   3.667388 
   0.0000000000   -107.000    270.000   0.914682    0.002164   0.082980   0.000173   0.916846   3.667385 
   0.0000000000   -106.000    270.000   0.914688    0.002157   0.082977   0.000177   0.916846   3.667383 
   0.0000000000   -105.000    270.000   0.914695    0.002150   0.082974   0.000181   0.916845   3.667380 
   0.0000000000   -104.000    270.000   0.914702    0.002142   0.082971   0.000184   0.916844   3.667377 
   0.0000000000   -103.000    270.000   0.914709    0.002134   0.082968   0.000188   0.916843   3.667374 
   0.0000000000   -102.000    270.000   0.914717    0.002125   0.082965   0.000192   0.916843   3.667370 
   0.0000000000   -101.000    270.000   0.914725    0.002116   0.082962   0.000196   0.916842   3.667367 
   0.0000000000   -100.000    270.000   0.914734    0.002107   0.082959   0.000200   0.916841   3.667363 
   0.0000000000    -99.000    270.000   0.914743    0.002097   0.082956   0.000204   0.916840   3.667359 
   0.0000000000    -98.000    270.000   0.914752    0.002087   0.082953   0.000208   0.916839   3.667355 
   0.0000000000    -97.000    270.000   0.914762    0.002076   0.082950   0.000212   0.916838   3.667351 
   0.0000000000    -96.000    270.000   0.914772    0.002065   0.082947   0.000216   0.916837   3.667347 
   0.0000000000    -95.000    270.000   0.914782    0.002054   0.082944   0.000221   0.916835   3.667342 
   0.0000000000    -94.000    270.000   0.914792    0.002042   0.082941   0.000225   0.916834   3.667337 
   0.0000000000    -93.000    270.000   0.914803    0.002030   0.082938   0.000229   0.916833   3.667332 
   0.0000000000    -92.000    270.000   0.914814    0.002018   0.082935   0.000233   0.916832   3.667327 
   0.0000000000    -91.000    270.000   0.914825    0.002005   0.082932   0.000238   0.916830   3.667322 
   0.0000000000    -90.000    270.000   0.914836    0.001993   0.082929   0.000242   0.916829   3.667316 
   0.0000000000    -89.000    270.000   0.914848    0.001980   0.082926   0.000247   0.916828   3.667311 
   0.0000000000    -88.000    270.000   0.914860    0.001966   0.082923   0.000251   0.916826   3.667305 
   0.0000000000    -87.000    270.000   0.914872    0.001953   0.082920   0.000256   0.916825   3.667299 
   0.0000000000    -86.000    270.000   0.914884    0.001939   0.082917   0.000260   0.916823   3.667293 
   0.0000000000    -85.000    270.000   0.914897    0.001925   0.082914   0.000265   0.916822   3.667286 
   0.0000000000    -84.000    270.000   0.914909    0.001911   0.082911   0.000270   0.916820   3.667280 
   0.0000000000    -83.000    270.000   0.914922    0.001896   0.082907   0.000274   0.916818   3.667273 
   0.0000000000    -82.000    270.000   0.914935    0.001882   0.082904   0.000279   0.916817   3.667266 
   0.0000000000    -81.000    270.000   0.914947    0.001867   0.082901   0.000284   0.916815   3.667259 
   0.0000000000    -80.000    270.000   0.914960    0.001852   0.082898   0.000289   0.916813   3.667252 
   0.0000000000    -79.000    270.000   0.914974    0.001837   0.082895   0.000294   0.916811   3.667244 
   0.0000000000    -78.000    270.000   0.914987    0.001822   0.082892   0.000298   0.916809   3.667236 
   0.0000000000    -77.000    270.000   0.915000    0.001807   0.082890   0.000303   0.916807   3.667228 
   0.0000000000    -76.000    270.000   0.915013    0.001792   0.082887   0.000308   0.916805   3.667220 
   0.0000000000    -75.000    270.000   0.915026    0.001776   0.082884   0.000314   0.916803   3.667211 
   0.0000000000    -74.000    270.000   0.915040    0.001761   0.082881   0.000319   0.916801   3.667203 
   0.0000000000    -73.000    270.000   0.915053    0.001745   0.082878   0.000324   0.916798   3.667194 
   0.0000000000    -72.000    270.000   0.915067    0.001730   0.082875   0.000329   0.916796   3.667184 
   0.0000000000    -71.000    270.000   0.915080    0.001714   0.082872   0.000334   0.916794   3.667175 
   0.0000000000    -70.000    270.000   0.915093    0.001698   0.082869   0.000340   0.916791   3.667165 
   0.0000000000    -69.000    270.000   0.915106    0.001682   0.082866   0.000345   0.916789   3.667155 
   0.0000000000    -68.000    270.000   0.915120    0.001666   0.082864   0.000350   0.916786   3.667145 
   0.0000000000    -67.000    270.000   0.915133    0.001651   0.082861   0.000356   0.916783   3.667134 
   0.0000000000    -66.000    270.000   0.915146    0.001635   0.082858   0.000361   0.916781   3.667123 
   0.0000000000    -65.000    270.000   0.915159    0.001619   0.082855   0.000367   0.916778   3.667112 
   0.0000000000    -64.000    270.000   0.915172    0.001603   0.082853   0.000372   0.916775   3.667100 
   0.0000000000    -63.000    270.000   0.915185    0.001587   0.082850   0.000378   0.916772   3.667088 
   0.0000000000    -62.000    270.000   0.915198    0.001571   0.082848   0.000383   0.916769   3.667075 
   0.0000000000    -61.000    270.000   0.915210    0.001555   0.082845   0.000389   0.916766   3.667063 
   0.0000000000    -60.000    270.000   0.915223    0.001539   0.082843   0.000395   0.916762   3.667049 
   0.0000000000    -59.000    270.000   0.915235    0.001523   0.082840   0.000401   0.916759   3.667036 
   0.0000000000    -58.000    270.000   0.915248    0.001508   0.082838   0.000406   0.916755   3.667022 
   0.0000000000    -57.000    270.000   0.915260    0.001492   0.082836   0.000412   0.916752   3.667007 
   0.0000000000    -56.000    270.000   0.915272    0.001476   0.082834   0.000418   0.916748   3.666992 
   0.0000000000    -55.000    270.000   0.915284    0.001461   0.082832   0.000424   0.916744   3.666976 
   0.0000000000    -54.000    270.000   0.915295    0.001445   0.082830   0.000430   0.916740   3.666960 
   0.0000000000    -53.000    270.000   0.915307    0.001429   0.082828   0.000436   0.916736   3.666944 
   0.0000000000    -52.000    270.000   0.915318    0.001414   0.082826   0.000442   0.916732   3.666927 
   0.0000000000    -51.000    270.000   0.915329    0.001398   0.082824   0.000448   0.916727   3.666909 
   0.0000000000    -50.000    270.000   0.915340    0.001383   0.082823   0.000455   0.916723   3.666891 
   0.0000000000    -49.000    270.000   0.915350    0.001368   0.082821   0.000461   0.916718   3.666872 
   0.0000000000    -48.000    270.000   0.915360    0.001353   0.082820   0.000467   0.916713   3.666852 
   0.0000000000    -47.000    270.000   0.915370    0.001338   0.082819   0.000473   0.916708   3.666832 
   0.0000000000    -46.000    270.000   0.915380    0.001323   0.082818   0.000480   0.916703   3.666811 
   0.0000000000    -45.000    270.000   0.915390    0.001308   0.082817   0.000486   0.916697   3.666789 
   0.0000000000    -44.000    270.000   0.915399    0.001293   0.082816   0.000492   0.916692   3.666767 
   0.0000000000    -43.000    270.000   0.915408    0.001278   0.082815   0.000499   0.916686   3.666744 
   0.0000000000    -42.000    270.000   0.915416    0.001263   0.082815   0.000505   0.916680   3.666720 
   0.0000000000    -41.000    270.000   0.915425    0.001249   0.082814   0.000512   0.916674   3.666695 
   0.0000000000    -40.000    270.000   0.915433    0.001235   0.082814   0.000519   0.916667   3.666669 
   0.0000000000    -39.000    270.000   0.915441    0.001220   0.082814   0.000525   0.916661   3.666643 
   0.0000000000    -38.000    270.000   0.915448    0.001206   0.082814   0.000532   0.916654   3.666615 
   0.0000000000    -37.000    270.000   0.915455    0.001192   0.082815   0.000539   0.916647   3.666587 
   0.0000000000    -36.000    270.000   0.915462    0.001178   0.082815   0.000545   0.916639   3.666558 
   0.0000000000    -35.000    270.000   0.915468    0.001164   0.082816   0.000552   0.916632   3.666527 
   0.0000000000    -34.000    270.000   0.915474    0.001150   0.082817   0.000559   0.916624   3.666496 
   0.0000000000    -33.000    270.000   0.915479    0.001137   0.082818   0.000566   0.916616   3.666463 
   0.0000000000    -32.000    270.000   0.915484    0.001123   0.082820   0.000573   0.916607   3.666430 
   0.0000000000    -31.000    270.000   0.915489    0.001110   0.082821   0.000580   0.916599   3.666395 
   0.0000000000    -30.000    270.000   0.915493    0.001096   0.082823   0.000587   0.916590   3.666359 
   0.0000000000    -29.000    270.000   0.915497    0.001083   0.082826   0.000594   0.916580   3.666322 
   0.0000000000    -28.000    270.000   0.915501    0.001070   0.082828   0.000601   0.916571   3.666283 
   0.0000000000    -27.000    270.000   0.915504    0.001057   0.082831   0.000608   0.916561   3.666243 
   0.0000000000    -26.000    270.000   0.915506    0.001044   0.082834   0.000616   0.916551   3.666202 
   0.0000000000    -25.000    270.000   0.915508    0.001032   0.082837   0.000623   0.916540   3.666160 
   0.0000000000    -24.000    270.000   0.915510    0.001019   0.082841   0.000630   0.916529   3.666116 
   0.0000000000    -23.000    270.000   0.915511    0.001007   0.082845   0.000637   0.916518   3.666070 
   0.0000000000    -22.000    270.000   0.915511    0.000994   0.082849   0.000645   0.916506   3.666024 
   0.0000000000    -21.000    270.000   0.915511    0.000982   0.082854   0.000652   0.916494   3.665975 
   0.0000000000    -20.000    270.000   0.915511    0.000970   0.082859   0.000660   0.916481   3.665925 
   0.0000000000    -19.000    270.000   0.915510    0.000958   0.082865   0.000667   0.916468   3.665873 
   0.0000000000    -18.000    270.000   0.915508    0.000947   0.082870   0.000675   0.916455   3.665820 
   0.0000000000    -17.000    270.000   0.915506    0.000935   0.082877   0.000682   0.916441   3.665765 
   0.0000000000    -16.000    270.000   0.915504    0.000923   0.082883   0.000690   0.916427   3.665708 
   0.0000000000    -15.000    270.000   0.915500    0.000912   0.082890   0.000698   0.916412   3.665649 
   0.0000000000    -14.000    270.000   0.915497    0.000901   0.082898   0.000705   0.916397   3.665588 
   0.0000000000    -13.000    270.000   0.915492    0.000889   0.082905   0.000713   0.916381   3.665526 
   0.0000000000    -12.000    270.000   0.915487    0.000878   0.082914   0.000721   0.916365   3.665461 
   0.0000000000    -11.000    270.000   0.915481    0.000867   0.082923   0.000729   0.916349   3.665395 
   0.0000000000    -10.000    270.000   0.915475    0.000857   0.082932   0.000737   0.916332   3.665326 
   0.0000000000     -9.000    270.000   0.915468    0.000846   0.082942   0.000745   0.916314   3.665255 
   0.0000000000     -8.000    270.000   0.915460    0.000835   0.082952   0.000752   0.916296   3.665182 
   0.0000000000     -7.000    270.000   0.915452    0.000825   0.082963   0.000760   0.916277   3.665107 
   0.0000000000     -6.000    270.000   0.915443    0.000814   0.082974   0.000769   0.916257   3.665029 
   0.0000000000     -5.000    270.000   0.915433    0.000804   0.082986   0.000777   0.916237   3.664949 
   0.0000000000     -4.000    270.000   0.915423    0.000794   0.082998   0.000785   0.916217   3.664867 
   0.0000000000     -3.000    270.000   0.915411    0.000784   0.083011   0.000793   0.916196   3.664782 
   0.0000000000     -2.000    270.000   0.915399    0.000774   0.083025   0.000801   0.916174   3.664695 
   0.0000000000     -1.000    270.000   0.915387    0.000765   0.083039   0.000810   0.916151   3.664605 
   0.0000000000      0.000    270.000   0.915373    0.000755   0.083054   0.000818   0.916128   3.664512 
   0.0000000000      1.000    270.000   0.915359    0.000745   0.083070   0.000826   0.916104   3.664417 
   0.0000000000      2.000    270.000   0.915344    0.000736   0.083086   0.000835   0.916080   3.664319 
   0.0000000000      3.000    270.000   0.915328    0.000727   0.083103   0.000843   0.916054   3.664218 
   0.0000000000      4.000    270.000   0.915311    0.000718   0.083120   0.000852   0.916028   3.664114 
   0.0000000000      5.000    270.000   0.915293    0.000709   0.083138   0.000860   0.916002   3.664007 
   0.0000000000      6.000    270.000   0.915275    0.000700   0.083157   0.000869   0.915974   3.663897 
   0.0000000000      7.000    270.000   0.915255    0.000691   0.083177   0.000877   0.915946   3.663784 
   0.0000000000      8.000    270.000   0.915235    0.000682   0.083197   0.000886   0.915917   3.663668 
   0.0000000000      9.000    270.000   0.915214    0.000673   0.083218   0.000895   0.915887   3.663548 
   0.0000000000     10.000    270.000   0.915191    0.000665   0.083240   0.000903   0.915856   3.663426 
   0.0000000000     11.000    270.000   0.915168    0.000657   0.083263   0.000912   0.915825   3.663300 
   0.0000000000     12.000    270.000   0.915144    0.000648   0.083286   0.000921   0.915793   3.663170 
   0.0000000000     13.000    270.000   0.915119    0.000640   0.083311   0.000930   0.915759   3.663037 
   0.0000000000     14.000    270.000   0.915093    0.000632   0.083336   0.000939   0.915725   3.662901 
   0.0000000000     15.000    270.000   0.915066    0.000624   0.083362   0.000948   0.915690   3.662760 
   0.0000000000     16.000    270.000   0.915038    0.000616   0.083389   0.000957   0.915654   3.662616 
   0.0000000000     17.000    270.000   0.915009    0.000608   0.083417   0.000966   0.915617   3.662468 
   0.0000000000     18.000    270.000   0.914979    0.000601   0.083446   0.000975   0.915579   3.662317 
   0.0000000000     19.000    270.000   0.914947    0.000593   0.083475   0.000984   0.915540   3.662161 
   0.0000000000     20.000    270.000   0.914915    0.000586   0.083506   0.000994   0.915500   3.662001 
   0.0000000000     21.000    270.000   0.914881    0.000578   0.083538   0.001003   0.915459   3.661838 
   0.0000000000     22.000    270.000   0.914847    0.000571   0.083570   0.001012   0.915417   3.661670 
   0.0000000000     23.000    270.000   0.914811    0.000564   0.083604   0.001022   0.915374   3.661498 
   0.0000000000     24.000    270.000   0.914774    0.000556   0.083639   0.001031   0.915330   3.661321 
   0.0000000000     25.000    270.000   0.914736    0.000549   0.083674   0.001041   0.915285   3.661140 
   0.0000000000     26.000    270.000   0.914696    0.000542   0.083711   0.001050   0.915239   3.660955 
   0.0000000000     27.000    270.000   0.914656    0.000536   0.083749   0.001060   0.915191   3.660764 
   0.0000000000     28.000    270.000   0.914614    0.000529   0.083788   0.001069   0.915142   3.660570 
   0.0000000000     29.000    270.000   0.914570    0.000522   0.083828   0.001079   0.915093   3.660370 
   0.0000000000     30.000    270.000   0.914526    0.000516   0.083870   0.001089   0.915042   3.660166 
   0.0000000000     31.000    270.000   0.914480    0.000509   0.083912   0.001098   0.914989   3.659957 
   0.0000000000     32.000    270.000   0.914433    0.000503   0.083956   0.001108   0.914936   3.659743 
   0.0000000000     33.000    270.000   0.914385    0.000496   0.084001   0.001118   0.914881   3.659523 
   0.0000000000     34.000    270.000   0.914335    0.000490   0.084047   0.001128   0.914825   3.659299 
   0.0000000000     35.000    270.000   0.914283    0.000484   0.084095   0.001138   0.914767   3.659069 
   0.0000000000     36.000    270.000   0.914231    0.000478   0.084143   0.001148   0.914709   3.658834 
   0.0000000000     37.000    270.000   0.914177    0.000472   0.084193   0.001158   0.914648   3.658594 
   0.0000000000     38.000    270.000   0.914121    0.000466   0.084245   0.001168   0.914587   3.658348 
   0.0000000000     39.000    270.000   0.914064    0.000460   0.084297   0.001179   0.914524   3.658096 
   0.0000000000     40.000    270.000   0.914006    0.000454   0.084352   0.001189   0.914460   3.657839 
   0.0000000000     41.000    270.000   0.913945    0.000448   0.084407   0.001199   0.914394   3.657575 
   0.0000000000     42.000    270.000   0.913884    0.000443   0.084464   0.001209   0.914327   3.657306 
   0.0000000000     43.000    270.000   0.913821    0.000437   0.084522   0.001220   0.914258   3.657031 
   0.0000000000     44.000    270.000   0.913756    0.000432   0.084582   0.001230   0.914188   3.656750 
   0.0000000000     45.000    270.000   0.913689    0.000426   0.084643   0.001241   0.914116   3.656463 
   0.0000000000     46.000    270.000   0.913621    0.000421   0.084706   0.001251   0.914042   3.656170 
   0.0000000000     47.000    270.000   0.913552    0.000416   0.084770   0.001262   0.913967   3.655870 
   0.0000000000     48.000    270.000   0.913480    0.000410   0.084836   0.001273   0.913891   3.655563 
   0.0000000000     49.000    270.000   0.913407    0.000405   0.084904   0.001284   0.913813   3.655250 
   0.0000000000     50.000    270.000   0.913332    0.000400   0.084973   0.001294   0.913733   3.654931 
   0.0000000000     51.000    270.000   0.913256    0.000395   0.085044   0.001305   0.913651   3.654604 
   0.0000000000     52.000    270.000   0.913178    0.000390   0.085116   0.001316   0.913568   3.654271 
   0.0000000000     53.000    270.000   0.913097    0.000385   0.085190   0.001327   0.913483   3.653931 
   0.0000000000     54.000    270.000   0.913015    0.000381   0.085266   0.001338   0.913396   3.653584 
   0.0000000000     55.000    270.000   0.912932    0.000376   0.085343   0.001350   0.913307   3.653229 
   0.0000000000     56.000    270.000   0.912846    0.000371   0.085422   0.001361   0.913217   3.652868 
   0.0000000000     57.000    270.000   0.912758    0.000366   0.085503   0.001372   0.913125   3.652499 
   0.0000000000     58.000    270.000   0.912669    0.000362   0.085586   0.001383   0.913031   3.652122 
   0.0000000000     59.000    270.000   0.912577    0.000357   0.085671   0.001395   0.912935   3.651738 
   0.0000000000     60.000    270.000   0.912484    0.000353   0.085757   0.001406   0.912837   3.651346 
   0.0000000000     61.000    270.000   0.912388    0.000348   0.085846   0.001418   0.912737   3.650947 
   0.0000000000     62.000    270.000   0.912291    0.000344   0.085936   0.001429   0.912635   3.650539 
   0.0000000000     63.000    270.000   0.912191    0.000340   0.086028   0.001441   0.912531   3.650124 
   0.0000000000     64.000    270.000   0.912089    0.000336   0.086122   0.001453   0.912425   3.649700 
   0.0000000000     65.000    270.000   0.911986    0.000331   0.086218   0.001465   0.912317   3.649268 
   0.0000000000     66.000    270.000   0.911880    0.000327   0.086316   0.001477   0.912207   3.648828 
   0.0000000000     67.000    270.000   0.911772    0.000323   0.086417   0.001489   0.912095   3.648379 
   0.0000000000     68.000    270.000   0.911661    0.000319   0.086519   0.001501   0.911981   3.647922 
   0.0000000000     69.000    270.000   0.911549    0.000315   0.086623   0.001513   0.911864   3.647456 
   0.0000000000     70.000    270.000   0.911434    0.000311   0.086730   0.001525   0.911745   3.646981 
   0.0000000000     71.000    270.000   0.911317    0.000307   0.086838   0.001537   0.911624   3.646498 
   0.0000000000     72.000    270.000   0.911198    0.000304   0.086949   0.001549   0.911501   3.646005 
   0.0000000000     73.000    270.000   0.911076    0.000300   0.087062   0.001562   0.911376   3.645503 
   0.0000000000     74.000    270.000   0.910952    0.000296   0.087178   0.001574   0.911248   3.644992 
   0.0000000000     75.000    270.000   0.910826    0.000292   0.087295   0.001587   0.911118   3.644472 
   0.0000000000     76.000    270.000   0.910697    0.000289   0.087415   0.001600   0.910985   3.643942 
   0.0000000000     77.000    270.000   0.910565    0.000285   0.087537   0.001612   0.910850   3.643402 
   0.0000000000     78.000    270.000   0.910432    0.000282   0.087662   0.001625   0.910713   3.642853 
   0.0000000000     79.000    270.000   0.910295    0.000278   0.087789   0.001638   0.910573   3.642293 
   0.0000000000     80.000    270.000   0.910156    0.000275   0.087918   0.001651   0.910431   3.641724 
   0.0000000000     81.000    270.000   0.910015    0.000271   0.088050   0.001664   0.910286   3.641145 
   0.0000000000     82.000    270.000   0.909871    0.000268   0.088184   0.001677   0.910139   3.640555 
   0.0000000000     83.000    270.000   0.909724    0.000265   0.088321   0.001691   0.909989   3.639955 
   0.0000000000     84.000    270.000   0.909575    0.000261   0.088460   0.001704   0.909836   3.639345 
   0.0000000000     85.000    270.000   0.909423    0.000258   0.088602   0.001717   0.909681   3.638724 
   0.0000000000     86.000    270.000   0.909268    0.000255   0.088746   0.001731   0.909523   3.638092 
   0.0000000000     87.000    270.000   0.909111    0.000252   0.088893   0.001745   0.909362   3.637449 
   0.0000000000     88.000    270.000   0.908950    0.000249   0.089043   0.001758   0.909199   3.636795 
   0.0000000000     89.000    270.000   0.908787    0.000245   0.089195   0.001772   0.909033   3.636130 
   0.0000000000     90.000    270.000   0.908621    0.000242   0.089350   0.001786   0.908864   3.635454 
   0.0000000000     91.000    270.000   0.908452    0.000239   0.089508   0.001800   0.908692   3.634767 
   0.0000000000     92.000    270.000   0.908281    0.000236   0.089669   0.001814   0.908517   3.634068 
   0.0000000000     93.000    270.000   0.908106    0.000233   0.089832   0.001828   0.908339   3.633357 
   0.0000000000     94.000    270.000   0.907928    0.000231   0.089999   0.001843   0.908159   3.632634 
   0.0000000000     95.000    270.000   0.907747    0.000228   0.090168   0.001857   0.907975   3.631900 
   0.0000000000     96.000    270.000   0.907563    0.000225   0.090340   0.001872   0.907788   3.631153 
   0.0000000000     97.000    270.000   0.907376    0.000222   0.090515   0.001886   0.907599   3.630394 
   0.0000000000     98.000    270.000   0.907186    0.000219   0.090693   0.001901   0.907406   3.629623 
   0.0000000000     99.000    270.000   0.906993    0.000217   0.090874   0.001916   0.907210   3.628839 
   0.0000000000    100.000    270.000   0.906797    0.000214   0.091059   0.001931   0.907011   3.628043 
   0.0000000000    101.000    270.000   0.906597    0.000211   0.091246   0.001946   0.906808   3.627233 
   0.0000000000    102.000    270.000   0.906394    0.000209   0.091436   0.001961   0.906603   3.626411 
   0.0000000000    103.000    270.000   0.906188    0.000206   0.091630   0.001976   0.906394   3.625576 
   0.0000000000    104.000    270.000   0.905979    0.000203   0.091826   0.001992   0.906182   3.624728 
   0.0000000000    105.000    270.000   0.905766    0.000201   0.092026   0.002007   0.905966   3.623866 
   0.0000000000    106.000    270.000   0.905549    0.000198   0.092230   0.002023   0.905748   3.622991 
   0.0000000000    107.000    270.000   0.905330    0.000196   0.092436   0.002039   0.905525   3.622102 
   0.0000000000    108.000    270.000   0.905106    0.000193   0.092646   0.002054   0.905300   3.621199 
   0.0000000000    109.000    270.000   0.904879    0.000191   0.092859   0.002070   0.905070   3.620282 
   0.0000000000    110.000    270.000   0.904649    0.000189   0.093076   0.002087   0.904838   3.619351 
   0.0000000000    111.000    270.000   0.904415    0.000186   0.093296   0.002103   0.904601   3.618406 
   0.0000000000    112.000    270.000   0.904178    0.000184   0.093519   0.002119   0.904362   3.617446 
   0.0000000000    113.000    270.000   0.903936    0.000182   0.093746   0.002136   0.904118   3.616472 
   0.0000000000    114.000    270.000   0.903691    0.000179   0.093977   0.002152   0.903871   3.615483 
   0.0000000000    115.000    270.000   0.903443    0.000177   0.094211   0.002169   0.903620   3.614479 
   0.0000000000    116.000    270.000   0.903190    0.000175   0.094449   0.002186   0.903365   3.613460 
   0.0000000000    117.000    270.000   0.902934    0.000173   0.094690   0.002203   0.903107   3.612426 
   0.0000000000    118.000    270.000   0.902674    0.000171   0.094936   0.002220   0.902844   3.611377 
   0.0000000000    119.000    270.000   0.902410    0.000168   0.095184   0.002238   0.902578   3.610312 
   0.0000000000    120.000    270.000   0.902141    0.000166   0.095437   0.002255   0.902308   3.609231 
   0.0000000000    121.000    270.000   0.901869    0.000164   0.095694   0.002273   0.902034   3.608134 
   0.0000000000    122.000    270.000   0.901593    0.000162   0.095954   0.002290   0.901755   3.607022 
   0.0000000000    123.000    270.000   0.901313    0.000160   0.096218   0.002308   0.901473   3.605893 
   0.0000000000    124.000    270.000   0.901029    0.000158   0.096487   0.002326   0.901187   3.604748 
   0.0000000000    125.000    270.000   0.900740    0.000156   0.096759   0.002345   0.900897   3.603586 
   0.0000000000    126.000    270.000   0.900448    0.000154   0.097035   0.002363   0.900602   3.602408 
