#solute size.    Temp(C) Press(Mpa)        fHB          fS        fLJ         fO        xHB        nHB 
   0.0000000000   -173.000    300.000   0.916483    0.000200   0.083269   0.000048   0.916683   3.666731 
   0.0000000000   -172.000    300.000   0.916476    0.000208   0.083267   0.000050   0.916684   3.666735 
   0.0000000000   -171.000    300.000   0.916468    0.000216   0.083264   0.000052   0.916684   3.666736 
   0.0000000000   -170.000    300.000   0.916462    0.000224   0.083260   0.000055   0.916685   3.666742 
   0.0000000000   -169.000    300.000   0.916454    0.000232   0.083257   0.000057   0.916686   3.666745 
   0.0000000000   -168.000    300.000   0.916447    0.000240   0.083254   0.000059   0.916687   3.666748 
   0.0000000000   -167.000    300.000   0.916439    0.000249   0.083251   0.000062   0.916688   3.666750 
   0.0000000000   -166.000    300.000   0.916431    0.000258   0.083248   0.000064   0.916688   3.666752 
   0.0000000000   -165.000    300.000   0.916423    0.000266   0.083244   0.000067   0.916689   3.666755 
   0.0000000000   -164.000    300.000   0.916415    0.000275   0.083241   0.000069   0.916690   3.666758 
   0.0000000000   -163.000    300.000   0.916407    0.000284   0.083238   0.000072   0.916690   3.666761 
   0.0000000000   -162.000    300.000   0.916398    0.000293   0.083234   0.000075   0.916691   3.666764 
   0.0000000000   -161.000    300.000   0.916390    0.000302   0.083231   0.000077   0.916692   3.666767 
   0.0000000000   -160.000    300.000   0.916382    0.000311   0.083227   0.000080   0.916693   3.666770 
   0.0000000000   -159.000    300.000   0.916373    0.000320   0.083224   0.000083   0.916693   3.666773 
   0.0000000000   -158.000    300.000   0.916365    0.000329   0.083220   0.000086   0.916694   3.666776 
   0.0000000000   -157.000    300.000   0.916356    0.000338   0.083216   0.000089   0.916695   3.666779 
   0.0000000000   -156.000    300.000   0.916348    0.000348   0.083212   0.000092   0.916696   3.666783 
   0.0000000000   -155.000    300.000   0.916339    0.000357   0.083209   0.000095   0.916696   3.666786 
   0.0000000000   -154.000    300.000   0.916331    0.000366   0.083205   0.000098   0.916697   3.666789 
   0.0000000000   -153.000    300.000   0.916322    0.000376   0.083201   0.000101   0.916698   3.666792 
   0.0000000000   -152.000    300.000   0.916314    0.000385   0.083197   0.000105   0.916699   3.666795 
   0.0000000000   -151.000    300.000   0.916305    0.000394   0.083193   0.000108   0.916700   3.666798 
   0.0000000000   -150.000    300.000   0.916297    0.000404   0.083189   0.000111   0.916700   3.666801 
   0.0000000000   -149.000    300.000   0.916288    0.000413   0.083184   0.000115   0.916701   3.666804 
   0.0000000000   -148.000    300.000   0.916280    0.000422   0.083180   0.000118   0.916702   3.666807 
   0.0000000000   -147.000    300.000   0.916271    0.000431   0.083176   0.000121   0.916703   3.666810 
   0.0000000000   -146.000    300.000   0.916263    0.000441   0.083172   0.000125   0.916703   3.666814 
   0.0000000000   -145.000    300.000   0.916254    0.000450   0.083167   0.000129   0.916704   3.666817 
   0.0000000000   -144.000    300.000   0.916246    0.000459   0.083163   0.000132   0.916705   3.666820 
   0.0000000000   -143.000    300.000   0.916238    0.000468   0.083159   0.000136   0.916706   3.666823 
   0.0000000000   -142.000    300.000   0.916230    0.000477   0.083154   0.000140   0.916706   3.666826 
   0.0000000000   -141.000    300.000   0.916221    0.000486   0.083150   0.000143   0.916707   3.666829 
   0.0000000000   -140.000    300.000   0.916213    0.000495   0.083145   0.000147   0.916708   3.666831 
   0.0000000000   -139.000    300.000   0.916205    0.000503   0.083140   0.000151   0.916709   3.666834 
   0.0000000000   -138.000    300.000   0.916197    0.000512   0.083136   0.000155   0.916709   3.666837 
   0.0000000000   -137.000    300.000   0.916190    0.000520   0.083131   0.000159   0.916710   3.666840 
   0.0000000000   -136.000    300.000   0.916182    0.000529   0.083126   0.000163   0.916711   3.666843 
   0.0000000000   -135.000    300.000   0.916174    0.000537   0.083122   0.000167   0.916711   3.666846 
   0.0000000000   -134.000    300.000   0.916167    0.000545   0.083117   0.000171   0.916712   3.666848 
   0.0000000000   -133.000    300.000   0.916159    0.000553   0.083112   0.000175   0.916713   3.666851 
   0.0000000000   -132.000    300.000   0.916152    0.000561   0.083107   0.000180   0.916713   3.666854 
   0.0000000000   -131.000    300.000   0.916145    0.000569   0.083102   0.000184   0.916714   3.666856 
   0.0000000000   -130.000    300.000   0.916138    0.000577   0.083097   0.000188   0.916715   3.666859 
   0.0000000000   -129.000    300.000   0.916131    0.000584   0.083092   0.000192   0.916715   3.666861 
   0.0000000000   -128.000    300.000   0.916124    0.000592   0.083087   0.000197   0.916716   3.666864 
   0.0000000000   -127.000    300.000   0.916118    0.000599   0.083082   0.000201   0.916717   3.666866 
   0.0000000000   -126.000    300.000   0.916111    0.000606   0.083077   0.000206   0.916717   3.666868 
   0.0000000000   -125.000    300.000   0.916105    0.000613   0.083072   0.000210   0.916718   3.666871 
   0.0000000000   -124.000    300.000   0.916099    0.000619   0.083067   0.000215   0.916718   3.666873 
   0.0000000000   -123.000    300.000   0.916093    0.000626   0.083062   0.000220   0.916719   3.666875 
   0.0000000000   -122.000    300.000   0.916087    0.000632   0.083056   0.000224   0.916719   3.666877 
   0.0000000000   -121.000    300.000   0.916081    0.000638   0.083051   0.000229   0.916720   3.666879 
   0.0000000000   -120.000    300.000   0.916076    0.000644   0.083046   0.000234   0.916720   3.666881 
   0.0000000000   -119.000    300.000   0.916071    0.000650   0.083041   0.000239   0.916721   3.666883 
   0.0000000000   -118.000    300.000   0.916066    0.000656   0.083035   0.000244   0.916721   3.666885 
   0.0000000000   -117.000    300.000   0.916061    0.000661   0.083030   0.000249   0.916722   3.666886 
   0.0000000000   -116.000    300.000   0.916056    0.000666   0.083025   0.000253   0.916722   3.666888 
   0.0000000000   -115.000    300.000   0.916051    0.000671   0.083019   0.000259   0.916722   3.666889 
   0.0000000000   -114.000    300.000   0.916047    0.000676   0.083014   0.000264   0.916723   3.666891 
   0.0000000000   -113.000    300.000   0.916042    0.000681   0.083008   0.000269   0.916723   3.666892 
   0.0000000000   -112.000    300.000   0.916038    0.000685   0.083003   0.000274   0.916723   3.666894 
   0.0000000000   -111.000    300.000   0.916034    0.000689   0.082997   0.000279   0.916724   3.666895 
   0.0000000000   -110.000    300.000   0.916031    0.000693   0.082992   0.000284   0.916724   3.666896 
   0.0000000000   -109.000    300.000   0.916027    0.000697   0.082986   0.000290   0.916724   3.666897 
   0.0000000000   -108.000    300.000   0.916024    0.000701   0.082980   0.000295   0.916725   3.666898 
   0.0000000000   -107.000    300.000   0.916021    0.000704   0.082975   0.000300   0.916725   3.666899 
   0.0000000000   -106.000    300.000   0.916018    0.000707   0.082969   0.000306   0.916725   3.666900 
   0.0000000000   -105.000    300.000   0.916015    0.000710   0.082964   0.000311   0.916725   3.666901 
   0.0000000000   -104.000    300.000   0.916012    0.000713   0.082958   0.000317   0.916725   3.666901 
   0.0000000000   -103.000    300.000   0.916010    0.000716   0.082952   0.000322   0.916725   3.666902 
   0.0000000000   -102.000    300.000   0.916007    0.000718   0.082946   0.000328   0.916726   3.666902 
   0.0000000000   -101.000    300.000   0.916005    0.000720   0.082941   0.000334   0.916726   3.666903 
   0.0000000000   -100.000    300.000   0.916003    0.000722   0.082935   0.000339   0.916726   3.666903 
   0.0000000000    -99.000    300.000   0.916002    0.000724   0.082929   0.000345   0.916726   3.666903 
   0.0000000000    -98.000    300.000   0.916000    0.000726   0.082923   0.000351   0.916726   3.666903 
   0.0000000000    -97.000    300.000   0.915998    0.000727   0.082917   0.000357   0.916726   3.666903 
   0.0000000000    -96.000    300.000   0.915997    0.000729   0.082912   0.000363   0.916726   3.666903 
   0.0000000000    -95.000    300.000   0.915996    0.000730   0.082906   0.000369   0.916726   3.666902 
   0.0000000000    -94.000    300.000   0.915995    0.000731   0.082900   0.000375   0.916725   3.666902 
   0.0000000000    -93.000    300.000   0.915994    0.000731   0.082894   0.000381   0.916725   3.666901 
   0.0000000000    -92.000    300.000   0.915993    0.000732   0.082888   0.000387   0.916725   3.666901 
   0.0000000000    -91.000    300.000   0.915993    0.000732   0.082882   0.000393   0.916725   3.666900 
   0.0000000000    -90.000    300.000   0.915992    0.000732   0.082876   0.000399   0.916725   3.666899 
   0.0000000000    -89.000    300.000   0.915992    0.000732   0.082870   0.000405   0.916725   3.666898 
   0.0000000000    -88.000    300.000   0.915992    0.000732   0.082864   0.000412   0.916724   3.666897 
   0.0000000000    -87.000    300.000   0.915992    0.000732   0.082858   0.000418   0.916724   3.666896 
   0.0000000000    -86.000    300.000   0.915992    0.000731   0.082852   0.000424   0.916724   3.666894 
   0.0000000000    -85.000    300.000   0.915992    0.000731   0.082846   0.000431   0.916723   3.666892 
   0.0000000000    -84.000    300.000   0.915993    0.000730   0.082840   0.000437   0.916723   3.666891 
   0.0000000000    -83.000    300.000   0.915993    0.000729   0.082834   0.000444   0.916722   3.666889 
   0.0000000000    -82.000    300.000   0.915994    0.000728   0.082828   0.000450   0.916722   3.666887 
   0.0000000000    -81.000    300.000   0.915994    0.000727   0.082822   0.000457   0.916721   3.666884 
   0.0000000000    -80.000    300.000   0.915995    0.000725   0.082816   0.000463   0.916720   3.666882 
   0.0000000000    -79.000    300.000   0.915996    0.000724   0.082810   0.000470   0.916720   3.666879 
   0.0000000000    -78.000    300.000   0.915997    0.000722   0.082804   0.000477   0.916719   3.666877 
   0.0000000000    -77.000    300.000   0.915998    0.000721   0.082798   0.000483   0.916718   3.666873 
   0.0000000000    -76.000    300.000   0.915999    0.000719   0.082792   0.000490   0.916718   3.666870 
   0.0000000000    -75.000    300.000   0.916000    0.000717   0.082786   0.000497   0.916717   3.666867 
   0.0000000000    -74.000    300.000   0.916001    0.000715   0.082780   0.000504   0.916716   3.666863 
   0.0000000000    -73.000    300.000   0.916003    0.000712   0.082774   0.000511   0.916715   3.666859 
   0.0000000000    -72.000    300.000   0.916004    0.000710   0.082768   0.000518   0.916714   3.666855 
   0.0000000000    -71.000    300.000   0.916005    0.000707   0.082762   0.000525   0.916713   3.666851 
   0.0000000000    -70.000    300.000   0.916007    0.000705   0.082757   0.000532   0.916712   3.666846 
   0.0000000000    -69.000    300.000   0.916008    0.000702   0.082751   0.000539   0.916710   3.666841 
   0.0000000000    -68.000    300.000   0.916010    0.000699   0.082745   0.000546   0.916709   3.666836 
   0.0000000000    -67.000    300.000   0.916011    0.000696   0.082739   0.000553   0.916708   3.666831 
   0.0000000000    -66.000    300.000   0.916013    0.000693   0.082733   0.000561   0.916706   3.666825 
   0.0000000000    -65.000    300.000   0.916014    0.000690   0.082727   0.000568   0.916705   3.666819 
   0.0000000000    -64.000    300.000   0.916016    0.000687   0.082722   0.000575   0.916703   3.666812 
   0.0000000000    -63.000    300.000   0.916017    0.000684   0.082716   0.000583   0.916701   3.666806 
   0.0000000000    -62.000    300.000   0.916019    0.000681   0.082710   0.000590   0.916700   3.666798 
   0.0000000000    -61.000    300.000   0.916020    0.000677   0.082705   0.000598   0.916698   3.666791 
   0.0000000000    -60.000    300.000   0.916022    0.000674   0.082699   0.000605   0.916696   3.666783 
   0.0000000000    -59.000    300.000   0.916023    0.000670   0.082694   0.000613   0.916694   3.666775 
   0.0000000000    -58.000    300.000   0.916025    0.000667   0.082688   0.000620   0.916692   3.666766 
   0.0000000000    -57.000    300.000   0.916026    0.000663   0.082683   0.000628   0.916689   3.666757 
   0.0000000000    -56.000    300.000   0.916028    0.000659   0.082678   0.000635   0.916687   3.666748 
   0.0000000000    -55.000    300.000   0.916029    0.000655   0.082672   0.000643   0.916684   3.666738 
   0.0000000000    -54.000    300.000   0.916030    0.000652   0.082667   0.000651   0.916682   3.666727 
   0.0000000000    -53.000    300.000   0.916031    0.000648   0.082662   0.000659   0.916679   3.666716 
   0.0000000000    -52.000    300.000   0.916033    0.000644   0.082657   0.000667   0.916676   3.666705 
   0.0000000000    -51.000    300.000   0.916034    0.000640   0.082652   0.000674   0.916673   3.666693 
   0.0000000000    -50.000    300.000   0.916034    0.000636   0.082647   0.000682   0.916670   3.666681 
   0.0000000000    -49.000    300.000   0.916035    0.000632   0.082643   0.000690   0.916667   3.666668 
   0.0000000000    -48.000    300.000   0.916036    0.000627   0.082638   0.000698   0.916663   3.666654 
   0.0000000000    -47.000    300.000   0.916037    0.000623   0.082634   0.000706   0.916660   3.666640 
   0.0000000000    -46.000    300.000   0.916037    0.000619   0.082629   0.000715   0.916656   3.666625 
   0.0000000000    -45.000    300.000   0.916037    0.000615   0.082625   0.000723   0.916652   3.666609 
   0.0000000000    -44.000    300.000   0.916038    0.000611   0.082621   0.000731   0.916648   3.666593 
   0.0000000000    -43.000    300.000   0.916038    0.000606   0.082617   0.000739   0.916644   3.666576 
   0.0000000000    -42.000    300.000   0.916038    0.000602   0.082613   0.000747   0.916640   3.666558 
   0.0000000000    -41.000    300.000   0.916037    0.000598   0.082609   0.000756   0.916635   3.666540 
   0.0000000000    -40.000    300.000   0.916037    0.000593   0.082606   0.000764   0.916630   3.666521 
   0.0000000000    -39.000    300.000   0.916036    0.000589   0.082602   0.000772   0.916625   3.666501 
   0.0000000000    -38.000    300.000   0.916035    0.000585   0.082599   0.000781   0.916620   3.666480 
   0.0000000000    -37.000    300.000   0.916034    0.000580   0.082596   0.000789   0.916615   3.666458 
   0.0000000000    -36.000    300.000   0.916033    0.000576   0.082593   0.000798   0.916609   3.666435 
   0.0000000000    -35.000    300.000   0.916032    0.000571   0.082591   0.000807   0.916603   3.666412 
   0.0000000000    -34.000    300.000   0.916030    0.000567   0.082588   0.000815   0.916597   3.666387 
   0.0000000000    -33.000    300.000   0.916028    0.000562   0.082586   0.000824   0.916591   3.666362 
   0.0000000000    -32.000    300.000   0.916026    0.000558   0.082584   0.000832   0.916584   3.666336 
   0.0000000000    -31.000    300.000   0.916024    0.000553   0.082582   0.000841   0.916577   3.666308 
   0.0000000000    -30.000    300.000   0.916021    0.000549   0.082580   0.000850   0.916570   3.666280 
   0.0000000000    -29.000    300.000   0.916018    0.000545   0.082579   0.000859   0.916562   3.666250 
   0.0000000000    -28.000    300.000   0.916015    0.000540   0.082578   0.000868   0.916555   3.666219 
   0.0000000000    -27.000    300.000   0.916011    0.000536   0.082577   0.000876   0.916547   3.666187 
   0.0000000000    -26.000    300.000   0.916007    0.000531   0.082576   0.000885   0.916539   3.666154 
   0.0000000000    -25.000    300.000   0.916003    0.000527   0.082576   0.000894   0.916530   3.666120 
   0.0000000000    -24.000    300.000   0.915999    0.000522   0.082576   0.000903   0.916521   3.666084 
   0.0000000000    -23.000    300.000   0.915994    0.000518   0.082576   0.000912   0.916512   3.666047 
   0.0000000000    -22.000    300.000   0.915989    0.000513   0.082576   0.000922   0.916502   3.666009 
   0.0000000000    -21.000    300.000   0.915983    0.000509   0.082577   0.000931   0.916492   3.665969 
   0.0000000000    -20.000    300.000   0.915977    0.000504   0.082578   0.000940   0.916482   3.665928 
   0.0000000000    -19.000    300.000   0.915971    0.000500   0.082580   0.000949   0.916471   3.665885 
   0.0000000000    -18.000    300.000   0.915964    0.000496   0.082581   0.000958   0.916460   3.665841 
   0.0000000000    -17.000    300.000   0.915957    0.000491   0.082584   0.000968   0.916449   3.665795 
   0.0000000000    -16.000    300.000   0.915950    0.000487   0.082586   0.000977   0.916437   3.665748 
   0.0000000000    -15.000    300.000   0.915942    0.000483   0.082589   0.000986   0.916425   3.665699 
   0.0000000000    -14.000    300.000   0.915934    0.000478   0.082592   0.000996   0.916412   3.665648 
   0.0000000000    -13.000    300.000   0.915925    0.000474   0.082596   0.001005   0.916399   3.665595 
   0.0000000000    -12.000    300.000   0.915916    0.000470   0.082600   0.001015   0.916385   3.665541 
   0.0000000000    -11.000    300.000   0.915906    0.000465   0.082604   0.001024   0.916371   3.665485 
   0.0000000000    -10.000    300.000   0.915896    0.000461   0.082609   0.001034   0.916357   3.665427 
   0.0000000000     -9.000    300.000   0.915885    0.000457   0.082615   0.001044   0.916342   3.665368 
   0.0000000000     -8.000    300.000   0.915874    0.000453   0.082620   0.001053   0.916326   3.665306 
   0.0000000000     -7.000    300.000   0.915862    0.000448   0.082627   0.001063   0.916310   3.665242 
   0.0000000000     -6.000    300.000   0.915850    0.000444   0.082633   0.001073   0.916294   3.665176 
   0.0000000000     -5.000    300.000   0.915837    0.000440   0.082640   0.001082   0.916277   3.665108 
   0.0000000000     -4.000    300.000   0.915824    0.000436   0.082648   0.001092   0.916260   3.665038 
   0.0000000000     -3.000    300.000   0.915810    0.000432   0.082656   0.001102   0.916241   3.664966 
   0.0000000000     -2.000    300.000   0.915795    0.000428   0.082665   0.001112   0.916223   3.664891 
   0.0000000000     -1.000    300.000   0.915780    0.000424   0.082674   0.001122   0.916204   3.664814 
   0.0000000000      0.000    300.000   0.915764    0.000420   0.082684   0.001132   0.916184   3.664735 
   0.0000000000      1.000    300.000   0.915748    0.000416   0.082695   0.001142   0.916163   3.664653 
   0.0000000000      2.000    300.000   0.915730    0.000412   0.082706   0.001152   0.916142   3.664569 
   0.0000000000      3.000    300.000   0.915713    0.000408   0.082717   0.001162   0.916120   3.664482 
   0.0000000000      4.000    300.000   0.915694    0.000404   0.082729   0.001172   0.916098   3.664393 
   0.0000000000      5.000    300.000   0.915675    0.000400   0.082742   0.001183   0.916075   3.664301 
   0.0000000000      6.000    300.000   0.915655    0.000396   0.082756   0.001193   0.916051   3.664206 
   0.0000000000      7.000    300.000   0.915635    0.000392   0.082770   0.001203   0.916027   3.664108 
   0.0000000000      8.000    300.000   0.915614    0.000388   0.082784   0.001214   0.916002   3.664008 
   0.0000000000      9.000    300.000   0.915592    0.000385   0.082800   0.001224   0.915976   3.663905 
   0.0000000000     10.000    300.000   0.915569    0.000381   0.082816   0.001234   0.915950   3.663798 
   0.0000000000     11.000    300.000   0.915545    0.000377   0.082833   0.001245   0.915922   3.663689 
   0.0000000000     12.000    300.000   0.915521    0.000373   0.082850   0.001255   0.915894   3.663577 
   0.0000000000     13.000    300.000   0.915496    0.000370   0.082869   0.001266   0.915865   3.663461 
   0.0000000000     14.000    300.000   0.915470    0.000366   0.082888   0.001276   0.915836   3.663343 
   0.0000000000     15.000    300.000   0.915443    0.000362   0.082908   0.001287   0.915805   3.663221 
   0.0000000000     16.000    300.000   0.915415    0.000359   0.082928   0.001298   0.915774   3.663095 
   0.0000000000     17.000    300.000   0.915386    0.000355   0.082950   0.001309   0.915742   3.662967 
   0.0000000000     18.000    300.000   0.915357    0.000352   0.082972   0.001319   0.915709   3.662834 
   0.0000000000     19.000    300.000   0.915327    0.000348   0.082995   0.001330   0.915675   3.662699 
   0.0000000000     20.000    300.000   0.915295    0.000345   0.083019   0.001341   0.915640   3.662559 
   0.0000000000     21.000    300.000   0.915263    0.000341   0.083044   0.001352   0.915604   3.662416 
   0.0000000000     22.000    300.000   0.915230    0.000338   0.083070   0.001363   0.915567   3.662269 
   0.0000000000     23.000    300.000   0.915195    0.000334   0.083096   0.001374   0.915530   3.662119 
   0.0000000000     24.000    300.000   0.915160    0.000331   0.083124   0.001385   0.915491   3.661964 
   0.0000000000     25.000    300.000   0.915124    0.000328   0.083153   0.001396   0.915451   3.661806 
   0.0000000000     26.000    300.000   0.915087    0.000324   0.083182   0.001407   0.915411   3.661643 
   0.0000000000     27.000    300.000   0.915048    0.000321   0.083213   0.001418   0.915369   3.661477 
   0.0000000000     28.000    300.000   0.915009    0.000318   0.083244   0.001430   0.915326   3.661306 
   0.0000000000     29.000    300.000   0.914968    0.000315   0.083276   0.001441   0.915283   3.661131 
   0.0000000000     30.000    300.000   0.914927    0.000311   0.083310   0.001452   0.915238   3.660951 
   0.0000000000     31.000    300.000   0.914884    0.000308   0.083345   0.001464   0.915192   3.660767 
   0.0000000000     32.000    300.000   0.914840    0.000305   0.083380   0.001475   0.915145   3.660579 
   0.0000000000     33.000    300.000   0.914795    0.000302   0.083417   0.001487   0.915097   3.660386 
   0.0000000000     34.000    300.000   0.914748    0.000299   0.083455   0.001498   0.915047   3.660189 
   0.0000000000     35.000    300.000   0.914701    0.000296   0.083494   0.001510   0.914997   3.659986 
   0.0000000000     36.000    300.000   0.914652    0.000293   0.083534   0.001521   0.914945   3.659779 
   0.0000000000     37.000    300.000   0.914602    0.000290   0.083575   0.001533   0.914892   3.659567 
   0.0000000000     38.000    300.000   0.914551    0.000287   0.083618   0.001545   0.914838   3.659350 
   0.0000000000     39.000    300.000   0.914498    0.000284   0.083661   0.001557   0.914782   3.659128 
   0.0000000000     40.000    300.000   0.914444    0.000281   0.083706   0.001568   0.914725   3.658901 
   0.0000000000     41.000    300.000   0.914389    0.000278   0.083752   0.001580   0.914667   3.658669 
   0.0000000000     42.000    300.000   0.914333    0.000275   0.083800   0.001592   0.914608   3.658431 
   0.0000000000     43.000    300.000   0.914275    0.000272   0.083849   0.001604   0.914547   3.658188 
   0.0000000000     44.000    300.000   0.914216    0.000269   0.083899   0.001616   0.914485   3.657940 
   0.0000000000     45.000    300.000   0.914155    0.000267   0.083950   0.001628   0.914421   3.657686 
   0.0000000000     46.000    300.000   0.914093    0.000264   0.084003   0.001641   0.914357   3.657426 
   0.0000000000     47.000    300.000   0.914029    0.000261   0.084057   0.001653   0.914290   3.657161 
   0.0000000000     48.000    300.000   0.913964    0.000258   0.084113   0.001665   0.914222   3.656889 
   0.0000000000     49.000    300.000   0.913897    0.000256   0.084169   0.001677   0.914153   3.656612 
   0.0000000000     50.000    300.000   0.913829    0.000253   0.084228   0.001690   0.914082   3.656329 
   0.0000000000     51.000    300.000   0.913759    0.000250   0.084288   0.001702   0.914010   3.656040 
   0.0000000000     52.000    300.000   0.913688    0.000248   0.084349   0.001715   0.913936   3.655744 
   0.0000000000     53.000    300.000   0.913615    0.000245   0.084412   0.001728   0.913861   3.655443 
   0.0000000000     54.000    300.000   0.913541    0.000243   0.084476   0.001740   0.913784   3.655134 
   0.0000000000     55.000    300.000   0.913465    0.000240   0.084542   0.001753   0.913705   3.654820 
   0.0000000000     56.000    300.000   0.913387    0.000238   0.084610   0.001766   0.913625   3.654499 
   0.0000000000     57.000    300.000   0.913308    0.000235   0.084679   0.001779   0.913543   3.654171 
   0.0000000000     58.000    300.000   0.913226    0.000233   0.084749   0.001791   0.913459   3.653837 
   0.0000000000     59.000    300.000   0.913144    0.000230   0.084822   0.001804   0.913374   3.653495 
   0.0000000000     60.000    300.000   0.913059    0.000228   0.084896   0.001817   0.913287   3.653147 
   0.0000000000     61.000    300.000   0.912972    0.000225   0.084971   0.001831   0.913198   3.652792 
   0.0000000000     62.000    300.000   0.912884    0.000223   0.085049   0.001844   0.913107   3.652429 
   0.0000000000     63.000    300.000   0.912794    0.000221   0.085128   0.001857   0.913015   3.652060 
   0.0000000000     64.000    300.000   0.912702    0.000218   0.085209   0.001870   0.912921   3.651682 
   0.0000000000     65.000    300.000   0.912608    0.000216   0.085292   0.001884   0.912825   3.651298 
   0.0000000000     66.000    300.000   0.912513    0.000214   0.085376   0.001897   0.912727   3.650906 
   0.0000000000     67.000    300.000   0.912415    0.000212   0.085463   0.001911   0.912627   3.650506 
   0.0000000000     68.000    300.000   0.912315    0.000209   0.085551   0.001924   0.912525   3.650099 
   0.0000000000     69.000    300.000   0.912214    0.000207   0.085641   0.001938   0.912421   3.649684 
   0.0000000000     70.000    300.000   0.912110    0.000205   0.085733   0.001952   0.912315   3.649261 
   0.0000000000     71.000    300.000   0.912005    0.000203   0.085827   0.001966   0.912207   3.648830 
   0.0000000000     72.000    300.000   0.911897    0.000201   0.085923   0.001980   0.912098   3.648390 
   0.0000000000     73.000    300.000   0.911787    0.000199   0.086021   0.001994   0.911986   3.647943 
   0.0000000000     74.000    300.000   0.911675    0.000196   0.086121   0.002008   0.911872   3.647487 
   0.0000000000     75.000    300.000   0.911561    0.000194   0.086223   0.002022   0.911756   3.647022 
   0.0000000000     76.000    300.000   0.911445    0.000192   0.086327   0.002036   0.911637   3.646549 
   0.0000000000     77.000    300.000   0.911327    0.000190   0.086433   0.002050   0.911517   3.646067 
   0.0000000000     78.000    300.000   0.911206    0.000188   0.086541   0.002065   0.911394   3.645577 
   0.0000000000     79.000    300.000   0.911083    0.000186   0.086651   0.002079   0.911269   3.645077 
   0.0000000000     80.000    300.000   0.910958    0.000184   0.086764   0.002094   0.911142   3.644569 
   0.0000000000     81.000    300.000   0.910830    0.000182   0.086879   0.002108   0.911013   3.644051 
   0.0000000000     82.000    300.000   0.910701    0.000180   0.086996   0.002123   0.910881   3.643524 
   0.0000000000     83.000    300.000   0.910569    0.000178   0.087115   0.002138   0.910747   3.642988 
   0.0000000000     84.000    300.000   0.910434    0.000177   0.087237   0.002153   0.910611   3.642442 
   0.0000000000     85.000    300.000   0.910297    0.000175   0.087360   0.002168   0.910472   3.641887 
   0.0000000000     86.000    300.000   0.910158    0.000173   0.087486   0.002183   0.910330   3.641322 
   0.0000000000     87.000    300.000   0.910016    0.000171   0.087615   0.002198   0.910187   3.640747 
   0.0000000000     88.000    300.000   0.909871    0.000169   0.087746   0.002214   0.910040   3.640162 
   0.0000000000     89.000    300.000   0.909724    0.000167   0.087879   0.002229   0.909892   3.639567 
   0.0000000000     90.000    300.000   0.909575    0.000166   0.088015   0.002244   0.909740   3.638962 
   0.0000000000     91.000    300.000   0.909423    0.000164   0.088153   0.002260   0.909587   3.638346 
   0.0000000000     92.000    300.000   0.909268    0.000162   0.088294   0.002276   0.909430   3.637720 
   0.0000000000     93.000    300.000   0.909111    0.000160   0.088437   0.002292   0.909271   3.637084 
   0.0000000000     94.000    300.000   0.908951    0.000159   0.088583   0.002307   0.909109   3.636437 
   0.0000000000     95.000    300.000   0.908788    0.000157   0.088732   0.002323   0.908945   3.635779 
   0.0000000000     96.000    300.000   0.908622    0.000155   0.088883   0.002340   0.908778   3.635110 
   0.0000000000     97.000    300.000   0.908454    0.000153   0.089037   0.002356   0.908608   3.634430 
   0.0000000000     98.000    300.000   0.908283    0.000152   0.089193   0.002372   0.908435   3.633739 
   0.0000000000     99.000    300.000   0.908109    0.000150   0.089352   0.002389   0.908259   3.633037 
   0.0000000000    100.000    300.000   0.907932    0.000149   0.089514   0.002405   0.908081   3.632323 
   0.0000000000    101.000    300.000   0.907752    0.000147   0.089679   0.002422   0.907899   3.631598 
   0.0000000000    102.000    300.000   0.907570    0.000145   0.089846   0.002439   0.907715   3.630860 
   0.0000000000    103.000    300.000   0.907384    0.000144   0.090017   0.002455   0.907528   3.630112 
   0.0000000000    104.000    300.000   0.907195    0.000142   0.090190   0.002472   0.907338   3.629351 
   0.0000000000    105.000    300.000   0.907004    0.000141   0.090366   0.002490   0.907144   3.628578 
   0.0000000000    106.000    300.000   0.906809    0.000139   0.090545   0.002507   0.906948   3.627793 
   0.0000000000    107.000    300.000   0.906611    0.000138   0.090727   0.002524   0.906749   3.626995 
   0.0000000000    108.000    300.000   0.906410    0.000136   0.090912   0.002542   0.906546   3.626185 
   0.0000000000    109.000    300.000   0.906206    0.000135   0.091100   0.002559   0.906341   3.625362 
   0.0000000000    110.000    300.000   0.905999    0.000133   0.091291   0.002577   0.906132   3.624527 
   0.0000000000    111.000    300.000   0.905788    0.000132   0.091485   0.002595   0.905920   3.623679 
   0.0000000000    112.000    300.000   0.905574    0.000130   0.091683   0.002613   0.905704   3.622817 
   0.0000000000    113.000    300.000   0.905357    0.000129   0.091883   0.002631   0.905486   3.621943 
   0.0000000000    114.000    300.000   0.905136    0.000127   0.092087   0.002649   0.905264   3.621055 
   0.0000000000    115.000    300.000   0.904912    0.000126   0.092294   0.002668   0.905038   3.620154 
   0.0000000000    116.000    300.000   0.904685    0.000125   0.092504   0.002686   0.904810   3.619239 
   0.0000000000    117.000    300.000   0.904454    0.000123   0.092717   0.002705   0.904578   3.618310 
   0.0000000000    118.000    300.000   0.904220    0.000122   0.092934   0.002724   0.904342   3.617368 
   0.0000000000    119.000    300.000   0.903982    0.000121   0.093154   0.002743   0.904103   3.616411 
   0.0000000000    120.000    300.000   0.903741    0.000119   0.093378   0.002762   0.903860   3.615440 
   0.0000000000    121.000    300.000   0.903496    0.000118   0.093605   0.002781   0.903614   3.614455 
   0.0000000000    122.000    300.000   0.903247    0.000117   0.093836   0.002801   0.903364   3.613456 
   0.0000000000    123.000    300.000   0.902995    0.000115   0.094070   0.002820   0.903110   3.612441 
   0.0000000000    124.000    300.000   0.902739    0.000114   0.094307   0.002840   0.902853   3.611412 
   0.0000000000    125.000    300.000   0.902479    0.000113   0.094548   0.002860   0.902592   3.610368 
   0.0000000000    126.000    300.000   0.902216    0.000112   0.094793   0.002880   0.902327   3.609309 
