#solute size.    Temp(C) Press(Mpa)        fHB          fS        fLJ         fO        xHB        nHB 
   0.0000000000   -173.000    340.000   0.916650    0.000017   0.083180   0.000151   0.916667   3.666667 
   0.0000000000   -172.000    340.000   0.916651    0.000018   0.083175   0.000156   0.916669   3.666678 
   0.0000000000   -171.000    340.000   0.916649    0.000019   0.083170   0.000161   0.916668   3.666673 
   0.0000000000   -170.000    340.000   0.916649    0.000021   0.083165   0.000166   0.916669   3.666676 
   0.0000000000   -169.000    340.000   0.916647    0.000022   0.083160   0.000172   0.916668   3.666673 
   0.0000000000   -168.000    340.000   0.916646    0.000023   0.083154   0.000177   0.916669   3.666675 
   0.0000000000   -167.000    340.000   0.916644    0.000024   0.083148   0.000183   0.916668   3.666673 
   0.0000000000   -166.000    340.000   0.916643    0.000026   0.083143   0.000188   0.916669   3.666675 
   0.0000000000   -165.000    340.000   0.916642    0.000027   0.083137   0.000194   0.916669   3.666676 
   0.0000000000   -164.000    340.000   0.916641    0.000029   0.083131   0.000200   0.916669   3.666676 
   0.0000000000   -163.000    340.000   0.916639    0.000030   0.083125   0.000206   0.916669   3.666676 
   0.0000000000   -162.000    340.000   0.916638    0.000032   0.083119   0.000212   0.916669   3.666677 
   0.0000000000   -161.000    340.000   0.916636    0.000033   0.083113   0.000218   0.916670   3.666678 
   0.0000000000   -160.000    340.000   0.916635    0.000035   0.083107   0.000224   0.916670   3.666678 
   0.0000000000   -159.000    340.000   0.916633    0.000036   0.083101   0.000230   0.916670   3.666679 
   0.0000000000   -158.000    340.000   0.916632    0.000038   0.083094   0.000236   0.916670   3.666679 
   0.0000000000   -157.000    340.000   0.916630    0.000040   0.083088   0.000242   0.916670   3.666680 
   0.0000000000   -156.000    340.000   0.916628    0.000042   0.083082   0.000248   0.916670   3.666681 
   0.0000000000   -155.000    340.000   0.916627    0.000044   0.083075   0.000255   0.916670   3.666681 
   0.0000000000   -154.000    340.000   0.916625    0.000045   0.083068   0.000261   0.916670   3.666682 
   0.0000000000   -153.000    340.000   0.916623    0.000047   0.083062   0.000268   0.916671   3.666682 
   0.0000000000   -152.000    340.000   0.916621    0.000049   0.083055   0.000274   0.916671   3.666683 
   0.0000000000   -151.000    340.000   0.916620    0.000051   0.083048   0.000281   0.916671   3.666684 
   0.0000000000   -150.000    340.000   0.916618    0.000053   0.083042   0.000287   0.916671   3.666685 
   0.0000000000   -149.000    340.000   0.916616    0.000056   0.083035   0.000294   0.916671   3.666685 
   0.0000000000   -148.000    340.000   0.916614    0.000058   0.083028   0.000301   0.916671   3.666686 
   0.0000000000   -147.000    340.000   0.916612    0.000060   0.083021   0.000307   0.916672   3.666687 
   0.0000000000   -146.000    340.000   0.916610    0.000062   0.083014   0.000314   0.916672   3.666687 
   0.0000000000   -145.000    340.000   0.916608    0.000064   0.083007   0.000321   0.916672   3.666688 
   0.0000000000   -144.000    340.000   0.916606    0.000067   0.083000   0.000328   0.916672   3.666689 
   0.0000000000   -143.000    340.000   0.916604    0.000069   0.082993   0.000335   0.916672   3.666690 
   0.0000000000   -142.000    340.000   0.916601    0.000071   0.082985   0.000342   0.916673   3.666690 
   0.0000000000   -141.000    340.000   0.916599    0.000074   0.082978   0.000349   0.916673   3.666691 
   0.0000000000   -140.000    340.000   0.916597    0.000076   0.082971   0.000356   0.916673   3.666692 
   0.0000000000   -139.000    340.000   0.916595    0.000078   0.082963   0.000363   0.916673   3.666693 
   0.0000000000   -138.000    340.000   0.916593    0.000081   0.082956   0.000371   0.916673   3.666694 
   0.0000000000   -137.000    340.000   0.916590    0.000083   0.082949   0.000378   0.916674   3.666694 
   0.0000000000   -136.000    340.000   0.916588    0.000086   0.082941   0.000385   0.916674   3.666695 
   0.0000000000   -135.000    340.000   0.916586    0.000088   0.082933   0.000393   0.916674   3.666696 
   0.0000000000   -134.000    340.000   0.916583    0.000091   0.082926   0.000400   0.916674   3.666697 
   0.0000000000   -133.000    340.000   0.916581    0.000093   0.082918   0.000407   0.916674   3.666698 
   0.0000000000   -132.000    340.000   0.916579    0.000096   0.082910   0.000415   0.916675   3.666699 
   0.0000000000   -131.000    340.000   0.916576    0.000098   0.082903   0.000422   0.916675   3.666699 
   0.0000000000   -130.000    340.000   0.916574    0.000101   0.082895   0.000430   0.916675   3.666700 
   0.0000000000   -129.000    340.000   0.916572    0.000104   0.082887   0.000438   0.916675   3.666701 
   0.0000000000   -128.000    340.000   0.916569    0.000106   0.082879   0.000445   0.916675   3.666702 
   0.0000000000   -127.000    340.000   0.916567    0.000109   0.082871   0.000453   0.916676   3.666703 
   0.0000000000   -126.000    340.000   0.916565    0.000111   0.082863   0.000461   0.916676   3.666704 
   0.0000000000   -125.000    340.000   0.916562    0.000114   0.082855   0.000469   0.916676   3.666704 
   0.0000000000   -124.000    340.000   0.916560    0.000117   0.082847   0.000476   0.916676   3.666705 
   0.0000000000   -123.000    340.000   0.916557    0.000119   0.082839   0.000484   0.916677   3.666706 
   0.0000000000   -122.000    340.000   0.916555    0.000122   0.082831   0.000492   0.916677   3.666707 
   0.0000000000   -121.000    340.000   0.916553    0.000124   0.082823   0.000500   0.916677   3.666708 
   0.0000000000   -120.000    340.000   0.916550    0.000127   0.082815   0.000508   0.916677   3.666709 
   0.0000000000   -119.000    340.000   0.916548    0.000129   0.082806   0.000516   0.916677   3.666709 
   0.0000000000   -118.000    340.000   0.916546    0.000132   0.082798   0.000524   0.916678   3.666710 
   0.0000000000   -117.000    340.000   0.916543    0.000135   0.082790   0.000533   0.916678   3.666711 
   0.0000000000   -116.000    340.000   0.916541    0.000137   0.082781   0.000541   0.916678   3.666712 
   0.0000000000   -115.000    340.000   0.916539    0.000140   0.082773   0.000549   0.916678   3.666713 
   0.0000000000   -114.000    340.000   0.916536    0.000142   0.082765   0.000557   0.916678   3.666713 
   0.0000000000   -113.000    340.000   0.916534    0.000145   0.082756   0.000565   0.916678   3.666714 
   0.0000000000   -112.000    340.000   0.916532    0.000147   0.082748   0.000574   0.916679   3.666715 
   0.0000000000   -111.000    340.000   0.916529    0.000149   0.082739   0.000582   0.916679   3.666715 
   0.0000000000   -110.000    340.000   0.916527    0.000152   0.082730   0.000591   0.916679   3.666716 
   0.0000000000   -109.000    340.000   0.916525    0.000154   0.082722   0.000599   0.916679   3.666717 
   0.0000000000   -108.000    340.000   0.916523    0.000157   0.082713   0.000608   0.916679   3.666717 
   0.0000000000   -107.000    340.000   0.916521    0.000159   0.082704   0.000616   0.916679   3.666718 
   0.0000000000   -106.000    340.000   0.916518    0.000161   0.082696   0.000625   0.916680   3.666719 
   0.0000000000   -105.000    340.000   0.916516    0.000163   0.082687   0.000633   0.916680   3.666719 
   0.0000000000   -104.000    340.000   0.916514    0.000166   0.082678   0.000642   0.916680   3.666720 
   0.0000000000   -103.000    340.000   0.916512    0.000168   0.082669   0.000651   0.916680   3.666720 
   0.0000000000   -102.000    340.000   0.916510    0.000170   0.082661   0.000659   0.916680   3.666721 
   0.0000000000   -101.000    340.000   0.916508    0.000172   0.082652   0.000668   0.916680   3.666721 
   0.0000000000   -100.000    340.000   0.916506    0.000174   0.082643   0.000677   0.916680   3.666721 
   0.0000000000    -99.000    340.000   0.916504    0.000176   0.082634   0.000686   0.916680   3.666722 
   0.0000000000    -98.000    340.000   0.916502    0.000178   0.082625   0.000695   0.916680   3.666722 
   0.0000000000    -97.000    340.000   0.916500    0.000180   0.082616   0.000703   0.916681   3.666722 
   0.0000000000    -96.000    340.000   0.916498    0.000182   0.082607   0.000712   0.916681   3.666722 
   0.0000000000    -95.000    340.000   0.916496    0.000184   0.082598   0.000721   0.916681   3.666722 
   0.0000000000    -94.000    340.000   0.916495    0.000186   0.082589   0.000730   0.916681   3.666723 
   0.0000000000    -93.000    340.000   0.916493    0.000188   0.082580   0.000739   0.916681   3.666723 
   0.0000000000    -92.000    340.000   0.916491    0.000190   0.082571   0.000749   0.916681   3.666723 
   0.0000000000    -91.000    340.000   0.916489    0.000191   0.082562   0.000758   0.916681   3.666722 
   0.0000000000    -90.000    340.000   0.916487    0.000193   0.082553   0.000767   0.916681   3.666722 
   0.0000000000    -89.000    340.000   0.916486    0.000195   0.082543   0.000776   0.916680   3.666722 
   0.0000000000    -88.000    340.000   0.916484    0.000196   0.082534   0.000785   0.916680   3.666722 
   0.0000000000    -87.000    340.000   0.916482    0.000198   0.082525   0.000795   0.916680   3.666721 
   0.0000000000    -86.000    340.000   0.916481    0.000199   0.082516   0.000804   0.916680   3.666721 
   0.0000000000    -85.000    340.000   0.916479    0.000201   0.082507   0.000813   0.916680   3.666720 
   0.0000000000    -84.000    340.000   0.916478    0.000202   0.082497   0.000823   0.916680   3.666719 
   0.0000000000    -83.000    340.000   0.916476    0.000204   0.082488   0.000832   0.916680   3.666719 
   0.0000000000    -82.000    340.000   0.916475    0.000205   0.082479   0.000842   0.916679   3.666718 
   0.0000000000    -81.000    340.000   0.916473    0.000206   0.082470   0.000851   0.916679   3.666717 
   0.0000000000    -80.000    340.000   0.916471    0.000207   0.082460   0.000861   0.916679   3.666716 
   0.0000000000    -79.000    340.000   0.916470    0.000209   0.082451   0.000870   0.916679   3.666714 
   0.0000000000    -78.000    340.000   0.916468    0.000210   0.082442   0.000880   0.916678   3.666713 
   0.0000000000    -77.000    340.000   0.916467    0.000211   0.082433   0.000890   0.916678   3.666711 
   0.0000000000    -76.000    340.000   0.916466    0.000212   0.082423   0.000899   0.916677   3.666710 
   0.0000000000    -75.000    340.000   0.916464    0.000213   0.082414   0.000909   0.916677   3.666708 
   0.0000000000    -74.000    340.000   0.916463    0.000214   0.082405   0.000919   0.916676   3.666706 
   0.0000000000    -73.000    340.000   0.916461    0.000215   0.082396   0.000928   0.916676   3.666704 
   0.0000000000    -72.000    340.000   0.916460    0.000216   0.082386   0.000938   0.916675   3.666701 
   0.0000000000    -71.000    340.000   0.916458    0.000216   0.082377   0.000948   0.916675   3.666699 
   0.0000000000    -70.000    340.000   0.916457    0.000217   0.082368   0.000958   0.916674   3.666696 
   0.0000000000    -69.000    340.000   0.916455    0.000218   0.082359   0.000968   0.916673   3.666693 
   0.0000000000    -68.000    340.000   0.916454    0.000218   0.082349   0.000978   0.916673   3.666690 
   0.0000000000    -67.000    340.000   0.916453    0.000219   0.082340   0.000988   0.916672   3.666687 
   0.0000000000    -66.000    340.000   0.916451    0.000220   0.082331   0.000998   0.916671   3.666683 
   0.0000000000    -65.000    340.000   0.916450    0.000220   0.082322   0.001008   0.916670   3.666679 
   0.0000000000    -64.000    340.000   0.916448    0.000221   0.082313   0.001018   0.916669   3.666675 
   0.0000000000    -63.000    340.000   0.916447    0.000221   0.082304   0.001028   0.916668   3.666671 
   0.0000000000    -62.000    340.000   0.916445    0.000222   0.082295   0.001039   0.916667   3.666666 
   0.0000000000    -61.000    340.000   0.916443    0.000222   0.082286   0.001049   0.916665   3.666661 
   0.0000000000    -60.000    340.000   0.916442    0.000222   0.082277   0.001059   0.916664   3.666656 
   0.0000000000    -59.000    340.000   0.916440    0.000223   0.082268   0.001069   0.916663   3.666651 
   0.0000000000    -58.000    340.000   0.916438    0.000223   0.082259   0.001080   0.916661   3.666645 
   0.0000000000    -57.000    340.000   0.916437    0.000223   0.082250   0.001090   0.916660   3.666639 
   0.0000000000    -56.000    340.000   0.916435    0.000223   0.082241   0.001101   0.916658   3.666632 
   0.0000000000    -55.000    340.000   0.916433    0.000223   0.082233   0.001111   0.916656   3.666625 
   0.0000000000    -54.000    340.000   0.916431    0.000223   0.082224   0.001122   0.916654   3.666618 
   0.0000000000    -53.000    340.000   0.916429    0.000223   0.082215   0.001132   0.916653   3.666610 
   0.0000000000    -52.000    340.000   0.916427    0.000223   0.082207   0.001143   0.916651   3.666602 
   0.0000000000    -51.000    340.000   0.916425    0.000223   0.082198   0.001153   0.916648   3.666594 
   0.0000000000    -50.000    340.000   0.916423    0.000223   0.082190   0.001164   0.916646   3.666585 
   0.0000000000    -49.000    340.000   0.916421    0.000223   0.082182   0.001174   0.916644   3.666575 
   0.0000000000    -48.000    340.000   0.916418    0.000223   0.082174   0.001185   0.916641   3.666565 
   0.0000000000    -47.000    340.000   0.916416    0.000223   0.082165   0.001196   0.916639   3.666555 
   0.0000000000    -46.000    340.000   0.916413    0.000223   0.082157   0.001207   0.916636   3.666544 
   0.0000000000    -45.000    340.000   0.916411    0.000223   0.082150   0.001217   0.916633   3.666532 
   0.0000000000    -44.000    340.000   0.916408    0.000222   0.082142   0.001228   0.916630   3.666520 
   0.0000000000    -43.000    340.000   0.916405    0.000222   0.082134   0.001239   0.916627   3.666508 
   0.0000000000    -42.000    340.000   0.916402    0.000222   0.082126   0.001250   0.916624   3.666494 
   0.0000000000    -41.000    340.000   0.916399    0.000221   0.082119   0.001261   0.916620   3.666480 
   0.0000000000    -40.000    340.000   0.916396    0.000221   0.082112   0.001272   0.916616   3.666466 
   0.0000000000    -39.000    340.000   0.916392    0.000221   0.082104   0.001283   0.916613   3.666451 
   0.0000000000    -38.000    340.000   0.916389    0.000220   0.082097   0.001294   0.916609   3.666435 
   0.0000000000    -37.000    340.000   0.916385    0.000220   0.082091   0.001305   0.916605   3.666418 
   0.0000000000    -36.000    340.000   0.916381    0.000219   0.082084   0.001316   0.916600   3.666401 
   0.0000000000    -35.000    340.000   0.916377    0.000219   0.082077   0.001327   0.916596   3.666383 
   0.0000000000    -34.000    340.000   0.916373    0.000218   0.082071   0.001338   0.916591   3.666364 
   0.0000000000    -33.000    340.000   0.916368    0.000218   0.082064   0.001350   0.916586   3.666344 
   0.0000000000    -32.000    340.000   0.916364    0.000217   0.082058   0.001361   0.916581   3.666323 
   0.0000000000    -31.000    340.000   0.916359    0.000216   0.082053   0.001372   0.916575   3.666302 
   0.0000000000    -30.000    340.000   0.916354    0.000216   0.082047   0.001383   0.916570   3.666279 
   0.0000000000    -29.000    340.000   0.916349    0.000215   0.082041   0.001395   0.916564   3.666256 
   0.0000000000    -28.000    340.000   0.916344    0.000214   0.082036   0.001406   0.916558   3.666232 
   0.0000000000    -27.000    340.000   0.916338    0.000214   0.082031   0.001417   0.916552   3.666207 
   0.0000000000    -26.000    340.000   0.916332    0.000213   0.082026   0.001429   0.916545   3.666180 
   0.0000000000    -25.000    340.000   0.916326    0.000212   0.082021   0.001440   0.916538   3.666153 
   0.0000000000    -24.000    340.000   0.916320    0.000211   0.082017   0.001452   0.916531   3.666124 
   0.0000000000    -23.000    340.000   0.916313    0.000211   0.082013   0.001463   0.916524   3.666095 
   0.0000000000    -22.000    340.000   0.916306    0.000210   0.082009   0.001475   0.916516   3.666064 
   0.0000000000    -21.000    340.000   0.916299    0.000209   0.082005   0.001487   0.916508   3.666032 
   0.0000000000    -20.000    340.000   0.916292    0.000208   0.082002   0.001498   0.916500   3.665999 
   0.0000000000    -19.000    340.000   0.916284    0.000207   0.081999   0.001510   0.916491   3.665965 
   0.0000000000    -18.000    340.000   0.916276    0.000207   0.081996   0.001521   0.916482   3.665929 
   0.0000000000    -17.000    340.000   0.916267    0.000206   0.081994   0.001533   0.916473   3.665892 
   0.0000000000    -16.000    340.000   0.916259    0.000205   0.081992   0.001545   0.916463   3.665854 
   0.0000000000    -15.000    340.000   0.916250    0.000204   0.081990   0.001557   0.916454   3.665814 
   0.0000000000    -14.000    340.000   0.916240    0.000203   0.081988   0.001569   0.916443   3.665773 
   0.0000000000    -13.000    340.000   0.916231    0.000202   0.081987   0.001580   0.916433   3.665730 
   0.0000000000    -12.000    340.000   0.916220    0.000201   0.081986   0.001592   0.916422   3.665686 
   0.0000000000    -11.000    340.000   0.916210    0.000200   0.081986   0.001604   0.916410   3.665641 
   0.0000000000    -10.000    340.000   0.916199    0.000199   0.081985   0.001616   0.916398   3.665593 
   0.0000000000     -9.000    340.000   0.916188    0.000198   0.081986   0.001628   0.916386   3.665544 
   0.0000000000     -8.000    340.000   0.916176    0.000197   0.081986   0.001640   0.916373   3.665494 
   0.0000000000     -7.000    340.000   0.916164    0.000196   0.081987   0.001652   0.916360   3.665441 
   0.0000000000     -6.000    340.000   0.916152    0.000195   0.081989   0.001665   0.916347   3.665387 
   0.0000000000     -5.000    340.000   0.916139    0.000194   0.081991   0.001677   0.916333   3.665331 
   0.0000000000     -4.000    340.000   0.916125    0.000193   0.081993   0.001689   0.916318   3.665274 
   0.0000000000     -3.000    340.000   0.916111    0.000192   0.081996   0.001701   0.916303   3.665214 
   0.0000000000     -2.000    340.000   0.916097    0.000191   0.081999   0.001713   0.916288   3.665152 
   0.0000000000     -1.000    340.000   0.916082    0.000190   0.082002   0.001726   0.916272   3.665089 
   0.0000000000      0.000    340.000   0.916067    0.000189   0.082006   0.001738   0.916256   3.665023 
   0.0000000000      1.000    340.000   0.916051    0.000188   0.082011   0.001750   0.916239   3.664955 
   0.0000000000      2.000    340.000   0.916034    0.000187   0.082016   0.001763   0.916221   3.664885 
   0.0000000000      3.000    340.000   0.916017    0.000186   0.082022   0.001775   0.916203   3.664813 
   0.0000000000      4.000    340.000   0.916000    0.000185   0.082028   0.001787   0.916185   3.664739 
   0.0000000000      5.000    340.000   0.915982    0.000184   0.082035   0.001800   0.916166   3.664662 
   0.0000000000      6.000    340.000   0.915963    0.000183   0.082042   0.001812   0.916146   3.664583 
   0.0000000000      7.000    340.000   0.915944    0.000182   0.082049   0.001825   0.916126   3.664502 
   0.0000000000      8.000    340.000   0.915924    0.000181   0.082058   0.001838   0.916105   3.664418 
   0.0000000000      9.000    340.000   0.915903    0.000180   0.082067   0.001850   0.916083   3.664332 
   0.0000000000     10.000    340.000   0.915882    0.000178   0.082076   0.001863   0.916061   3.664243 
   0.0000000000     11.000    340.000   0.915861    0.000177   0.082086   0.001876   0.916038   3.664152 
   0.0000000000     12.000    340.000   0.915838    0.000176   0.082097   0.001888   0.916014   3.664058 
   0.0000000000     13.000    340.000   0.915815    0.000175   0.082109   0.001901   0.915990   3.663961 
   0.0000000000     14.000    340.000   0.915791    0.000174   0.082121   0.001914   0.915965   3.663861 
   0.0000000000     15.000    340.000   0.915767    0.000173   0.082134   0.001927   0.915940   3.663759 
   0.0000000000     16.000    340.000   0.915741    0.000172   0.082147   0.001940   0.915913   3.663653 
   0.0000000000     17.000    340.000   0.915715    0.000171   0.082161   0.001953   0.915886   3.663545 
   0.0000000000     18.000    340.000   0.915689    0.000170   0.082176   0.001966   0.915858   3.663434 
   0.0000000000     19.000    340.000   0.915661    0.000169   0.082192   0.001979   0.915830   3.663320 
   0.0000000000     20.000    340.000   0.915633    0.000168   0.082208   0.001992   0.915801   3.663202 
   0.0000000000     21.000    340.000   0.915604    0.000166   0.082225   0.002005   0.915770   3.663081 
   0.0000000000     22.000    340.000   0.915574    0.000165   0.082243   0.002018   0.915739   3.662957 
   0.0000000000     23.000    340.000   0.915543    0.000164   0.082261   0.002031   0.915708   3.662830 
   0.0000000000     24.000    340.000   0.915512    0.000163   0.082281   0.002044   0.915675   3.662700 
   0.0000000000     25.000    340.000   0.915479    0.000162   0.082301   0.002058   0.915641   3.662566 
   0.0000000000     26.000    340.000   0.915446    0.000161   0.082322   0.002071   0.915607   3.662428 
   0.0000000000     27.000    340.000   0.915412    0.000160   0.082344   0.002084   0.915572   3.662287 
   0.0000000000     28.000    340.000   0.915377    0.000159   0.082367   0.002098   0.915536   3.662142 
   0.0000000000     29.000    340.000   0.915341    0.000158   0.082391   0.002111   0.915498   3.661994 
   0.0000000000     30.000    340.000   0.915304    0.000157   0.082415   0.002124   0.915460   3.661841 
   0.0000000000     31.000    340.000   0.915266    0.000155   0.082441   0.002138   0.915421   3.661685 
   0.0000000000     32.000    340.000   0.915227    0.000154   0.082467   0.002152   0.915381   3.661525 
   0.0000000000     33.000    340.000   0.915187    0.000153   0.082495   0.002165   0.915340   3.661361 
   0.0000000000     34.000    340.000   0.915146    0.000152   0.082523   0.002179   0.915298   3.661193 
   0.0000000000     35.000    340.000   0.915104    0.000151   0.082552   0.002192   0.915255   3.661021 
   0.0000000000     36.000    340.000   0.915061    0.000150   0.082583   0.002206   0.915211   3.660845 
   0.0000000000     37.000    340.000   0.915017    0.000149   0.082614   0.002220   0.915166   3.660664 
   0.0000000000     38.000    340.000   0.914972    0.000148   0.082646   0.002234   0.915120   3.660479 
   0.0000000000     39.000    340.000   0.914926    0.000147   0.082680   0.002248   0.915072   3.660290 
   0.0000000000     40.000    340.000   0.914878    0.000146   0.082714   0.002262   0.915024   3.660096 
   0.0000000000     41.000    340.000   0.914830    0.000145   0.082750   0.002276   0.914974   3.659898 
   0.0000000000     42.000    340.000   0.914780    0.000144   0.082787   0.002290   0.914924   3.659695 
   0.0000000000     43.000    340.000   0.914729    0.000143   0.082824   0.002304   0.914872   3.659487 
   0.0000000000     44.000    340.000   0.914677    0.000142   0.082863   0.002318   0.914819   3.659275 
   0.0000000000     45.000    340.000   0.914624    0.000141   0.082904   0.002332   0.914764   3.659057 
   0.0000000000     46.000    340.000   0.914569    0.000139   0.082945   0.002346   0.914709   3.658835 
   0.0000000000     47.000    340.000   0.914514    0.000138   0.082987   0.002361   0.914652   3.658608 
   0.0000000000     48.000    340.000   0.914456    0.000137   0.083031   0.002375   0.914594   3.658375 
   0.0000000000     49.000    340.000   0.914398    0.000136   0.083076   0.002389   0.914534   3.658138 
   0.0000000000     50.000    340.000   0.914338    0.000135   0.083122   0.002404   0.914474   3.657895 
   0.0000000000     51.000    340.000   0.914277    0.000134   0.083170   0.002418   0.914412   3.657647 
   0.0000000000     52.000    340.000   0.914215    0.000133   0.083219   0.002433   0.914348   3.657393 
   0.0000000000     53.000    340.000   0.914151    0.000132   0.083269   0.002448   0.914284   3.657134 
   0.0000000000     54.000    340.000   0.914086    0.000131   0.083320   0.002462   0.914217   3.656870 
   0.0000000000     55.000    340.000   0.914020    0.000130   0.083373   0.002477   0.914150   3.656600 
   0.0000000000     56.000    340.000   0.913952    0.000129   0.083427   0.002492   0.914081   3.656324 
   0.0000000000     57.000    340.000   0.913882    0.000128   0.083483   0.002507   0.914010   3.656042 
   0.0000000000     58.000    340.000   0.913811    0.000127   0.083540   0.002522   0.913939   3.655754 
   0.0000000000     59.000    340.000   0.913739    0.000126   0.083598   0.002537   0.913865   3.655460 
   0.0000000000     60.000    340.000   0.913665    0.000125   0.083658   0.002552   0.913790   3.655160 
   0.0000000000     61.000    340.000   0.913589    0.000124   0.083719   0.002567   0.913714   3.654855 
   0.0000000000     62.000    340.000   0.913512    0.000123   0.083782   0.002582   0.913636   3.654542 
   0.0000000000     63.000    340.000   0.913434    0.000122   0.083847   0.002598   0.913556   3.654224 
   0.0000000000     64.000    340.000   0.913353    0.000121   0.083912   0.002613   0.913475   3.653899 
   0.0000000000     65.000    340.000   0.913271    0.000120   0.083980   0.002628   0.913392   3.653567 
   0.0000000000     66.000    340.000   0.913188    0.000119   0.084049   0.002644   0.913307   3.653229 
   0.0000000000     67.000    340.000   0.913102    0.000119   0.084120   0.002659   0.913221   3.652884 
   0.0000000000     68.000    340.000   0.913016    0.000118   0.084192   0.002675   0.913133   3.652532 
   0.0000000000     69.000    340.000   0.912927    0.000117   0.084266   0.002691   0.913043   3.652174 
   0.0000000000     70.000    340.000   0.912836    0.000116   0.084341   0.002706   0.912952   3.651808 
   0.0000000000     71.000    340.000   0.912744    0.000115   0.084419   0.002722   0.912859   3.651436 
   0.0000000000     72.000    340.000   0.912650    0.000114   0.084498   0.002738   0.912764   3.651056 
   0.0000000000     73.000    340.000   0.912554    0.000113   0.084579   0.002754   0.912667   3.650669 
   0.0000000000     74.000    340.000   0.912457    0.000112   0.084661   0.002770   0.912569   3.650274 
   0.0000000000     75.000    340.000   0.912357    0.000111   0.084745   0.002786   0.912468   3.649873 
   0.0000000000     76.000    340.000   0.912256    0.000110   0.084831   0.002803   0.912366   3.649463 
   0.0000000000     77.000    340.000   0.912152    0.000109   0.084919   0.002819   0.912262   3.649046 
   0.0000000000     78.000    340.000   0.912047    0.000108   0.085009   0.002835   0.912155   3.648621 
   0.0000000000     79.000    340.000   0.911940    0.000108   0.085101   0.002852   0.912047   3.648189 
   0.0000000000     80.000    340.000   0.911830    0.000107   0.085194   0.002869   0.911937   3.647748 
   0.0000000000     81.000    340.000   0.911719    0.000106   0.085290   0.002885   0.911825   3.647300 
   0.0000000000     82.000    340.000   0.911606    0.000105   0.085387   0.002902   0.911711   3.646843 
   0.0000000000     83.000    340.000   0.911490    0.000104   0.085487   0.002919   0.911594   3.646378 
   0.0000000000     84.000    340.000   0.911373    0.000103   0.085588   0.002936   0.911476   3.645904 
   0.0000000000     85.000    340.000   0.911253    0.000102   0.085692   0.002953   0.911356   3.645423 
   0.0000000000     86.000    340.000   0.911132    0.000101   0.085797   0.002970   0.911233   3.644932 
   0.0000000000     87.000    340.000   0.911008    0.000101   0.085905   0.002987   0.911108   3.644433 
   0.0000000000     88.000    340.000   0.910882    0.000100   0.086014   0.003004   0.910981   3.643925 
   0.0000000000     89.000    340.000   0.910753    0.000099   0.086126   0.003022   0.910852   3.643409 
   0.0000000000     90.000    340.000   0.910623    0.000098   0.086240   0.003039   0.910721   3.642883 
   0.0000000000     91.000    340.000   0.910490    0.000097   0.086356   0.003057   0.910587   3.642348 
   0.0000000000     92.000    340.000   0.910355    0.000096   0.086474   0.003075   0.910451   3.641804 
   0.0000000000     93.000    340.000   0.910217    0.000096   0.086595   0.003093   0.910313   3.641251 
   0.0000000000     94.000    340.000   0.910077    0.000095   0.086717   0.003110   0.910172   3.640689 
   0.0000000000     95.000    340.000   0.909935    0.000094   0.086842   0.003128   0.910029   3.640117 
   0.0000000000     96.000    340.000   0.909791    0.000093   0.086970   0.003147   0.909884   3.639535 
   0.0000000000     97.000    340.000   0.909643    0.000092   0.087099   0.003165   0.909736   3.638943 
   0.0000000000     98.000    340.000   0.909494    0.000092   0.087231   0.003183   0.909586   3.638342 
   0.0000000000     99.000    340.000   0.909342    0.000091   0.087366   0.003202   0.909433   3.637731 
   0.0000000000    100.000    340.000   0.909187    0.000090   0.087502   0.003220   0.909277   3.637109 
   0.0000000000    101.000    340.000   0.909030    0.000089   0.087642   0.003239   0.909119   3.636478 
   0.0000000000    102.000    340.000   0.908871    0.000088   0.087783   0.003258   0.908959   3.635836 
   0.0000000000    103.000    340.000   0.908708    0.000088   0.087927   0.003277   0.908796   3.635184 
   0.0000000000    104.000    340.000   0.908543    0.000087   0.088074   0.003296   0.908630   3.634521 
   0.0000000000    105.000    340.000   0.908376    0.000086   0.088223   0.003315   0.908462   3.633848 
   0.0000000000    106.000    340.000   0.908205    0.000085   0.088375   0.003334   0.908291   3.633163 
   0.0000000000    107.000    340.000   0.908032    0.000085   0.088529   0.003354   0.908117   3.632468 
   0.0000000000    108.000    340.000   0.907857    0.000084   0.088686   0.003373   0.907941   3.631762 
   0.0000000000    109.000    340.000   0.907678    0.000083   0.088846   0.003393   0.907761   3.631045 
   0.0000000000    110.000    340.000   0.907497    0.000082   0.089008   0.003413   0.907579   3.630316 
   0.0000000000    111.000    340.000   0.907312    0.000082   0.089173   0.003433   0.907394   3.629577 
   0.0000000000    112.000    340.000   0.907125    0.000081   0.089341   0.003453   0.907206   3.628825 
   0.0000000000    113.000    340.000   0.906935    0.000080   0.089511   0.003473   0.907016   3.628062 
   0.0000000000    114.000    340.000   0.906742    0.000080   0.089685   0.003493   0.906822   3.627288 
   0.0000000000    115.000    340.000   0.906546    0.000079   0.089861   0.003514   0.906625   3.626501 
   0.0000000000    116.000    340.000   0.906348    0.000078   0.090040   0.003534   0.906426   3.625703 
   0.0000000000    117.000    340.000   0.906146    0.000077   0.090222   0.003555   0.906223   3.624892 
   0.0000000000    118.000    340.000   0.905941    0.000077   0.090406   0.003576   0.906017   3.624069 
   0.0000000000    119.000    340.000   0.905732    0.000076   0.090594   0.003597   0.905809   3.623234 
   0.0000000000    120.000    340.000   0.905521    0.000075   0.090785   0.003618   0.905597   3.622386 
   0.0000000000    121.000    340.000   0.905307    0.000075   0.090979   0.003640   0.905381   3.621526 
   0.0000000000    122.000    340.000   0.905089    0.000074   0.091175   0.003661   0.905163   3.620653 
   0.0000000000    123.000    340.000   0.904868    0.000073   0.091375   0.003683   0.904942   3.619767 
   0.0000000000    124.000    340.000   0.904644    0.000073   0.091578   0.003705   0.904717   3.618868 
   0.0000000000    125.000    340.000   0.904417    0.000072   0.091784   0.003727   0.904489   3.617956 
   0.0000000000    126.000    340.000   0.904186    0.000071   0.091993   0.003749   0.904258   3.617030 
