#solute size.    Temp(C) Press(Mpa)        fHB          fS        fLJ         fO        xHB        nHB 
   0.0000000000   -173.000   -100.000   0.000000    1.000000   0.000000   0.000000   1.000000   4.000000 
   0.0000000000   -172.000   -100.000   0.000000    1.000000   0.000000   0.000000   1.000000   4.000000 
   0.0000000000   -171.000   -100.000   0.000000    1.000000   0.000000   0.000000   1.000000   4.000000 
   0.0000000000   -170.000   -100.000   0.000000    1.000000   0.000000   0.000000   1.000000   4.000000 
   0.0000000000   -169.000   -100.000   0.000000    1.000000   0.000000   0.000000   1.000000   4.000000 
   0.0000000000   -168.000   -100.000   0.000000    1.000000   0.000000   0.000000   1.000000   4.000000 
   0.0000000000   -167.000   -100.000   0.000000    1.000000   0.000000   0.000000   1.000000   4.000000 
   0.0000000000   -166.000   -100.000   0.000000    1.000000   0.000000   0.000000   1.000000   4.000000 
   0.0000000000   -165.000   -100.000   0.000000    1.000000   0.000000   0.000000   1.000000   4.000000 
   0.0000000000   -164.000   -100.000   0.000000    1.000000   0.000000   0.000000   1.000000   4.000000 
   0.0000000000   -163.000   -100.000   0.000000    1.000000   0.000000   0.000000   1.000000   4.000000 
   0.0000000000   -162.000   -100.000   0.000000    1.000000   0.000000   0.000000   1.000000   4.000000 
   0.0000000000   -161.000   -100.000   0.000000    1.000000   0.000000   0.000000   1.000000   4.000000 
   0.0000000000   -160.000   -100.000   0.000000    1.000000   0.000000   0.000000   1.000000   4.000000 
   0.0000000000   -159.000   -100.000   0.000000    1.000000   0.000000   0.000000   1.000000   4.000000 
   0.0000000000   -158.000   -100.000   0.000000    1.000000   0.000000   0.000000   1.000000   4.000000 
   0.0000000000   -157.000   -100.000   0.000000    1.000000   0.000000   0.000000   1.000000   4.000000 
   0.0000000000   -156.000   -100.000   0.000000    1.000000   0.000000   0.000000   1.000000   4.000000 
   0.0000000000   -155.000   -100.000   0.000000    1.000000   0.000000   0.000000   1.000000   4.000000 
   0.0000000000   -154.000   -100.000   0.000000    1.000000   0.000000   0.000000   1.000000   4.000000 
   0.0000000000   -153.000   -100.000   0.000000    1.000000   0.000000   0.000000   1.000000   4.000000 
   0.0000000000   -152.000   -100.000   0.000000    1.000000   0.000000   0.000000   1.000000   4.000000 
   0.0000000000   -151.000   -100.000   0.000000    1.000000   0.000000   0.000000   1.000000   4.000000 
   0.0000000000   -150.000   -100.000   0.000000    1.000000   0.000000   0.000000   1.000000   4.000000 
   0.0000000000   -149.000   -100.000   0.000000    1.000000   0.000000   0.000000   1.000000   4.000000 
   0.0000000000   -148.000   -100.000   0.000000    1.000000   0.000000   0.000000   1.000000   4.000000 
   0.0000000000   -147.000   -100.000   0.000000    1.000000   0.000000   0.000000   1.000000   4.000000 
   0.0000000000   -146.000   -100.000   0.000000    1.000000   0.000000   0.000000   1.000000   4.000000 
   0.0000000000   -145.000   -100.000   0.000000    0.999999   0.000000   0.000000   1.000000   4.000000 
   0.0000000000   -144.000   -100.000   0.000001    0.999999   0.000000   0.000000   1.000000   4.000000 
   0.0000000000   -143.000   -100.000   0.000001    0.999999   0.000000   0.000000   1.000000   4.000000 
   0.0000000000   -142.000   -100.000   0.000001    0.999999   0.000000   0.000000   1.000000   4.000000 
   0.0000000000   -141.000   -100.000   0.000001    0.999999   0.000000   0.000000   1.000000   4.000000 
   0.0000000000   -140.000   -100.000   0.000001    0.999998   0.000000   0.000000   1.000000   3.999999 
   0.0000000000   -139.000   -100.000   0.000002    0.999998   0.000000   0.000000   1.000000   3.999999 
   0.0000000000   -138.000   -100.000   0.000002    0.999998   0.000000   0.000000   1.000000   3.999999 
   0.0000000000   -137.000   -100.000   0.000003    0.999997   0.000000   0.000000   1.000000   3.999999 
   0.0000000000   -136.000   -100.000   0.000003    0.999997   0.000000   0.000000   1.000000   3.999999 
   0.0000000000   -135.000   -100.000   0.000004    0.999996   0.000000   0.000000   1.000000   3.999999 
   0.0000000000   -134.000   -100.000   0.000005    0.999995   0.000000   0.000000   1.000000   3.999998 
   0.0000000000   -133.000   -100.000   0.000006    0.999994   0.000001   0.000000   0.999999   3.999998 
   0.0000000000   -132.000   -100.000   0.000007    0.999993   0.000001   0.000000   0.999999   3.999998 
   0.0000000000   -131.000   -100.000   0.000008    0.999991   0.000001   0.000000   0.999999   3.999997 
   0.0000000000   -130.000   -100.000   0.000010    0.999990   0.000001   0.000000   0.999999   3.999997 
   0.0000000000   -129.000   -100.000   0.000011    0.999988   0.000001   0.000000   0.999999   3.999996 
   0.0000000000   -128.000   -100.000   0.000014    0.999985   0.000001   0.000000   0.999999   3.999995 
   0.0000000000   -127.000   -100.000   0.000016    0.999982   0.000001   0.000000   0.999999   3.999994 
   0.0000000000   -126.000   -100.000   0.000019    0.999979   0.000002   0.000000   0.999998   3.999993 
   0.0000000000   -125.000   -100.000   0.000022    0.999976   0.000002   0.000000   0.999998   3.999992 
   0.0000000000   -124.000   -100.000   0.000026    0.999971   0.000002   0.000000   0.999998   3.999990 
   0.0000000000   -123.000   -100.000   0.000031    0.999966   0.000003   0.000000   0.999997   3.999989 
   0.0000000000   -122.000   -100.000   0.000036    0.999960   0.000003   0.000000   0.999997   3.999987 
   0.0000000000   -121.000   -100.000   0.000043    0.999953   0.000004   0.000000   0.999996   3.999984 
   0.0000000000   -120.000   -100.000   0.000050    0.999946   0.000005   0.000000   0.999995   3.999982 
   0.0000000000   -119.000   -100.000   0.000058    0.999936   0.000005   0.000000   0.999995   3.999979 
   0.0000000000   -118.000   -100.000   0.000068    0.999926   0.000006   0.000000   0.999994   3.999975 
   0.0000000000   -117.000   -100.000   0.000079    0.999914   0.000007   0.000000   0.999993   3.999971 
   0.0000000000   -116.000   -100.000   0.000091    0.999900   0.000008   0.000000   0.999992   3.999967 
   0.0000000000   -115.000   -100.000   0.000106    0.999885   0.000010   0.000000   0.999990   3.999962 
   0.0000000000   -114.000   -100.000   0.000122    0.999867   0.000011   0.000000   0.999989   3.999956 
   0.0000000000   -113.000   -100.000   0.000141    0.999846   0.000013   0.000000   0.999987   3.999949 
   0.0000000000   -112.000   -100.000   0.000162    0.999823   0.000015   0.000000   0.999985   3.999941 
   0.0000000000   -111.000   -100.000   0.000186    0.999797   0.000017   0.000000   0.999983   3.999932 
   0.0000000000   -110.000   -100.000   0.000214    0.999767   0.000019   0.000000   0.999981   3.999922 
   0.0000000000   -109.000   -100.000   0.000245    0.999733   0.000022   0.000000   0.999978   3.999911 
   0.0000000000   -108.000   -100.000   0.000280    0.999694   0.000026   0.000000   0.999974   3.999898 
   0.0000000000   -107.000   -100.000   0.000320    0.999651   0.000029   0.000000   0.999971   3.999883 
   0.0000000000   -106.000   -100.000   0.000365    0.999602   0.000033   0.000000   0.999967   3.999867 
   0.0000000000   -105.000   -100.000   0.000416    0.999546   0.000038   0.000000   0.999962   3.999849 
   0.0000000000   -104.000   -100.000   0.000473    0.999484   0.000043   0.000000   0.999957   3.999828 
   0.0000000000   -103.000   -100.000   0.000537    0.999415   0.000049   0.000000   0.999951   3.999805 
   0.0000000000   -102.000   -100.000   0.000608    0.999336   0.000055   0.000000   0.999945   3.999779 
   0.0000000000   -101.000   -100.000   0.000688    0.999249   0.000063   0.000000   0.999937   3.999749 
   0.0000000000   -100.000   -100.000   0.000778    0.999151   0.000071   0.000000   0.999929   3.999717 
   0.0000000000    -99.000   -100.000   0.000878    0.999042   0.000080   0.000000   0.999920   3.999680 
   0.0000000000    -98.000   -100.000   0.000990    0.998920   0.000090   0.000000   0.999910   3.999640 
   0.0000000000    -97.000   -100.000   0.001115    0.998784   0.000101   0.000000   0.999899   3.999594 
   0.0000000000    -96.000   -100.000   0.001253    0.998633   0.000114   0.000000   0.999886   3.999544 
   0.0000000000    -95.000   -100.000   0.001407    0.998465   0.000128   0.000000   0.999872   3.999488 
   0.0000000000    -94.000   -100.000   0.001578    0.998278   0.000144   0.000000   0.999856   3.999425 
   0.0000000000    -93.000   -100.000   0.001768    0.998071   0.000161   0.000000   0.999839   3.999356 
   0.0000000000    -92.000   -100.000   0.001977    0.997842   0.000180   0.000000   0.999820   3.999280 
   0.0000000000    -91.000   -100.000   0.002209    0.997589   0.000201   0.000000   0.999799   3.999195 
   0.0000000000    -90.000   -100.000   0.002466    0.997310   0.000225   0.000000   0.999775   3.999102 
   0.0000000000    -89.000   -100.000   0.002748    0.997001   0.000250   0.000000   0.999750   3.998998 
   0.0000000000    -88.000   -100.000   0.003060    0.996661   0.000279   0.000000   0.999721   3.998885 
   0.0000000000    -87.000   -100.000   0.003403    0.996287   0.000310   0.000000   0.999690   3.998759 
   0.0000000000    -86.000   -100.000   0.003781    0.995875   0.000345   0.000000   0.999655   3.998622 
   0.0000000000    -85.000   -100.000   0.004195    0.995422   0.000382   0.000000   0.999618   3.998470 
   0.0000000000    -84.000   -100.000   0.004650    0.994926   0.000424   0.000000   0.999576   3.998304 
   0.0000000000    -83.000   -100.000   0.005149    0.994382   0.000470   0.000000   0.999530   3.998122 
   0.0000000000    -82.000   -100.000   0.005695    0.993786   0.000519   0.000000   0.999481   3.997922 
   0.0000000000    -81.000   -100.000   0.006292    0.993134   0.000574   0.000000   0.999426   3.997704 
   0.0000000000    -80.000   -100.000   0.006945    0.992421   0.000634   0.000000   0.999366   3.997465 
   0.0000000000    -79.000   -100.000   0.007658    0.991643   0.000699   0.000000   0.999301   3.997204 
   0.0000000000    -78.000   -100.000   0.008436    0.990794   0.000770   0.000000   0.999230   3.996920 
   0.0000000000    -77.000   -100.000   0.009283    0.989870   0.000848   0.000000   0.999152   3.996610 
   0.0000000000    -76.000   -100.000   0.010205    0.988863   0.000932   0.000000   0.999068   3.996272 
   0.0000000000    -75.000   -100.000   0.011207    0.987769   0.001024   0.000000   0.998976   3.995905 
   0.0000000000    -74.000   -100.000   0.012297    0.986580   0.001124   0.000000   0.998876   3.995505 
   0.0000000000    -73.000   -100.000   0.013479    0.985289   0.001232   0.000000   0.998768   3.995072 
   0.0000000000    -72.000   -100.000   0.014761    0.983890   0.001350   0.000000   0.998650   3.994601 
   0.0000000000    -71.000   -100.000   0.016149    0.982374   0.001477   0.000000   0.998523   3.994092 
   0.0000000000    -70.000   -100.000   0.017652    0.980733   0.001615   0.000000   0.998385   3.993540 
   0.0000000000    -69.000   -100.000   0.019276    0.978960   0.001764   0.000000   0.998236   3.992943 
   0.0000000000    -68.000   -100.000   0.021030    0.977044   0.001926   0.000000   0.998074   3.992298 
   0.0000000000    -67.000   -100.000   0.022923    0.974978   0.002100   0.000000   0.997900   3.991601 
   0.0000000000    -66.000   -100.000   0.024963    0.972750   0.002287   0.000000   0.997713   3.990850 
   0.0000000000    -65.000   -100.000   0.027160    0.970350   0.002490   0.000000   0.997510   3.990041 
   0.0000000000    -64.000   -100.000   0.029524    0.967769   0.002708   0.000000   0.997292   3.989170 
   0.0000000000    -63.000   -100.000   0.032064    0.964994   0.002942   0.000000   0.997058   3.988233 
   0.0000000000    -62.000   -100.000   0.034791    0.962015   0.003194   0.000000   0.996806   3.987226 
   0.0000000000    -61.000   -100.000   0.037716    0.958820   0.003464   0.000000   0.996536   3.986145 
   0.0000000000    -60.000   -100.000   0.040850    0.955397   0.003753   0.000000   0.996247   3.984987 
   0.0000000000    -59.000   -100.000   0.044204    0.951732   0.004064   0.000000   0.995936   3.983745 
   0.0000000000    -58.000   -100.000   0.047790    0.947814   0.004396   0.000000   0.995604   3.982417 
   0.0000000000    -57.000   -100.000   0.051620    0.943629   0.004751   0.000000   0.995249   3.980998 
   0.0000000000    -56.000   -100.000   0.055706    0.939164   0.005129   0.000000   0.994870   3.979482 
   0.0000000000    -55.000   -100.000   0.060060    0.934406   0.005534   0.000000   0.994466   3.977865 
   0.0000000000    -54.000   -100.000   0.064695    0.929341   0.005964   0.000000   0.994036   3.976142 
   0.0000000000    -53.000   -100.000   0.069622    0.923955   0.006423   0.000000   0.993577   3.974309 
   0.0000000000    -52.000   -100.000   0.074854    0.918236   0.006910   0.000000   0.993090   3.972360 
   0.0000000000    -51.000   -100.000   0.080403    0.912170   0.007427   0.000000   0.992573   3.970292 
   0.0000000000    -50.000   -100.000   0.086281    0.905744   0.007975   0.000000   0.992024   3.968098 
   0.0000000000    -49.000   -100.000   0.092498    0.898945   0.008556   0.000000   0.991444   3.965774 
   0.0000000000    -48.000   -100.000   0.099067    0.891763   0.009171   0.000000   0.990829   3.963317 
   0.0000000000    -47.000   -100.000   0.105996    0.884184   0.009820   0.000000   0.990180   3.960721 
   0.0000000000    -46.000   -100.000   0.113297    0.876199   0.010504   0.000000   0.989496   3.957983 
   0.0000000000    -45.000   -100.000   0.120977    0.867798   0.011225   0.000000   0.988775   3.955098 
   0.0000000000    -44.000   -100.000   0.129044    0.858972   0.011983   0.000000   0.988016   3.952065 
   0.0000000000    -43.000   -100.000   0.137504    0.849715   0.012780   0.000000   0.987220   3.948879 
   0.0000000000    -42.000   -100.000   0.146363    0.840021   0.013615   0.000000   0.986384   3.945538 
   0.0000000000    -41.000   -100.000   0.155624    0.829886   0.014490   0.000000   0.985510   3.942040 
   0.0000000000    -40.000   -100.000   0.165289    0.819307   0.015403   0.000001   0.984596   3.938384 
   0.0000000000    -39.000   -100.000   0.175357    0.808286   0.016357   0.000001   0.983642   3.934569 
   0.0000000000    -38.000   -100.000   0.185827    0.796822   0.017350   0.000001   0.982649   3.930596 
   0.0000000000    -37.000   -100.000   0.196694    0.784922   0.018383   0.000001   0.981616   3.926465 
   0.0000000000    -36.000   -100.000   0.207952    0.772592   0.019455   0.000001   0.980544   3.922178 
   0.0000000000    -35.000   -100.000   0.219593    0.759842   0.020565   0.000001   0.979434   3.917737 
   0.0000000000    -34.000   -100.000   0.231603    0.746683   0.021713   0.000001   0.978286   3.913146 
   0.0000000000    -33.000   -100.000   0.243971    0.733131   0.022897   0.000001   0.977102   3.908409 
   0.0000000000    -32.000   -100.000   0.256679    0.719204   0.024116   0.000001   0.975883   3.903532 
   0.0000000000    -31.000   -100.000   0.269707    0.704923   0.025368   0.000001   0.974630   3.898521 
   0.0000000000    -30.000   -100.000   0.283035    0.690311   0.026653   0.000001   0.973346   3.893384 
   0.0000000000    -29.000   -100.000   0.296640    0.675392   0.027966   0.000001   0.972032   3.888128 
   0.0000000000    -28.000   -100.000   0.310493    0.660198   0.029308   0.000002   0.970691   3.882763 
   0.0000000000    -27.000   -100.000   0.324566    0.644759   0.030673   0.000002   0.969325   3.877299 
   0.0000000000    -26.000   -100.000   0.338830    0.629107   0.032061   0.000002   0.967937   3.871747 
   0.0000000000    -25.000   -100.000   0.353252    0.613277   0.033469   0.000002   0.966529   3.866117 
   0.0000000000    -24.000   -100.000   0.367800    0.597306   0.034892   0.000002   0.965105   3.860422 
   0.0000000000    -23.000   -100.000   0.382438    0.581231   0.036329   0.000002   0.963668   3.854673 
   0.0000000000    -22.000   -100.000   0.397132    0.565089   0.037776   0.000003   0.962221   3.848884 
   0.0000000000    -21.000   -100.000   0.411846    0.548920   0.039230   0.000003   0.960767   3.843068 
   0.0000000000    -20.000   -100.000   0.426547    0.532762   0.040688   0.000003   0.959309   3.837236 
   0.0000000000    -19.000   -100.000   0.441198    0.516652   0.042146   0.000003   0.957850   3.831401 
   0.0000000000    -18.000   -100.000   0.455766    0.500628   0.043602   0.000004   0.956394   3.825576 
   0.0000000000    -17.000   -100.000   0.470218    0.484725   0.045053   0.000004   0.954943   3.819773 
   0.0000000000    -16.000   -100.000   0.484524    0.468976   0.046495   0.000004   0.953501   3.814002 
   0.0000000000    -15.000   -100.000   0.498654    0.453415   0.047927   0.000005   0.952069   3.808276 
   0.0000000000    -14.000   -100.000   0.512579    0.438071   0.049345   0.000005   0.950651   3.802603 
   0.0000000000    -13.000   -100.000   0.526276    0.422972   0.050747   0.000005   0.949248   3.796993 
   0.0000000000    -12.000   -100.000   0.539721    0.408143   0.052131   0.000006   0.947863   3.791454 
   0.0000000000    -11.000   -100.000   0.552893    0.393605   0.053496   0.000006   0.946499   3.785994 
   0.0000000000    -10.000   -100.000   0.565776    0.379379   0.054839   0.000006   0.945155   3.780619 
   0.0000000000     -9.000   -100.000   0.578352    0.365482   0.056159   0.000007   0.943834   3.775336 
   0.0000000000     -8.000   -100.000   0.590608    0.351929   0.057456   0.000007   0.942537   3.770149 
   0.0000000000     -7.000   -100.000   0.602535    0.338731   0.058727   0.000007   0.941265   3.765061 
   0.0000000000     -6.000   -100.000   0.614123    0.325896   0.059973   0.000008   0.940019   3.760076 
   0.0000000000     -5.000   -100.000   0.625366    0.313433   0.061193   0.000008   0.938799   3.755196 
   0.0000000000     -4.000   -100.000   0.636260    0.301346   0.062386   0.000009   0.937606   3.750423 
   0.0000000000     -3.000   -100.000   0.646803    0.289636   0.063552   0.000009   0.936439   3.745756 
   0.0000000000     -2.000   -100.000   0.656994    0.278305   0.064691   0.000010   0.935299   3.741197 
   0.0000000000     -1.000   -100.000   0.666834    0.267352   0.065804   0.000010   0.934186   3.736745 
   0.0000000000      0.000   -100.000   0.676325    0.256774   0.066890   0.000011   0.933099   3.732398 
   0.0000000000      1.000   -100.000   0.685471    0.246567   0.067950   0.000011   0.932039   3.728155 
   0.0000000000      2.000   -100.000   0.694277    0.236727   0.068985   0.000012   0.931003   3.724014 
   0.0000000000      3.000   -100.000   0.702748    0.227245   0.069994   0.000012   0.929993   3.719973 
   0.0000000000      4.000   -100.000   0.710890    0.218117   0.070980   0.000013   0.929007   3.716029 
   0.0000000000      5.000   -100.000   0.718712    0.209333   0.071942   0.000014   0.928045   3.712179 
   0.0000000000      6.000   -100.000   0.726219    0.200886   0.072881   0.000014   0.927105   3.708421 
   0.0000000000      7.000   -100.000   0.733421    0.192767   0.073798   0.000015   0.926187   3.704750 
   0.0000000000      8.000   -100.000   0.740325    0.184966   0.074694   0.000015   0.925291   3.701164 
   0.0000000000      9.000   -100.000   0.746941    0.177474   0.075569   0.000016   0.924415   3.697658 
   0.0000000000     10.000   -100.000   0.753276    0.170281   0.076426   0.000017   0.923558   3.694230 
   0.0000000000     11.000   -100.000   0.759341    0.163378   0.077264   0.000017   0.922719   3.690876 
   0.0000000000     12.000   -100.000   0.765143    0.156755   0.078084   0.000018   0.921898   3.687592 
   0.0000000000     13.000   -100.000   0.770692    0.150402   0.078888   0.000019   0.921094   3.684374 
   0.0000000000     14.000   -100.000   0.775996    0.144309   0.079676   0.000020   0.920305   3.681219 
   0.0000000000     15.000   -100.000   0.781064    0.138467   0.080449   0.000020   0.919531   3.678123 
   0.0000000000     16.000   -100.000   0.785905    0.132866   0.081208   0.000021   0.918771   3.675082 
   0.0000000000     17.000   -100.000   0.790527    0.127497   0.081955   0.000022   0.918023   3.672094 
   0.0000000000     18.000   -100.000   0.794937    0.122351   0.082689   0.000023   0.917288   3.669154 
   0.0000000000     19.000   -100.000   0.799145    0.117419   0.083412   0.000023   0.916565   3.666259 
   0.0000000000     20.000   -100.000   0.803158    0.112693   0.084124   0.000024   0.915851   3.663406 
   0.0000000000     21.000   -100.000   0.806984    0.108164   0.084827   0.000025   0.915148   3.660591 
   0.0000000000     22.000   -100.000   0.810629    0.103824   0.085521   0.000026   0.914453   3.657812 
   0.0000000000     23.000   -100.000   0.814101    0.099666   0.086207   0.000027   0.913766   3.655065 
   0.0000000000     24.000   -100.000   0.817406    0.095681   0.086885   0.000028   0.913087   3.652347 
   0.0000000000     25.000   -100.000   0.820551    0.091863   0.087557   0.000029   0.912414   3.649656 
   0.0000000000     26.000   -100.000   0.823543    0.088204   0.088223   0.000030   0.911747   3.646987 
   0.0000000000     27.000   -100.000   0.826388    0.084697   0.088884   0.000031   0.911085   3.644340 
   0.0000000000     28.000   -100.000   0.829090    0.081337   0.089541   0.000032   0.910428   3.641710 
   0.0000000000     29.000   -100.000   0.831657    0.078117   0.090193   0.000033   0.909774   3.639096 
   0.0000000000     30.000   -100.000   0.834093    0.075031   0.090843   0.000034   0.909123   3.636494 
   0.0000000000     31.000   -100.000   0.836403    0.072073   0.091490   0.000035   0.908476   3.633902 
   0.0000000000     32.000   -100.000   0.838593    0.069237   0.092134   0.000036   0.907830   3.631319 
   0.0000000000     33.000   -100.000   0.840666    0.066519   0.092778   0.000037   0.907185   3.628740 
   0.0000000000     34.000   -100.000   0.842628    0.063913   0.093420   0.000038   0.906541   3.626165 
   0.0000000000     35.000   -100.000   0.844483    0.061414   0.094063   0.000039   0.905898   3.623591 
   0.0000000000     36.000   -100.000   0.846235    0.059019   0.094705   0.000041   0.905254   3.621016 
   0.0000000000     37.000   -100.000   0.847888    0.056721   0.095349   0.000042   0.904609   3.618437 
   0.0000000000     38.000   -100.000   0.849446    0.054518   0.095994   0.000043   0.903963   3.615854 
   0.0000000000     39.000   -100.000   0.850912    0.052404   0.096640   0.000044   0.903316   3.613262 
   0.0000000000     40.000   -100.000   0.852289    0.050377   0.097289   0.000046   0.902666   3.610662 
   0.0000000000     41.000   -100.000   0.853581    0.048432   0.097940   0.000047   0.902013   3.608051 
   0.0000000000     42.000   -100.000   0.854791    0.046565   0.098595   0.000048   0.901357   3.605426 
   0.0000000000     43.000   -100.000   0.855922    0.044775   0.099253   0.000050   0.900697   3.602787 
   0.0000000000     44.000   -100.000   0.856977    0.043056   0.099916   0.000051   0.900033   3.600131 
   0.0000000000     45.000   -100.000   0.857958    0.041406   0.100583   0.000053   0.899364   3.597457 
   0.0000000000     46.000   -100.000   0.858868    0.039823   0.101255   0.000054   0.898691   3.594763 
   0.0000000000     47.000   -100.000   0.859709    0.038303   0.101932   0.000056   0.898012   3.592048 
   0.0000000000     48.000   -100.000   0.860484    0.036843   0.102615   0.000057   0.897327   3.589309 
   0.0000000000     49.000   -100.000   0.861195    0.035442   0.103305   0.000059   0.896636   3.586545 
   0.0000000000     50.000   -100.000   0.861843    0.034096   0.104000   0.000061   0.895939   3.583756 
   0.0000000000     51.000   -100.000   0.862431    0.032803   0.104703   0.000062   0.895234   3.580938 
   0.0000000000     52.000   -100.000   0.862961    0.031561   0.105413   0.000064   0.894523   3.578091 
   0.0000000000     53.000   -100.000   0.863435    0.030368   0.106131   0.000066   0.893803   3.575213 
   0.0000000000     54.000   -100.000   0.863854    0.029222   0.106857   0.000068   0.893076   3.572302 
   0.0000000000     55.000   -100.000   0.864219    0.028120   0.107591   0.000070   0.892339   3.569358 
   0.0000000000     56.000   -100.000   0.864533    0.027061   0.108334   0.000072   0.891595   3.566378 
   0.0000000000     57.000   -100.000   0.864797    0.026044   0.109086   0.000073   0.890841   3.563362 
   0.0000000000     58.000   -100.000   0.865011    0.025066   0.109847   0.000075   0.890077   3.560308 
   0.0000000000     59.000   -100.000   0.865179    0.024125   0.110619   0.000078   0.889304   3.557215 
   0.0000000000     60.000   -100.000   0.865299    0.023221   0.111400   0.000080   0.888520   3.554080 
   0.0000000000     61.000   -100.000   0.865375    0.022351   0.112192   0.000082   0.887726   3.550904 
   0.0000000000     62.000   -100.000   0.865406    0.021515   0.112995   0.000084   0.886921   3.547684 
   0.0000000000     63.000   -100.000   0.865394    0.020711   0.113809   0.000086   0.886105   3.544419 
   0.0000000000     64.000   -100.000   0.865340    0.019937   0.114634   0.000089   0.885277   3.541108 
   0.0000000000     65.000   -100.000   0.865245    0.019193   0.115472   0.000091   0.884438   3.537750 
   0.0000000000     66.000   -100.000   0.865109    0.018477   0.116321   0.000093   0.883586   3.534343 
   0.0000000000     67.000   -100.000   0.864934    0.017788   0.117183   0.000096   0.882721   3.530886 
   0.0000000000     68.000   -100.000   0.864720    0.017124   0.118057   0.000098   0.881844   3.527377 
   0.0000000000     69.000   -100.000   0.864468    0.016486   0.118945   0.000101   0.880954   3.523816 
   0.0000000000     70.000   -100.000   0.864179    0.015872   0.119846   0.000104   0.880050   3.520201 
   0.0000000000     71.000   -100.000   0.863852    0.015280   0.120761   0.000107   0.879133   3.516530 
   0.0000000000     72.000   -100.000   0.863490    0.014711   0.121690   0.000109   0.878201   3.512803 
   0.0000000000     73.000   -100.000   0.863092    0.014163   0.122633   0.000112   0.877255   3.509018 
   0.0000000000     74.000   -100.000   0.862659    0.013635   0.123591   0.000115   0.876294   3.505174 
   0.0000000000     75.000   -100.000   0.862191    0.013127   0.124564   0.000118   0.875317   3.501270 
   0.0000000000     76.000   -100.000   0.861689    0.012637   0.125553   0.000121   0.874326   3.497304 
   0.0000000000     77.000   -100.000   0.861153    0.012165   0.126557   0.000125   0.873319   3.493275 
   0.0000000000     78.000   -100.000   0.860584    0.011711   0.127577   0.000128   0.872295   3.489182 
   0.0000000000     79.000   -100.000   0.859982    0.011274   0.128613   0.000131   0.871256   3.485023 
   0.0000000000     80.000   -100.000   0.859347    0.010852   0.129666   0.000135   0.870199   3.480798 
   0.0000000000     81.000   -100.000   0.858680    0.010446   0.130736   0.000138   0.869126   3.476505 
   0.0000000000     82.000   -100.000   0.857981    0.010055   0.131823   0.000142   0.868035   3.472142 
   0.0000000000     83.000   -100.000   0.857249    0.009678   0.132927   0.000146   0.866927   3.467709 
   0.0000000000     84.000   -100.000   0.856486    0.009315   0.134050   0.000149   0.865801   3.463204 
   0.0000000000     85.000   -100.000   0.855692    0.008964   0.135190   0.000153   0.864657   3.458626 
   0.0000000000     86.000   -100.000   0.854867    0.008627   0.136349   0.000157   0.863494   3.453974 
   0.0000000000     87.000   -100.000   0.854010    0.008302   0.137527   0.000161   0.862312   3.449247 
   0.0000000000     88.000   -100.000   0.853122    0.007988   0.138724   0.000166   0.861111   3.444442 
   0.0000000000     89.000   -100.000   0.852204    0.007686   0.139940   0.000170   0.859890   3.439560 
   0.0000000000     90.000   -100.000   0.851255    0.007395   0.141176   0.000175   0.858650   3.434598 
   0.0000000000     91.000   -100.000   0.850275    0.007114   0.142432   0.000179   0.857389   3.429557 
   0.0000000000     92.000   -100.000   0.849265    0.006843   0.143708   0.000184   0.856108   3.424433 
   0.0000000000     93.000   -100.000   0.848224    0.006582   0.145005   0.000189   0.854807   3.419227 
   0.0000000000     94.000   -100.000   0.847153    0.006331   0.146322   0.000194   0.853484   3.413937 
   0.0000000000     95.000   -100.000   0.846052    0.006088   0.147661   0.000199   0.852140   3.408561 
   0.0000000000     96.000   -100.000   0.844920    0.005854   0.149021   0.000204   0.850775   3.403099 
   0.0000000000     97.000   -100.000   0.843759    0.005629   0.150403   0.000209   0.849387   3.397550 
   0.0000000000     98.000   -100.000   0.842566    0.005412   0.151807   0.000215   0.847978   3.391912 
   0.0000000000     99.000   -100.000   0.841344    0.005202   0.153234   0.000221   0.846546   3.386184 
   0.0000000000    100.000   -100.000   0.840091    0.005000   0.154682   0.000226   0.845091   3.380365 
   0.0000000000    101.000   -100.000   0.838808    0.004805   0.156154   0.000232   0.843613   3.374454 
   0.0000000000    102.000   -100.000   0.837495    0.004617   0.157649   0.000238   0.842112   3.368450 
   0.0000000000    103.000   -100.000   0.836152    0.004436   0.159167   0.000245   0.840588   3.362352 
   0.0000000000    104.000   -100.000   0.834778    0.004262   0.160709   0.000251   0.839040   3.356158 
   0.0000000000    105.000   -100.000   0.833374    0.004093   0.162275   0.000258   0.837467   3.349869 
   0.0000000000    106.000   -100.000   0.831940    0.003931   0.163864   0.000265   0.835871   3.343483 
   0.0000000000    107.000   -100.000   0.830475    0.003775   0.165479   0.000272   0.834249   3.336998 
   0.0000000000    108.000   -100.000   0.828980    0.003624   0.167117   0.000279   0.832604   3.330416 
   0.0000000000    109.000   -100.000   0.827455    0.003479   0.168780   0.000287   0.830933   3.323733 
   0.0000000000    110.000   -100.000   0.825899    0.003339   0.170468   0.000294   0.829237   3.316949 
   0.0000000000    111.000   -100.000   0.824312    0.003204   0.172182   0.000302   0.827516   3.310064 
   0.0000000000    112.000   -100.000   0.822696    0.003074   0.173920   0.000310   0.825769   3.303077 
   0.0000000000    113.000   -100.000   0.821048    0.002948   0.175685   0.000319   0.823997   3.295986 
   0.0000000000    114.000   -100.000   0.819371    0.002827   0.177474   0.000327   0.822198   3.288793 
   0.0000000000    115.000   -100.000   0.817663    0.002711   0.179290   0.000336   0.820374   3.281497 
   0.0000000000    116.000   -100.000   0.815925    0.002599   0.181131   0.000345   0.818524   3.274095 
   0.0000000000    117.000   -100.000   0.814156    0.002491   0.182998   0.000355   0.816647   3.266588 
   0.0000000000    118.000   -100.000   0.812357    0.002387   0.184892   0.000364   0.814744   3.258975 
   0.0000000000    119.000   -100.000   0.810527    0.002287   0.186811   0.000374   0.812814   3.251256 
   0.0000000000    120.000   -100.000   0.808667    0.002190   0.188757   0.000385   0.810858   3.243432 
   0.0000000000    121.000   -100.000   0.806778    0.002098   0.190729   0.000395   0.808876   3.235502 
   0.0000000000    122.000   -100.000   0.804858    0.002008   0.192728   0.000406   0.806866   3.227465 
   0.0000000000    123.000   -100.000   0.802908    0.001922   0.194753   0.000417   0.804830   3.219321 
   0.0000000000    124.000   -100.000   0.800928    0.001840   0.196804   0.000429   0.802767   3.211070 
   0.0000000000    125.000   -100.000   0.798918    0.001760   0.198881   0.000441   0.800678   3.202712 
   0.0000000000    126.000   -100.000   0.796879    0.001683   0.200985   0.000453   0.798562   3.194249 
