#solute size.    Temp(C) Press(Mpa)        fHB          fS        fLJ         fO        xHB        nHB 
   0.0000000000   -173.000      1.000   0.000000    1.000000   0.000000   0.000000   1.000000   4.000000 
   0.0000000000   -172.000      1.000   0.000000    1.000000   0.000000   0.000000   1.000000   4.000000 
   0.0000000000   -171.000      1.000   0.000000    1.000000   0.000000   0.000000   1.000000   4.000000 
   0.0000000000   -170.000      1.000   0.000000    1.000000   0.000000   0.000000   1.000000   4.000000 
   0.0000000000   -169.000      1.000   0.000000    1.000000   0.000000   0.000000   1.000000   4.000000 
   0.0000000000   -168.000      1.000   0.000000    1.000000   0.000000   0.000000   1.000000   4.000000 
   0.0000000000   -167.000      1.000   0.000000    1.000000   0.000000   0.000000   1.000000   4.000000 
   0.0000000000   -166.000      1.000   0.000000    1.000000   0.000000   0.000000   1.000000   4.000000 
   0.0000000000   -165.000      1.000   0.000000    1.000000   0.000000   0.000000   1.000000   4.000000 
   0.0000000000   -164.000      1.000   0.000000    1.000000   0.000000   0.000000   1.000000   4.000000 
   0.0000000000   -163.000      1.000   0.000000    1.000000   0.000000   0.000000   1.000000   4.000000 
   0.0000000000   -162.000      1.000   0.000000    1.000000   0.000000   0.000000   1.000000   4.000000 
   0.0000000000   -161.000      1.000   0.000000    0.999999   0.000000   0.000000   1.000000   4.000000 
   0.0000000000   -160.000      1.000   0.000001    0.999999   0.000000   0.000000   1.000000   4.000000 
   0.0000000000   -159.000      1.000   0.000001    0.999999   0.000000   0.000000   1.000000   4.000000 
   0.0000000000   -158.000      1.000   0.000001    0.999999   0.000000   0.000000   1.000000   4.000000 
   0.0000000000   -157.000      1.000   0.000001    0.999999   0.000000   0.000000   1.000000   4.000000 
   0.0000000000   -156.000      1.000   0.000001    0.999998   0.000000   0.000000   1.000000   3.999999 
   0.0000000000   -155.000      1.000   0.000002    0.999998   0.000000   0.000000   1.000000   3.999999 
   0.0000000000   -154.000      1.000   0.000002    0.999998   0.000000   0.000000   1.000000   3.999999 
   0.0000000000   -153.000      1.000   0.000003    0.999997   0.000000   0.000000   1.000000   3.999999 
   0.0000000000   -152.000      1.000   0.000003    0.999997   0.000000   0.000000   1.000000   3.999999 
   0.0000000000   -151.000      1.000   0.000004    0.999996   0.000000   0.000000   1.000000   3.999999 
   0.0000000000   -150.000      1.000   0.000005    0.999995   0.000000   0.000000   1.000000   3.999998 
   0.0000000000   -149.000      1.000   0.000006    0.999994   0.000001   0.000000   0.999999   3.999998 
   0.0000000000   -148.000      1.000   0.000007    0.999992   0.000001   0.000000   0.999999   3.999997 
   0.0000000000   -147.000      1.000   0.000008    0.999991   0.000001   0.000000   0.999999   3.999997 
   0.0000000000   -146.000      1.000   0.000010    0.999989   0.000001   0.000000   0.999999   3.999996 
   0.0000000000   -145.000      1.000   0.000012    0.999987   0.000001   0.000000   0.999999   3.999996 
   0.0000000000   -144.000      1.000   0.000015    0.999984   0.000001   0.000000   0.999999   3.999995 
   0.0000000000   -143.000      1.000   0.000017    0.999981   0.000002   0.000000   0.999998   3.999994 
   0.0000000000   -142.000      1.000   0.000021    0.999977   0.000002   0.000000   0.999998   3.999992 
   0.0000000000   -141.000      1.000   0.000025    0.999973   0.000002   0.000000   0.999998   3.999991 
   0.0000000000   -140.000      1.000   0.000029    0.999968   0.000003   0.000000   0.999997   3.999989 
   0.0000000000   -139.000      1.000   0.000035    0.999962   0.000003   0.000000   0.999997   3.999987 
   0.0000000000   -138.000      1.000   0.000041    0.999955   0.000004   0.000000   0.999996   3.999985 
   0.0000000000   -137.000      1.000   0.000048    0.999948   0.000004   0.000000   0.999996   3.999983 
   0.0000000000   -136.000      1.000   0.000057    0.999938   0.000005   0.000000   0.999995   3.999979 
   0.0000000000   -135.000      1.000   0.000066    0.999928   0.000006   0.000000   0.999994   3.999976 
   0.0000000000   -134.000      1.000   0.000078    0.999915   0.000007   0.000000   0.999993   3.999972 
   0.0000000000   -133.000      1.000   0.000091    0.999901   0.000008   0.000000   0.999992   3.999967 
   0.0000000000   -132.000      1.000   0.000105    0.999885   0.000010   0.000000   0.999990   3.999962 
   0.0000000000   -131.000      1.000   0.000123    0.999866   0.000011   0.000000   0.999989   3.999955 
   0.0000000000   -130.000      1.000   0.000142    0.999845   0.000013   0.000000   0.999987   3.999948 
   0.0000000000   -129.000      1.000   0.000165    0.999820   0.000015   0.000000   0.999985   3.999940 
   0.0000000000   -128.000      1.000   0.000191    0.999792   0.000017   0.000000   0.999983   3.999931 
   0.0000000000   -127.000      1.000   0.000220    0.999760   0.000020   0.000000   0.999980   3.999920 
   0.0000000000   -126.000      1.000   0.000254    0.999723   0.000023   0.000000   0.999977   3.999908 
   0.0000000000   -125.000      1.000   0.000292    0.999682   0.000027   0.000000   0.999973   3.999894 
   0.0000000000   -124.000      1.000   0.000335    0.999634   0.000030   0.000000   0.999970   3.999878 
   0.0000000000   -123.000      1.000   0.000384    0.999581   0.000035   0.000000   0.999965   3.999860 
   0.0000000000   -122.000      1.000   0.000440    0.999520   0.000040   0.000000   0.999960   3.999840 
   0.0000000000   -121.000      1.000   0.000502    0.999452   0.000046   0.000000   0.999954   3.999817 
   0.0000000000   -120.000      1.000   0.000573    0.999375   0.000052   0.000000   0.999948   3.999792 
   0.0000000000   -119.000      1.000   0.000653    0.999288   0.000059   0.000000   0.999941   3.999763 
   0.0000000000   -118.000      1.000   0.000742    0.999190   0.000067   0.000000   0.999933   3.999730 
   0.0000000000   -117.000      1.000   0.000843    0.999081   0.000077   0.000000   0.999923   3.999694 
   0.0000000000   -116.000      1.000   0.000955    0.998958   0.000087   0.000000   0.999913   3.999653 
   0.0000000000   -115.000      1.000   0.001082    0.998820   0.000098   0.000000   0.999902   3.999607 
   0.0000000000   -114.000      1.000   0.001223    0.998666   0.000111   0.000000   0.999889   3.999555 
   0.0000000000   -113.000      1.000   0.001380    0.998494   0.000125   0.000000   0.999875   3.999498 
   0.0000000000   -112.000      1.000   0.001556    0.998302   0.000141   0.000000   0.999859   3.999434 
   0.0000000000   -111.000      1.000   0.001752    0.998089   0.000159   0.000000   0.999841   3.999363 
   0.0000000000   -110.000      1.000   0.001970    0.997851   0.000179   0.000000   0.999821   3.999284 
   0.0000000000   -109.000      1.000   0.002212    0.997587   0.000201   0.000000   0.999799   3.999196 
   0.0000000000   -108.000      1.000   0.002480    0.997294   0.000226   0.000000   0.999774   3.999098 
   0.0000000000   -107.000      1.000   0.002778    0.996970   0.000253   0.000000   0.999747   3.998990 
   0.0000000000   -106.000      1.000   0.003107    0.996610   0.000283   0.000000   0.999717   3.998870 
   0.0000000000   -105.000      1.000   0.003471    0.996213   0.000316   0.000000   0.999684   3.998737 
   0.0000000000   -104.000      1.000   0.003873    0.995774   0.000352   0.000000   0.999648   3.998591 
   0.0000000000   -103.000      1.000   0.004317    0.995290   0.000393   0.000000   0.999607   3.998430 
   0.0000000000   -102.000      1.000   0.004806    0.994757   0.000437   0.000000   0.999563   3.998252 
   0.0000000000   -101.000      1.000   0.005344    0.994170   0.000486   0.000000   0.999514   3.998056 
   0.0000000000   -100.000      1.000   0.005936    0.993525   0.000540   0.000000   0.999460   3.997841 
   0.0000000000    -99.000      1.000   0.006585    0.992816   0.000599   0.000000   0.999401   3.997604 
   0.0000000000    -98.000      1.000   0.007298    0.992038   0.000664   0.000000   0.999336   3.997345 
   0.0000000000    -97.000      1.000   0.008079    0.991186   0.000735   0.000000   0.999265   3.997061 
   0.0000000000    -96.000      1.000   0.008935    0.990253   0.000813   0.000000   0.999187   3.996749 
   0.0000000000    -95.000      1.000   0.009870    0.989232   0.000898   0.000000   0.999102   3.996409 
   0.0000000000    -94.000      1.000   0.010892    0.988117   0.000991   0.000000   0.999009   3.996037 
   0.0000000000    -93.000      1.000   0.012008    0.986900   0.001092   0.000000   0.998908   3.995631 
   0.0000000000    -92.000      1.000   0.013224    0.985573   0.001203   0.000000   0.998797   3.995188 
   0.0000000000    -91.000      1.000   0.014550    0.984127   0.001324   0.000000   0.998676   3.994705 
   0.0000000000    -90.000      1.000   0.015992    0.982553   0.001455   0.000000   0.998545   3.994180 
   0.0000000000    -89.000      1.000   0.017560    0.980842   0.001598   0.000000   0.998402   3.993609 
   0.0000000000    -88.000      1.000   0.019264    0.978984   0.001753   0.000000   0.998247   3.992989 
   0.0000000000    -87.000      1.000   0.021112    0.976967   0.001921   0.000000   0.998079   3.992316 
   0.0000000000    -86.000      1.000   0.023117    0.974780   0.002104   0.000000   0.997896   3.991586 
   0.0000000000    -85.000      1.000   0.025287    0.972411   0.002301   0.000000   0.997699   3.990795 
   0.0000000000    -84.000      1.000   0.027636    0.969848   0.002515   0.000000   0.997485   3.989939 
   0.0000000000    -83.000      1.000   0.030176    0.967078   0.002747   0.000000   0.997253   3.989014 
   0.0000000000    -82.000      1.000   0.032919    0.964085   0.002996   0.000000   0.997004   3.988014 
   0.0000000000    -81.000      1.000   0.035878    0.960856   0.003266   0.000000   0.996734   3.986936 
   0.0000000000    -80.000      1.000   0.039068    0.957375   0.003557   0.000000   0.996443   3.985773 
   0.0000000000    -79.000      1.000   0.042504    0.953626   0.003870   0.000000   0.996130   3.984520 
   0.0000000000    -78.000      1.000   0.046201    0.949592   0.004207   0.000000   0.995793   3.983172 
   0.0000000000    -77.000      1.000   0.050174    0.945257   0.004569   0.000000   0.995431   3.981723 
   0.0000000000    -76.000      1.000   0.054439    0.940602   0.004958   0.000000   0.995042   3.980167 
   0.0000000000    -75.000      1.000   0.059015    0.935610   0.005375   0.000000   0.994624   3.978498 
   0.0000000000    -74.000      1.000   0.063918    0.930260   0.005823   0.000000   0.994177   3.976709 
   0.0000000000    -73.000      1.000   0.069165    0.924533   0.006301   0.000000   0.993698   3.974794 
   0.0000000000    -72.000      1.000   0.074776    0.918410   0.006813   0.000000   0.993186   3.972745 
   0.0000000000    -71.000      1.000   0.080768    0.911872   0.007360   0.000000   0.992639   3.970558 
   0.0000000000    -70.000      1.000   0.087160    0.904895   0.007944   0.000000   0.992056   3.968223 
   0.0000000000    -69.000      1.000   0.093970    0.897463   0.008566   0.000000   0.991434   3.965735 
   0.0000000000    -68.000      1.000   0.101217    0.889555   0.009228   0.000000   0.990772   3.963087 
   0.0000000000    -67.000      1.000   0.108918    0.881150   0.009932   0.000000   0.990068   3.960273 
   0.0000000000    -66.000      1.000   0.117091    0.872230   0.010679   0.000000   0.989321   3.957285 
   0.0000000000    -65.000      1.000   0.125753    0.862777   0.011470   0.000000   0.988529   3.954117 
   0.0000000000    -64.000      1.000   0.134918    0.852773   0.012309   0.000000   0.987691   3.950764 
   0.0000000000    -63.000      1.000   0.144602    0.842203   0.013194   0.000000   0.986805   3.947221 
   0.0000000000    -62.000      1.000   0.154817    0.831053   0.014129   0.000001   0.985870   3.943482 
   0.0000000000    -61.000      1.000   0.165573    0.819313   0.015114   0.000001   0.984886   3.939543 
   0.0000000000    -60.000      1.000   0.176881    0.806970   0.016149   0.000001   0.983850   3.935402 
   0.0000000000    -59.000      1.000   0.188741    0.794023   0.017235   0.000001   0.982764   3.931056 
   0.0000000000    -58.000      1.000   0.201158    0.780469   0.018373   0.000001   0.981626   3.926505 
   0.0000000000    -57.000      1.000   0.214128    0.766309   0.019562   0.000001   0.980437   3.921749 
   0.0000000000    -56.000      1.000   0.227646    0.751552   0.020801   0.000001   0.979197   3.916790 
   0.0000000000    -55.000      1.000   0.241700    0.736208   0.022091   0.000001   0.977908   3.911632 
   0.0000000000    -54.000      1.000   0.256274    0.720296   0.023428   0.000001   0.976570   3.906282 
   0.0000000000    -53.000      1.000   0.271350    0.703836   0.024812   0.000002   0.975186   3.900744 
   0.0000000000    -52.000      1.000   0.286892    0.686866   0.026240   0.000002   0.973758   3.895032 
   0.0000000000    -51.000      1.000   0.302871    0.669419   0.027709   0.000002   0.972289   3.889157 
   0.0000000000    -50.000      1.000   0.319245    0.651538   0.029215   0.000002   0.970783   3.883134 
   0.0000000000    -49.000      1.000   0.335970    0.633275   0.030753   0.000002   0.969244   3.876978 
   0.0000000000    -48.000      1.000   0.352992    0.614685   0.032320   0.000003   0.967677   3.870708 
   0.0000000000    -47.000      1.000   0.370256    0.595831   0.033911   0.000003   0.966086   3.864346 
   0.0000000000    -46.000      1.000   0.387704    0.576774   0.035519   0.000003   0.964478   3.857911 
   0.0000000000    -45.000      1.000   0.405264    0.557594   0.037139   0.000003   0.962858   3.851431 
   0.0000000000    -44.000      1.000   0.422871    0.538361   0.038764   0.000004   0.961232   3.844927 
   0.0000000000    -43.000      1.000   0.440459    0.519148   0.040389   0.000004   0.959606   3.838426 
   0.0000000000    -42.000      1.000   0.457959    0.500029   0.042008   0.000004   0.957988   3.831951 
   0.0000000000    -41.000      1.000   0.475304    0.481077   0.043613   0.000005   0.956382   3.825527 
   0.0000000000    -40.000      1.000   0.492433    0.462361   0.045201   0.000005   0.954794   3.819177 
   0.0000000000    -39.000      1.000   0.509285    0.443945   0.046764   0.000006   0.953230   3.812921 
   0.0000000000    -38.000      1.000   0.525807    0.425888   0.048299   0.000006   0.951695   3.806781 
   0.0000000000    -37.000      1.000   0.541951    0.408242   0.049800   0.000007   0.950193   3.800772 
   0.0000000000    -36.000      1.000   0.557676    0.391052   0.051265   0.000007   0.948728   3.794911 
   0.0000000000    -35.000      1.000   0.572947    0.374355   0.052690   0.000008   0.947302   3.789209 
   0.0000000000    -34.000      1.000   0.587737    0.358183   0.054072   0.000008   0.945919   3.783678 
   0.0000000000    -33.000      1.000   0.602024    0.342557   0.055410   0.000009   0.944581   3.778323 
   0.0000000000    -32.000      1.000   0.615794    0.327494   0.056703   0.000009   0.943288   3.773151 
   0.0000000000    -31.000      1.000   0.629038    0.313003   0.057949   0.000010   0.942041   3.768165 
   0.0000000000    -30.000      1.000   0.641753    0.299088   0.059148   0.000011   0.940841   3.763366 
   0.0000000000    -29.000      1.000   0.653940    0.285748   0.060300   0.000011   0.939688   3.758753 
   0.0000000000    -28.000      1.000   0.665604    0.272977   0.061407   0.000012   0.938581   3.754325 
   0.0000000000    -27.000      1.000   0.676754    0.260765   0.062468   0.000013   0.937519   3.750077 
   0.0000000000    -26.000      1.000   0.687401    0.249100   0.063485   0.000013   0.936502   3.746007 
   0.0000000000    -25.000      1.000   0.697559    0.237968   0.064459   0.000014   0.935527   3.742109 
   0.0000000000    -24.000      1.000   0.707242    0.227352   0.065391   0.000015   0.934594   3.738377 
   0.0000000000    -23.000      1.000   0.716467    0.217235   0.066283   0.000016   0.933701   3.734805 
   0.0000000000    -22.000      1.000   0.725251    0.207596   0.067137   0.000016   0.932847   3.731387 
   0.0000000000    -21.000      1.000   0.733611    0.198418   0.067954   0.000017   0.932029   3.728116 
   0.0000000000    -20.000      1.000   0.741564    0.189683   0.068735   0.000018   0.931247   3.724987 
   0.0000000000    -19.000      1.000   0.749131    0.181366   0.069484   0.000019   0.930498   3.721990 
   0.0000000000    -18.000      1.000   0.756329    0.173451   0.070200   0.000020   0.929780   3.719121 
   0.0000000000    -17.000      1.000   0.763175    0.165919   0.070886   0.000020   0.929093   3.716373 
   0.0000000000    -16.000      1.000   0.769684    0.158751   0.071544   0.000021   0.928435   3.713739 
   0.0000000000    -15.000      1.000   0.775874    0.151929   0.072175   0.000022   0.927803   3.711214 
   0.0000000000    -14.000      1.000   0.781761    0.145437   0.072779   0.000023   0.927198   3.708791 
   0.0000000000    -13.000      1.000   0.787359    0.139257   0.073360   0.000024   0.926616   3.706464 
   0.0000000000    -12.000      1.000   0.792684    0.133374   0.073918   0.000025   0.926057   3.704230 
   0.0000000000    -11.000      1.000   0.797749    0.127772   0.074454   0.000026   0.925520   3.702081 
   0.0000000000    -10.000      1.000   0.802567    0.122436   0.074970   0.000027   0.925003   3.700013 
   0.0000000000     -9.000      1.000   0.807151    0.117354   0.075467   0.000028   0.924505   3.698021 
   0.0000000000     -8.000      1.000   0.811513    0.112512   0.075946   0.000029   0.924025   3.696101 
   0.0000000000     -7.000      1.000   0.815665    0.107897   0.076409   0.000030   0.923562   3.694248 
   0.0000000000     -6.000      1.000   0.819616    0.103498   0.076855   0.000031   0.923114   3.692458 
   0.0000000000     -5.000      1.000   0.823378    0.099303   0.077287   0.000032   0.922682   3.690728 
   0.0000000000     -4.000      1.000   0.826960    0.095303   0.077704   0.000033   0.922263   3.689053 
   0.0000000000     -3.000      1.000   0.830371    0.091486   0.078109   0.000034   0.921857   3.687430 
   0.0000000000     -2.000      1.000   0.833620    0.087844   0.078501   0.000035   0.921464   3.685856 
   0.0000000000     -1.000      1.000   0.836714    0.084368   0.078882   0.000036   0.921082   3.684328 
   0.0000000000      0.000      1.000   0.839662    0.081048   0.079253   0.000037   0.920710   3.682841 
   0.0000000000      1.000      1.000   0.842471    0.077877   0.079613   0.000038   0.920349   3.681395 
   0.0000000000      2.000      1.000   0.845148    0.074848   0.079965   0.000039   0.919996   3.679985 
   0.0000000000      3.000      1.000   0.847699    0.071953   0.080307   0.000040   0.919653   3.678610 
   0.0000000000      4.000      1.000   0.850130    0.069186   0.080642   0.000041   0.919317   3.677267 
   0.0000000000      5.000      1.000   0.852448    0.066541   0.080969   0.000043   0.918988   3.675954 
   0.0000000000      6.000      1.000   0.854657    0.064010   0.081289   0.000044   0.918667   3.674667 
   0.0000000000      7.000      1.000   0.856762    0.061590   0.081603   0.000045   0.918352   3.673406 
   0.0000000000      8.000      1.000   0.858769    0.059273   0.081912   0.000046   0.918042   3.672169 
   0.0000000000      9.000      1.000   0.860682    0.057056   0.082214   0.000047   0.917738   3.670952 
   0.0000000000     10.000      1.000   0.862506    0.054933   0.082512   0.000049   0.917439   3.669756 
   0.0000000000     11.000      1.000   0.864244    0.052900   0.082806   0.000050   0.917144   3.668577 
   0.0000000000     12.000      1.000   0.865901    0.050952   0.083095   0.000051   0.916854   3.667414 
   0.0000000000     13.000      1.000   0.867480    0.049086   0.083381   0.000053   0.916567   3.666266 
   0.0000000000     14.000      1.000   0.868985    0.047298   0.083663   0.000054   0.916283   3.665131 
   0.0000000000     15.000      1.000   0.870419    0.045583   0.083943   0.000055   0.916002   3.664008 
   0.0000000000     16.000      1.000   0.871784    0.043939   0.084220   0.000057   0.915724   3.662895 
   0.0000000000     17.000      1.000   0.873085    0.042363   0.084494   0.000058   0.915448   3.661791 
   0.0000000000     18.000      1.000   0.874324    0.040850   0.084767   0.000060   0.915174   3.660694 
   0.0000000000     19.000      1.000   0.875503    0.039398   0.085038   0.000061   0.914901   3.659604 
   0.0000000000     20.000      1.000   0.876625    0.038005   0.085308   0.000063   0.914630   3.658519 
   0.0000000000     21.000      1.000   0.877692    0.036668   0.085576   0.000064   0.914360   3.657439 
   0.0000000000     22.000      1.000   0.878707    0.035383   0.085844   0.000066   0.914090   3.656361 
   0.0000000000     23.000      1.000   0.879672    0.034150   0.086111   0.000067   0.913822   3.655286 
   0.0000000000     24.000      1.000   0.880588    0.032965   0.086378   0.000069   0.913553   3.654212 
   0.0000000000     25.000      1.000   0.881458    0.031826   0.086645   0.000070   0.913284   3.653137 
   0.0000000000     26.000      1.000   0.882284    0.030732   0.086912   0.000072   0.913016   3.652062 
   0.0000000000     27.000      1.000   0.883067    0.029680   0.087180   0.000074   0.912746   3.650985 
   0.0000000000     28.000      1.000   0.883808    0.028668   0.087448   0.000075   0.912476   3.649906 
   0.0000000000     29.000      1.000   0.884510    0.027695   0.087717   0.000077   0.912206   3.648823 
   0.0000000000     30.000      1.000   0.885174    0.026760   0.087987   0.000079   0.911934   3.647735 
   0.0000000000     31.000      1.000   0.885801    0.025860   0.088259   0.000080   0.911661   3.646643 
   0.0000000000     32.000      1.000   0.886393    0.024993   0.088532   0.000082   0.911386   3.645545 
   0.0000000000     33.000      1.000   0.886950    0.024160   0.088806   0.000084   0.911110   3.644440 
   0.0000000000     34.000      1.000   0.887475    0.023357   0.089082   0.000086   0.910832   3.643328 
   0.0000000000     35.000      1.000   0.887967    0.022584   0.089360   0.000088   0.910552   3.642207 
   0.0000000000     36.000      1.000   0.888429    0.021840   0.089641   0.000090   0.910270   3.641078 
   0.0000000000     37.000      1.000   0.888861    0.021123   0.089924   0.000092   0.909985   3.639939 
   0.0000000000     38.000      1.000   0.889265    0.020433   0.090209   0.000094   0.909698   3.638791 
   0.0000000000     39.000      1.000   0.889640    0.019768   0.090497   0.000096   0.909408   3.637631 
   0.0000000000     40.000      1.000   0.889989    0.019126   0.090787   0.000098   0.909115   3.636460 
   0.0000000000     41.000      1.000   0.890311    0.018508   0.091081   0.000100   0.908819   3.635278 
   0.0000000000     42.000      1.000   0.890608    0.017912   0.091378   0.000102   0.908520   3.634082 
   0.0000000000     43.000      1.000   0.890881    0.017338   0.091678   0.000104   0.908218   3.632873 
   0.0000000000     44.000      1.000   0.891129    0.016783   0.091981   0.000106   0.907913   3.631651 
   0.0000000000     45.000      1.000   0.891354    0.016249   0.092288   0.000108   0.907603   3.630414 
   0.0000000000     46.000      1.000   0.891557    0.015733   0.092599   0.000110   0.907290   3.629162 
   0.0000000000     47.000      1.000   0.891738    0.015236   0.092914   0.000113   0.906973   3.627894 
   0.0000000000     48.000      1.000   0.891897    0.014755   0.093232   0.000115   0.906653   3.626610 
   0.0000000000     49.000      1.000   0.892036    0.014292   0.093555   0.000117   0.906327   3.625310 
   0.0000000000     50.000      1.000   0.892154    0.013844   0.093882   0.000120   0.905998   3.623992 
   0.0000000000     51.000      1.000   0.892252    0.013412   0.094214   0.000122   0.905664   3.622657 
   0.0000000000     52.000      1.000   0.892331    0.012995   0.094549   0.000125   0.905326   3.621303 
   0.0000000000     53.000      1.000   0.892391    0.012592   0.094890   0.000127   0.904983   3.619931 
   0.0000000000     54.000      1.000   0.892432    0.012203   0.095235   0.000130   0.904635   3.618539 
   0.0000000000     55.000      1.000   0.892455    0.011827   0.095586   0.000132   0.904282   3.617128 
   0.0000000000     56.000      1.000   0.892461    0.011463   0.095941   0.000135   0.903924   3.615696 
   0.0000000000     57.000      1.000   0.892449    0.011112   0.096302   0.000138   0.903561   3.614243 
   0.0000000000     58.000      1.000   0.892420    0.010773   0.096668   0.000140   0.903192   3.612769 
   0.0000000000     59.000      1.000   0.892374    0.010444   0.097039   0.000143   0.902818   3.611273 
   0.0000000000     60.000      1.000   0.892312    0.010127   0.097416   0.000146   0.902439   3.609754 
   0.0000000000     61.000      1.000   0.892233    0.009820   0.097798   0.000149   0.902053   3.608213 
   0.0000000000     62.000      1.000   0.892139    0.009523   0.098187   0.000151   0.901662   3.606648 
   0.0000000000     63.000      1.000   0.892028    0.009236   0.098581   0.000154   0.901265   3.605059 
   0.0000000000     64.000      1.000   0.891903    0.008959   0.098981   0.000157   0.900862   3.603446 
   0.0000000000     65.000      1.000   0.891762    0.008690   0.099388   0.000160   0.900452   3.601808 
   0.0000000000     66.000      1.000   0.891606    0.008430   0.099800   0.000164   0.900036   3.600144 
   0.0000000000     67.000      1.000   0.891435    0.008178   0.100220   0.000167   0.899614   3.598455 
   0.0000000000     68.000      1.000   0.891250    0.007935   0.100645   0.000170   0.899185   3.596739 
   0.0000000000     69.000      1.000   0.891050    0.007699   0.101078   0.000173   0.898749   3.594996 
   0.0000000000     70.000      1.000   0.890836    0.007471   0.101517   0.000176   0.898307   3.593226 
   0.0000000000     71.000      1.000   0.890607    0.007250   0.101963   0.000180   0.897857   3.591428 
   0.0000000000     72.000      1.000   0.890365    0.007036   0.102417   0.000183   0.897400   3.589602 
   0.0000000000     73.000      1.000   0.890108    0.006828   0.102877   0.000187   0.896937   3.587746 
   0.0000000000     74.000      1.000   0.889838    0.006627   0.103345   0.000190   0.896465   3.585861 
   0.0000000000     75.000      1.000   0.889554    0.006433   0.103820   0.000194   0.895987   3.583947 
   0.0000000000     76.000      1.000   0.889256    0.006244   0.104302   0.000197   0.895500   3.582001 
   0.0000000000     77.000      1.000   0.888945    0.006062   0.104793   0.000201   0.895006   3.580025 
   0.0000000000     78.000      1.000   0.888620    0.005885   0.105291   0.000205   0.894504   3.578017 
   0.0000000000     79.000      1.000   0.888281    0.005713   0.105797   0.000208   0.893994   3.575977 
   0.0000000000     80.000      1.000   0.887930    0.005547   0.106311   0.000212   0.893476   3.573905 
   0.0000000000     81.000      1.000   0.887564    0.005385   0.106834   0.000216   0.892950   3.571800 
   0.0000000000     82.000      1.000   0.887186    0.005229   0.107364   0.000220   0.892415   3.569661 
   0.0000000000     83.000      1.000   0.886794    0.005078   0.107904   0.000224   0.891872   3.567488 
   0.0000000000     84.000      1.000   0.886390    0.004931   0.108451   0.000228   0.891320   3.565280 
   0.0000000000     85.000      1.000   0.885971    0.004788   0.109008   0.000233   0.890759   3.563038 
   0.0000000000     86.000      1.000   0.885540    0.004650   0.109573   0.000237   0.890190   3.560759 
   0.0000000000     87.000      1.000   0.885096    0.004515   0.110148   0.000241   0.889611   3.558445 
   0.0000000000     88.000      1.000   0.884638    0.004385   0.110731   0.000246   0.889023   3.556093 
   0.0000000000     89.000      1.000   0.884167    0.004259   0.111324   0.000250   0.888426   3.553705 
   0.0000000000     90.000      1.000   0.883683    0.004136   0.111926   0.000255   0.887820   3.551278 
   0.0000000000     91.000      1.000   0.883186    0.004018   0.112537   0.000259   0.887203   3.548813 
   0.0000000000     92.000      1.000   0.882675    0.003902   0.113158   0.000264   0.886577   3.546309 
   0.0000000000     93.000      1.000   0.882151    0.003790   0.113790   0.000269   0.885941   3.543766 
   0.0000000000     94.000      1.000   0.881614    0.003681   0.114430   0.000274   0.885296   3.541183 
   0.0000000000     95.000      1.000   0.881064    0.003576   0.115082   0.000279   0.884640   3.538559 
   0.0000000000     96.000      1.000   0.880500    0.003473   0.115743   0.000284   0.883973   3.535893 
   0.0000000000     97.000      1.000   0.879923    0.003374   0.116414   0.000289   0.883297   3.533186 
   0.0000000000     98.000      1.000   0.879332    0.003277   0.117096   0.000294   0.882609   3.530437 
   0.0000000000     99.000      1.000   0.878728    0.003183   0.117789   0.000300   0.881911   3.527645 
   0.0000000000    100.000      1.000   0.878110    0.003092   0.118493   0.000305   0.881202   3.524809 
   0.0000000000    101.000      1.000   0.877479    0.003003   0.119207   0.000311   0.880482   3.521929 
   0.0000000000    102.000      1.000   0.876834    0.002917   0.119933   0.000316   0.879751   3.519005 
   0.0000000000    103.000      1.000   0.876175    0.002834   0.120669   0.000322   0.879009   3.516035 
   0.0000000000    104.000      1.000   0.875502    0.002753   0.121417   0.000328   0.878255   3.513020 
   0.0000000000    105.000      1.000   0.874816    0.002674   0.122177   0.000333   0.877490   3.509958 
   0.0000000000    106.000      1.000   0.874115    0.002597   0.122948   0.000339   0.876712   3.506849 
   0.0000000000    107.000      1.000   0.873401    0.002523   0.123731   0.000346   0.875923   3.503693 
   0.0000000000    108.000      1.000   0.872672    0.002450   0.124526   0.000352   0.875122   3.500489 
   0.0000000000    109.000      1.000   0.871929    0.002380   0.125333   0.000358   0.874309   3.497235 
   0.0000000000    110.000      1.000   0.871172    0.002311   0.126152   0.000364   0.873483   3.493932 
   0.0000000000    111.000      1.000   0.870400    0.002245   0.126984   0.000371   0.872645   3.490580 
   0.0000000000    112.000      1.000   0.869614    0.002180   0.127828   0.000378   0.871794   3.487176 
   0.0000000000    113.000      1.000   0.868813    0.002118   0.128685   0.000384   0.870930   3.483722 
   0.0000000000    114.000      1.000   0.867997    0.002056   0.129555   0.000391   0.870054   3.480216 
   0.0000000000    115.000      1.000   0.867167    0.001997   0.130438   0.000398   0.869164   3.476657 
   0.0000000000    116.000      1.000   0.866322    0.001939   0.131333   0.000405   0.868261   3.473045 
   0.0000000000    117.000      1.000   0.865462    0.001883   0.132242   0.000412   0.867345   3.469381 
   0.0000000000    118.000      1.000   0.864587    0.001829   0.133165   0.000420   0.866415   3.465661 
   0.0000000000    119.000      1.000   0.863696    0.001776   0.134101   0.000427   0.865472   3.461887 
   0.0000000000    120.000      1.000   0.862790    0.001724   0.135051   0.000435   0.864514   3.458057 
   0.0000000000    121.000      1.000   0.861869    0.001674   0.136015   0.000443   0.863543   3.454171 
   0.0000000000    122.000      1.000   0.860932    0.001625   0.136992   0.000450   0.862557   3.450229 
   0.0000000000    123.000      1.000   0.859980    0.001578   0.137984   0.000458   0.861557   3.446229 
   0.0000000000    124.000      1.000   0.859011    0.001532   0.138991   0.000467   0.860543   3.442172 
   0.0000000000    125.000      1.000   0.858027    0.001487   0.140011   0.000475   0.859514   3.438056 
   0.0000000000    126.000      1.000   0.857027    0.001443   0.141047   0.000483   0.858470   3.433881 
