#solute size.    Temp(C) Press(Mpa)        fHB          fS        fLJ         fO        xHB        nHB 
   0.0000000000   -173.000    190.000   0.000830    0.999094   0.000075   0.000000   0.999925   3.999698 
   0.0000000000   -172.000    190.000   0.000962    0.998951   0.000087   0.000000   0.999913   3.999650 
   0.0000000000   -171.000    190.000   0.001112    0.998787   0.000101   0.000000   0.999899   3.999596 
   0.0000000000   -170.000    190.000   0.001283    0.998601   0.000117   0.000000   0.999883   3.999534 
   0.0000000000   -169.000    190.000   0.001476    0.998389   0.000134   0.000000   0.999866   3.999463 
   0.0000000000   -168.000    190.000   0.001696    0.998150   0.000154   0.000000   0.999846   3.999383 
   0.0000000000   -167.000    190.000   0.001944    0.997879   0.000177   0.000000   0.999823   3.999293 
   0.0000000000   -166.000    190.000   0.002224    0.997574   0.000202   0.000000   0.999798   3.999191 
   0.0000000000   -165.000    190.000   0.002539    0.997230   0.000231   0.000000   0.999769   3.999077 
   0.0000000000   -164.000    190.000   0.002894    0.996843   0.000263   0.000000   0.999737   3.998948 
   0.0000000000   -163.000    190.000   0.003292    0.996408   0.000299   0.000000   0.999701   3.998803 
   0.0000000000   -162.000    190.000   0.003740    0.995921   0.000340   0.000000   0.999660   3.998640 
   0.0000000000   -161.000    190.000   0.004240    0.995374   0.000385   0.000000   0.999615   3.998458 
   0.0000000000   -160.000    190.000   0.004800    0.994763   0.000436   0.000000   0.999564   3.998254 
   0.0000000000   -159.000    190.000   0.005426    0.994081   0.000493   0.000000   0.999507   3.998027 
   0.0000000000   -158.000    190.000   0.006125    0.993319   0.000557   0.000000   0.999443   3.997773 
   0.0000000000   -157.000    190.000   0.006903    0.992469   0.000628   0.000000   0.999372   3.997490 
   0.0000000000   -156.000    190.000   0.007770    0.991524   0.000706   0.000000   0.999294   3.997175 
   0.0000000000   -155.000    190.000   0.008734    0.990472   0.000794   0.000000   0.999206   3.996824 
   0.0000000000   -154.000    190.000   0.009806    0.989303   0.000891   0.000000   0.999109   3.996434 
   0.0000000000   -153.000    190.000   0.010995    0.988005   0.001000   0.000000   0.999000   3.996002 
   0.0000000000   -152.000    190.000   0.012316    0.986565   0.001120   0.000000   0.998880   3.995522 
   0.0000000000   -151.000    190.000   0.013780    0.984967   0.001253   0.000000   0.998747   3.994989 
   0.0000000000   -150.000    190.000   0.015402    0.983197   0.001400   0.000000   0.998600   3.994399 
   0.0000000000   -149.000    190.000   0.017199    0.981237   0.001564   0.000000   0.998436   3.993746 
   0.0000000000   -148.000    190.000   0.019189    0.979067   0.001744   0.000000   0.998256   3.993022 
   0.0000000000   -147.000    190.000   0.021390    0.976665   0.001945   0.000000   0.998055   3.992222 
   0.0000000000   -146.000    190.000   0.023828    0.974006   0.002166   0.000000   0.997834   3.991335 
   0.0000000000   -145.000    190.000   0.026523    0.971066   0.002411   0.000000   0.997589   3.990355 
   0.0000000000   -144.000    190.000   0.029505    0.967812   0.002682   0.000000   0.997318   3.989271 
   0.0000000000   -143.000    190.000   0.032806    0.964212   0.002982   0.000000   0.997018   3.988071 
   0.0000000000   -142.000    190.000   0.036458    0.960227   0.003314   0.000000   0.996686   3.986742 
   0.0000000000   -141.000    190.000   0.040503    0.955815   0.003682   0.000000   0.996318   3.985271 
   0.0000000000   -140.000    190.000   0.044986    0.950925   0.004090   0.000000   0.995910   3.983642 
   0.0000000000   -139.000    190.000   0.049962    0.945496   0.004542   0.000000   0.995458   3.981832 
   0.0000000000   -138.000    190.000   0.055485    0.939471   0.005044   0.000000   0.994956   3.979824 
   0.0000000000   -137.000    190.000   0.061627    0.932770   0.005602   0.000000   0.994398   3.977590 
   0.0000000000   -136.000    190.000   0.068472    0.925304   0.006225   0.000000   0.993775   3.975101 
   0.0000000000   -135.000    190.000   0.076125    0.916955   0.006920   0.000000   0.993080   3.972318 
   0.0000000000   -134.000    190.000   0.084693    0.907608   0.007699   0.000000   0.992301   3.969203 
   0.0000000000   -133.000    190.000   0.094337    0.897087   0.008576   0.000000   0.991424   3.965696 
   0.0000000000   -132.000    190.000   0.105228    0.885206   0.009566   0.000000   0.990434   3.961735 
   0.0000000000   -131.000    190.000   0.117622    0.871685   0.010693   0.000000   0.989307   3.957228 
   0.0000000000   -130.000    190.000   0.131831    0.856184   0.011984   0.000000   0.988015   3.952061 
   0.0000000000   -129.000    190.000   0.148300    0.838218   0.013482   0.000000   0.986518   3.946072 
   0.0000000000   -128.000    190.000   0.167682    0.817074   0.015243   0.000000   0.984756   3.939024 
   0.0000000000   -127.000    190.000   0.191041    0.791591   0.017367   0.000001   0.982633   3.930530 
   0.0000000000   -126.000    190.000   0.220264    0.759712   0.020023   0.000001   0.979976   3.919904 
   0.0000000000   -125.000    190.000   0.259564    0.716839   0.023596   0.000001   0.976403   3.905612 
   0.0000000000   -124.000    190.000   0.324980    0.645477   0.029542   0.000001   0.970456   3.881825 
   0.0000000000   -123.000    190.000   0.807920    0.118632   0.073434   0.000014   0.926552   3.706210 
   0.0000000000   -122.000    190.000   0.816070    0.109742   0.074173   0.000015   0.925812   3.703246 
   0.0000000000   -121.000    190.000   0.822824    0.102373   0.074786   0.000016   0.925197   3.700790 
   0.0000000000   -120.000    190.000   0.828556    0.096120   0.075306   0.000017   0.924676   3.698705 
   0.0000000000   -119.000    190.000   0.833555    0.090667   0.075760   0.000018   0.924222   3.696887 
   0.0000000000   -118.000    190.000   0.837977    0.085842   0.076161   0.000020   0.923820   3.695279 
   0.0000000000   -117.000    190.000   0.841929    0.081532   0.076519   0.000021   0.923460   3.693842 
   0.0000000000   -116.000    190.000   0.845509    0.077625   0.076843   0.000022   0.923135   3.692540 
   0.0000000000   -115.000    190.000   0.848769    0.074070   0.077139   0.000023   0.922839   3.691354 
   0.0000000000   -114.000    190.000   0.851757    0.070810   0.077409   0.000024   0.922567   3.690267 
   0.0000000000   -113.000    190.000   0.854513    0.067803   0.077659   0.000025   0.922316   3.689265 
   0.0000000000   -112.000    190.000   0.857067    0.065017   0.077890   0.000026   0.922084   3.688336 
   0.0000000000   -111.000    190.000   0.859444    0.062424   0.078105   0.000027   0.921868   3.687471 
   0.0000000000   -110.000    190.000   0.861673    0.059992   0.078306   0.000029   0.921665   3.686660 
   0.0000000000   -109.000    190.000   0.863754    0.057722   0.078495   0.000030   0.921476   3.685903 
   0.0000000000   -108.000    190.000   0.865717    0.055580   0.078672   0.000031   0.921297   3.685188 
   0.0000000000   -107.000    190.000   0.867561    0.053569   0.078838   0.000032   0.921129   3.684517 
   0.0000000000   -106.000    190.000   0.869309    0.051661   0.078996   0.000033   0.920970   3.683881 
   0.0000000000   -105.000    190.000   0.870963    0.049857   0.079146   0.000035   0.920820   3.683279 
   0.0000000000   -104.000    190.000   0.872527    0.048150   0.079287   0.000036   0.920677   3.682709 
   0.0000000000   -103.000    190.000   0.874018    0.046524   0.079421   0.000037   0.920542   3.682166 
   0.0000000000   -102.000    190.000   0.875436    0.044976   0.079549   0.000039   0.920412   3.681650 
   0.0000000000   -101.000    190.000   0.876787    0.043502   0.079670   0.000040   0.920289   3.681157 
   0.0000000000   -100.000    190.000   0.878073    0.042099   0.079786   0.000042   0.920172   3.680689 
   0.0000000000    -99.000    190.000   0.879305    0.040754   0.079897   0.000043   0.920060   3.680239 
   0.0000000000    -98.000    190.000   0.880484    0.039469   0.080003   0.000044   0.919952   3.679810 
   0.0000000000    -97.000    190.000   0.881611    0.038238   0.080104   0.000046   0.919850   3.679398 
   0.0000000000    -96.000    190.000   0.882689    0.037062   0.080201   0.000047   0.919751   3.679005 
   0.0000000000    -95.000    190.000   0.883727    0.035930   0.080295   0.000049   0.919656   3.678626 
   0.0000000000    -94.000    190.000   0.884722    0.034843   0.080384   0.000051   0.919566   3.678262 
   0.0000000000    -93.000    190.000   0.885679    0.033800   0.080470   0.000052   0.919478   3.677913 
   0.0000000000    -92.000    190.000   0.886598    0.032796   0.080552   0.000054   0.919394   3.677576 
   0.0000000000    -91.000    190.000   0.887482    0.031831   0.080631   0.000055   0.919313   3.677253 
   0.0000000000    -90.000    190.000   0.888331    0.030904   0.080708   0.000057   0.919235   3.676942 
   0.0000000000    -89.000    190.000   0.889152    0.030009   0.080781   0.000059   0.919160   3.676641 
   0.0000000000    -88.000    190.000   0.889942    0.029146   0.080852   0.000061   0.919088   3.676351 
   0.0000000000    -87.000    190.000   0.890704    0.028313   0.080920   0.000062   0.919018   3.676071 
   0.0000000000    -86.000    190.000   0.891439    0.027511   0.080986   0.000064   0.918950   3.675800 
   0.0000000000    -85.000    190.000   0.892149    0.026736   0.081049   0.000066   0.918885   3.675539 
   0.0000000000    -84.000    190.000   0.892834    0.025988   0.081111   0.000068   0.918822   3.675287 
   0.0000000000    -83.000    190.000   0.893496    0.025265   0.081170   0.000070   0.918761   3.675042 
   0.0000000000    -82.000    190.000   0.894135    0.024567   0.081227   0.000071   0.918701   3.674806 
   0.0000000000    -81.000    190.000   0.894753    0.023891   0.081282   0.000073   0.918644   3.674577 
   0.0000000000    -80.000    190.000   0.895349    0.023240   0.081336   0.000075   0.918589   3.674356 
   0.0000000000    -79.000    190.000   0.895927    0.022608   0.081388   0.000077   0.918535   3.674141 
   0.0000000000    -78.000    190.000   0.896487    0.021996   0.081438   0.000079   0.918483   3.673932 
   0.0000000000    -77.000    190.000   0.897028    0.021404   0.081486   0.000081   0.918432   3.673730 
   0.0000000000    -76.000    190.000   0.897552    0.020831   0.081533   0.000083   0.918383   3.673533 
   0.0000000000    -75.000    190.000   0.898060    0.020276   0.081579   0.000086   0.918336   3.673343 
   0.0000000000    -74.000    190.000   0.898551    0.019738   0.081623   0.000088   0.918289   3.673158 
   0.0000000000    -73.000    190.000   0.899027    0.019217   0.081666   0.000090   0.918244   3.672978 
   0.0000000000    -72.000    190.000   0.899489    0.018712   0.081707   0.000092   0.918201   3.672803 
   0.0000000000    -71.000    190.000   0.899936    0.018222   0.081748   0.000094   0.918158   3.672632 
   0.0000000000    -70.000    190.000   0.900369    0.017748   0.081787   0.000097   0.918117   3.672466 
   0.0000000000    -69.000    190.000   0.900789    0.017287   0.081825   0.000099   0.918076   3.672305 
   0.0000000000    -68.000    190.000   0.901196    0.016840   0.081862   0.000101   0.918037   3.672148 
   0.0000000000    -67.000    190.000   0.901592    0.016407   0.081898   0.000103   0.917999   3.671994 
   0.0000000000    -66.000    190.000   0.901975    0.015986   0.081933   0.000106   0.917961   3.671845 
   0.0000000000    -65.000    190.000   0.902346    0.015578   0.081967   0.000108   0.917925   3.671699 
   0.0000000000    -64.000    190.000   0.902706    0.015183   0.082000   0.000111   0.917889   3.671556 
   0.0000000000    -63.000    190.000   0.903056    0.014798   0.082033   0.000113   0.917854   3.671417 
   0.0000000000    -62.000    190.000   0.903396    0.014424   0.082064   0.000116   0.917820   3.671281 
   0.0000000000    -61.000    190.000   0.903726    0.014061   0.082095   0.000118   0.917787   3.671148 
   0.0000000000    -60.000    190.000   0.904046    0.013709   0.082125   0.000121   0.917754   3.671017 
   0.0000000000    -59.000    190.000   0.904356    0.013366   0.082154   0.000123   0.917722   3.670890 
   0.0000000000    -58.000    190.000   0.904657    0.013034   0.082183   0.000126   0.917691   3.670765 
   0.0000000000    -57.000    190.000   0.904950    0.012710   0.082211   0.000129   0.917660   3.670642 
   0.0000000000    -56.000    190.000   0.905234    0.012396   0.082238   0.000131   0.917630   3.670521 
   0.0000000000    -55.000    190.000   0.905510    0.012091   0.082265   0.000134   0.917601   3.670403 
   0.0000000000    -54.000    190.000   0.905778    0.011794   0.082291   0.000137   0.917572   3.670287 
   0.0000000000    -53.000    190.000   0.906038    0.011505   0.082317   0.000140   0.917543   3.670172 
   0.0000000000    -52.000    190.000   0.906290    0.011225   0.082342   0.000143   0.917515   3.670060 
   0.0000000000    -51.000    190.000   0.906535    0.010952   0.082367   0.000145   0.917487   3.669949 
   0.0000000000    -50.000    190.000   0.906773    0.010687   0.082392   0.000148   0.917460   3.669840 
   0.0000000000    -49.000    190.000   0.907004    0.010429   0.082416   0.000151   0.917433   3.669732 
   0.0000000000    -48.000    190.000   0.907229    0.010178   0.082439   0.000154   0.917406   3.669625 
   0.0000000000    -47.000    190.000   0.907446    0.009934   0.082463   0.000157   0.917380   3.669520 
   0.0000000000    -46.000    190.000   0.907658    0.009696   0.082486   0.000160   0.917354   3.669415 
   0.0000000000    -45.000    190.000   0.907863    0.009465   0.082509   0.000163   0.917328   3.669312 
   0.0000000000    -44.000    190.000   0.908063    0.009240   0.082531   0.000166   0.917302   3.669210 
   0.0000000000    -43.000    190.000   0.908256    0.009021   0.082553   0.000170   0.917277   3.669108 
   0.0000000000    -42.000    190.000   0.908444    0.008808   0.082575   0.000173   0.917252   3.669008 
   0.0000000000    -41.000    190.000   0.908626    0.008601   0.082597   0.000176   0.917227   3.668907 
   0.0000000000    -40.000    190.000   0.908803    0.008399   0.082619   0.000179   0.917202   3.668808 
   0.0000000000    -39.000    190.000   0.908975    0.008202   0.082640   0.000183   0.917177   3.668708 
   0.0000000000    -38.000    190.000   0.909141    0.008011   0.082662   0.000186   0.917152   3.668609 
   0.0000000000    -37.000    190.000   0.909303    0.007825   0.082683   0.000189   0.917128   3.668511 
   0.0000000000    -36.000    190.000   0.909460    0.007643   0.082704   0.000193   0.917103   3.668412 
   0.0000000000    -35.000    190.000   0.909611    0.007467   0.082726   0.000196   0.917078   3.668313 
   0.0000000000    -34.000    190.000   0.909759    0.007295   0.082747   0.000199   0.917054   3.668215 
   0.0000000000    -33.000    190.000   0.909901    0.007128   0.082768   0.000203   0.917029   3.668116 
   0.0000000000    -32.000    190.000   0.910040    0.006964   0.082789   0.000206   0.917004   3.668017 
   0.0000000000    -31.000    190.000   0.910174    0.006805   0.082811   0.000210   0.916979   3.667917 
   0.0000000000    -30.000    190.000   0.910304    0.006650   0.082832   0.000214   0.916954   3.667817 
   0.0000000000    -29.000    190.000   0.910430    0.006500   0.082853   0.000217   0.916929   3.667717 
   0.0000000000    -28.000    190.000   0.910551    0.006353   0.082875   0.000221   0.916904   3.667616 
   0.0000000000    -27.000    190.000   0.910669    0.006209   0.082897   0.000225   0.916879   3.667514 
   0.0000000000    -26.000    190.000   0.910783    0.006070   0.082919   0.000228   0.916853   3.667412 
   0.0000000000    -25.000    190.000   0.910893    0.005934   0.082941   0.000232   0.916827   3.667308 
   0.0000000000    -24.000    190.000   0.911000    0.005801   0.082963   0.000236   0.916801   3.667204 
   0.0000000000    -23.000    190.000   0.911103    0.005672   0.082986   0.000240   0.916775   3.667098 
   0.0000000000    -22.000    190.000   0.911202    0.005546   0.083008   0.000244   0.916748   3.666992 
   0.0000000000    -21.000    190.000   0.911298    0.005423   0.083031   0.000248   0.916721   3.666884 
   0.0000000000    -20.000    190.000   0.911390    0.005303   0.083055   0.000252   0.916694   3.666774 
   0.0000000000    -19.000    190.000   0.911479    0.005187   0.083078   0.000256   0.916666   3.666664 
   0.0000000000    -18.000    190.000   0.911565    0.005073   0.083103   0.000260   0.916638   3.666551 
   0.0000000000    -17.000    190.000   0.911648    0.004962   0.083127   0.000264   0.916609   3.666438 
   0.0000000000    -16.000    190.000   0.911727    0.004854   0.083152   0.000268   0.916580   3.666322 
   0.0000000000    -15.000    190.000   0.911803    0.004748   0.083177   0.000272   0.916551   3.666205 
   0.0000000000    -14.000    190.000   0.911876    0.004645   0.083203   0.000276   0.916521   3.666085 
   0.0000000000    -13.000    190.000   0.911946    0.004545   0.083229   0.000280   0.916491   3.665964 
   0.0000000000    -12.000    190.000   0.912014    0.004447   0.083255   0.000285   0.916460   3.665841 
   0.0000000000    -11.000    190.000   0.912078    0.004351   0.083282   0.000289   0.916429   3.665715 
   0.0000000000    -10.000    190.000   0.912139    0.004258   0.083310   0.000293   0.916397   3.665587 
   0.0000000000     -9.000    190.000   0.912198    0.004167   0.083338   0.000298   0.916364   3.665457 
   0.0000000000     -8.000    190.000   0.912253    0.004078   0.083367   0.000302   0.916331   3.665325 
   0.0000000000     -7.000    190.000   0.912306    0.003991   0.083396   0.000307   0.916297   3.665190 
   0.0000000000     -6.000    190.000   0.912356    0.003907   0.083426   0.000311   0.916263   3.665052 
   0.0000000000     -5.000    190.000   0.912403    0.003824   0.083457   0.000316   0.916228   3.664911 
   0.0000000000     -4.000    190.000   0.912448    0.003744   0.083488   0.000320   0.916192   3.664768 
   0.0000000000     -3.000    190.000   0.912490    0.003665   0.083520   0.000325   0.916155   3.664622 
   0.0000000000     -2.000    190.000   0.912530    0.003589   0.083552   0.000329   0.916118   3.664473 
   0.0000000000     -1.000    190.000   0.912566    0.003514   0.083586   0.000334   0.916080   3.664320 
   0.0000000000      0.000    190.000   0.912601    0.003441   0.083620   0.000339   0.916041   3.664165 
   0.0000000000      1.000    190.000   0.912632    0.003369   0.083655   0.000344   0.916001   3.664006 
   0.0000000000      2.000    190.000   0.912661    0.003300   0.083691   0.000348   0.915961   3.663843 
   0.0000000000      3.000    190.000   0.912688    0.003232   0.083727   0.000353   0.915919   3.663678 
   0.0000000000      4.000    190.000   0.912712    0.003165   0.083765   0.000358   0.915877   3.663508 
   0.0000000000      5.000    190.000   0.912734    0.003100   0.083803   0.000363   0.915834   3.663335 
   0.0000000000      6.000    190.000   0.912753    0.003037   0.083842   0.000368   0.915790   3.663158 
   0.0000000000      7.000    190.000   0.912770    0.002975   0.083883   0.000373   0.915744   3.662978 
   0.0000000000      8.000    190.000   0.912784    0.002914   0.083924   0.000378   0.915698   3.662793 
   0.0000000000      9.000    190.000   0.912796    0.002855   0.083966   0.000383   0.915651   3.662604 
   0.0000000000     10.000    190.000   0.912805    0.002798   0.084009   0.000388   0.915603   3.662411 
   0.0000000000     11.000    190.000   0.912812    0.002741   0.084053   0.000394   0.915553   3.662213 
   0.0000000000     12.000    190.000   0.912817    0.002686   0.084098   0.000399   0.915503   3.662011 
   0.0000000000     13.000    190.000   0.912819    0.002632   0.084145   0.000404   0.915451   3.661805 
   0.0000000000     14.000    190.000   0.912819    0.002580   0.084192   0.000409   0.915399   3.661594 
   0.0000000000     15.000    190.000   0.912816    0.002528   0.084241   0.000415   0.915345   3.661378 
   0.0000000000     16.000    190.000   0.912812    0.002478   0.084290   0.000420   0.915289   3.661158 
   0.0000000000     17.000    190.000   0.912804    0.002429   0.084341   0.000426   0.915233   3.660932 
   0.0000000000     18.000    190.000   0.912795    0.002381   0.084393   0.000431   0.915175   3.660702 
   0.0000000000     19.000    190.000   0.912783    0.002334   0.084447   0.000437   0.915117   3.660466 
   0.0000000000     20.000    190.000   0.912768    0.002288   0.084501   0.000442   0.915056   3.660225 
   0.0000000000     21.000    190.000   0.912752    0.002243   0.084557   0.000448   0.914995   3.659979 
   0.0000000000     22.000    190.000   0.912732    0.002199   0.084615   0.000454   0.914932   3.659727 
   0.0000000000     23.000    190.000   0.912711    0.002156   0.084673   0.000459   0.914867   3.659470 
   0.0000000000     24.000    190.000   0.912687    0.002115   0.084733   0.000465   0.914802   3.659207 
   0.0000000000     25.000    190.000   0.912661    0.002073   0.084795   0.000471   0.914734   3.658938 
   0.0000000000     26.000    190.000   0.912632    0.002033   0.084858   0.000477   0.914666   3.658663 
   0.0000000000     27.000    190.000   0.912601    0.001994   0.084922   0.000483   0.914596   3.658382 
   0.0000000000     28.000    190.000   0.912568    0.001956   0.084988   0.000489   0.914524   3.658095 
   0.0000000000     29.000    190.000   0.912532    0.001918   0.085055   0.000494   0.914450   3.657802 
   0.0000000000     30.000    190.000   0.912494    0.001882   0.085124   0.000501   0.914375   3.657502 
   0.0000000000     31.000    190.000   0.912453    0.001846   0.085194   0.000507   0.914299   3.657196 
   0.0000000000     32.000    190.000   0.912410    0.001811   0.085267   0.000513   0.914221   3.656883 
   0.0000000000     33.000    190.000   0.912365    0.001776   0.085340   0.000519   0.914141   3.656563 
   0.0000000000     34.000    190.000   0.912317    0.001742   0.085416   0.000525   0.914059   3.656236 
   0.0000000000     35.000    190.000   0.912266    0.001710   0.085493   0.000532   0.913976   3.655903 
   0.0000000000     36.000    190.000   0.912213    0.001677   0.085572   0.000538   0.913891   3.655562 
   0.0000000000     37.000    190.000   0.912158    0.001646   0.085652   0.000544   0.913804   3.655214 
   0.0000000000     38.000    190.000   0.912100    0.001615   0.085735   0.000551   0.913715   3.654859 
   0.0000000000     39.000    190.000   0.912039    0.001585   0.085819   0.000557   0.913624   3.654497 
   0.0000000000     40.000    190.000   0.911976    0.001555   0.085905   0.000564   0.913532   3.654126 
   0.0000000000     41.000    190.000   0.911911    0.001526   0.085993   0.000570   0.913437   3.653748 
   0.0000000000     42.000    190.000   0.911843    0.001498   0.086082   0.000577   0.913341   3.653362 
   0.0000000000     43.000    190.000   0.911772    0.001470   0.086174   0.000584   0.913242   3.652968 
   0.0000000000     44.000    190.000   0.911699    0.001443   0.086268   0.000590   0.913142   3.652566 
   0.0000000000     45.000    190.000   0.911623    0.001416   0.086364   0.000597   0.913039   3.652156 
   0.0000000000     46.000    190.000   0.911544    0.001390   0.086461   0.000604   0.912934   3.651737 
   0.0000000000     47.000    190.000   0.911463    0.001365   0.086561   0.000611   0.912828   3.651310 
   0.0000000000     48.000    190.000   0.911379    0.001340   0.086663   0.000618   0.912719   3.650875 
   0.0000000000     49.000    190.000   0.911292    0.001315   0.086767   0.000625   0.912608   3.650430 
   0.0000000000     50.000    190.000   0.911203    0.001291   0.086874   0.000632   0.912494   3.649977 
   0.0000000000     51.000    190.000   0.911111    0.001268   0.086982   0.000639   0.912379   3.649514 
   0.0000000000     52.000    190.000   0.911016    0.001245   0.087093   0.000647   0.912261   3.649042 
   0.0000000000     53.000    190.000   0.910918    0.001222   0.087206   0.000654   0.912140   3.648561 
   0.0000000000     54.000    190.000   0.910818    0.001200   0.087321   0.000661   0.912018   3.648071 
   0.0000000000     55.000    190.000   0.910714    0.001179   0.087439   0.000669   0.911893   3.647571 
   0.0000000000     56.000    190.000   0.910608    0.001157   0.087559   0.000676   0.911765   3.647061 
   0.0000000000     57.000    190.000   0.910499    0.001137   0.087681   0.000684   0.911635   3.646542 
   0.0000000000     58.000    190.000   0.910387    0.001116   0.087806   0.000691   0.911503   3.646012 
   0.0000000000     59.000    190.000   0.910272    0.001096   0.087933   0.000699   0.911368   3.645472 
   0.0000000000     60.000    190.000   0.910154    0.001077   0.088063   0.000707   0.911231   3.644922 
   0.0000000000     61.000    190.000   0.910033    0.001057   0.088195   0.000714   0.911090   3.644362 
   0.0000000000     62.000    190.000   0.909909    0.001039   0.088330   0.000722   0.910948   3.643790 
   0.0000000000     63.000    190.000   0.909782    0.001020   0.088468   0.000730   0.910802   3.643209 
   0.0000000000     64.000    190.000   0.909652    0.001002   0.088608   0.000738   0.910654   3.642616 
   0.0000000000     65.000    190.000   0.909519    0.000984   0.088751   0.000746   0.910503   3.642012 
   0.0000000000     66.000    190.000   0.909382    0.000967   0.088897   0.000754   0.910349   3.641397 
   0.0000000000     67.000    190.000   0.909243    0.000950   0.089045   0.000762   0.910193   3.640771 
   0.0000000000     68.000    190.000   0.909100    0.000933   0.089196   0.000771   0.910033   3.640133 
   0.0000000000     69.000    190.000   0.908954    0.000917   0.089350   0.000779   0.909871   3.639484 
   0.0000000000     70.000    190.000   0.908805    0.000901   0.089507   0.000787   0.909706   3.638822 
   0.0000000000     71.000    190.000   0.908652    0.000885   0.089667   0.000796   0.909537   3.638149 
   0.0000000000     72.000    190.000   0.908496    0.000870   0.089830   0.000804   0.909366   3.637464 
   0.0000000000     73.000    190.000   0.908337    0.000854   0.089996   0.000813   0.909192   3.636766 
   0.0000000000     74.000    190.000   0.908175    0.000840   0.090164   0.000822   0.909014   3.636056 
   0.0000000000     75.000    190.000   0.908008    0.000825   0.090336   0.000830   0.908833   3.635334 
   0.0000000000     76.000    190.000   0.907839    0.000811   0.090511   0.000839   0.908650   3.634599 
   0.0000000000     77.000    190.000   0.907666    0.000797   0.090689   0.000848   0.908463   3.633850 
   0.0000000000     78.000    190.000   0.907489    0.000783   0.090871   0.000857   0.908272   3.633089 
   0.0000000000     79.000    190.000   0.907309    0.000769   0.091055   0.000866   0.908079   3.632314 
   0.0000000000     80.000    190.000   0.907126    0.000756   0.091243   0.000875   0.907882   3.631527 
   0.0000000000     81.000    190.000   0.906938    0.000743   0.091434   0.000884   0.907681   3.630725 
   0.0000000000     82.000    190.000   0.906747    0.000730   0.091629   0.000894   0.907477   3.629910 
   0.0000000000     83.000    190.000   0.906552    0.000718   0.091827   0.000903   0.907270   3.629080 
   0.0000000000     84.000    190.000   0.906354    0.000705   0.092028   0.000913   0.907059   3.628237 
   0.0000000000     85.000    190.000   0.906152    0.000693   0.092233   0.000922   0.906845   3.627380 
   0.0000000000     86.000    190.000   0.905945    0.000681   0.092441   0.000932   0.906627   3.626508 
   0.0000000000     87.000    190.000   0.905735    0.000670   0.092653   0.000942   0.906405   3.625621 
   0.0000000000     88.000    190.000   0.905522    0.000658   0.092869   0.000951   0.906180   3.624720 
   0.0000000000     89.000    190.000   0.905304    0.000647   0.093088   0.000961   0.905951   3.623803 
   0.0000000000     90.000    190.000   0.905082    0.000636   0.093311   0.000971   0.905718   3.622872 
   0.0000000000     91.000    190.000   0.904856    0.000625   0.093537   0.000981   0.905481   3.621925 
   0.0000000000     92.000    190.000   0.904626    0.000615   0.093768   0.000992   0.905241   3.620962 
   0.0000000000     93.000    190.000   0.904392    0.000604   0.094002   0.001002   0.904996   3.619984 
   0.0000000000     94.000    190.000   0.904154    0.000594   0.094240   0.001012   0.904748   3.618990 
   0.0000000000     95.000    190.000   0.903911    0.000584   0.094482   0.001023   0.904495   3.617980 
   0.0000000000     96.000    190.000   0.903665    0.000574   0.094728   0.001033   0.904238   3.616954 
   0.0000000000     97.000    190.000   0.903414    0.000564   0.094978   0.001044   0.903978   3.615911 
   0.0000000000     98.000    190.000   0.903158    0.000555   0.095232   0.001055   0.903713   3.614852 
   0.0000000000     99.000    190.000   0.902899    0.000545   0.095490   0.001066   0.903444   3.613776 
   0.0000000000    100.000    190.000   0.902634    0.000536   0.095753   0.001077   0.903171   3.612682 
   0.0000000000    101.000    190.000   0.902366    0.000527   0.096019   0.001088   0.902893   3.611572 
   0.0000000000    102.000    190.000   0.902093    0.000518   0.096290   0.001099   0.902611   3.610444 
   0.0000000000    103.000    190.000   0.901815    0.000509   0.096565   0.001110   0.902325   3.609298 
   0.0000000000    104.000    190.000   0.901533    0.000501   0.096844   0.001122   0.902034   3.608135 
   0.0000000000    105.000    190.000   0.901246    0.000492   0.097128   0.001133   0.901738   3.606954 
   0.0000000000    106.000    190.000   0.900954    0.000484   0.097417   0.001145   0.901439   3.605754 
   0.0000000000    107.000    190.000   0.900658    0.000476   0.097709   0.001157   0.901134   3.604536 
   0.0000000000    108.000    190.000   0.900357    0.000468   0.098007   0.001168   0.900825   3.603300 
   0.0000000000    109.000    190.000   0.900051    0.000460   0.098309   0.001180   0.900511   3.602044 
   0.0000000000    110.000    190.000   0.899740    0.000452   0.098615   0.001193   0.900192   3.600770 
   0.0000000000    111.000    190.000   0.899424    0.000445   0.098926   0.001205   0.899869   3.599476 
   0.0000000000    112.000    190.000   0.899103    0.000437   0.099242   0.001217   0.899541   3.598163 
   0.0000000000    113.000    190.000   0.898777    0.000430   0.099563   0.001230   0.899207   3.596830 
   0.0000000000    114.000    190.000   0.898446    0.000423   0.099889   0.001242   0.898869   3.595477 
   0.0000000000    115.000    190.000   0.898110    0.000416   0.100219   0.001255   0.898526   3.594104 
   0.0000000000    116.000    190.000   0.897769    0.000409   0.100555   0.001268   0.898178   3.592711 
   0.0000000000    117.000    190.000   0.897422    0.000402   0.100895   0.001281   0.897824   3.591297 
   0.0000000000    118.000    190.000   0.897070    0.000395   0.101241   0.001294   0.897466   3.589862 
   0.0000000000    119.000    190.000   0.896713    0.000388   0.101592   0.001307   0.897102   3.588407 
   0.0000000000    120.000    190.000   0.896351    0.000382   0.101947   0.001320   0.896732   3.586930 
   0.0000000000    121.000    190.000   0.895982    0.000375   0.102309   0.001334   0.896358   3.585431 
   0.0000000000    122.000    190.000   0.895609    0.000369   0.102675   0.001347   0.895978   3.583911 
   0.0000000000    123.000    190.000   0.895229    0.000363   0.103047   0.001361   0.895592   3.582370 
   0.0000000000    124.000    190.000   0.894845    0.000357   0.103424   0.001375   0.895201   3.580806 
   0.0000000000    125.000    190.000   0.894454    0.000351   0.103806   0.001389   0.894805   3.579219 
   0.0000000000    126.000    190.000   0.894058    0.000345   0.104194   0.001403   0.894403   3.577610 
