#solute size.    Temp(C) Press(Mpa)        fHB          fS        fLJ         fO        xHB        nHB 
   0.0000000000   -173.000     80.000   0.000002    0.999998   0.000000   0.000000   1.000000   3.999999 
   0.0000000000   -172.000     80.000   0.000002    0.999998   0.000000   0.000000   1.000000   3.999999 
   0.0000000000   -171.000     80.000   0.000002    0.999997   0.000000   0.000000   1.000000   3.999999 
   0.0000000000   -170.000     80.000   0.000003    0.999997   0.000000   0.000000   1.000000   3.999999 
   0.0000000000   -169.000     80.000   0.000004    0.999996   0.000000   0.000000   1.000000   3.999999 
   0.0000000000   -168.000     80.000   0.000004    0.999995   0.000000   0.000000   1.000000   3.999998 
   0.0000000000   -167.000     80.000   0.000005    0.999994   0.000000   0.000000   1.000000   3.999998 
   0.0000000000   -166.000     80.000   0.000007    0.999993   0.000001   0.000000   0.999999   3.999998 
   0.0000000000   -165.000     80.000   0.000008    0.999991   0.000001   0.000000   0.999999   3.999997 
   0.0000000000   -164.000     80.000   0.000010    0.999989   0.000001   0.000000   0.999999   3.999996 
   0.0000000000   -163.000     80.000   0.000012    0.999987   0.000001   0.000000   0.999999   3.999996 
   0.0000000000   -162.000     80.000   0.000014    0.999984   0.000001   0.000000   0.999999   3.999995 
   0.0000000000   -161.000     80.000   0.000017    0.999981   0.000002   0.000000   0.999998   3.999994 
   0.0000000000   -160.000     80.000   0.000021    0.999977   0.000002   0.000000   0.999998   3.999992 
   0.0000000000   -159.000     80.000   0.000025    0.999973   0.000002   0.000000   0.999998   3.999991 
   0.0000000000   -158.000     80.000   0.000030    0.999967   0.000003   0.000000   0.999997   3.999989 
   0.0000000000   -157.000     80.000   0.000036    0.999961   0.000003   0.000000   0.999997   3.999987 
   0.0000000000   -156.000     80.000   0.000043    0.999953   0.000004   0.000000   0.999996   3.999984 
   0.0000000000   -155.000     80.000   0.000051    0.999945   0.000005   0.000000   0.999995   3.999982 
   0.0000000000   -154.000     80.000   0.000060    0.999935   0.000005   0.000000   0.999995   3.999978 
   0.0000000000   -153.000     80.000   0.000071    0.999923   0.000006   0.000000   0.999994   3.999974 
   0.0000000000   -152.000     80.000   0.000083    0.999909   0.000008   0.000000   0.999992   3.999970 
   0.0000000000   -151.000     80.000   0.000098    0.999893   0.000009   0.000000   0.999991   3.999964 
   0.0000000000   -150.000     80.000   0.000115    0.999875   0.000010   0.000000   0.999990   3.999958 
   0.0000000000   -149.000     80.000   0.000134    0.999854   0.000012   0.000000   0.999988   3.999951 
   0.0000000000   -148.000     80.000   0.000157    0.999829   0.000014   0.000000   0.999986   3.999943 
   0.0000000000   -147.000     80.000   0.000183    0.999801   0.000017   0.000000   0.999983   3.999934 
   0.0000000000   -146.000     80.000   0.000212    0.999769   0.000019   0.000000   0.999981   3.999923 
   0.0000000000   -145.000     80.000   0.000246    0.999731   0.000022   0.000000   0.999978   3.999910 
   0.0000000000   -144.000     80.000   0.000285    0.999689   0.000026   0.000000   0.999974   3.999896 
   0.0000000000   -143.000     80.000   0.000329    0.999641   0.000030   0.000000   0.999970   3.999880 
   0.0000000000   -142.000     80.000   0.000380    0.999585   0.000035   0.000000   0.999965   3.999862 
   0.0000000000   -141.000     80.000   0.000438    0.999523   0.000040   0.000000   0.999960   3.999841 
   0.0000000000   -140.000     80.000   0.000503    0.999451   0.000046   0.000000   0.999954   3.999817 
   0.0000000000   -139.000     80.000   0.000577    0.999371   0.000052   0.000000   0.999948   3.999790 
   0.0000000000   -138.000     80.000   0.000661    0.999279   0.000060   0.000000   0.999940   3.999760 
   0.0000000000   -137.000     80.000   0.000756    0.999176   0.000069   0.000000   0.999931   3.999725 
   0.0000000000   -136.000     80.000   0.000863    0.999059   0.000078   0.000000   0.999922   3.999686 
   0.0000000000   -135.000     80.000   0.000983    0.998928   0.000089   0.000000   0.999911   3.999643 
   0.0000000000   -134.000     80.000   0.001118    0.998780   0.000102   0.000000   0.999898   3.999593 
   0.0000000000   -133.000     80.000   0.001270    0.998614   0.000115   0.000000   0.999885   3.999538 
   0.0000000000   -132.000     80.000   0.001441    0.998428   0.000131   0.000000   0.999869   3.999476 
   0.0000000000   -131.000     80.000   0.001632    0.998220   0.000148   0.000000   0.999852   3.999406 
   0.0000000000   -130.000     80.000   0.001846    0.997986   0.000168   0.000000   0.999832   3.999329 
   0.0000000000   -129.000     80.000   0.002084    0.997726   0.000189   0.000000   0.999811   3.999242 
   0.0000000000   -128.000     80.000   0.002351    0.997436   0.000214   0.000000   0.999786   3.999145 
   0.0000000000   -127.000     80.000   0.002647    0.997112   0.000241   0.000000   0.999759   3.999037 
   0.0000000000   -126.000     80.000   0.002977    0.996753   0.000271   0.000000   0.999729   3.998918 
   0.0000000000   -125.000     80.000   0.003343    0.996353   0.000304   0.000000   0.999696   3.998784 
   0.0000000000   -124.000     80.000   0.003750    0.995909   0.000341   0.000000   0.999659   3.998636 
   0.0000000000   -123.000     80.000   0.004201    0.995417   0.000382   0.000000   0.999618   3.998472 
   0.0000000000   -122.000     80.000   0.004700    0.994873   0.000427   0.000000   0.999573   3.998291 
   0.0000000000   -121.000     80.000   0.005252    0.994271   0.000477   0.000000   0.999523   3.998090 
   0.0000000000   -120.000     80.000   0.005861    0.993606   0.000533   0.000000   0.999467   3.997869 
   0.0000000000   -119.000     80.000   0.006534    0.992872   0.000594   0.000000   0.999406   3.997624 
   0.0000000000   -118.000     80.000   0.007275    0.992063   0.000661   0.000000   0.999339   3.997354 
   0.0000000000   -117.000     80.000   0.008091    0.991173   0.000736   0.000000   0.999264   3.997058 
   0.0000000000   -116.000     80.000   0.008989    0.990193   0.000817   0.000000   0.999183   3.996731 
   0.0000000000   -115.000     80.000   0.009976    0.989117   0.000907   0.000000   0.999093   3.996372 
   0.0000000000   -114.000     80.000   0.011059    0.987936   0.001005   0.000000   0.998995   3.995978 
   0.0000000000   -113.000     80.000   0.012247    0.986640   0.001113   0.000000   0.998887   3.995546 
   0.0000000000   -112.000     80.000   0.013548    0.985220   0.001232   0.000000   0.998768   3.995073 
   0.0000000000   -111.000     80.000   0.014973    0.983666   0.001361   0.000000   0.998639   3.994555 
   0.0000000000   -110.000     80.000   0.016531    0.981966   0.001503   0.000000   0.998497   3.993988 
   0.0000000000   -109.000     80.000   0.018234    0.980109   0.001658   0.000000   0.998342   3.993369 
   0.0000000000   -108.000     80.000   0.020092    0.978081   0.001827   0.000000   0.998173   3.992693 
   0.0000000000   -107.000     80.000   0.022120    0.975869   0.002011   0.000000   0.997989   3.991956 
   0.0000000000   -106.000     80.000   0.024330    0.973458   0.002212   0.000000   0.997788   3.991152 
   0.0000000000   -105.000     80.000   0.026736    0.970833   0.002431   0.000000   0.997569   3.990276 
   0.0000000000   -104.000     80.000   0.029355    0.967976   0.002669   0.000000   0.997331   3.989324 
   0.0000000000   -103.000     80.000   0.032203    0.964869   0.002928   0.000000   0.997072   3.988288 
   0.0000000000   -102.000     80.000   0.035297    0.961494   0.003209   0.000000   0.996791   3.987163 
   0.0000000000   -101.000     80.000   0.038655    0.957830   0.003515   0.000000   0.996485   3.985941 
   0.0000000000   -100.000     80.000   0.042299    0.953855   0.003846   0.000000   0.996154   3.984616 
   0.0000000000    -99.000     80.000   0.046248    0.949546   0.004205   0.000000   0.995795   3.983179 
   0.0000000000    -98.000     80.000   0.050527    0.944879   0.004594   0.000000   0.995406   3.981623 
   0.0000000000    -97.000     80.000   0.055159    0.939826   0.005015   0.000000   0.994984   3.979938 
   0.0000000000    -96.000     80.000   0.060168    0.934361   0.005471   0.000000   0.994529   3.978115 
   0.0000000000    -95.000     80.000   0.065582    0.928454   0.005963   0.000000   0.994036   3.976146 
   0.0000000000    -94.000     80.000   0.071429    0.922075   0.006495   0.000000   0.993505   3.974018 
   0.0000000000    -93.000     80.000   0.077740    0.915190   0.007069   0.000000   0.992931   3.971722 
   0.0000000000    -92.000     80.000   0.084546    0.907766   0.007688   0.000000   0.992311   3.969246 
   0.0000000000    -91.000     80.000   0.091879    0.899765   0.008355   0.000000   0.991644   3.966577 
   0.0000000000    -90.000     80.000   0.099775    0.891151   0.009074   0.000000   0.990926   3.963704 
   0.0000000000    -89.000     80.000   0.108272    0.881881   0.009847   0.000000   0.990153   3.960612 
   0.0000000000    -88.000     80.000   0.117404    0.871919   0.010677   0.000000   0.989322   3.957289 
   0.0000000000    -87.000     80.000   0.127209    0.861221   0.011569   0.000000   0.988430   3.953720 
   0.0000000000    -86.000     80.000   0.137728    0.849745   0.012527   0.000000   0.987473   3.949892 
   0.0000000000    -85.000     80.000   0.149001    0.837447   0.013552   0.000001   0.986447   3.945789 
   0.0000000000    -84.000     80.000   0.161071    0.824278   0.014650   0.000001   0.985349   3.941395 
   0.0000000000    -83.000     80.000   0.173968    0.810207   0.015824   0.000001   0.984175   3.936700 
   0.0000000000    -82.000     80.000   0.187734    0.795188   0.017077   0.000001   0.982922   3.931689 
   0.0000000000    -81.000     80.000   0.202401    0.779186   0.018412   0.000001   0.981587   3.926349 
   0.0000000000    -80.000     80.000   0.218007    0.762160   0.019832   0.000001   0.980167   3.920667 
   0.0000000000    -79.000     80.000   0.234560    0.744100   0.021339   0.000001   0.978660   3.914640 
   0.0000000000    -78.000     80.000   0.252078    0.724988   0.022933   0.000001   0.977065   3.908261 
   0.0000000000    -77.000     80.000   0.270574    0.704808   0.024617   0.000002   0.975381   3.901526 
   0.0000000000    -76.000     80.000   0.290014    0.683597   0.026387   0.000002   0.973611   3.894445 
   0.0000000000    -75.000     80.000   0.310373    0.661384   0.028240   0.000002   0.971758   3.887030 
   0.0000000000    -74.000     80.000   0.331609    0.638215   0.030174   0.000002   0.969824   3.879295 
   0.0000000000    -73.000     80.000   0.353613    0.614207   0.032178   0.000003   0.967820   3.871279 
   0.0000000000    -72.000     80.000   0.376297    0.589456   0.034243   0.000003   0.965754   3.863014 
   0.0000000000    -71.000     80.000   0.399495    0.564145   0.036356   0.000004   0.963640   3.854561 
   0.0000000000    -70.000     80.000   0.423046    0.538449   0.038501   0.000004   0.961495   3.845979 
   0.0000000000    -69.000     80.000   0.446770    0.512563   0.040662   0.000005   0.959333   3.837332 
   0.0000000000    -68.000     80.000   0.470428    0.486750   0.042818   0.000005   0.957177   3.828708 
   0.0000000000    -67.000     80.000   0.493815    0.461230   0.044949   0.000006   0.955045   3.820182 
   0.0000000000    -66.000     80.000   0.516724    0.436233   0.047037   0.000006   0.952957   3.811828 
   0.0000000000    -65.000     80.000   0.538964    0.411964   0.049064   0.000007   0.950929   3.803715 
   0.0000000000    -64.000     80.000   0.560378    0.388597   0.051016   0.000008   0.948976   3.795903 
   0.0000000000    -63.000     80.000   0.580842    0.366267   0.052883   0.000009   0.947109   3.788435 
   0.0000000000    -62.000     80.000   0.600270    0.345066   0.054655   0.000010   0.945335   3.781342 
   0.0000000000    -61.000     80.000   0.618614    0.325047   0.056329   0.000010   0.943660   3.774642 
   0.0000000000    -60.000     80.000   0.635859    0.306226   0.057904   0.000011   0.942085   3.768340 
   0.0000000000    -59.000     80.000   0.652014    0.288594   0.059379   0.000012   0.940608   3.762433 
   0.0000000000    -58.000     80.000   0.667112    0.272115   0.060759   0.000013   0.939228   3.756910 
   0.0000000000    -57.000     80.000   0.681188    0.256752   0.062046   0.000014   0.937939   3.751757 
   0.0000000000    -56.000     80.000   0.694316    0.242421   0.063248   0.000015   0.936737   3.746948 
   0.0000000000    -55.000     80.000   0.706543    0.229073   0.064368   0.000016   0.935616   3.742464 
   0.0000000000    -54.000     80.000   0.717931    0.216640   0.065412   0.000017   0.934571   3.738284 
   0.0000000000    -53.000     80.000   0.728532    0.205065   0.066385   0.000018   0.933597   3.734388 
   0.0000000000    -52.000     80.000   0.738421    0.194266   0.067293   0.000019   0.932687   3.730750 
   0.0000000000    -51.000     80.000   0.747645    0.184193   0.068142   0.000020   0.931838   3.727352 
   0.0000000000    -50.000     80.000   0.756256    0.174788   0.068935   0.000021   0.931044   3.724175 
   0.0000000000    -49.000     80.000   0.764300    0.166000   0.069677   0.000023   0.930300   3.721202 
   0.0000000000    -48.000     80.000   0.771819    0.157785   0.070372   0.000024   0.929605   3.718418 
   0.0000000000    -47.000     80.000   0.778865    0.150086   0.071024   0.000025   0.928951   3.715804 
   0.0000000000    -46.000     80.000   0.785468    0.142869   0.071637   0.000026   0.928337   3.713349 
   0.0000000000    -45.000     80.000   0.791663    0.136097   0.072213   0.000027   0.927760   3.711040 
   0.0000000000    -44.000     80.000   0.797482    0.129735   0.072755   0.000028   0.927217   3.708866 
   0.0000000000    -43.000     80.000   0.802952    0.123752   0.073266   0.000029   0.926704   3.706816 
   0.0000000000    -42.000     80.000   0.808096    0.118125   0.073749   0.000031   0.926221   3.704883 
   0.0000000000    -41.000     80.000   0.812946    0.112817   0.074205   0.000032   0.925763   3.703053 
   0.0000000000    -40.000     80.000   0.817519    0.107812   0.074636   0.000033   0.925331   3.701322 
   0.0000000000    -39.000     80.000   0.821834    0.103086   0.075045   0.000034   0.924920   3.699682 
   0.0000000000    -38.000     80.000   0.825911    0.098621   0.075433   0.000035   0.924531   3.698126 
   0.0000000000    -37.000     80.000   0.829764    0.094398   0.075801   0.000037   0.924162   3.696648 
   0.0000000000    -36.000     80.000   0.833410    0.090401   0.076151   0.000038   0.923811   3.695243 
   0.0000000000    -35.000     80.000   0.836862    0.086615   0.076484   0.000039   0.923476   3.693905 
   0.0000000000    -34.000     80.000   0.840130    0.083027   0.076802   0.000041   0.923158   3.692631 
   0.0000000000    -33.000     80.000   0.843232    0.079622   0.077105   0.000042   0.922853   3.691414 
   0.0000000000    -32.000     80.000   0.846175    0.076388   0.077394   0.000043   0.922563   3.690251 
   0.0000000000    -31.000     80.000   0.848969    0.073316   0.077670   0.000045   0.922285   3.689140 
   0.0000000000    -30.000     80.000   0.851623    0.070396   0.077935   0.000046   0.922019   3.688075 
   0.0000000000    -29.000     80.000   0.854146    0.067618   0.078189   0.000047   0.921764   3.687055 
   0.0000000000    -28.000     80.000   0.856546    0.064973   0.078432   0.000049   0.921519   3.686076 
   0.0000000000    -27.000     80.000   0.858829    0.062455   0.078666   0.000050   0.921284   3.685135 
   0.0000000000    -26.000     80.000   0.861003    0.060055   0.078891   0.000052   0.921058   3.684231 
   0.0000000000    -25.000     80.000   0.863073    0.057767   0.079107   0.000053   0.920840   3.683360 
   0.0000000000    -24.000     80.000   0.865046    0.055584   0.079315   0.000055   0.920630   3.682520 
   0.0000000000    -23.000     80.000   0.866927    0.053500   0.079516   0.000056   0.920427   3.681710 
   0.0000000000    -22.000     80.000   0.868721    0.051511   0.079711   0.000058   0.920232   3.680927 
   0.0000000000    -21.000     80.000   0.870432    0.049610   0.079899   0.000059   0.920042   3.680169 
   0.0000000000    -20.000     80.000   0.872065    0.047794   0.080080   0.000061   0.919859   3.679436 
   0.0000000000    -19.000     80.000   0.873624    0.046057   0.080257   0.000062   0.919681   3.678724 
   0.0000000000    -18.000     80.000   0.875114    0.044395   0.080428   0.000064   0.919508   3.678034 
   0.0000000000    -17.000     80.000   0.876536    0.042804   0.080594   0.000066   0.919341   3.677362 
   0.0000000000    -16.000     80.000   0.877896    0.041282   0.080756   0.000067   0.919177   3.676709 
   0.0000000000    -15.000     80.000   0.879195    0.039823   0.080913   0.000069   0.919018   3.676073 
   0.0000000000    -14.000     80.000   0.880437    0.038426   0.081067   0.000071   0.918863   3.675452 
   0.0000000000    -13.000     80.000   0.881625    0.037087   0.081216   0.000072   0.918711   3.674845 
   0.0000000000    -12.000     80.000   0.882760    0.035803   0.081363   0.000074   0.918563   3.674252 
   0.0000000000    -11.000     80.000   0.883847    0.034571   0.081506   0.000076   0.918418   3.673672 
   0.0000000000    -10.000     80.000   0.884886    0.033390   0.081647   0.000077   0.918276   3.673102 
   0.0000000000     -9.000     80.000   0.885880    0.032256   0.081785   0.000079   0.918136   3.672544 
   0.0000000000     -8.000     80.000   0.886832    0.031167   0.081920   0.000081   0.917999   3.671994 
   0.0000000000     -7.000     80.000   0.887742    0.030121   0.082054   0.000083   0.917864   3.671454 
   0.0000000000     -6.000     80.000   0.888614    0.029117   0.082185   0.000085   0.917730   3.670922 
   0.0000000000     -5.000     80.000   0.889448    0.028152   0.082314   0.000087   0.917599   3.670397 
   0.0000000000     -4.000     80.000   0.890246    0.027224   0.082442   0.000089   0.917470   3.669878 
   0.0000000000     -3.000     80.000   0.891009    0.026332   0.082568   0.000090   0.917341   3.669366 
   0.0000000000     -2.000     80.000   0.891740    0.025474   0.082693   0.000092   0.917215   3.668858 
   0.0000000000     -1.000     80.000   0.892440    0.024649   0.082817   0.000094   0.917089   3.668356 
   0.0000000000      0.000     80.000   0.893109    0.023855   0.082939   0.000096   0.916964   3.667857 
   0.0000000000      1.000     80.000   0.893749    0.023091   0.083061   0.000098   0.916840   3.667361 
   0.0000000000      2.000     80.000   0.894362    0.022355   0.083182   0.000101   0.916717   3.666868 
   0.0000000000      3.000     80.000   0.894948    0.021647   0.083303   0.000103   0.916594   3.666378 
   0.0000000000      4.000     80.000   0.895508    0.020965   0.083423   0.000105   0.916472   3.665889 
   0.0000000000      5.000     80.000   0.896043    0.020307   0.083543   0.000107   0.916350   3.665402 
   0.0000000000      6.000     80.000   0.896555    0.019674   0.083662   0.000109   0.916229   3.664915 
   0.0000000000      7.000     80.000   0.897044    0.019063   0.083782   0.000111   0.916107   3.664428 
   0.0000000000      8.000     80.000   0.897511    0.018475   0.083901   0.000113   0.915985   3.663942 
   0.0000000000      9.000     80.000   0.897956    0.017908   0.084021   0.000116   0.915864   3.663454 
   0.0000000000     10.000     80.000   0.898381    0.017360   0.084141   0.000118   0.915741   3.662966 
   0.0000000000     11.000     80.000   0.898787    0.016832   0.084261   0.000120   0.915619   3.662476 
   0.0000000000     12.000     80.000   0.899173    0.016323   0.084381   0.000123   0.915496   3.661984 
   0.0000000000     13.000     80.000   0.899541    0.015831   0.084503   0.000125   0.915372   3.661490 
   0.0000000000     14.000     80.000   0.899892    0.015357   0.084624   0.000127   0.915248   3.660993 
   0.0000000000     15.000     80.000   0.900225    0.014899   0.084747   0.000130   0.915123   3.660493 
   0.0000000000     16.000     80.000   0.900541    0.014456   0.084870   0.000132   0.914997   3.659990 
   0.0000000000     17.000     80.000   0.900842    0.014029   0.084995   0.000135   0.914871   3.659483 
   0.0000000000     18.000     80.000   0.901127    0.013616   0.085120   0.000137   0.914743   3.658971 
   0.0000000000     19.000     80.000   0.901396    0.013218   0.085246   0.000140   0.914614   3.658456 
   0.0000000000     20.000     80.000   0.901651    0.012832   0.085374   0.000142   0.914484   3.657935 
   0.0000000000     21.000     80.000   0.901892    0.012460   0.085503   0.000145   0.914352   3.657409 
   0.0000000000     22.000     80.000   0.902120    0.012100   0.085633   0.000148   0.914219   3.656878 
   0.0000000000     23.000     80.000   0.902333    0.011752   0.085765   0.000150   0.914085   3.656341 
   0.0000000000     24.000     80.000   0.902534    0.011415   0.085898   0.000153   0.913949   3.655798 
   0.0000000000     25.000     80.000   0.902722    0.011090   0.086032   0.000156   0.913812   3.655248 
   0.0000000000     26.000     80.000   0.902898    0.010775   0.086169   0.000158   0.913673   3.654692 
   0.0000000000     27.000     80.000   0.903062    0.010470   0.086307   0.000161   0.913532   3.654128 
   0.0000000000     28.000     80.000   0.903214    0.010175   0.086447   0.000164   0.913389   3.653557 
   0.0000000000     29.000     80.000   0.903355    0.009890   0.086588   0.000167   0.913245   3.652979 
   0.0000000000     30.000     80.000   0.903484    0.009614   0.086732   0.000170   0.913098   3.652393 
   0.0000000000     31.000     80.000   0.903603    0.009346   0.086878   0.000173   0.912950   3.651798 
   0.0000000000     32.000     80.000   0.903711    0.009087   0.087025   0.000176   0.912799   3.651195 
   0.0000000000     33.000     80.000   0.903809    0.008837   0.087175   0.000179   0.912646   3.650583 
   0.0000000000     34.000     80.000   0.903897    0.008594   0.087327   0.000182   0.912491   3.649963 
   0.0000000000     35.000     80.000   0.903975    0.008359   0.087482   0.000185   0.912333   3.649333 
   0.0000000000     36.000     80.000   0.904043    0.008131   0.087639   0.000188   0.912173   3.648693 
   0.0000000000     37.000     80.000   0.904101    0.007910   0.087798   0.000191   0.912011   3.648043 
   0.0000000000     38.000     80.000   0.904150    0.007696   0.087960   0.000194   0.911846   3.647383 
   0.0000000000     39.000     80.000   0.904190    0.007488   0.088124   0.000198   0.911678   3.646713 
   0.0000000000     40.000     80.000   0.904221    0.007287   0.088291   0.000201   0.911508   3.646033 
   0.0000000000     41.000     80.000   0.904243    0.007092   0.088460   0.000204   0.911335   3.645341 
   0.0000000000     42.000     80.000   0.904257    0.006903   0.088633   0.000208   0.911159   3.644638 
   0.0000000000     43.000     80.000   0.904261    0.006719   0.088808   0.000211   0.910981   3.643923 
   0.0000000000     44.000     80.000   0.904258    0.006541   0.088986   0.000215   0.910799   3.643197 
   0.0000000000     45.000     80.000   0.904246    0.006369   0.089167   0.000218   0.910615   3.642459 
   0.0000000000     46.000     80.000   0.904226    0.006201   0.089351   0.000222   0.910427   3.641709 
   0.0000000000     47.000     80.000   0.904198    0.006039   0.089538   0.000225   0.910236   3.640946 
   0.0000000000     48.000     80.000   0.904161    0.005881   0.089729   0.000229   0.910043   3.640170 
   0.0000000000     49.000     80.000   0.904117    0.005728   0.089922   0.000232   0.909845   3.639381 
   0.0000000000     50.000     80.000   0.904065    0.005579   0.090119   0.000236   0.909645   3.638579 
   0.0000000000     51.000     80.000   0.904006    0.005435   0.090319   0.000240   0.909441   3.637764 
   0.0000000000     52.000     80.000   0.903939    0.005295   0.090523   0.000244   0.909234   3.636934 
   0.0000000000     53.000     80.000   0.903864    0.005159   0.090730   0.000248   0.909023   3.636091 
   0.0000000000     54.000     80.000   0.903781    0.005027   0.090940   0.000252   0.908808   3.635233 
   0.0000000000     55.000     80.000   0.903692    0.004898   0.091154   0.000256   0.908590   3.634360 
   0.0000000000     56.000     80.000   0.903595    0.004774   0.091372   0.000260   0.908368   3.633473 
   0.0000000000     57.000     80.000   0.903490    0.004652   0.091594   0.000264   0.908143   3.632571 
   0.0000000000     58.000     80.000   0.903379    0.004535   0.091819   0.000268   0.907913   3.631653 
   0.0000000000     59.000     80.000   0.903260    0.004420   0.092048   0.000272   0.907680   3.630719 
   0.0000000000     60.000     80.000   0.903133    0.004309   0.092281   0.000276   0.907443   3.629770 
   0.0000000000     61.000     80.000   0.903000    0.004201   0.092519   0.000280   0.907201   3.628804 
   0.0000000000     62.000     80.000   0.902860    0.004096   0.092760   0.000285   0.906956   3.627822 
   0.0000000000     63.000     80.000   0.902712    0.003994   0.093005   0.000289   0.906706   3.626824 
   0.0000000000     64.000     80.000   0.902558    0.003894   0.093255   0.000293   0.906452   3.625808 
   0.0000000000     65.000     80.000   0.902396    0.003798   0.093508   0.000298   0.906194   3.624775 
   0.0000000000     66.000     80.000   0.902228    0.003703   0.093766   0.000302   0.905931   3.623724 
   0.0000000000     67.000     80.000   0.902052    0.003612   0.094029   0.000307   0.905664   3.622656 
   0.0000000000     68.000     80.000   0.901869    0.003523   0.094296   0.000312   0.905392   3.621569 
   0.0000000000     69.000     80.000   0.901680    0.003436   0.094567   0.000316   0.905116   3.620465 
   0.0000000000     70.000     80.000   0.901483    0.003352   0.094844   0.000321   0.904835   3.619341 
   0.0000000000     71.000     80.000   0.901279    0.003270   0.095124   0.000326   0.904550   3.618199 
   0.0000000000     72.000     80.000   0.901069    0.003190   0.095410   0.000331   0.904259   3.617037 
   0.0000000000     73.000     80.000   0.900851    0.003113   0.095700   0.000336   0.903964   3.615856 
   0.0000000000     74.000     80.000   0.900627    0.003037   0.095995   0.000341   0.903664   3.614656 
   0.0000000000     75.000     80.000   0.900395    0.002964   0.096295   0.000346   0.903359   3.613435 
   0.0000000000     76.000     80.000   0.900156    0.002892   0.096600   0.000351   0.903048   3.612194 
   0.0000000000     77.000     80.000   0.899911    0.002822   0.096911   0.000356   0.902733   3.610932 
   0.0000000000     78.000     80.000   0.899658    0.002754   0.097226   0.000362   0.902412   3.609649 
   0.0000000000     79.000     80.000   0.899398    0.002688   0.097547   0.000367   0.902086   3.608345 
   0.0000000000     80.000     80.000   0.899132    0.002623   0.097873   0.000372   0.901755   3.607020 
   0.0000000000     81.000     80.000   0.898858    0.002561   0.098204   0.000378   0.901418   3.605673 
   0.0000000000     82.000     80.000   0.898576    0.002499   0.098541   0.000383   0.901076   3.604303 
   0.0000000000     83.000     80.000   0.898288    0.002440   0.098883   0.000389   0.900728   3.602912 
   0.0000000000     84.000     80.000   0.897993    0.002382   0.099231   0.000395   0.900374   3.601497 
   0.0000000000     85.000     80.000   0.897690    0.002325   0.099584   0.000401   0.900015   3.600060 
   0.0000000000     86.000     80.000   0.897380    0.002270   0.099944   0.000406   0.899650   3.598599 
   0.0000000000     87.000     80.000   0.897063    0.002216   0.100309   0.000412   0.899279   3.597115 
   0.0000000000     88.000     80.000   0.896738    0.002164   0.100680   0.000418   0.898902   3.595607 
   0.0000000000     89.000     80.000   0.896406    0.002113   0.101057   0.000424   0.898519   3.594074 
   0.0000000000     90.000     80.000   0.896067    0.002063   0.101440   0.000431   0.898129   3.592517 
   0.0000000000     91.000     80.000   0.895720    0.002014   0.101829   0.000437   0.897734   3.590935 
   0.0000000000     92.000     80.000   0.895365    0.001967   0.102225   0.000443   0.897332   3.589328 
   0.0000000000     93.000     80.000   0.895003    0.001920   0.102627   0.000450   0.896924   3.587695 
   0.0000000000     94.000     80.000   0.894634    0.001875   0.103035   0.000456   0.896509   3.586037 
   0.0000000000     95.000     80.000   0.894257    0.001831   0.103449   0.000463   0.896088   3.584352 
   0.0000000000     96.000     80.000   0.893872    0.001789   0.103871   0.000469   0.895660   3.582641 
   0.0000000000     97.000     80.000   0.893479    0.001747   0.104298   0.000476   0.895226   3.580903 
   0.0000000000     98.000     80.000   0.893078    0.001706   0.104733   0.000483   0.894784   3.579137 
   0.0000000000     99.000     80.000   0.892670    0.001666   0.105174   0.000490   0.894336   3.577344 
   0.0000000000    100.000     80.000   0.892254    0.001627   0.105622   0.000497   0.893881   3.575524 
   0.0000000000    101.000     80.000   0.891829    0.001589   0.106077   0.000504   0.893419   3.573675 
   0.0000000000    102.000     80.000   0.891397    0.001552   0.106540   0.000511   0.892949   3.571797 
   0.0000000000    103.000     80.000   0.890957    0.001516   0.107009   0.000519   0.892473   3.569891 
   0.0000000000    104.000     80.000   0.890508    0.001481   0.107485   0.000526   0.891989   3.567955 
   0.0000000000    105.000     80.000   0.890051    0.001446   0.107969   0.000533   0.891497   3.565990 
   0.0000000000    106.000     80.000   0.889586    0.001413   0.108460   0.000541   0.890999   3.563994 
   0.0000000000    107.000     80.000   0.889112    0.001380   0.108959   0.000549   0.890492   3.561969 
   0.0000000000    108.000     80.000   0.888630    0.001348   0.109465   0.000557   0.889978   3.559912 
   0.0000000000    109.000     80.000   0.888140    0.001317   0.109979   0.000564   0.889456   3.557825 
   0.0000000000    110.000     80.000   0.887640    0.001286   0.110501   0.000573   0.888926   3.555706 
   0.0000000000    111.000     80.000   0.887133    0.001256   0.111031   0.000581   0.888389   3.553555 
   0.0000000000    112.000     80.000   0.886616    0.001227   0.111568   0.000589   0.887843   3.551372 
   0.0000000000    113.000     80.000   0.886091    0.001199   0.112113   0.000597   0.887289   3.549157 
   0.0000000000    114.000     80.000   0.885556    0.001171   0.112667   0.000606   0.886727   3.546909 
   0.0000000000    115.000     80.000   0.885013    0.001144   0.113229   0.000614   0.886157   3.544627 
   0.0000000000    116.000     80.000   0.884461    0.001117   0.113799   0.000623   0.885578   3.542312 
   0.0000000000    117.000     80.000   0.883899    0.001091   0.114377   0.000632   0.884991   3.539963 
   0.0000000000    118.000     80.000   0.883329    0.001066   0.114964   0.000641   0.884395   3.537579 
   0.0000000000    119.000     80.000   0.882749    0.001041   0.115560   0.000650   0.883790   3.535161 
   0.0000000000    120.000     80.000   0.882160    0.001017   0.116164   0.000659   0.883177   3.532707 
   0.0000000000    121.000     80.000   0.881561    0.000994   0.116777   0.000668   0.882554   3.530217 
   0.0000000000    122.000     80.000   0.880953    0.000970   0.117399   0.000678   0.881923   3.527692 
   0.0000000000    123.000     80.000   0.880335    0.000948   0.118030   0.000687   0.881283   3.525130 
   0.0000000000    124.000     80.000   0.879707    0.000926   0.118670   0.000697   0.880633   3.522531 
   0.0000000000    125.000     80.000   0.879070    0.000904   0.119319   0.000707   0.879974   3.519895 
   0.0000000000    126.000     80.000   0.878422    0.000883   0.119978   0.000717   0.879305   3.517222 
