#solute size.    Temp(C) Press(Mpa)        fHB          fS        fLJ         fO        xHB        nHB 
   0.0000000000   -173.000     20.000   0.000000    1.000000   0.000000   0.000000   1.000000   4.000000 
   0.0000000000   -172.000     20.000   0.000000    1.000000   0.000000   0.000000   1.000000   4.000000 
   0.0000000000   -171.000     20.000   0.000000    1.000000   0.000000   0.000000   1.000000   4.000000 
   0.0000000000   -170.000     20.000   0.000000    1.000000   0.000000   0.000000   1.000000   4.000000 
   0.0000000000   -169.000     20.000   0.000000    1.000000   0.000000   0.000000   1.000000   4.000000 
   0.0000000000   -168.000     20.000   0.000000    1.000000   0.000000   0.000000   1.000000   4.000000 
   0.0000000000   -167.000     20.000   0.000000    1.000000   0.000000   0.000000   1.000000   4.000000 
   0.0000000000   -166.000     20.000   0.000000    1.000000   0.000000   0.000000   1.000000   4.000000 
   0.0000000000   -165.000     20.000   0.000000    1.000000   0.000000   0.000000   1.000000   4.000000 
   0.0000000000   -164.000     20.000   0.000001    0.999999   0.000000   0.000000   1.000000   4.000000 
   0.0000000000   -163.000     20.000   0.000001    0.999999   0.000000   0.000000   1.000000   4.000000 
   0.0000000000   -162.000     20.000   0.000001    0.999999   0.000000   0.000000   1.000000   4.000000 
   0.0000000000   -161.000     20.000   0.000001    0.999999   0.000000   0.000000   1.000000   4.000000 
   0.0000000000   -160.000     20.000   0.000001    0.999999   0.000000   0.000000   1.000000   4.000000 
   0.0000000000   -159.000     20.000   0.000002    0.999998   0.000000   0.000000   1.000000   3.999999 
   0.0000000000   -158.000     20.000   0.000002    0.999998   0.000000   0.000000   1.000000   3.999999 
   0.0000000000   -157.000     20.000   0.000003    0.999997   0.000000   0.000000   1.000000   3.999999 
   0.0000000000   -156.000     20.000   0.000003    0.999997   0.000000   0.000000   1.000000   3.999999 
   0.0000000000   -155.000     20.000   0.000004    0.999996   0.000000   0.000000   1.000000   3.999999 
   0.0000000000   -154.000     20.000   0.000005    0.999995   0.000000   0.000000   1.000000   3.999998 
   0.0000000000   -153.000     20.000   0.000006    0.999994   0.000001   0.000000   0.999999   3.999998 
   0.0000000000   -152.000     20.000   0.000007    0.999993   0.000001   0.000000   0.999999   3.999998 
   0.0000000000   -151.000     20.000   0.000008    0.999991   0.000001   0.000000   0.999999   3.999997 
   0.0000000000   -150.000     20.000   0.000010    0.999989   0.000001   0.000000   0.999999   3.999996 
   0.0000000000   -149.000     20.000   0.000012    0.999987   0.000001   0.000000   0.999999   3.999996 
   0.0000000000   -148.000     20.000   0.000014    0.999984   0.000001   0.000000   0.999999   3.999995 
   0.0000000000   -147.000     20.000   0.000017    0.999981   0.000002   0.000000   0.999998   3.999994 
   0.0000000000   -146.000     20.000   0.000020    0.999978   0.000002   0.000000   0.999998   3.999993 
   0.0000000000   -145.000     20.000   0.000024    0.999973   0.000002   0.000000   0.999998   3.999991 
   0.0000000000   -144.000     20.000   0.000029    0.999968   0.000003   0.000000   0.999997   3.999989 
   0.0000000000   -143.000     20.000   0.000034    0.999963   0.000003   0.000000   0.999997   3.999988 
   0.0000000000   -142.000     20.000   0.000040    0.999956   0.000004   0.000000   0.999996   3.999985 
   0.0000000000   -141.000     20.000   0.000048    0.999948   0.000004   0.000000   0.999996   3.999983 
   0.0000000000   -140.000     20.000   0.000056    0.999939   0.000005   0.000000   0.999995   3.999980 
   0.0000000000   -139.000     20.000   0.000066    0.999928   0.000006   0.000000   0.999994   3.999976 
   0.0000000000   -138.000     20.000   0.000077    0.999916   0.000007   0.000000   0.999993   3.999972 
   0.0000000000   -137.000     20.000   0.000090    0.999901   0.000008   0.000000   0.999992   3.999967 
   0.0000000000   -136.000     20.000   0.000106    0.999885   0.000010   0.000000   0.999990   3.999962 
   0.0000000000   -135.000     20.000   0.000123    0.999866   0.000011   0.000000   0.999989   3.999955 
   0.0000000000   -134.000     20.000   0.000143    0.999844   0.000013   0.000000   0.999987   3.999948 
   0.0000000000   -133.000     20.000   0.000166    0.999819   0.000015   0.000000   0.999985   3.999940 
   0.0000000000   -132.000     20.000   0.000192    0.999791   0.000017   0.000000   0.999983   3.999930 
   0.0000000000   -131.000     20.000   0.000222    0.999758   0.000020   0.000000   0.999980   3.999919 
   0.0000000000   -130.000     20.000   0.000256    0.999721   0.000023   0.000000   0.999977   3.999907 
   0.0000000000   -129.000     20.000   0.000295    0.999678   0.000027   0.000000   0.999973   3.999893 
   0.0000000000   -128.000     20.000   0.000339    0.999630   0.000031   0.000000   0.999969   3.999877 
   0.0000000000   -127.000     20.000   0.000389    0.999576   0.000035   0.000000   0.999965   3.999859 
   0.0000000000   -126.000     20.000   0.000446    0.999514   0.000041   0.000000   0.999959   3.999838 
   0.0000000000   -125.000     20.000   0.000510    0.999444   0.000046   0.000000   0.999954   3.999815 
   0.0000000000   -124.000     20.000   0.000582    0.999365   0.000053   0.000000   0.999947   3.999788 
   0.0000000000   -123.000     20.000   0.000664    0.999276   0.000060   0.000000   0.999940   3.999759 
   0.0000000000   -122.000     20.000   0.000755    0.999176   0.000069   0.000000   0.999931   3.999725 
   0.0000000000   -121.000     20.000   0.000858    0.999063   0.000078   0.000000   0.999922   3.999688 
   0.0000000000   -120.000     20.000   0.000974    0.998937   0.000089   0.000000   0.999911   3.999646 
   0.0000000000   -119.000     20.000   0.001104    0.998796   0.000100   0.000000   0.999900   3.999599 
   0.0000000000   -118.000     20.000   0.001249    0.998637   0.000114   0.000000   0.999886   3.999546 
   0.0000000000   -117.000     20.000   0.001411    0.998460   0.000128   0.000000   0.999872   3.999487 
   0.0000000000   -116.000     20.000   0.001592    0.998263   0.000145   0.000000   0.999855   3.999421 
   0.0000000000   -115.000     20.000   0.001794    0.998043   0.000163   0.000000   0.999837   3.999347 
   0.0000000000   -114.000     20.000   0.002019    0.997797   0.000184   0.000000   0.999816   3.999266 
   0.0000000000   -113.000     20.000   0.002269    0.997525   0.000206   0.000000   0.999794   3.999175 
   0.0000000000   -112.000     20.000   0.002546    0.997222   0.000231   0.000000   0.999769   3.999074 
   0.0000000000   -111.000     20.000   0.002854    0.996887   0.000259   0.000000   0.999741   3.998962 
   0.0000000000   -110.000     20.000   0.003195    0.996515   0.000290   0.000000   0.999710   3.998838 
   0.0000000000   -109.000     20.000   0.003572    0.996104   0.000325   0.000000   0.999675   3.998701 
   0.0000000000   -108.000     20.000   0.003988    0.995649   0.000363   0.000000   0.999637   3.998549 
   0.0000000000   -107.000     20.000   0.004448    0.995147   0.000404   0.000000   0.999596   3.998382 
   0.0000000000   -106.000     20.000   0.004955    0.994594   0.000451   0.000000   0.999549   3.998198 
   0.0000000000   -105.000     20.000   0.005514    0.993985   0.000501   0.000000   0.999499   3.997995 
   0.0000000000   -104.000     20.000   0.006128    0.993314   0.000557   0.000000   0.999443   3.997771 
   0.0000000000   -103.000     20.000   0.006804    0.992578   0.000619   0.000000   0.999381   3.997525 
   0.0000000000   -102.000     20.000   0.007545    0.991769   0.000686   0.000000   0.999314   3.997256 
   0.0000000000   -101.000     20.000   0.008358    0.990882   0.000760   0.000000   0.999240   3.996960 
   0.0000000000   -100.000     20.000   0.009249    0.989910   0.000841   0.000000   0.999159   3.996636 
   0.0000000000    -99.000     20.000   0.010224    0.988846   0.000930   0.000000   0.999070   3.996281 
   0.0000000000    -98.000     20.000   0.011290    0.987683   0.001027   0.000000   0.998973   3.995893 
   0.0000000000    -97.000     20.000   0.012454    0.986413   0.001133   0.000000   0.998867   3.995469 
   0.0000000000    -96.000     20.000   0.013725    0.985027   0.001248   0.000000   0.998752   3.995007 
   0.0000000000    -95.000     20.000   0.015110    0.983516   0.001374   0.000000   0.998626   3.994503 
   0.0000000000    -94.000     20.000   0.016618    0.981871   0.001511   0.000000   0.998489   3.993954 
   0.0000000000    -93.000     20.000   0.018259    0.980080   0.001661   0.000000   0.998339   3.993357 
   0.0000000000    -92.000     20.000   0.020043    0.978134   0.001823   0.000000   0.998177   3.992708 
   0.0000000000    -91.000     20.000   0.021981    0.976020   0.001999   0.000000   0.998001   3.992002 
   0.0000000000    -90.000     20.000   0.024083    0.973727   0.002191   0.000000   0.997809   3.991237 
   0.0000000000    -89.000     20.000   0.026361    0.971240   0.002398   0.000000   0.997602   3.990407 
   0.0000000000    -88.000     20.000   0.028829    0.968548   0.002623   0.000000   0.997377   3.989509 
   0.0000000000    -87.000     20.000   0.031499    0.965635   0.002866   0.000000   0.997134   3.988537 
   0.0000000000    -86.000     20.000   0.034386    0.962486   0.003129   0.000000   0.996871   3.987486 
   0.0000000000    -85.000     20.000   0.037503    0.959084   0.003412   0.000000   0.996588   3.986350 
   0.0000000000    -84.000     20.000   0.040867    0.955415   0.003719   0.000000   0.996281   3.985125 
   0.0000000000    -83.000     20.000   0.044492    0.951459   0.004049   0.000000   0.995951   3.983804 
   0.0000000000    -82.000     20.000   0.048397    0.947199   0.004404   0.000000   0.995595   3.982382 
   0.0000000000    -81.000     20.000   0.052598    0.942615   0.004787   0.000000   0.995213   3.980851 
   0.0000000000    -80.000     20.000   0.057113    0.937689   0.005198   0.000000   0.994802   3.979206 
   0.0000000000    -79.000     20.000   0.061961    0.932399   0.005640   0.000000   0.994360   3.977439 
   0.0000000000    -78.000     20.000   0.067162    0.926724   0.006114   0.000000   0.993886   3.975543 
   0.0000000000    -77.000     20.000   0.072735    0.920643   0.006622   0.000000   0.993378   3.973512 
   0.0000000000    -76.000     20.000   0.078701    0.914133   0.007166   0.000000   0.992834   3.971336 
   0.0000000000    -75.000     20.000   0.085080    0.907173   0.007747   0.000000   0.992253   3.969010 
   0.0000000000    -74.000     20.000   0.091892    0.899739   0.008368   0.000000   0.991631   3.966526 
   0.0000000000    -73.000     20.000   0.099159    0.891809   0.009031   0.000000   0.990969   3.963875 
   0.0000000000    -72.000     20.000   0.106903    0.883360   0.009737   0.000000   0.990262   3.961049 
   0.0000000000    -71.000     20.000   0.115142    0.874369   0.010489   0.000000   0.989511   3.958043 
   0.0000000000    -70.000     20.000   0.123897    0.864815   0.011288   0.000000   0.988712   3.954847 
   0.0000000000    -69.000     20.000   0.133188    0.854676   0.012136   0.000000   0.987864   3.951455 
   0.0000000000    -68.000     20.000   0.143032    0.843933   0.013034   0.000000   0.986965   3.947861 
   0.0000000000    -67.000     20.000   0.153448    0.832567   0.013985   0.000001   0.986014   3.944057 
   0.0000000000    -66.000     20.000   0.164446    0.820564   0.014990   0.000001   0.985010   3.940039 
   0.0000000000    -65.000     20.000   0.176040    0.807911   0.016049   0.000001   0.983951   3.935802 
   0.0000000000    -64.000     20.000   0.188239    0.794597   0.017163   0.000001   0.982836   3.931344 
   0.0000000000    -63.000     20.000   0.201048    0.780617   0.018334   0.000001   0.981665   3.926661 
   0.0000000000    -62.000     20.000   0.214469    0.765970   0.019561   0.000001   0.980438   3.921753 
   0.0000000000    -61.000     20.000   0.228496    0.750659   0.020843   0.000001   0.979156   3.916622 
   0.0000000000    -60.000     20.000   0.243126    0.734691   0.022181   0.000001   0.977817   3.911269 
   0.0000000000    -59.000     20.000   0.258335    0.718090   0.023573   0.000001   0.976426   3.905703 
   0.0000000000    -58.000     20.000   0.274104    0.700879   0.025016   0.000002   0.974982   3.899929 
   0.0000000000    -57.000     20.000   0.290402    0.683088   0.026508   0.000002   0.973490   3.893960 
   0.0000000000    -56.000     20.000   0.307193    0.664759   0.028046   0.000002   0.971952   3.887809 
   0.0000000000    -55.000     20.000   0.324435    0.645937   0.029625   0.000002   0.970372   3.881489 
   0.0000000000    -54.000     20.000   0.342066    0.626690   0.031241   0.000002   0.968756   3.875025 
   0.0000000000    -53.000     20.000   0.360028    0.607080   0.032888   0.000003   0.967109   3.868436 
   0.0000000000    -52.000     20.000   0.378255    0.587182   0.034560   0.000003   0.965437   3.861747 
   0.0000000000    -51.000     20.000   0.396670    0.567077   0.036250   0.000003   0.963746   3.854986 
   0.0000000000    -50.000     20.000   0.415195    0.546850   0.037951   0.000004   0.962045   3.848180 
   0.0000000000    -49.000     20.000   0.433749    0.526591   0.039656   0.000004   0.960340   3.841360 
   0.0000000000    -48.000     20.000   0.452255    0.506384   0.041357   0.000004   0.958639   3.834554 
   0.0000000000    -47.000     20.000   0.470617    0.486332   0.043046   0.000005   0.956949   3.827796 
   0.0000000000    -46.000     20.000   0.488763    0.466516   0.044716   0.000005   0.955278   3.821113 
   0.0000000000    -45.000     20.000   0.506617    0.447016   0.046361   0.000006   0.953633   3.814532 
   0.0000000000    -44.000     20.000   0.524110    0.427909   0.047974   0.000006   0.952019   3.808078 
   0.0000000000    -43.000     20.000   0.541183    0.409260   0.049550   0.000007   0.950443   3.801773 
   0.0000000000    -42.000     20.000   0.557784    0.391125   0.051084   0.000007   0.948909   3.795636 
   0.0000000000    -41.000     20.000   0.573868    0.373553   0.052571   0.000008   0.947421   3.789683 
   0.0000000000    -40.000     20.000   0.589403    0.356579   0.054010   0.000009   0.945981   3.783926 
   0.0000000000    -39.000     20.000   0.604364    0.340230   0.055397   0.000009   0.944593   3.778373 
   0.0000000000    -38.000     20.000   0.618734    0.324524   0.056732   0.000010   0.943258   3.773031 
   0.0000000000    -37.000     20.000   0.632506    0.309470   0.058014   0.000011   0.941976   3.767903 
   0.0000000000    -36.000     20.000   0.645678    0.295069   0.059242   0.000011   0.940747   3.762989 
   0.0000000000    -35.000     20.000   0.658254    0.281318   0.060416   0.000012   0.939572   3.758287 
   0.0000000000    -34.000     20.000   0.670244    0.268205   0.061539   0.000013   0.938449   3.753794 
   0.0000000000    -33.000     20.000   0.681655    0.255721   0.062610   0.000013   0.937377   3.749507 
   0.0000000000    -32.000     20.000   0.692515    0.243839   0.063632   0.000014   0.936354   3.745416 
   0.0000000000    -31.000     20.000   0.702836    0.232543   0.064606   0.000015   0.935379   3.741517 
   0.0000000000    -30.000     20.000   0.712639    0.221811   0.065534   0.000016   0.934450   3.737801 
   0.0000000000    -29.000     20.000   0.721945    0.211620   0.066418   0.000017   0.933565   3.734261 
   0.0000000000    -28.000     20.000   0.730776    0.201946   0.067260   0.000017   0.932722   3.730889 
   0.0000000000    -27.000     20.000   0.739154    0.192765   0.068063   0.000018   0.931919   3.727676 
   0.0000000000    -26.000     20.000   0.747101    0.184053   0.068827   0.000019   0.931154   3.724615 
   0.0000000000    -25.000     20.000   0.754639    0.175785   0.069556   0.000020   0.930424   3.721697 
   0.0000000000    -24.000     20.000   0.761788    0.167941   0.070250   0.000021   0.929729   3.718915 
   0.0000000000    -23.000     20.000   0.768569    0.160496   0.070913   0.000022   0.929065   3.716261 
   0.0000000000    -22.000     20.000   0.775003    0.153429   0.071545   0.000023   0.928432   3.713727 
   0.0000000000    -21.000     20.000   0.781104    0.146723   0.072149   0.000024   0.927827   3.711308 
   0.0000000000    -20.000     20.000   0.786897    0.140352   0.072726   0.000025   0.927249   3.708996 
   0.0000000000    -19.000     20.000   0.792395    0.134301   0.073279   0.000026   0.926696   3.706784 
   0.0000000000    -18.000     20.000   0.797614    0.128552   0.073807   0.000027   0.926167   3.704666 
   0.0000000000    -17.000     20.000   0.802571    0.123089   0.074313   0.000028   0.925660   3.702638 
   0.0000000000    -16.000     20.000   0.807279    0.117894   0.074798   0.000029   0.925173   3.700693 
   0.0000000000    -15.000     20.000   0.811752    0.112954   0.075264   0.000030   0.924707   3.698827 
   0.0000000000    -14.000     20.000   0.816003    0.108255   0.075711   0.000031   0.924259   3.697034 
   0.0000000000    -13.000     20.000   0.820045    0.103783   0.076141   0.000032   0.923828   3.695311 
   0.0000000000    -12.000     20.000   0.823888    0.099525   0.076554   0.000033   0.923413   3.693651 
   0.0000000000    -11.000     20.000   0.827543    0.095471   0.076953   0.000034   0.923013   3.692053 
   0.0000000000    -10.000     20.000   0.831020    0.091608   0.077337   0.000035   0.922628   3.690511 
   0.0000000000     -9.000     20.000   0.834329    0.087927   0.077708   0.000036   0.922256   3.689023 
   0.0000000000     -8.000     20.000   0.837479    0.084417   0.078067   0.000037   0.921896   3.687584 
   0.0000000000     -7.000     20.000   0.840478    0.081070   0.078414   0.000038   0.921548   3.686191 
   0.0000000000     -6.000     20.000   0.843332    0.077878   0.078750   0.000039   0.921211   3.684843 
   0.0000000000     -5.000     20.000   0.846053    0.074831   0.079076   0.000041   0.920884   3.683534 
   0.0000000000     -4.000     20.000   0.848644    0.071921   0.079392   0.000042   0.920566   3.682264 
   0.0000000000     -3.000     20.000   0.851114    0.069143   0.079700   0.000043   0.920257   3.681028 
   0.0000000000     -2.000     20.000   0.853468    0.066489   0.079999   0.000044   0.919957   3.679826 
   0.0000000000     -1.000     20.000   0.855711    0.063953   0.080291   0.000045   0.919664   3.678654 
   0.0000000000      0.000     20.000   0.857850    0.061528   0.080576   0.000047   0.919378   3.677511 
   0.0000000000      1.000     20.000   0.859889    0.059210   0.080854   0.000048   0.919098   3.676394 
   0.0000000000      2.000     20.000   0.861833    0.056992   0.081125   0.000049   0.918825   3.675301 
   0.0000000000      3.000     20.000   0.863688    0.054870   0.081392   0.000051   0.918558   3.674231 
   0.0000000000      4.000     20.000   0.865456    0.052839   0.081653   0.000052   0.918295   3.673181 
   0.0000000000      5.000     20.000   0.867143    0.050895   0.081909   0.000053   0.918038   3.672151 
   0.0000000000      6.000     20.000   0.868752    0.049033   0.082161   0.000055   0.917785   3.671138 
   0.0000000000      7.000     20.000   0.870287    0.047249   0.082409   0.000056   0.917535   3.670141 
   0.0000000000      8.000     20.000   0.871750    0.045540   0.082653   0.000057   0.917290   3.669159 
   0.0000000000      9.000     20.000   0.873146    0.043901   0.082894   0.000059   0.917047   3.668190 
   0.0000000000     10.000     20.000   0.874477    0.042331   0.083132   0.000060   0.916808   3.667232 
   0.0000000000     11.000     20.000   0.875747    0.040824   0.083367   0.000062   0.916571   3.666285 
   0.0000000000     12.000     20.000   0.876958    0.039379   0.083600   0.000063   0.916337   3.665348 
   0.0000000000     13.000     20.000   0.878112    0.037993   0.083831   0.000065   0.916105   3.664419 
   0.0000000000     14.000     20.000   0.879212    0.036662   0.084060   0.000066   0.915874   3.663496 
   0.0000000000     15.000     20.000   0.880260    0.035385   0.084287   0.000068   0.915645   3.662580 
   0.0000000000     16.000     20.000   0.881259    0.034159   0.084513   0.000070   0.915417   3.661669 
   0.0000000000     17.000     20.000   0.882210    0.032981   0.084738   0.000071   0.915191   3.660762 
   0.0000000000     18.000     20.000   0.883116    0.031849   0.084963   0.000073   0.914965   3.659858 
   0.0000000000     19.000     20.000   0.883978    0.030761   0.085186   0.000074   0.914739   3.658957 
   0.0000000000     20.000     20.000   0.884798    0.029716   0.085410   0.000076   0.914514   3.658056 
   0.0000000000     21.000     20.000   0.885578    0.028712   0.085633   0.000078   0.914289   3.657156 
   0.0000000000     22.000     20.000   0.886319    0.027745   0.085856   0.000080   0.914064   3.656256 
   0.0000000000     23.000     20.000   0.887023    0.026816   0.086080   0.000081   0.913839   3.655355 
   0.0000000000     24.000     20.000   0.887691    0.025922   0.086304   0.000083   0.913613   3.654452 
   0.0000000000     25.000     20.000   0.888325    0.025062   0.086528   0.000085   0.913387   3.653547 
   0.0000000000     26.000     20.000   0.888925    0.024234   0.086754   0.000087   0.913159   3.652638 
   0.0000000000     27.000     20.000   0.889494    0.023438   0.086980   0.000089   0.912931   3.651725 
   0.0000000000     28.000     20.000   0.890032    0.022670   0.087208   0.000091   0.912702   3.650807 
   0.0000000000     29.000     20.000   0.890540    0.021932   0.087436   0.000093   0.912471   3.649885 
   0.0000000000     30.000     20.000   0.891019    0.021220   0.087667   0.000094   0.912239   3.648956 
   0.0000000000     31.000     20.000   0.891471    0.020534   0.087898   0.000096   0.912005   3.648021 
   0.0000000000     32.000     20.000   0.891896    0.019874   0.088132   0.000098   0.911770   3.647079 
   0.0000000000     33.000     20.000   0.892295    0.019237   0.088367   0.000101   0.911532   3.646129 
   0.0000000000     34.000     20.000   0.892669    0.018624   0.088605   0.000103   0.911293   3.645170 
   0.0000000000     35.000     20.000   0.893019    0.018032   0.088845   0.000105   0.911051   3.644203 
   0.0000000000     36.000     20.000   0.893345    0.017462   0.089087   0.000107   0.910807   3.643227 
   0.0000000000     37.000     20.000   0.893649    0.016911   0.089331   0.000109   0.910560   3.642240 
   0.0000000000     38.000     20.000   0.893930    0.016381   0.089578   0.000111   0.910311   3.641243 
   0.0000000000     39.000     20.000   0.894190    0.015868   0.089828   0.000113   0.910059   3.640235 
   0.0000000000     40.000     20.000   0.894430    0.015374   0.090080   0.000116   0.909804   3.639216 
   0.0000000000     41.000     20.000   0.894649    0.014897   0.090336   0.000118   0.909546   3.638184 
   0.0000000000     42.000     20.000   0.894848    0.014437   0.090595   0.000120   0.909285   3.637140 
   0.0000000000     43.000     20.000   0.895029    0.013992   0.090856   0.000123   0.909021   3.636084 
   0.0000000000     44.000     20.000   0.895190    0.013563   0.091122   0.000125   0.908753   3.635013 
   0.0000000000     45.000     20.000   0.895334    0.013149   0.091390   0.000128   0.908482   3.633929 
   0.0000000000     46.000     20.000   0.895460    0.012748   0.091662   0.000130   0.908208   3.632830 
   0.0000000000     47.000     20.000   0.895568    0.012361   0.091938   0.000133   0.907929   3.631717 
   0.0000000000     48.000     20.000   0.895660    0.011987   0.092218   0.000135   0.907647   3.630588 
   0.0000000000     49.000     20.000   0.895735    0.011626   0.092501   0.000138   0.907361   3.629443 
   0.0000000000     50.000     20.000   0.895794    0.011277   0.092789   0.000140   0.907071   3.628283 
   0.0000000000     51.000     20.000   0.895837    0.010939   0.093081   0.000143   0.906776   3.627105 
   0.0000000000     52.000     20.000   0.895865    0.010613   0.093377   0.000146   0.906478   3.625911 
   0.0000000000     53.000     20.000   0.895878    0.010297   0.093677   0.000148   0.906175   3.624699 
   0.0000000000     54.000     20.000   0.895876    0.009992   0.093982   0.000151   0.905867   3.623469 
   0.0000000000     55.000     20.000   0.895859    0.009696   0.094291   0.000154   0.905555   3.622220 
   0.0000000000     56.000     20.000   0.895828    0.009411   0.094605   0.000157   0.905238   3.620953 
   0.0000000000     57.000     20.000   0.895783    0.009134   0.094924   0.000160   0.904917   3.619666 
   0.0000000000     58.000     20.000   0.895724    0.008866   0.095247   0.000163   0.904590   3.618360 
   0.0000000000     59.000     20.000   0.895651    0.008607   0.095576   0.000166   0.904258   3.617034 
   0.0000000000     60.000     20.000   0.895565    0.008357   0.095909   0.000169   0.903922   3.615687 
   0.0000000000     61.000     20.000   0.895466    0.008114   0.096248   0.000172   0.903580   3.614319 
   0.0000000000     62.000     20.000   0.895353    0.007879   0.096592   0.000175   0.903232   3.612929 
   0.0000000000     63.000     20.000   0.895228    0.007651   0.096942   0.000178   0.902880   3.611518 
   0.0000000000     64.000     20.000   0.895090    0.007431   0.097297   0.000182   0.902521   3.610085 
   0.0000000000     65.000     20.000   0.894940    0.007217   0.097658   0.000185   0.902157   3.608629 
   0.0000000000     66.000     20.000   0.894777    0.007011   0.098024   0.000188   0.901787   3.607150 
   0.0000000000     67.000     20.000   0.894602    0.006810   0.098397   0.000192   0.901412   3.605647 
   0.0000000000     68.000     20.000   0.894414    0.006616   0.098775   0.000195   0.901030   3.604120 
   0.0000000000     69.000     20.000   0.894215    0.006428   0.099159   0.000199   0.900642   3.602569 
   0.0000000000     70.000     20.000   0.894003    0.006245   0.099549   0.000202   0.900248   3.600993 
   0.0000000000     71.000     20.000   0.893780    0.006068   0.099946   0.000206   0.899848   3.599392 
   0.0000000000     72.000     20.000   0.893545    0.005897   0.100349   0.000210   0.899441   3.597765 
   0.0000000000     73.000     20.000   0.893298    0.005730   0.100759   0.000213   0.899028   3.596112 
   0.0000000000     74.000     20.000   0.893039    0.005569   0.101175   0.000217   0.898608   3.594433 
   0.0000000000     75.000     20.000   0.892769    0.005413   0.101597   0.000221   0.898182   3.592726 
   0.0000000000     76.000     20.000   0.892487    0.005261   0.102027   0.000225   0.897748   3.590993 
   0.0000000000     77.000     20.000   0.892194    0.005114   0.102463   0.000229   0.897308   3.589231 
   0.0000000000     78.000     20.000   0.891889    0.004971   0.102907   0.000233   0.896860   3.587441 
   0.0000000000     79.000     20.000   0.891573    0.004832   0.103358   0.000237   0.896405   3.585622 
   0.0000000000     80.000     20.000   0.891246    0.004698   0.103815   0.000241   0.895943   3.583774 
   0.0000000000     81.000     20.000   0.890907    0.004567   0.104281   0.000245   0.895474   3.581896 
   0.0000000000     82.000     20.000   0.890557    0.004440   0.104753   0.000250   0.894997   3.579989 
   0.0000000000     83.000     20.000   0.890195    0.004317   0.105233   0.000254   0.894513   3.578050 
   0.0000000000     84.000     20.000   0.889822    0.004198   0.105721   0.000258   0.894020   3.576081 
   0.0000000000     85.000     20.000   0.889438    0.004082   0.106217   0.000263   0.893520   3.574080 
   0.0000000000     86.000     20.000   0.889042    0.003969   0.106721   0.000268   0.893012   3.572048 
   0.0000000000     87.000     20.000   0.888636    0.003860   0.107232   0.000272   0.892496   3.569983 
   0.0000000000     88.000     20.000   0.888217    0.003754   0.107752   0.000277   0.891971   3.567885 
   0.0000000000     89.000     20.000   0.887788    0.003651   0.108280   0.000282   0.891438   3.565753 
   0.0000000000     90.000     20.000   0.887347    0.003550   0.108816   0.000287   0.890897   3.563588 
   0.0000000000     91.000     20.000   0.886894    0.003453   0.109361   0.000292   0.890347   3.561389 
   0.0000000000     92.000     20.000   0.886430    0.003358   0.109915   0.000297   0.889789   3.559155 
   0.0000000000     93.000     20.000   0.885955    0.003266   0.110477   0.000302   0.889221   3.556885 
   0.0000000000     94.000     20.000   0.885468    0.003177   0.111048   0.000307   0.888645   3.554580 
   0.0000000000     95.000     20.000   0.884970    0.003090   0.111628   0.000312   0.888060   3.552239 
   0.0000000000     96.000     20.000   0.884459    0.003006   0.112217   0.000317   0.887465   3.549861 
   0.0000000000     97.000     20.000   0.883938    0.002924   0.112816   0.000323   0.886861   3.547446 
   0.0000000000     98.000     20.000   0.883404    0.002844   0.113423   0.000328   0.886248   3.544993 
   0.0000000000     99.000     20.000   0.882859    0.002766   0.114041   0.000334   0.885625   3.542502 
   0.0000000000    100.000     20.000   0.882302    0.002691   0.114667   0.000340   0.884993   3.539972 
   0.0000000000    101.000     20.000   0.881733    0.002618   0.115304   0.000346   0.884351   3.537403 
   0.0000000000    102.000     20.000   0.881152    0.002546   0.115950   0.000351   0.883698   3.534794 
   0.0000000000    103.000     20.000   0.880559    0.002477   0.116606   0.000357   0.883036   3.532145 
   0.0000000000    104.000     20.000   0.879954    0.002409   0.117273   0.000363   0.882364   3.529455 
   0.0000000000    105.000     20.000   0.879337    0.002344   0.117949   0.000370   0.881681   3.526724 
   0.0000000000    106.000     20.000   0.878708    0.002280   0.118636   0.000376   0.880988   3.523951 
   0.0000000000    107.000     20.000   0.878066    0.002218   0.119334   0.000382   0.880284   3.521136 
   0.0000000000    108.000     20.000   0.877412    0.002157   0.120042   0.000389   0.879569   3.518278 
   0.0000000000    109.000     20.000   0.876745    0.002099   0.120761   0.000395   0.878844   3.515376 
   0.0000000000    110.000     20.000   0.876066    0.002041   0.121490   0.000402   0.878108   3.512431 
   0.0000000000    111.000     20.000   0.875375    0.001986   0.122231   0.000409   0.877360   3.509441 
   0.0000000000    112.000     20.000   0.874670    0.001932   0.122983   0.000416   0.876602   3.506407 
   0.0000000000    113.000     20.000   0.873953    0.001879   0.123746   0.000423   0.875832   3.503326 
   0.0000000000    114.000     20.000   0.873223    0.001827   0.124520   0.000430   0.875050   3.500200 
   0.0000000000    115.000     20.000   0.872479    0.001778   0.125306   0.000437   0.874257   3.497027 
   0.0000000000    116.000     20.000   0.871723    0.001729   0.126104   0.000444   0.873452   3.493807 
   0.0000000000    117.000     20.000   0.870953    0.001682   0.126913   0.000452   0.872635   3.490539 
   0.0000000000    118.000     20.000   0.870170    0.001635   0.127735   0.000460   0.871806   3.487223 
   0.0000000000    119.000     20.000   0.869374    0.001591   0.128568   0.000467   0.870965   3.483858 
   0.0000000000    120.000     20.000   0.868564    0.001547   0.129414   0.000475   0.870111   3.480444 
   0.0000000000    121.000     20.000   0.867741    0.001504   0.130272   0.000483   0.869245   3.476980 
   0.0000000000    122.000     20.000   0.866904    0.001463   0.131142   0.000491   0.868366   3.473466 
   0.0000000000    123.000     20.000   0.866053    0.001423   0.132025   0.000499   0.867475   3.469901 
   0.0000000000    124.000     20.000   0.865188    0.001383   0.132921   0.000508   0.866571   3.466284 
   0.0000000000    125.000     20.000   0.864309    0.001345   0.133830   0.000516   0.865654   3.462615 
   0.0000000000    126.000     20.000   0.863416    0.001308   0.134752   0.000525   0.864723   3.458893 
