#solute size.    Temp(C) Press(Mpa)        fHB          fS        fLJ         fO        xHB        nHB 
   0.0000000000   -173.000    280.000   0.916033    0.000691   0.083248   0.000027   0.916724   3.666896 
   0.0000000000   -172.000    280.000   0.916016    0.000710   0.083246   0.000028   0.916726   3.666905 
   0.0000000000   -171.000    280.000   0.915998    0.000730   0.083243   0.000030   0.916727   3.666910 
   0.0000000000   -170.000    280.000   0.915980    0.000749   0.083240   0.000031   0.916729   3.666917 
   0.0000000000   -169.000    280.000   0.915963    0.000768   0.083237   0.000032   0.916731   3.666923 
   0.0000000000   -168.000    280.000   0.915945    0.000788   0.083234   0.000034   0.916732   3.666929 
   0.0000000000   -167.000    280.000   0.915927    0.000807   0.083231   0.000036   0.916734   3.666935 
   0.0000000000   -166.000    280.000   0.915909    0.000826   0.083227   0.000037   0.916736   3.666942 
   0.0000000000   -165.000    280.000   0.915892    0.000846   0.083224   0.000039   0.916737   3.666948 
   0.0000000000   -164.000    280.000   0.915874    0.000865   0.083221   0.000040   0.916739   3.666955 
   0.0000000000   -163.000    280.000   0.915856    0.000884   0.083217   0.000042   0.916740   3.666961 
   0.0000000000   -162.000    280.000   0.915839    0.000903   0.083214   0.000044   0.916742   3.666968 
   0.0000000000   -161.000    280.000   0.915821    0.000922   0.083211   0.000046   0.916744   3.666974 
   0.0000000000   -160.000    280.000   0.915804    0.000941   0.083207   0.000048   0.916745   3.666980 
   0.0000000000   -159.000    280.000   0.915787    0.000960   0.083204   0.000050   0.916747   3.666987 
   0.0000000000   -158.000    280.000   0.915770    0.000979   0.083200   0.000051   0.916748   3.666993 
   0.0000000000   -157.000    280.000   0.915753    0.000997   0.083197   0.000053   0.916750   3.666999 
   0.0000000000   -156.000    280.000   0.915736    0.001016   0.083193   0.000055   0.916751   3.667005 
   0.0000000000   -155.000    280.000   0.915719    0.001034   0.083190   0.000058   0.916753   3.667011 
   0.0000000000   -154.000    280.000   0.915703    0.001052   0.083186   0.000060   0.916754   3.667017 
   0.0000000000   -153.000    280.000   0.915686    0.001069   0.083182   0.000062   0.916756   3.667023 
   0.0000000000   -152.000    280.000   0.915670    0.001087   0.083179   0.000064   0.916757   3.667029 
   0.0000000000   -151.000    280.000   0.915654    0.001104   0.083175   0.000066   0.916759   3.667035 
   0.0000000000   -150.000    280.000   0.915639    0.001121   0.083171   0.000069   0.916760   3.667040 
   0.0000000000   -149.000    280.000   0.915624    0.001138   0.083168   0.000071   0.916761   3.667046 
   0.0000000000   -148.000    280.000   0.915608    0.001155   0.083164   0.000073   0.916763   3.667052 
   0.0000000000   -147.000    280.000   0.915594    0.001171   0.083160   0.000076   0.916764   3.667057 
   0.0000000000   -146.000    280.000   0.915579    0.001186   0.083156   0.000078   0.916766   3.667062 
   0.0000000000   -145.000    280.000   0.915565    0.001202   0.083153   0.000081   0.916767   3.667067 
   0.0000000000   -144.000    280.000   0.915551    0.001217   0.083149   0.000083   0.916768   3.667072 
   0.0000000000   -143.000    280.000   0.915537    0.001232   0.083145   0.000086   0.916769   3.667077 
   0.0000000000   -142.000    280.000   0.915524    0.001246   0.083141   0.000088   0.916771   3.667082 
   0.0000000000   -141.000    280.000   0.915511    0.001261   0.083137   0.000091   0.916772   3.667087 
   0.0000000000   -140.000    280.000   0.915499    0.001274   0.083133   0.000094   0.916773   3.667091 
   0.0000000000   -139.000    280.000   0.915486    0.001288   0.083129   0.000097   0.916774   3.667096 
   0.0000000000   -138.000    280.000   0.915474    0.001301   0.083126   0.000099   0.916775   3.667100 
   0.0000000000   -137.000    280.000   0.915463    0.001313   0.083122   0.000102   0.916776   3.667104 
   0.0000000000   -136.000    280.000   0.915452    0.001325   0.083118   0.000105   0.916777   3.667108 
   0.0000000000   -135.000    280.000   0.915441    0.001337   0.083114   0.000108   0.916778   3.667112 
   0.0000000000   -134.000    280.000   0.915431    0.001348   0.083110   0.000111   0.916779   3.667116 
   0.0000000000   -133.000    280.000   0.915421    0.001359   0.083106   0.000114   0.916780   3.667120 
   0.0000000000   -132.000    280.000   0.915411    0.001370   0.083102   0.000117   0.916781   3.667123 
   0.0000000000   -131.000    280.000   0.915402    0.001380   0.083098   0.000120   0.916782   3.667126 
   0.0000000000   -130.000    280.000   0.915393    0.001389   0.083094   0.000123   0.916782   3.667130 
   0.0000000000   -129.000    280.000   0.915385    0.001398   0.083090   0.000127   0.916783   3.667133 
   0.0000000000   -128.000    280.000   0.915377    0.001407   0.083086   0.000130   0.916784   3.667135 
   0.0000000000   -127.000    280.000   0.915369    0.001415   0.083082   0.000133   0.916785   3.667138 
   0.0000000000   -126.000    280.000   0.915362    0.001423   0.083078   0.000137   0.916785   3.667141 
   0.0000000000   -125.000    280.000   0.915355    0.001430   0.083074   0.000140   0.916786   3.667143 
   0.0000000000   -124.000    280.000   0.915349    0.001437   0.083070   0.000143   0.916786   3.667145 
   0.0000000000   -123.000    280.000   0.915343    0.001444   0.083066   0.000147   0.916787   3.667147 
   0.0000000000   -122.000    280.000   0.915338    0.001450   0.083062   0.000150   0.916787   3.667149 
   0.0000000000   -121.000    280.000   0.915333    0.001455   0.083058   0.000154   0.916788   3.667151 
   0.0000000000   -120.000    280.000   0.915328    0.001460   0.083054   0.000158   0.916788   3.667153 
   0.0000000000   -119.000    280.000   0.915324    0.001465   0.083050   0.000161   0.916789   3.667154 
   0.0000000000   -118.000    280.000   0.915320    0.001469   0.083046   0.000165   0.916789   3.667156 
   0.0000000000   -117.000    280.000   0.915316    0.001473   0.083042   0.000169   0.916789   3.667157 
   0.0000000000   -116.000    280.000   0.915313    0.001476   0.083038   0.000172   0.916789   3.667158 
   0.0000000000   -115.000    280.000   0.915311    0.001479   0.083034   0.000176   0.916790   3.667159 
   0.0000000000   -114.000    280.000   0.915308    0.001481   0.083030   0.000180   0.916790   3.667159 
   0.0000000000   -113.000    280.000   0.915306    0.001483   0.083026   0.000184   0.916790   3.667160 
   0.0000000000   -112.000    280.000   0.915305    0.001485   0.083022   0.000188   0.916790   3.667160 
   0.0000000000   -111.000    280.000   0.915304    0.001486   0.083018   0.000192   0.916790   3.667160 
   0.0000000000   -110.000    280.000   0.915303    0.001487   0.083014   0.000196   0.916790   3.667160 
   0.0000000000   -109.000    280.000   0.915303    0.001487   0.083010   0.000200   0.916790   3.667160 
   0.0000000000   -108.000    280.000   0.915303    0.001487   0.083006   0.000204   0.916790   3.667160 
   0.0000000000   -107.000    280.000   0.915303    0.001487   0.083002   0.000208   0.916790   3.667160 
   0.0000000000   -106.000    280.000   0.915304    0.001486   0.082998   0.000213   0.916790   3.667159 
   0.0000000000   -105.000    280.000   0.915305    0.001485   0.082994   0.000217   0.916790   3.667158 
   0.0000000000   -104.000    280.000   0.915306    0.001483   0.082989   0.000221   0.916789   3.667157 
   0.0000000000   -103.000    280.000   0.915308    0.001481   0.082985   0.000226   0.916789   3.667156 
   0.0000000000   -102.000    280.000   0.915310    0.001479   0.082981   0.000230   0.916789   3.667155 
   0.0000000000   -101.000    280.000   0.915312    0.001477   0.082977   0.000234   0.916788   3.667154 
   0.0000000000   -100.000    280.000   0.915315    0.001474   0.082973   0.000239   0.916788   3.667152 
   0.0000000000    -99.000    280.000   0.915317    0.001470   0.082969   0.000243   0.916788   3.667151 
   0.0000000000    -98.000    280.000   0.915321    0.001467   0.082965   0.000248   0.916787   3.667149 
   0.0000000000    -97.000    280.000   0.915324    0.001463   0.082961   0.000253   0.916787   3.667147 
   0.0000000000    -96.000    280.000   0.915328    0.001458   0.082956   0.000257   0.916786   3.667145 
   0.0000000000    -95.000    280.000   0.915332    0.001454   0.082952   0.000262   0.916786   3.667143 
   0.0000000000    -94.000    280.000   0.915336    0.001449   0.082948   0.000267   0.916785   3.667140 
   0.0000000000    -93.000    280.000   0.915340    0.001444   0.082944   0.000272   0.916784   3.667138 
   0.0000000000    -92.000    280.000   0.915345    0.001439   0.082940   0.000277   0.916784   3.667135 
   0.0000000000    -91.000    280.000   0.915350    0.001433   0.082936   0.000281   0.916783   3.667132 
   0.0000000000    -90.000    280.000   0.915355    0.001427   0.082931   0.000286   0.916782   3.667129 
   0.0000000000    -89.000    280.000   0.915361    0.001421   0.082927   0.000291   0.916781   3.667126 
   0.0000000000    -88.000    280.000   0.915366    0.001414   0.082923   0.000296   0.916781   3.667122 
   0.0000000000    -87.000    280.000   0.915372    0.001408   0.082919   0.000301   0.916780   3.667119 
   0.0000000000    -86.000    280.000   0.915378    0.001401   0.082915   0.000307   0.916779   3.667115 
   0.0000000000    -85.000    280.000   0.915384    0.001394   0.082911   0.000312   0.916778   3.667111 
   0.0000000000    -84.000    280.000   0.915390    0.001386   0.082906   0.000317   0.916777   3.667107 
   0.0000000000    -83.000    280.000   0.915397    0.001379   0.082902   0.000322   0.916776   3.667102 
   0.0000000000    -82.000    280.000   0.915403    0.001371   0.082898   0.000328   0.916774   3.667098 
   0.0000000000    -81.000    280.000   0.915410    0.001363   0.082894   0.000333   0.916773   3.667093 
   0.0000000000    -80.000    280.000   0.915417    0.001355   0.082890   0.000338   0.916772   3.667088 
   0.0000000000    -79.000    280.000   0.915424    0.001347   0.082886   0.000344   0.916771   3.667083 
   0.0000000000    -78.000    280.000   0.915431    0.001339   0.082881   0.000349   0.916769   3.667077 
   0.0000000000    -77.000    280.000   0.915438    0.001330   0.082877   0.000355   0.916768   3.667072 
   0.0000000000    -76.000    280.000   0.915445    0.001322   0.082873   0.000360   0.916767   3.667066 
   0.0000000000    -75.000    280.000   0.915452    0.001313   0.082869   0.000366   0.916765   3.667060 
   0.0000000000    -74.000    280.000   0.915460    0.001304   0.082865   0.000372   0.916763   3.667054 
   0.0000000000    -73.000    280.000   0.915467    0.001295   0.082861   0.000377   0.916762   3.667047 
   0.0000000000    -72.000    280.000   0.915474    0.001286   0.082857   0.000383   0.916760   3.667040 
   0.0000000000    -71.000    280.000   0.915482    0.001276   0.082853   0.000389   0.916758   3.667033 
   0.0000000000    -70.000    280.000   0.915489    0.001267   0.082849   0.000395   0.916756   3.667026 
   0.0000000000    -69.000    280.000   0.915497    0.001258   0.082845   0.000401   0.916755   3.667018 
   0.0000000000    -68.000    280.000   0.915504    0.001248   0.082841   0.000406   0.916753   3.667010 
   0.0000000000    -67.000    280.000   0.915512    0.001238   0.082837   0.000412   0.916750   3.667002 
   0.0000000000    -66.000    280.000   0.915520    0.001229   0.082833   0.000418   0.916748   3.666993 
   0.0000000000    -65.000    280.000   0.915527    0.001219   0.082829   0.000425   0.916746   3.666984 
   0.0000000000    -64.000    280.000   0.915535    0.001209   0.082826   0.000431   0.916744   3.666975 
   0.0000000000    -63.000    280.000   0.915542    0.001199   0.082822   0.000437   0.916741   3.666965 
   0.0000000000    -62.000    280.000   0.915549    0.001189   0.082818   0.000443   0.916739   3.666955 
   0.0000000000    -61.000    280.000   0.915557    0.001179   0.082815   0.000449   0.916736   3.666945 
   0.0000000000    -60.000    280.000   0.915564    0.001169   0.082811   0.000456   0.916733   3.666934 
   0.0000000000    -59.000    280.000   0.915571    0.001159   0.082807   0.000462   0.916731   3.666923 
   0.0000000000    -58.000    280.000   0.915579    0.001149   0.082804   0.000468   0.916728   3.666911 
   0.0000000000    -57.000    280.000   0.915586    0.001139   0.082801   0.000475   0.916725   3.666899 
   0.0000000000    -56.000    280.000   0.915593    0.001129   0.082797   0.000481   0.916722   3.666886 
   0.0000000000    -55.000    280.000   0.915599    0.001119   0.082794   0.000488   0.916718   3.666873 
   0.0000000000    -54.000    280.000   0.915606    0.001109   0.082791   0.000494   0.916715   3.666859 
   0.0000000000    -53.000    280.000   0.915613    0.001099   0.082788   0.000501   0.916711   3.666845 
   0.0000000000    -52.000    280.000   0.915619    0.001088   0.082785   0.000507   0.916708   3.666831 
   0.0000000000    -51.000    280.000   0.915626    0.001078   0.082782   0.000514   0.916704   3.666815 
   0.0000000000    -50.000    280.000   0.915632    0.001068   0.082779   0.000521   0.916700   3.666800 
   0.0000000000    -49.000    280.000   0.915638    0.001058   0.082777   0.000528   0.916696   3.666783 
   0.0000000000    -48.000    280.000   0.915644    0.001048   0.082774   0.000534   0.916691   3.666766 
   0.0000000000    -47.000    280.000   0.915649    0.001038   0.082772   0.000541   0.916687   3.666748 
   0.0000000000    -46.000    280.000   0.915655    0.001028   0.082769   0.000548   0.916682   3.666730 
   0.0000000000    -45.000    280.000   0.915660    0.001018   0.082767   0.000555   0.916678   3.666711 
   0.0000000000    -44.000    280.000   0.915665    0.001008   0.082765   0.000562   0.916673   3.666691 
   0.0000000000    -43.000    280.000   0.915670    0.000998   0.082763   0.000569   0.916668   3.666670 
   0.0000000000    -42.000    280.000   0.915675    0.000988   0.082762   0.000576   0.916662   3.666649 
   0.0000000000    -41.000    280.000   0.915679    0.000978   0.082760   0.000583   0.916657   3.666627 
   0.0000000000    -40.000    280.000   0.915683    0.000968   0.082759   0.000590   0.916651   3.666604 
   0.0000000000    -39.000    280.000   0.915687    0.000958   0.082757   0.000598   0.916645   3.666580 
   0.0000000000    -38.000    280.000   0.915691    0.000948   0.082756   0.000605   0.916639   3.666555 
   0.0000000000    -37.000    280.000   0.915694    0.000938   0.082756   0.000612   0.916632   3.666529 
   0.0000000000    -36.000    280.000   0.915697    0.000929   0.082755   0.000619   0.916626   3.666502 
   0.0000000000    -35.000    280.000   0.915700    0.000919   0.082754   0.000627   0.916619   3.666475 
   0.0000000000    -34.000    280.000   0.915702    0.000909   0.082754   0.000634   0.916612   3.666446 
   0.0000000000    -33.000    280.000   0.915704    0.000900   0.082754   0.000642   0.916604   3.666416 
   0.0000000000    -32.000    280.000   0.915706    0.000890   0.082754   0.000649   0.916596   3.666385 
   0.0000000000    -31.000    280.000   0.915708    0.000881   0.082755   0.000657   0.916588   3.666354 
   0.0000000000    -30.000    280.000   0.915709    0.000871   0.082756   0.000664   0.916580   3.666320 
   0.0000000000    -29.000    280.000   0.915709    0.000862   0.082756   0.000672   0.916572   3.666286 
   0.0000000000    -28.000    280.000   0.915710    0.000853   0.082758   0.000680   0.916563   3.666251 
   0.0000000000    -27.000    280.000   0.915710    0.000844   0.082759   0.000687   0.916553   3.666214 
   0.0000000000    -26.000    280.000   0.915710    0.000834   0.082761   0.000695   0.916544   3.666176 
   0.0000000000    -25.000    280.000   0.915709    0.000825   0.082763   0.000703   0.916534   3.666136 
   0.0000000000    -24.000    280.000   0.915708    0.000816   0.082765   0.000711   0.916524   3.666096 
   0.0000000000    -23.000    280.000   0.915706    0.000807   0.082768   0.000719   0.916513   3.666053 
   0.0000000000    -22.000    280.000   0.915704    0.000798   0.082771   0.000727   0.916502   3.666010 
   0.0000000000    -21.000    280.000   0.915701    0.000790   0.082774   0.000735   0.916491   3.665964 
   0.0000000000    -20.000    280.000   0.915698    0.000781   0.082778   0.000743   0.916479   3.665918 
   0.0000000000    -19.000    280.000   0.915695    0.000772   0.082782   0.000751   0.916467   3.665869 
   0.0000000000    -18.000    280.000   0.915691    0.000764   0.082786   0.000759   0.916455   3.665819 
   0.0000000000    -17.000    280.000   0.915687    0.000755   0.082791   0.000767   0.916442   3.665768 
   0.0000000000    -16.000    280.000   0.915682    0.000747   0.082796   0.000775   0.916429   3.665714 
   0.0000000000    -15.000    280.000   0.915677    0.000738   0.082802   0.000783   0.916415   3.665659 
   0.0000000000    -14.000    280.000   0.915671    0.000730   0.082808   0.000792   0.916401   3.665602 
   0.0000000000    -13.000    280.000   0.915664    0.000722   0.082814   0.000800   0.916386   3.665544 
   0.0000000000    -12.000    280.000   0.915657    0.000714   0.082821   0.000808   0.916371   3.665483 
   0.0000000000    -11.000    280.000   0.915650    0.000705   0.082828   0.000817   0.916355   3.665420 
   0.0000000000    -10.000    280.000   0.915641    0.000697   0.082836   0.000825   0.916339   3.665355 
   0.0000000000     -9.000    280.000   0.915633    0.000690   0.082844   0.000833   0.916322   3.665289 
   0.0000000000     -8.000    280.000   0.915623    0.000682   0.082853   0.000842   0.916305   3.665220 
   0.0000000000     -7.000    280.000   0.915613    0.000674   0.082862   0.000851   0.916287   3.665149 
   0.0000000000     -6.000    280.000   0.915603    0.000666   0.082872   0.000859   0.916269   3.665075 
   0.0000000000     -5.000    280.000   0.915591    0.000659   0.082882   0.000868   0.916250   3.665000 
   0.0000000000     -4.000    280.000   0.915579    0.000651   0.082893   0.000877   0.916230   3.664922 
   0.0000000000     -3.000    280.000   0.915567    0.000643   0.082904   0.000885   0.916210   3.664841 
   0.0000000000     -2.000    280.000   0.915554    0.000636   0.082916   0.000894   0.916190   3.664759 
   0.0000000000     -1.000    280.000   0.915540    0.000629   0.082929   0.000903   0.916168   3.664673 
   0.0000000000      0.000    280.000   0.915525    0.000621   0.082942   0.000912   0.916146   3.664586 
   0.0000000000      1.000    280.000   0.915510    0.000614   0.082956   0.000921   0.916124   3.664495 
   0.0000000000      2.000    280.000   0.915493    0.000607   0.082970   0.000930   0.916101   3.664402 
   0.0000000000      3.000    280.000   0.915476    0.000600   0.082985   0.000939   0.916077   3.664306 
   0.0000000000      4.000    280.000   0.915459    0.000593   0.083000   0.000948   0.916052   3.664207 
   0.0000000000      5.000    280.000   0.915440    0.000586   0.083017   0.000957   0.916026   3.664106 
   0.0000000000      6.000    280.000   0.915421    0.000579   0.083034   0.000966   0.916000   3.664001 
   0.0000000000      7.000    280.000   0.915401    0.000573   0.083051   0.000975   0.915974   3.663894 
   0.0000000000      8.000    280.000   0.915380    0.000566   0.083070   0.000984   0.915946   3.663783 
   0.0000000000      9.000    280.000   0.915358    0.000559   0.083089   0.000994   0.915917   3.663670 
   0.0000000000     10.000    280.000   0.915335    0.000553   0.083109   0.001003   0.915888   3.663553 
   0.0000000000     11.000    280.000   0.915312    0.000546   0.083130   0.001012   0.915858   3.663433 
   0.0000000000     12.000    280.000   0.915287    0.000540   0.083151   0.001022   0.915827   3.663310 
   0.0000000000     13.000    280.000   0.915262    0.000534   0.083173   0.001031   0.915796   3.663183 
   0.0000000000     14.000    280.000   0.915236    0.000527   0.083196   0.001040   0.915763   3.663053 
   0.0000000000     15.000    280.000   0.915209    0.000521   0.083220   0.001050   0.915730   3.662919 
   0.0000000000     16.000    280.000   0.915180    0.000515   0.083245   0.001060   0.915695   3.662781 
   0.0000000000     17.000    280.000   0.915151    0.000509   0.083271   0.001069   0.915660   3.662640 
   0.0000000000     18.000    280.000   0.915121    0.000503   0.083297   0.001079   0.915624   3.662496 
   0.0000000000     19.000    280.000   0.915090    0.000497   0.083325   0.001089   0.915587   3.662347 
   0.0000000000     20.000    280.000   0.915057    0.000491   0.083353   0.001098   0.915549   3.662195 
   0.0000000000     21.000    280.000   0.915024    0.000485   0.083382   0.001108   0.915510   3.662038 
   0.0000000000     22.000    280.000   0.914990    0.000480   0.083412   0.001118   0.915469   3.661878 
   0.0000000000     23.000    280.000   0.914954    0.000474   0.083444   0.001128   0.915428   3.661713 
   0.0000000000     24.000    280.000   0.914918    0.000468   0.083476   0.001138   0.915386   3.661544 
   0.0000000000     25.000    280.000   0.914880    0.000463   0.083509   0.001148   0.915343   3.661371 
   0.0000000000     26.000    280.000   0.914841    0.000457   0.083543   0.001158   0.915299   3.661194 
   0.0000000000     27.000    280.000   0.914801    0.000452   0.083579   0.001168   0.915253   3.661012 
   0.0000000000     28.000    280.000   0.914760    0.000447   0.083615   0.001178   0.915207   3.660826 
   0.0000000000     29.000    280.000   0.914717    0.000441   0.083653   0.001188   0.915159   3.660635 
   0.0000000000     30.000    280.000   0.914674    0.000436   0.083691   0.001199   0.915110   3.660440 
   0.0000000000     31.000    280.000   0.914629    0.000431   0.083731   0.001209   0.915060   3.660240 
   0.0000000000     32.000    280.000   0.914583    0.000426   0.083772   0.001219   0.915009   3.660034 
   0.0000000000     33.000    280.000   0.914535    0.000421   0.083814   0.001230   0.914956   3.659824 
   0.0000000000     34.000    280.000   0.914486    0.000416   0.083857   0.001240   0.914902   3.659610 
   0.0000000000     35.000    280.000   0.914436    0.000411   0.083902   0.001251   0.914847   3.659389 
   0.0000000000     36.000    280.000   0.914385    0.000406   0.083948   0.001261   0.914791   3.659164 
   0.0000000000     37.000    280.000   0.914332    0.000401   0.083995   0.001272   0.914733   3.658934 
   0.0000000000     38.000    280.000   0.914278    0.000397   0.084043   0.001283   0.914675   3.658698 
   0.0000000000     39.000    280.000   0.914222    0.000392   0.084092   0.001293   0.914614   3.658457 
   0.0000000000     40.000    280.000   0.914165    0.000387   0.084143   0.001304   0.914553   3.658210 
   0.0000000000     41.000    280.000   0.914107    0.000383   0.084196   0.001315   0.914489   3.657958 
   0.0000000000     42.000    280.000   0.914047    0.000378   0.084249   0.001326   0.914425   3.657700 
   0.0000000000     43.000    280.000   0.913985    0.000374   0.084304   0.001337   0.914359   3.657436 
   0.0000000000     44.000    280.000   0.913922    0.000369   0.084361   0.001348   0.914292   3.657167 
   0.0000000000     45.000    280.000   0.913858    0.000365   0.084418   0.001359   0.914223   3.656891 
   0.0000000000     46.000    280.000   0.913792    0.000361   0.084478   0.001370   0.914152   3.656609 
   0.0000000000     47.000    280.000   0.913724    0.000356   0.084538   0.001381   0.914080   3.656322 
   0.0000000000     48.000    280.000   0.913655    0.000352   0.084601   0.001392   0.914007   3.656028 
   0.0000000000     49.000    280.000   0.913584    0.000348   0.084665   0.001404   0.913932   3.655727 
   0.0000000000     50.000    280.000   0.913511    0.000344   0.084730   0.001415   0.913855   3.655420 
   0.0000000000     51.000    280.000   0.913437    0.000340   0.084797   0.001426   0.913777   3.655107 
   0.0000000000     52.000    280.000   0.913361    0.000336   0.084865   0.001438   0.913697   3.654787 
   0.0000000000     53.000    280.000   0.913283    0.000332   0.084935   0.001449   0.913615   3.654460 
   0.0000000000     54.000    280.000   0.913204    0.000328   0.085007   0.001461   0.913532   3.654127 
   0.0000000000     55.000    280.000   0.913123    0.000324   0.085081   0.001473   0.913447   3.653787 
   0.0000000000     56.000    280.000   0.913040    0.000320   0.085156   0.001484   0.913360   3.653439 
   0.0000000000     57.000    280.000   0.912955    0.000316   0.085233   0.001496   0.913271   3.653085 
   0.0000000000     58.000    280.000   0.912868    0.000313   0.085311   0.001508   0.913181   3.652723 
   0.0000000000     59.000    280.000   0.912779    0.000309   0.085392   0.001520   0.913088   3.652354 
   0.0000000000     60.000    280.000   0.912689    0.000305   0.085474   0.001532   0.912994   3.651977 
   0.0000000000     61.000    280.000   0.912597    0.000302   0.085558   0.001544   0.912898   3.651593 
   0.0000000000     62.000    280.000   0.912502    0.000298   0.085643   0.001556   0.912800   3.651202 
   0.0000000000     63.000    280.000   0.912406    0.000295   0.085731   0.001568   0.912701   3.650802 
   0.0000000000     64.000    280.000   0.912308    0.000291   0.085821   0.001581   0.912599   3.650395 
   0.0000000000     65.000    280.000   0.912207    0.000288   0.085912   0.001593   0.912495   3.649980 
   0.0000000000     66.000    280.000   0.912105    0.000284   0.086005   0.001605   0.912389   3.649556 
   0.0000000000     67.000    280.000   0.912000    0.000281   0.086101   0.001618   0.912281   3.649125 
   0.0000000000     68.000    280.000   0.911894    0.000278   0.086198   0.001630   0.912171   3.648685 
   0.0000000000     69.000    280.000   0.911785    0.000274   0.086298   0.001643   0.912059   3.648237 
   0.0000000000     70.000    280.000   0.911674    0.000271   0.086399   0.001656   0.911945   3.647780 
   0.0000000000     71.000    280.000   0.911561    0.000268   0.086503   0.001669   0.911829   3.647315 
   0.0000000000     72.000    280.000   0.911446    0.000265   0.086608   0.001681   0.911710   3.646841 
   0.0000000000     73.000    280.000   0.911328    0.000262   0.086716   0.001694   0.911590   3.646358 
   0.0000000000     74.000    280.000   0.911208    0.000259   0.086826   0.001707   0.911467   3.645866 
   0.0000000000     75.000    280.000   0.911086    0.000255   0.086938   0.001721   0.911341   3.645366 
   0.0000000000     76.000    280.000   0.910961    0.000252   0.087052   0.001734   0.911214   3.644856 
   0.0000000000     77.000    280.000   0.910835    0.000249   0.087169   0.001747   0.911084   3.644336 
   0.0000000000     78.000    280.000   0.910705    0.000246   0.087288   0.001760   0.910952   3.643807 
   0.0000000000     79.000    280.000   0.910574    0.000244   0.087409   0.001774   0.910817   3.643269 
   0.0000000000     80.000    280.000   0.910440    0.000241   0.087532   0.001787   0.910680   3.642721 
   0.0000000000     81.000    280.000   0.910303    0.000238   0.087658   0.001801   0.910541   3.642164 
   0.0000000000     82.000    280.000   0.910164    0.000235   0.087786   0.001815   0.910399   3.641596 
   0.0000000000     83.000    280.000   0.910022    0.000232   0.087917   0.001828   0.910255   3.641018 
   0.0000000000     84.000    280.000   0.909878    0.000230   0.088050   0.001842   0.910108   3.640430 
   0.0000000000     85.000    280.000   0.909731    0.000227   0.088186   0.001856   0.909958   3.639832 
   0.0000000000     86.000    280.000   0.909582    0.000224   0.088324   0.001870   0.909806   3.639224 
   0.0000000000     87.000    280.000   0.909430    0.000221   0.088464   0.001884   0.909651   3.638605 
   0.0000000000     88.000    280.000   0.909275    0.000219   0.088607   0.001899   0.909494   3.637975 
   0.0000000000     89.000    280.000   0.909118    0.000216   0.088753   0.001913   0.909334   3.637335 
   0.0000000000     90.000    280.000   0.908957    0.000214   0.088902   0.001927   0.909171   3.636684 
   0.0000000000     91.000    280.000   0.908794    0.000211   0.089053   0.001942   0.909005   3.636021 
   0.0000000000     92.000    280.000   0.908628    0.000209   0.089206   0.001957   0.908837   3.635348 
   0.0000000000     93.000    280.000   0.908460    0.000206   0.089363   0.001971   0.908666   3.634663 
   0.0000000000     94.000    280.000   0.908288    0.000204   0.089522   0.001986   0.908492   3.633967 
   0.0000000000     95.000    280.000   0.908114    0.000201   0.089684   0.002001   0.908315   3.633259 
   0.0000000000     96.000    280.000   0.907936    0.000199   0.089849   0.002016   0.908135   3.632540 
   0.0000000000     97.000    280.000   0.907756    0.000197   0.090016   0.002031   0.907952   3.631809 
   0.0000000000     98.000    280.000   0.907572    0.000194   0.090187   0.002047   0.907766   3.631066 
   0.0000000000     99.000    280.000   0.907386    0.000192   0.090360   0.002062   0.907578   3.630311 
   0.0000000000    100.000    280.000   0.907196    0.000190   0.090537   0.002078   0.907386   3.629543 
   0.0000000000    101.000    280.000   0.907003    0.000187   0.090716   0.002093   0.907191   3.628763 
   0.0000000000    102.000    280.000   0.906808    0.000185   0.090898   0.002109   0.906993   3.627971 
   0.0000000000    103.000    280.000   0.906609    0.000183   0.091084   0.002125   0.906791   3.627166 
   0.0000000000    104.000    280.000   0.906406    0.000181   0.091272   0.002141   0.906587   3.626348 
   0.0000000000    105.000    280.000   0.906201    0.000179   0.091464   0.002157   0.906379   3.625518 
   0.0000000000    106.000    280.000   0.905992    0.000176   0.091659   0.002173   0.906168   3.624674 
   0.0000000000    107.000    280.000   0.905780    0.000174   0.091857   0.002189   0.905954   3.623817 
   0.0000000000    108.000    280.000   0.905564    0.000172   0.092058   0.002206   0.905737   3.622947 
   0.0000000000    109.000    280.000   0.905346    0.000170   0.092262   0.002222   0.905516   3.622063 
   0.0000000000    110.000    280.000   0.905123    0.000168   0.092470   0.002239   0.905291   3.621165 
   0.0000000000    111.000    280.000   0.904897    0.000166   0.092681   0.002256   0.905064   3.620254 
   0.0000000000    112.000    280.000   0.904668    0.000164   0.092895   0.002272   0.904832   3.619329 
   0.0000000000    113.000    280.000   0.904435    0.000162   0.093113   0.002289   0.904597   3.618390 
   0.0000000000    114.000    280.000   0.904199    0.000160   0.093334   0.002307   0.904359   3.617436 
   0.0000000000    115.000    280.000   0.903959    0.000158   0.093559   0.002324   0.904117   3.616468 
   0.0000000000    116.000    280.000   0.903715    0.000156   0.093787   0.002341   0.903871   3.615486 
   0.0000000000    117.000    280.000   0.903468    0.000155   0.094019   0.002359   0.903622   3.614489 
   0.0000000000    118.000    280.000   0.903217    0.000153   0.094254   0.002377   0.903369   3.613477 
   0.0000000000    119.000    280.000   0.902962    0.000151   0.094493   0.002395   0.903112   3.612450 
   0.0000000000    120.000    280.000   0.902703    0.000149   0.094735   0.002413   0.902852   3.611407 
   0.0000000000    121.000    280.000   0.902440    0.000147   0.094982   0.002431   0.902587   3.610350 
   0.0000000000    122.000    280.000   0.902174    0.000145   0.095232   0.002449   0.902319   3.609277 
   0.0000000000    123.000    280.000   0.901903    0.000144   0.095485   0.002468   0.902047   3.608188 
   0.0000000000    124.000    280.000   0.901629    0.000142   0.095743   0.002486   0.901771   3.607084 
   0.0000000000    125.000    280.000   0.901351    0.000140   0.096004   0.002505   0.901491   3.605964 
   0.0000000000    126.000    280.000   0.901068    0.000138   0.096269   0.002524   0.901207   3.604827 
