#solute size.    Temp(C) Press(Mpa)        fHB          fS        fLJ         fO        xHB        nHB 
   0.0000000000   -173.000    170.000   0.000258    0.999718   0.000023   0.000000   0.999977   3.999906 
   0.0000000000   -172.000    170.000   0.000303    0.999669   0.000028   0.000000   0.999972   3.999890 
   0.0000000000   -171.000    170.000   0.000355    0.999612   0.000032   0.000000   0.999968   3.999871 
   0.0000000000   -170.000    170.000   0.000415    0.999547   0.000038   0.000000   0.999962   3.999849 
   0.0000000000   -169.000    170.000   0.000484    0.999472   0.000044   0.000000   0.999956   3.999824 
   0.0000000000   -168.000    170.000   0.000562    0.999387   0.000051   0.000000   0.999949   3.999796 
   0.0000000000   -167.000    170.000   0.000652    0.999289   0.000059   0.000000   0.999941   3.999763 
   0.0000000000   -166.000    170.000   0.000754    0.999177   0.000069   0.000000   0.999931   3.999726 
   0.0000000000   -165.000    170.000   0.000871    0.999050   0.000079   0.000000   0.999921   3.999683 
   0.0000000000   -164.000    170.000   0.001004    0.998905   0.000091   0.000000   0.999909   3.999635 
   0.0000000000   -163.000    170.000   0.001154    0.998741   0.000105   0.000000   0.999895   3.999580 
   0.0000000000   -162.000    170.000   0.001324    0.998555   0.000120   0.000000   0.999880   3.999518 
   0.0000000000   -161.000    170.000   0.001517    0.998345   0.000138   0.000000   0.999862   3.999448 
   0.0000000000   -160.000    170.000   0.001734    0.998108   0.000158   0.000000   0.999842   3.999369 
   0.0000000000   -159.000    170.000   0.001979    0.997841   0.000180   0.000000   0.999820   3.999280 
   0.0000000000   -158.000    170.000   0.002254    0.997541   0.000205   0.000000   0.999795   3.999180 
   0.0000000000   -157.000    170.000   0.002564    0.997203   0.000233   0.000000   0.999767   3.999068 
   0.0000000000   -156.000    170.000   0.002910    0.996825   0.000265   0.000000   0.999735   3.998942 
   0.0000000000   -155.000    170.000   0.003299    0.996401   0.000300   0.000000   0.999700   3.998800 
   0.0000000000   -154.000    170.000   0.003734    0.995927   0.000339   0.000000   0.999661   3.998642 
   0.0000000000   -153.000    170.000   0.004219    0.995397   0.000384   0.000000   0.999616   3.998466 
   0.0000000000   -152.000    170.000   0.004761    0.994807   0.000433   0.000000   0.999567   3.998269 
   0.0000000000   -151.000    170.000   0.005364    0.994148   0.000488   0.000000   0.999512   3.998049 
   0.0000000000   -150.000    170.000   0.006036    0.993416   0.000549   0.000000   0.999451   3.997805 
   0.0000000000   -149.000    170.000   0.006782    0.992601   0.000617   0.000000   0.999383   3.997534 
   0.0000000000   -148.000    170.000   0.007612    0.991696   0.000692   0.000000   0.999308   3.997232 
   0.0000000000   -147.000    170.000   0.008532    0.990693   0.000776   0.000000   0.999224   3.996898 
   0.0000000000   -146.000    170.000   0.009552    0.989580   0.000868   0.000000   0.999132   3.996527 
   0.0000000000   -145.000    170.000   0.010681    0.988348   0.000971   0.000000   0.999029   3.996116 
   0.0000000000   -144.000    170.000   0.011930    0.986985   0.001085   0.000000   0.998915   3.995662 
   0.0000000000   -143.000    170.000   0.013312    0.985478   0.001210   0.000000   0.998790   3.995159 
   0.0000000000   -142.000    170.000   0.014839    0.983812   0.001349   0.000000   0.998651   3.994604 
   0.0000000000   -141.000    170.000   0.016524    0.981974   0.001502   0.000000   0.998498   3.993991 
   0.0000000000   -140.000    170.000   0.018384    0.979945   0.001671   0.000000   0.998329   3.993315 
   0.0000000000   -139.000    170.000   0.020435    0.977707   0.001858   0.000000   0.998142   3.992569 
   0.0000000000   -138.000    170.000   0.022696    0.975240   0.002063   0.000000   0.997937   3.991747 
   0.0000000000   -137.000    170.000   0.025188    0.972522   0.002290   0.000000   0.997710   3.990841 
   0.0000000000   -136.000    170.000   0.027935    0.969526   0.002539   0.000000   0.997460   3.989842 
   0.0000000000   -135.000    170.000   0.030958    0.966227   0.002814   0.000000   0.997186   3.988742 
   0.0000000000   -134.000    170.000   0.034288    0.962594   0.003117   0.000000   0.996883   3.987531 
   0.0000000000   -133.000    170.000   0.037956    0.958594   0.003451   0.000000   0.996549   3.986198 
   0.0000000000   -132.000    170.000   0.041995    0.954187   0.003818   0.000000   0.996182   3.984729 
   0.0000000000   -131.000    170.000   0.046445    0.949333   0.004222   0.000000   0.995778   3.983111 
   0.0000000000   -130.000    170.000   0.051348    0.943983   0.004668   0.000000   0.995332   3.981328 
   0.0000000000   -129.000    170.000   0.056759    0.938081   0.005160   0.000000   0.994840   3.979360 
   0.0000000000   -128.000    170.000   0.062727    0.931571   0.005702   0.000000   0.994298   3.977190 
   0.0000000000   -127.000    170.000   0.069317    0.924381   0.006302   0.000000   0.993698   3.974794 
   0.0000000000   -126.000    170.000   0.076605    0.916431   0.006964   0.000000   0.993036   3.972143 
   0.0000000000   -125.000    170.000   0.084682    0.907620   0.007698   0.000000   0.992302   3.969206 
   0.0000000000   -124.000    170.000   0.093638    0.897850   0.008512   0.000000   0.991487   3.965950 
   0.0000000000   -123.000    170.000   0.103595    0.886987   0.009418   0.000000   0.990582   3.962329 
   0.0000000000   -122.000    170.000   0.114710    0.874862   0.010428   0.000000   0.989572   3.958287 
   0.0000000000   -121.000    170.000   0.127137    0.861305   0.011558   0.000000   0.988442   3.953768 
   0.0000000000   -120.000    170.000   0.141119    0.846052   0.012829   0.000000   0.987171   3.948683 
   0.0000000000   -119.000    170.000   0.156922    0.828812   0.014265   0.000000   0.985734   3.942937 
   0.0000000000   -118.000    170.000   0.174914    0.809185   0.015901   0.000001   0.984098   3.936394 
   0.0000000000   -117.000    170.000   0.195592    0.786627   0.017781   0.000001   0.982219   3.928875 
   0.0000000000   -116.000    170.000   0.219661    0.760370   0.019969   0.000001   0.980030   3.920122 
   0.0000000000   -115.000    170.000   0.248218    0.729216   0.022565   0.000001   0.977434   3.909737 
   0.0000000000   -114.000    170.000   0.283041    0.691227   0.025730   0.000001   0.974268   3.897074 
   0.0000000000   -113.000    170.000   0.327491    0.642736   0.029771   0.000002   0.970227   3.880910 
   0.0000000000   -112.000    170.000   0.389403    0.575196   0.035399   0.000003   0.964599   3.858396 
   0.0000000000   -111.000    170.000   0.495153    0.459832   0.045011   0.000004   0.954985   3.819940 
   0.0000000000   -110.000    170.000   0.638234    0.303744   0.058015   0.000008   0.941977   3.767910 
   0.0000000000   -109.000    170.000   0.697195    0.239422   0.063373   0.000010   0.936617   3.746469 
   0.0000000000   -108.000    170.000   0.728647    0.205111   0.066230   0.000012   0.933758   3.735031 
   0.0000000000   -107.000    170.000   0.749877    0.181950   0.068159   0.000014   0.931828   3.727310 
   0.0000000000   -106.000    170.000   0.765790    0.164591   0.069604   0.000015   0.930381   3.721523 
   0.0000000000   -105.000    170.000   0.778444    0.150786   0.070753   0.000017   0.929230   3.716921 
   0.0000000000   -104.000    170.000   0.788907    0.139372   0.071703   0.000018   0.928279   3.713115 
   0.0000000000   -103.000    170.000   0.797777    0.129695   0.072509   0.000019   0.927472   3.709889 
   0.0000000000   -102.000    170.000   0.805463    0.121311   0.073206   0.000020   0.926773   3.707093 
   0.0000000000   -101.000    170.000   0.812196    0.113965   0.073818   0.000022   0.926161   3.704643 
   0.0000000000   -100.000    170.000   0.818194    0.107421   0.074362   0.000023   0.925615   3.702461 
   0.0000000000    -99.000    170.000   0.823588    0.101537   0.074851   0.000024   0.925124   3.700498 
   0.0000000000    -98.000    170.000   0.828456    0.096225   0.075293   0.000025   0.924682   3.698726 
   0.0000000000    -97.000    170.000   0.832890    0.091388   0.075695   0.000027   0.924278   3.697112 
   0.0000000000    -96.000    170.000   0.836961    0.086947   0.076064   0.000028   0.923908   3.695630 
   0.0000000000    -95.000    170.000   0.840700    0.082867   0.076403   0.000029   0.923567   3.694269 
   0.0000000000    -94.000    170.000   0.844165    0.079086   0.076718   0.000031   0.923252   3.693007 
   0.0000000000    -93.000    170.000   0.847375    0.075584   0.077009   0.000032   0.922959   3.691837 
   0.0000000000    -92.000    170.000   0.850371    0.072316   0.077280   0.000033   0.922686   3.690746 
   0.0000000000    -91.000    170.000   0.853163    0.069269   0.077533   0.000035   0.922432   3.689728 
   0.0000000000    -90.000    170.000   0.855784    0.066409   0.077771   0.000036   0.922193   3.688772 
   0.0000000000    -89.000    170.000   0.858245    0.063723   0.077994   0.000037   0.921969   3.687874 
   0.0000000000    -88.000    170.000   0.860556    0.061202   0.078203   0.000039   0.921758   3.687031 
   0.0000000000    -87.000    170.000   0.862740    0.058819   0.078401   0.000040   0.921558   3.686234 
   0.0000000000    -86.000    170.000   0.864802    0.056568   0.078588   0.000042   0.921370   3.685480 
   0.0000000000    -85.000    170.000   0.866754    0.054438   0.078765   0.000043   0.921192   3.684767 
   0.0000000000    -84.000    170.000   0.868602    0.052420   0.078933   0.000045   0.921023   3.684091 
   0.0000000000    -83.000    170.000   0.870354    0.050509   0.079091   0.000046   0.920862   3.683450 
   0.0000000000    -82.000    170.000   0.872021    0.048689   0.079243   0.000048   0.920710   3.682839 
   0.0000000000    -81.000    170.000   0.873607    0.046957   0.079386   0.000049   0.920564   3.682257 
   0.0000000000    -80.000    170.000   0.875117    0.045309   0.079523   0.000051   0.920426   3.681703 
   0.0000000000    -79.000    170.000   0.876557    0.043737   0.079654   0.000053   0.920293   3.681174 
   0.0000000000    -78.000    170.000   0.877930    0.042237   0.079779   0.000054   0.920167   3.680669 
   0.0000000000    -77.000    170.000   0.879240    0.040806   0.079898   0.000056   0.920047   3.680186 
   0.0000000000    -76.000    170.000   0.880495    0.039436   0.080012   0.000057   0.919931   3.679723 
   0.0000000000    -75.000    170.000   0.881695    0.038125   0.080121   0.000059   0.919820   3.679280 
   0.0000000000    -74.000    170.000   0.882843    0.036871   0.080225   0.000061   0.919714   3.678855 
   0.0000000000    -73.000    170.000   0.883944    0.035668   0.080326   0.000063   0.919612   3.678447 
   0.0000000000    -72.000    170.000   0.884998    0.034516   0.080422   0.000064   0.919514   3.678055 
   0.0000000000    -71.000    170.000   0.886010    0.033410   0.080514   0.000066   0.919420   3.677679 
   0.0000000000    -70.000    170.000   0.886981    0.032348   0.080603   0.000068   0.919329   3.677316 
   0.0000000000    -69.000    170.000   0.887911    0.031331   0.080688   0.000070   0.919242   3.676968 
   0.0000000000    -68.000    170.000   0.888807    0.030351   0.080770   0.000072   0.919158   3.676632 
   0.0000000000    -67.000    170.000   0.889668    0.029409   0.080849   0.000074   0.919077   3.676308 
   0.0000000000    -66.000    170.000   0.890496    0.028503   0.080926   0.000076   0.918999   3.675995 
   0.0000000000    -65.000    170.000   0.891293    0.027631   0.080999   0.000078   0.918923   3.675693 
   0.0000000000    -64.000    170.000   0.892059    0.026791   0.081070   0.000080   0.918850   3.675401 
   0.0000000000    -63.000    170.000   0.892797    0.025983   0.081139   0.000082   0.918780   3.675119 
   0.0000000000    -62.000    170.000   0.893508    0.025204   0.081205   0.000084   0.918712   3.674847 
   0.0000000000    -61.000    170.000   0.894192    0.024453   0.081269   0.000086   0.918646   3.674583 
   0.0000000000    -60.000    170.000   0.894852    0.023729   0.081330   0.000088   0.918582   3.674327 
   0.0000000000    -59.000    170.000   0.895488    0.023031   0.081390   0.000090   0.918520   3.674079 
   0.0000000000    -58.000    170.000   0.896102    0.022358   0.081448   0.000092   0.918460   3.673838 
   0.0000000000    -57.000    170.000   0.896693    0.021708   0.081505   0.000094   0.918401   3.673604 
   0.0000000000    -56.000    170.000   0.897264    0.021080   0.081559   0.000097   0.918344   3.673378 
   0.0000000000    -55.000    170.000   0.897815    0.020474   0.081612   0.000099   0.918289   3.673157 
   0.0000000000    -54.000    170.000   0.898346    0.019890   0.081663   0.000101   0.918236   3.672943 
   0.0000000000    -53.000    170.000   0.898859    0.019324   0.081713   0.000103   0.918183   3.672733 
   0.0000000000    -52.000    170.000   0.899355    0.018778   0.081762   0.000106   0.918132   3.672530 
   0.0000000000    -51.000    170.000   0.899834    0.018249   0.081809   0.000108   0.918083   3.672331 
   0.0000000000    -50.000    170.000   0.900296    0.017738   0.081855   0.000110   0.918034   3.672137 
   0.0000000000    -49.000    170.000   0.900743    0.017244   0.081900   0.000113   0.917987   3.671948 
   0.0000000000    -48.000    170.000   0.901175    0.016766   0.081944   0.000115   0.917941   3.671763 
   0.0000000000    -47.000    170.000   0.901592    0.016304   0.081987   0.000118   0.917895   3.671582 
   0.0000000000    -46.000    170.000   0.901995    0.015856   0.082029   0.000120   0.917851   3.671404 
   0.0000000000    -45.000    170.000   0.902385    0.015423   0.082070   0.000123   0.917808   3.671231 
   0.0000000000    -44.000    170.000   0.902762    0.015003   0.082110   0.000125   0.917765   3.671060 
   0.0000000000    -43.000    170.000   0.903126    0.014597   0.082149   0.000128   0.917723   3.670893 
   0.0000000000    -42.000    170.000   0.903478    0.014204   0.082187   0.000131   0.917682   3.670728 
   0.0000000000    -41.000    170.000   0.903819    0.013823   0.082225   0.000133   0.917642   3.670566 
   0.0000000000    -40.000    170.000   0.904148    0.013454   0.082262   0.000136   0.917602   3.670407 
   0.0000000000    -39.000    170.000   0.904466    0.013096   0.082299   0.000139   0.917562   3.670250 
   0.0000000000    -38.000    170.000   0.904774    0.012749   0.082335   0.000141   0.917524   3.670095 
   0.0000000000    -37.000    170.000   0.905072    0.012413   0.082370   0.000144   0.917485   3.669942 
   0.0000000000    -36.000    170.000   0.905360    0.012088   0.082405   0.000147   0.917448   3.669790 
   0.0000000000    -35.000    170.000   0.905638    0.011772   0.082440   0.000150   0.917410   3.669641 
   0.0000000000    -34.000    170.000   0.905908    0.011465   0.082474   0.000153   0.917373   3.669492 
   0.0000000000    -33.000    170.000   0.906168    0.011168   0.082508   0.000156   0.917336   3.669345 
   0.0000000000    -32.000    170.000   0.906420    0.010880   0.082542   0.000159   0.917300   3.669199 
   0.0000000000    -31.000    170.000   0.906663    0.010601   0.082575   0.000162   0.917264   3.669054 
   0.0000000000    -30.000    170.000   0.906898    0.010329   0.082608   0.000165   0.917227   3.668910 
   0.0000000000    -29.000    170.000   0.907126    0.010066   0.082641   0.000168   0.917192   3.668766 
   0.0000000000    -28.000    170.000   0.907345    0.009810   0.082674   0.000171   0.917156   3.668623 
   0.0000000000    -27.000    170.000   0.907558    0.009562   0.082706   0.000174   0.917120   3.668480 
   0.0000000000    -26.000    170.000   0.907763    0.009321   0.082739   0.000177   0.917084   3.668337 
   0.0000000000    -25.000    170.000   0.907961    0.009088   0.082771   0.000180   0.917049   3.668195 
   0.0000000000    -24.000    170.000   0.908152    0.008861   0.082804   0.000183   0.917013   3.668052 
   0.0000000000    -23.000    170.000   0.908337    0.008640   0.082836   0.000187   0.916977   3.667909 
   0.0000000000    -22.000    170.000   0.908516    0.008426   0.082869   0.000190   0.916941   3.667765 
   0.0000000000    -21.000    170.000   0.908688    0.008218   0.082901   0.000193   0.916905   3.667621 
   0.0000000000    -20.000    170.000   0.908854    0.008015   0.082934   0.000197   0.916869   3.667477 
   0.0000000000    -19.000    170.000   0.909014    0.007819   0.082967   0.000200   0.916833   3.667331 
   0.0000000000    -18.000    170.000   0.909168    0.007628   0.083000   0.000203   0.916796   3.667185 
   0.0000000000    -17.000    170.000   0.909317    0.007442   0.083034   0.000207   0.916759   3.667038 
   0.0000000000    -16.000    170.000   0.909460    0.007262   0.083067   0.000210   0.916722   3.666890 
   0.0000000000    -15.000    170.000   0.909598    0.007087   0.083101   0.000214   0.916685   3.666740 
   0.0000000000    -14.000    170.000   0.909731    0.006916   0.083135   0.000217   0.916647   3.666589 
   0.0000000000    -13.000    170.000   0.909859    0.006750   0.083170   0.000221   0.916609   3.666436 
   0.0000000000    -12.000    170.000   0.909981    0.006589   0.083205   0.000225   0.916570   3.666282 
   0.0000000000    -11.000    170.000   0.910099    0.006432   0.083240   0.000228   0.916531   3.666125 
   0.0000000000    -10.000    170.000   0.910212    0.006280   0.083276   0.000232   0.916492   3.665967 
   0.0000000000     -9.000    170.000   0.910320    0.006132   0.083313   0.000236   0.916452   3.665807 
   0.0000000000     -8.000    170.000   0.910424    0.005987   0.083349   0.000239   0.916411   3.665645 
   0.0000000000     -7.000    170.000   0.910523    0.005847   0.083387   0.000243   0.916370   3.665481 
   0.0000000000     -6.000    170.000   0.910618    0.005710   0.083424   0.000247   0.916328   3.665314 
   0.0000000000     -5.000    170.000   0.910709    0.005577   0.083463   0.000251   0.916286   3.665144 
   0.0000000000     -4.000    170.000   0.910795    0.005448   0.083502   0.000255   0.916243   3.664972 
   0.0000000000     -3.000    170.000   0.910877    0.005322   0.083542   0.000259   0.916199   3.664798 
   0.0000000000     -2.000    170.000   0.910956    0.005199   0.083582   0.000263   0.916155   3.664620 
   0.0000000000     -1.000    170.000   0.911030    0.005080   0.083623   0.000267   0.916110   3.664439 
   0.0000000000      0.000    170.000   0.911100    0.004964   0.083665   0.000271   0.916064   3.664255 
   0.0000000000      1.000    170.000   0.911167    0.004851   0.083708   0.000275   0.916017   3.664068 
   0.0000000000      2.000    170.000   0.911229    0.004740   0.083751   0.000279   0.915970   3.663878 
   0.0000000000      3.000    170.000   0.911288    0.004633   0.083796   0.000283   0.915921   3.663684 
   0.0000000000      4.000    170.000   0.911343    0.004529   0.083841   0.000288   0.915872   3.663487 
   0.0000000000      5.000    170.000   0.911395    0.004427   0.083887   0.000292   0.915821   3.663286 
   0.0000000000      6.000    170.000   0.911443    0.004327   0.083934   0.000296   0.915770   3.663081 
   0.0000000000      7.000    170.000   0.911487    0.004231   0.083982   0.000300   0.915718   3.662872 
   0.0000000000      8.000    170.000   0.911528    0.004137   0.084031   0.000305   0.915665   3.662659 
   0.0000000000      9.000    170.000   0.911566    0.004045   0.084080   0.000309   0.915610   3.662442 
   0.0000000000     10.000    170.000   0.911600    0.003955   0.084131   0.000314   0.915555   3.662220 
   0.0000000000     11.000    170.000   0.911630    0.003868   0.084183   0.000318   0.915499   3.661994 
   0.0000000000     12.000    170.000   0.911658    0.003783   0.084236   0.000323   0.915441   3.661764 
   0.0000000000     13.000    170.000   0.911682    0.003700   0.084291   0.000327   0.915382   3.661529 
   0.0000000000     14.000    170.000   0.911702    0.003620   0.084346   0.000332   0.915322   3.661289 
   0.0000000000     15.000    170.000   0.911720    0.003541   0.084403   0.000337   0.915261   3.661044 
   0.0000000000     16.000    170.000   0.911734    0.003464   0.084460   0.000341   0.915198   3.660794 
   0.0000000000     17.000    170.000   0.911745    0.003389   0.084519   0.000346   0.915135   3.660539 
   0.0000000000     18.000    170.000   0.911753    0.003316   0.084580   0.000351   0.915070   3.660278 
   0.0000000000     19.000    170.000   0.911758    0.003245   0.084641   0.000356   0.915003   3.660013 
   0.0000000000     20.000    170.000   0.911760    0.003176   0.084704   0.000360   0.914935   3.659741 
   0.0000000000     21.000    170.000   0.911758    0.003108   0.084769   0.000365   0.914866   3.659464 
   0.0000000000     22.000    170.000   0.911754    0.003042   0.084834   0.000370   0.914795   3.659182 
   0.0000000000     23.000    170.000   0.911746    0.002977   0.084901   0.000375   0.914723   3.658893 
   0.0000000000     24.000    170.000   0.911735    0.002914   0.084970   0.000380   0.914650   3.658598 
   0.0000000000     25.000    170.000   0.911721    0.002853   0.085040   0.000385   0.914574   3.658297 
   0.0000000000     26.000    170.000   0.911704    0.002793   0.085112   0.000391   0.914498   3.657990 
   0.0000000000     27.000    170.000   0.911685    0.002735   0.085185   0.000396   0.914419   3.657676 
   0.0000000000     28.000    170.000   0.911662    0.002677   0.085260   0.000401   0.914339   3.657356 
   0.0000000000     29.000    170.000   0.911636    0.002622   0.085336   0.000406   0.914257   3.657029 
   0.0000000000     30.000    170.000   0.911607    0.002567   0.085415   0.000412   0.914174   3.656696 
   0.0000000000     31.000    170.000   0.911575    0.002514   0.085494   0.000417   0.914089   3.656355 
   0.0000000000     32.000    170.000   0.911540    0.002462   0.085576   0.000422   0.914002   3.656007 
   0.0000000000     33.000    170.000   0.911502    0.002412   0.085659   0.000428   0.913913   3.655653 
   0.0000000000     34.000    170.000   0.911460    0.002362   0.085744   0.000433   0.913823   3.655290 
   0.0000000000     35.000    170.000   0.911416    0.002314   0.085831   0.000439   0.913730   3.654921 
   0.0000000000     36.000    170.000   0.911369    0.002267   0.085920   0.000444   0.913636   3.654543 
   0.0000000000     37.000    170.000   0.911319    0.002221   0.086010   0.000450   0.913540   3.654158 
   0.0000000000     38.000    170.000   0.911266    0.002175   0.086103   0.000456   0.913441   3.653765 
   0.0000000000     39.000    170.000   0.911210    0.002131   0.086197   0.000462   0.913341   3.653364 
   0.0000000000     40.000    170.000   0.911150    0.002088   0.086294   0.000467   0.913239   3.652955 
   0.0000000000     41.000    170.000   0.911088    0.002046   0.086392   0.000473   0.913134   3.652537 
   0.0000000000     42.000    170.000   0.911022    0.002005   0.086493   0.000479   0.913028   3.652111 
   0.0000000000     43.000    170.000   0.910954    0.001965   0.086596   0.000485   0.912919   3.651677 
   0.0000000000     44.000    170.000   0.910882    0.001926   0.086701   0.000491   0.912808   3.651234 
   0.0000000000     45.000    170.000   0.910808    0.001888   0.086807   0.000497   0.912695   3.650782 
   0.0000000000     46.000    170.000   0.910730    0.001850   0.086917   0.000503   0.912580   3.650321 
   0.0000000000     47.000    170.000   0.910649    0.001814   0.087028   0.000509   0.912463   3.649850 
   0.0000000000     48.000    170.000   0.910565    0.001778   0.087142   0.000516   0.912343   3.649371 
   0.0000000000     49.000    170.000   0.910478    0.001743   0.087258   0.000522   0.912220   3.648882 
   0.0000000000     50.000    170.000   0.910387    0.001709   0.087376   0.000528   0.912096   3.648383 
   0.0000000000     51.000    170.000   0.910294    0.001675   0.087497   0.000535   0.911969   3.647875 
   0.0000000000     52.000    170.000   0.910197    0.001642   0.087620   0.000541   0.911839   3.647357 
   0.0000000000     53.000    170.000   0.910097    0.001610   0.087745   0.000548   0.911707   3.646828 
   0.0000000000     54.000    170.000   0.909994    0.001579   0.087873   0.000554   0.911573   3.646290 
   0.0000000000     55.000    170.000   0.909887    0.001548   0.088004   0.000561   0.911435   3.645741 
   0.0000000000     56.000    170.000   0.909777    0.001518   0.088137   0.000567   0.911295   3.645182 
   0.0000000000     57.000    170.000   0.909664    0.001489   0.088273   0.000574   0.911153   3.644612 
   0.0000000000     58.000    170.000   0.909548    0.001460   0.088411   0.000581   0.911008   3.644031 
   0.0000000000     59.000    170.000   0.909428    0.001432   0.088552   0.000588   0.910860   3.643440 
   0.0000000000     60.000    170.000   0.909304    0.001405   0.088696   0.000595   0.910709   3.642837 
   0.0000000000     61.000    170.000   0.909178    0.001378   0.088843   0.000602   0.910556   3.642223 
   0.0000000000     62.000    170.000   0.909048    0.001352   0.088992   0.000609   0.910399   3.641597 
   0.0000000000     63.000    170.000   0.908914    0.001326   0.089144   0.000616   0.910240   3.640960 
   0.0000000000     64.000    170.000   0.908777    0.001301   0.089299   0.000623   0.910078   3.640311 
   0.0000000000     65.000    170.000   0.908637    0.001276   0.089457   0.000630   0.909913   3.639650 
   0.0000000000     66.000    170.000   0.908493    0.001252   0.089618   0.000638   0.909744   3.638978 
   0.0000000000     67.000    170.000   0.908345    0.001228   0.089782   0.000645   0.909573   3.638292 
   0.0000000000     68.000    170.000   0.908194    0.001205   0.089949   0.000652   0.909399   3.637595 
   0.0000000000     69.000    170.000   0.908039    0.001182   0.090119   0.000660   0.909221   3.636885 
   0.0000000000     70.000    170.000   0.907880    0.001160   0.090292   0.000668   0.909040   3.636162 
   0.0000000000     71.000    170.000   0.907718    0.001138   0.090468   0.000675   0.908857   3.635426 
   0.0000000000     72.000    170.000   0.907552    0.001117   0.090648   0.000683   0.908669   3.634677 
   0.0000000000     73.000    170.000   0.907383    0.001096   0.090831   0.000691   0.908479   3.633915 
   0.0000000000     74.000    170.000   0.907209    0.001076   0.091017   0.000699   0.908285   3.633139 
   0.0000000000     75.000    170.000   0.907032    0.001056   0.091206   0.000706   0.908088   3.632350 
   0.0000000000     76.000    170.000   0.906851    0.001036   0.091399   0.000715   0.907887   3.631547 
   0.0000000000     77.000    170.000   0.906666    0.001017   0.091595   0.000723   0.907682   3.630730 
   0.0000000000     78.000    170.000   0.906477    0.000998   0.091795   0.000731   0.907475   3.629899 
   0.0000000000     79.000    170.000   0.906284    0.000979   0.091998   0.000739   0.907263   3.629053 
   0.0000000000     80.000    170.000   0.906087    0.000961   0.092204   0.000747   0.907048   3.628193 
   0.0000000000     81.000    170.000   0.905886    0.000944   0.092415   0.000756   0.906830   3.627318 
   0.0000000000     82.000    170.000   0.905681    0.000926   0.092629   0.000764   0.906607   3.626429 
   0.0000000000     83.000    170.000   0.905472    0.000909   0.092846   0.000773   0.906381   3.625524 
   0.0000000000     84.000    170.000   0.905258    0.000893   0.093068   0.000781   0.906151   3.624604 
   0.0000000000     85.000    170.000   0.905041    0.000876   0.093293   0.000790   0.905917   3.623669 
   0.0000000000     86.000    170.000   0.904819    0.000860   0.093522   0.000799   0.905679   3.622718 
   0.0000000000     87.000    170.000   0.904593    0.000844   0.093754   0.000808   0.905438   3.621751 
   0.0000000000     88.000    170.000   0.904363    0.000829   0.093991   0.000817   0.905192   3.620768 
   0.0000000000     89.000    170.000   0.904128    0.000814   0.094232   0.000826   0.904942   3.619769 
   0.0000000000     90.000    170.000   0.903889    0.000799   0.094477   0.000835   0.904688   3.618753 
   0.0000000000     91.000    170.000   0.903646    0.000785   0.094725   0.000844   0.904430   3.617721 
   0.0000000000     92.000    170.000   0.903398    0.000770   0.094978   0.000854   0.904168   3.616672 
   0.0000000000     93.000    170.000   0.903145    0.000756   0.095235   0.000863   0.903901   3.615606 
   0.0000000000     94.000    170.000   0.902888    0.000743   0.095497   0.000873   0.903631   3.614523 
   0.0000000000     95.000    170.000   0.902626    0.000729   0.095762   0.000882   0.903356   3.613422 
   0.0000000000     96.000    170.000   0.902360    0.000716   0.096032   0.000892   0.903076   3.612304 
   0.0000000000     97.000    170.000   0.902089    0.000703   0.096306   0.000902   0.902792   3.611168 
   0.0000000000     98.000    170.000   0.901813    0.000690   0.096585   0.000912   0.902503   3.610013 
   0.0000000000     99.000    170.000   0.901532    0.000678   0.096868   0.000922   0.902210   3.608841 
   0.0000000000    100.000    170.000   0.901247    0.000666   0.097156   0.000932   0.901913   3.607650 
   0.0000000000    101.000    170.000   0.900956    0.000654   0.097448   0.000942   0.901610   3.606440 
   0.0000000000    102.000    170.000   0.900661    0.000642   0.097745   0.000953   0.901303   3.605212 
   0.0000000000    103.000    170.000   0.900361    0.000630   0.098046   0.000963   0.900991   3.603964 
   0.0000000000    104.000    170.000   0.900055    0.000619   0.098352   0.000973   0.900674   3.602697 
   0.0000000000    105.000    170.000   0.899745    0.000608   0.098663   0.000984   0.900353   3.601411 
   0.0000000000    106.000    170.000   0.899429    0.000597   0.098979   0.000995   0.900026   3.600105 
   0.0000000000    107.000    170.000   0.899108    0.000586   0.099300   0.001006   0.899695   3.598778 
   0.0000000000    108.000    170.000   0.898782    0.000576   0.099625   0.001017   0.899358   3.597432 
   0.0000000000    109.000    170.000   0.898451    0.000565   0.099956   0.001028   0.899016   3.596065 
   0.0000000000    110.000    170.000   0.898114    0.000555   0.100292   0.001039   0.898669   3.594677 
   0.0000000000    111.000    170.000   0.897772    0.000545   0.100633   0.001050   0.898317   3.593269 
   0.0000000000    112.000    170.000   0.897424    0.000536   0.100979   0.001062   0.897960   3.591839 
   0.0000000000    113.000    170.000   0.897071    0.000526   0.101330   0.001073   0.897597   3.590388 
   0.0000000000    114.000    170.000   0.896712    0.000517   0.101686   0.001085   0.897229   3.588915 
   0.0000000000    115.000    170.000   0.896348    0.000507   0.102048   0.001097   0.896855   3.587420 
   0.0000000000    116.000    170.000   0.895978    0.000498   0.102415   0.001109   0.896476   3.585904 
   0.0000000000    117.000    170.000   0.895602    0.000489   0.102788   0.001121   0.896091   3.584365 
   0.0000000000    118.000    170.000   0.895220    0.000481   0.103166   0.001133   0.895701   3.582803 
   0.0000000000    119.000    170.000   0.894833    0.000472   0.103550   0.001145   0.895305   3.581219 
   0.0000000000    120.000    170.000   0.894439    0.000464   0.103940   0.001158   0.894903   3.579611 
   0.0000000000    121.000    170.000   0.894040    0.000455   0.104335   0.001170   0.894495   3.577980 
   0.0000000000    122.000    170.000   0.893634    0.000447   0.104736   0.001183   0.894082   3.576326 
   0.0000000000    123.000    170.000   0.893223    0.000439   0.105142   0.001196   0.893662   3.574648 
   0.0000000000    124.000    170.000   0.892805    0.000431   0.105555   0.001209   0.893236   3.572946 
   0.0000000000    125.000    170.000   0.892381    0.000424   0.105973   0.001222   0.892805   3.571219 
   0.0000000000    126.000    170.000   0.891951    0.000416   0.106398   0.001235   0.892367   3.569468 
