#solute size.    Temp(C) Press(Mpa)        fHB          fS        fLJ         fO        xHB        nHB 
   0.0000000000   -173.000    260.000   0.074150    0.919109   0.006741   0.000000   0.993259   3.973036 
   0.0000000000   -172.000    260.000   0.087860    0.904153   0.007987   0.000000   0.992013   3.968051 
   0.0000000000   -171.000    260.000   0.106805    0.883486   0.009709   0.000000   0.990290   3.961162 
   0.0000000000   -170.000    260.000   0.139575    0.847736   0.012689   0.000000   0.987311   3.949245 
   0.0000000000   -169.000    260.000   0.914285    0.002598   0.083099   0.000018   0.916883   3.667532 
   0.0000000000   -168.000    260.000   0.914251    0.002635   0.083094   0.000019   0.916886   3.667545 
   0.0000000000   -167.000    260.000   0.914218    0.002671   0.083090   0.000020   0.916889   3.667557 
   0.0000000000   -166.000    260.000   0.914185    0.002707   0.083087   0.000021   0.916892   3.667569 
   0.0000000000   -165.000    260.000   0.914153    0.002742   0.083083   0.000022   0.916895   3.667581 
   0.0000000000   -164.000    260.000   0.914122    0.002776   0.083079   0.000023   0.916898   3.667592 
   0.0000000000   -163.000    260.000   0.914091    0.002810   0.083075   0.000024   0.916901   3.667603 
   0.0000000000   -162.000    260.000   0.914061    0.002843   0.083071   0.000026   0.916904   3.667614 
   0.0000000000   -161.000    260.000   0.914031    0.002875   0.083067   0.000027   0.916906   3.667625 
   0.0000000000   -160.000    260.000   0.914003    0.002906   0.083063   0.000028   0.916909   3.667635 
   0.0000000000   -159.000    260.000   0.913975    0.002936   0.083059   0.000029   0.916911   3.667645 
   0.0000000000   -158.000    260.000   0.913948    0.002966   0.083056   0.000030   0.916914   3.667655 
   0.0000000000   -157.000    260.000   0.913921    0.002995   0.083052   0.000032   0.916916   3.667665 
   0.0000000000   -156.000    260.000   0.913896    0.003022   0.083048   0.000033   0.916919   3.667674 
   0.0000000000   -155.000    260.000   0.913872    0.003049   0.083045   0.000034   0.916921   3.667683 
   0.0000000000   -154.000    260.000   0.913848    0.003075   0.083041   0.000036   0.916923   3.667692 
   0.0000000000   -153.000    260.000   0.913825    0.003100   0.083038   0.000037   0.916925   3.667700 
   0.0000000000   -152.000    260.000   0.913803    0.003124   0.083034   0.000039   0.916927   3.667708 
   0.0000000000   -151.000    260.000   0.913782    0.003147   0.083031   0.000040   0.916929   3.667716 
   0.0000000000   -150.000    260.000   0.913762    0.003169   0.083027   0.000042   0.916931   3.667723 
   0.0000000000   -149.000    260.000   0.913743    0.003189   0.083024   0.000043   0.916932   3.667730 
   0.0000000000   -148.000    260.000   0.913725    0.003209   0.083021   0.000045   0.916934   3.667736 
   0.0000000000   -147.000    260.000   0.913708    0.003228   0.083018   0.000047   0.916936   3.667743 
   0.0000000000   -146.000    260.000   0.913692    0.003246   0.083015   0.000048   0.916937   3.667748 
   0.0000000000   -145.000    260.000   0.913676    0.003262   0.083011   0.000050   0.916939   3.667754 
   0.0000000000   -144.000    260.000   0.913662    0.003278   0.083008   0.000052   0.916940   3.667759 
   0.0000000000   -143.000    260.000   0.913649    0.003292   0.083005   0.000054   0.916941   3.667764 
   0.0000000000   -142.000    260.000   0.913636    0.003306   0.083002   0.000055   0.916942   3.667769 
   0.0000000000   -141.000    260.000   0.913625    0.003318   0.083000   0.000057   0.916943   3.667773 
   0.0000000000   -140.000    260.000   0.913615    0.003329   0.082997   0.000059   0.916944   3.667776 
   0.0000000000   -139.000    260.000   0.913606    0.003339   0.082994   0.000061   0.916945   3.667780 
   0.0000000000   -138.000    260.000   0.913597    0.003348   0.082991   0.000063   0.916946   3.667783 
   0.0000000000   -137.000    260.000   0.913590    0.003356   0.082988   0.000065   0.916946   3.667785 
   0.0000000000   -136.000    260.000   0.913584    0.003363   0.082986   0.000067   0.916947   3.667788 
   0.0000000000   -135.000    260.000   0.913578    0.003369   0.082983   0.000069   0.916947   3.667790 
   0.0000000000   -134.000    260.000   0.913574    0.003374   0.082981   0.000071   0.916948   3.667791 
   0.0000000000   -133.000    260.000   0.913570    0.003378   0.082978   0.000074   0.916948   3.667792 
   0.0000000000   -132.000    260.000   0.913568    0.003380   0.082976   0.000076   0.916948   3.667793 
   0.0000000000   -131.000    260.000   0.913566    0.003382   0.082973   0.000078   0.916948   3.667794 
   0.0000000000   -130.000    260.000   0.913566    0.003383   0.082971   0.000080   0.916949   3.667794 
   0.0000000000   -129.000    260.000   0.913566    0.003382   0.082969   0.000083   0.916948   3.667794 
   0.0000000000   -128.000    260.000   0.913567    0.003381   0.082967   0.000085   0.916948   3.667793 
   0.0000000000   -127.000    260.000   0.913569    0.003379   0.082964   0.000087   0.916948   3.667793 
   0.0000000000   -126.000    260.000   0.913572    0.003375   0.082962   0.000090   0.916948   3.667791 
   0.0000000000   -125.000    260.000   0.913576    0.003371   0.082960   0.000092   0.916948   3.667790 
   0.0000000000   -124.000    260.000   0.913581    0.003366   0.082958   0.000095   0.916947   3.667788 
   0.0000000000   -123.000    260.000   0.913587    0.003360   0.082956   0.000097   0.916947   3.667786 
   0.0000000000   -122.000    260.000   0.913593    0.003353   0.082954   0.000100   0.916946   3.667784 
   0.0000000000   -121.000    260.000   0.913600    0.003345   0.082952   0.000103   0.916945   3.667781 
   0.0000000000   -120.000    260.000   0.913608    0.003337   0.082950   0.000105   0.916945   3.667778 
   0.0000000000   -119.000    260.000   0.913617    0.003327   0.082948   0.000108   0.916944   3.667775 
   0.0000000000   -118.000    260.000   0.913626    0.003317   0.082946   0.000111   0.916943   3.667771 
   0.0000000000   -117.000    260.000   0.913636    0.003306   0.082945   0.000114   0.916942   3.667768 
   0.0000000000   -116.000    260.000   0.913647    0.003294   0.082943   0.000116   0.916941   3.667763 
   0.0000000000   -115.000    260.000   0.913659    0.003281   0.082941   0.000119   0.916940   3.667759 
   0.0000000000   -114.000    260.000   0.913671    0.003268   0.082939   0.000122   0.916939   3.667754 
   0.0000000000   -113.000    260.000   0.913684    0.003254   0.082937   0.000125   0.916937   3.667750 
   0.0000000000   -112.000    260.000   0.913697    0.003239   0.082936   0.000128   0.916936   3.667744 
   0.0000000000   -111.000    260.000   0.913711    0.003223   0.082934   0.000131   0.916935   3.667739 
   0.0000000000   -110.000    260.000   0.913726    0.003207   0.082932   0.000134   0.916933   3.667733 
   0.0000000000   -109.000    260.000   0.913741    0.003191   0.082931   0.000137   0.916932   3.667728 
   0.0000000000   -108.000    260.000   0.913757    0.003173   0.082929   0.000141   0.916930   3.667722 
   0.0000000000   -107.000    260.000   0.913774    0.003155   0.082927   0.000144   0.916929   3.667715 
   0.0000000000   -106.000    260.000   0.913790    0.003137   0.082926   0.000147   0.916927   3.667709 
   0.0000000000   -105.000    260.000   0.913808    0.003118   0.082924   0.000150   0.916926   3.667702 
   0.0000000000   -104.000    260.000   0.913825    0.003098   0.082923   0.000154   0.916924   3.667695 
   0.0000000000   -103.000    260.000   0.913844    0.003078   0.082921   0.000157   0.916922   3.667688 
   0.0000000000   -102.000    260.000   0.913862    0.003058   0.082919   0.000160   0.916920   3.667681 
   0.0000000000   -101.000    260.000   0.913881    0.003037   0.082918   0.000164   0.916918   3.667673 
   0.0000000000   -100.000    260.000   0.913901    0.003016   0.082916   0.000167   0.916916   3.667666 
   0.0000000000    -99.000    260.000   0.913920    0.002994   0.082915   0.000171   0.916914   3.667658 
   0.0000000000    -98.000    260.000   0.913940    0.002972   0.082913   0.000174   0.916912   3.667650 
   0.0000000000    -97.000    260.000   0.913961    0.002950   0.082912   0.000178   0.916910   3.667641 
   0.0000000000    -96.000    260.000   0.913982    0.002927   0.082910   0.000182   0.916908   3.667633 
   0.0000000000    -95.000    260.000   0.914002    0.002904   0.082909   0.000185   0.916906   3.667624 
   0.0000000000    -94.000    260.000   0.914024    0.002880   0.082907   0.000189   0.916904   3.667616 
   0.0000000000    -93.000    260.000   0.914045    0.002857   0.082905   0.000193   0.916902   3.667607 
   0.0000000000    -92.000    260.000   0.914067    0.002833   0.082904   0.000197   0.916899   3.667598 
   0.0000000000    -91.000    260.000   0.914089    0.002808   0.082902   0.000201   0.916897   3.667588 
   0.0000000000    -90.000    260.000   0.914111    0.002784   0.082901   0.000205   0.916895   3.667579 
   0.0000000000    -89.000    260.000   0.914133    0.002760   0.082899   0.000208   0.916892   3.667570 
   0.0000000000    -88.000    260.000   0.914155    0.002735   0.082898   0.000212   0.916890   3.667560 
   0.0000000000    -87.000    260.000   0.914178    0.002710   0.082896   0.000217   0.916887   3.667550 
   0.0000000000    -86.000    260.000   0.914200    0.002685   0.082894   0.000221   0.916885   3.667540 
   0.0000000000    -85.000    260.000   0.914223    0.002660   0.082893   0.000225   0.916882   3.667530 
   0.0000000000    -84.000    260.000   0.914246    0.002634   0.082891   0.000229   0.916880   3.667519 
   0.0000000000    -83.000    260.000   0.914268    0.002609   0.082890   0.000233   0.916877   3.667509 
   0.0000000000    -82.000    260.000   0.914291    0.002583   0.082888   0.000237   0.916874   3.667498 
   0.0000000000    -81.000    260.000   0.914314    0.002558   0.082887   0.000242   0.916872   3.667487 
   0.0000000000    -80.000    260.000   0.914337    0.002532   0.082885   0.000246   0.916869   3.667476 
   0.0000000000    -79.000    260.000   0.914360    0.002506   0.082883   0.000250   0.916866   3.667464 
   0.0000000000    -78.000    260.000   0.914383    0.002481   0.082882   0.000255   0.916863   3.667453 
   0.0000000000    -77.000    260.000   0.914406    0.002455   0.082880   0.000259   0.916860   3.667441 
   0.0000000000    -76.000    260.000   0.914428    0.002429   0.082879   0.000264   0.916857   3.667429 
   0.0000000000    -75.000    260.000   0.914451    0.002403   0.082877   0.000268   0.916854   3.667417 
   0.0000000000    -74.000    260.000   0.914474    0.002378   0.082876   0.000273   0.916851   3.667405 
   0.0000000000    -73.000    260.000   0.914496    0.002352   0.082874   0.000278   0.916848   3.667392 
   0.0000000000    -72.000    260.000   0.914518    0.002326   0.082873   0.000282   0.916845   3.667379 
   0.0000000000    -71.000    260.000   0.914541    0.002301   0.082871   0.000287   0.916842   3.667366 
   0.0000000000    -70.000    260.000   0.914563    0.002275   0.082870   0.000292   0.916838   3.667353 
   0.0000000000    -69.000    260.000   0.914585    0.002250   0.082869   0.000297   0.916835   3.667339 
   0.0000000000    -68.000    260.000   0.914607    0.002224   0.082867   0.000302   0.916831   3.667325 
   0.0000000000    -67.000    260.000   0.914629    0.002199   0.082866   0.000306   0.916828   3.667311 
   0.0000000000    -66.000    260.000   0.914650    0.002174   0.082864   0.000311   0.916824   3.667297 
   0.0000000000    -65.000    260.000   0.914672    0.002149   0.082863   0.000316   0.916820   3.667282 
   0.0000000000    -64.000    260.000   0.914693    0.002124   0.082862   0.000321   0.916817   3.667267 
   0.0000000000    -63.000    260.000   0.914714    0.002099   0.082861   0.000327   0.916813   3.667251 
   0.0000000000    -62.000    260.000   0.914735    0.002074   0.082859   0.000332   0.916809   3.667235 
   0.0000000000    -61.000    260.000   0.914755    0.002050   0.082858   0.000337   0.916805   3.667219 
   0.0000000000    -60.000    260.000   0.914775    0.002025   0.082857   0.000342   0.916801   3.667203 
   0.0000000000    -59.000    260.000   0.914796    0.002001   0.082856   0.000347   0.916796   3.667186 
   0.0000000000    -58.000    260.000   0.914815    0.001977   0.082855   0.000353   0.916792   3.667168 
   0.0000000000    -57.000    260.000   0.914835    0.001953   0.082854   0.000358   0.916788   3.667150 
   0.0000000000    -56.000    260.000   0.914854    0.001929   0.082854   0.000363   0.916783   3.667132 
   0.0000000000    -55.000    260.000   0.914873    0.001905   0.082853   0.000369   0.916778   3.667113 
   0.0000000000    -54.000    260.000   0.914892    0.001882   0.082852   0.000374   0.916773   3.667094 
   0.0000000000    -53.000    260.000   0.914910    0.001859   0.082852   0.000380   0.916769   3.667074 
   0.0000000000    -52.000    260.000   0.914928    0.001835   0.082851   0.000385   0.916763   3.667054 
   0.0000000000    -51.000    260.000   0.914946    0.001813   0.082851   0.000391   0.916758   3.667033 
   0.0000000000    -50.000    260.000   0.914963    0.001790   0.082851   0.000396   0.916753   3.667011 
   0.0000000000    -49.000    260.000   0.914980    0.001767   0.082851   0.000402   0.916747   3.666989 
   0.0000000000    -48.000    260.000   0.914997    0.001745   0.082851   0.000408   0.916742   3.666966 
   0.0000000000    -47.000    260.000   0.915013    0.001723   0.082851   0.000414   0.916736   3.666943 
   0.0000000000    -46.000    260.000   0.915029    0.001701   0.082851   0.000419   0.916730   3.666919 
   0.0000000000    -45.000    260.000   0.915044    0.001679   0.082851   0.000425   0.916723   3.666894 
   0.0000000000    -44.000    260.000   0.915060    0.001658   0.082852   0.000431   0.916717   3.666868 
   0.0000000000    -43.000    260.000   0.915074    0.001636   0.082852   0.000437   0.916710   3.666842 
   0.0000000000    -42.000    260.000   0.915089    0.001615   0.082853   0.000443   0.916704   3.666815 
   0.0000000000    -41.000    260.000   0.915102    0.001594   0.082854   0.000449   0.916697   3.666787 
   0.0000000000    -40.000    260.000   0.915116    0.001573   0.082855   0.000455   0.916689   3.666758 
   0.0000000000    -39.000    260.000   0.915129    0.001553   0.082857   0.000461   0.916682   3.666728 
   0.0000000000    -38.000    260.000   0.915142    0.001533   0.082858   0.000468   0.916674   3.666697 
   0.0000000000    -37.000    260.000   0.915154    0.001513   0.082860   0.000474   0.916666   3.666666 
   0.0000000000    -36.000    260.000   0.915165    0.001493   0.082862   0.000480   0.916658   3.666633 
   0.0000000000    -35.000    260.000   0.915177    0.001473   0.082864   0.000486   0.916650   3.666599 
   0.0000000000    -34.000    260.000   0.915187    0.001454   0.082866   0.000493   0.916641   3.666564 
   0.0000000000    -33.000    260.000   0.915198    0.001435   0.082869   0.000499   0.916632   3.666529 
   0.0000000000    -32.000    260.000   0.915207    0.001416   0.082872   0.000505   0.916623   3.666492 
   0.0000000000    -31.000    260.000   0.915217    0.001397   0.082875   0.000512   0.916613   3.666453 
   0.0000000000    -30.000    260.000   0.915225    0.001378   0.082878   0.000518   0.916603   3.666414 
   0.0000000000    -29.000    260.000   0.915233    0.001360   0.082882   0.000525   0.916593   3.666373 
   0.0000000000    -28.000    260.000   0.915241    0.001342   0.082886   0.000531   0.916583   3.666331 
   0.0000000000    -27.000    260.000   0.915248    0.001324   0.082890   0.000538   0.916572   3.666288 
   0.0000000000    -26.000    260.000   0.915255    0.001306   0.082894   0.000545   0.916561   3.666243 
   0.0000000000    -25.000    260.000   0.915261    0.001289   0.082899   0.000552   0.916549   3.666197 
   0.0000000000    -24.000    260.000   0.915266    0.001271   0.082904   0.000558   0.916537   3.666150 
   0.0000000000    -23.000    260.000   0.915271    0.001254   0.082910   0.000565   0.916525   3.666101 
   0.0000000000    -22.000    260.000   0.915275    0.001237   0.082916   0.000572   0.916512   3.666050 
   0.0000000000    -21.000    260.000   0.915279    0.001221   0.082922   0.000579   0.916499   3.665998 
   0.0000000000    -20.000    260.000   0.915282    0.001204   0.082928   0.000586   0.916486   3.665944 
   0.0000000000    -19.000    260.000   0.915284    0.001188   0.082935   0.000593   0.916472   3.665888 
   0.0000000000    -18.000    260.000   0.915286    0.001172   0.082943   0.000600   0.916458   3.665831 
   0.0000000000    -17.000    260.000   0.915287    0.001156   0.082950   0.000607   0.916443   3.665772 
   0.0000000000    -16.000    260.000   0.915287    0.001140   0.082958   0.000614   0.916428   3.665711 
   0.0000000000    -15.000    260.000   0.915287    0.001125   0.082967   0.000621   0.916412   3.665648 
   0.0000000000    -14.000    260.000   0.915286    0.001110   0.082976   0.000628   0.916396   3.665583 
   0.0000000000    -13.000    260.000   0.915284    0.001095   0.082986   0.000635   0.916379   3.665516 
   0.0000000000    -12.000    260.000   0.915282    0.001080   0.082995   0.000643   0.916362   3.665447 
   0.0000000000    -11.000    260.000   0.915279    0.001065   0.083006   0.000650   0.916344   3.665376 
   0.0000000000    -10.000    260.000   0.915275    0.001051   0.083017   0.000657   0.916326   3.665303 
   0.0000000000     -9.000    260.000   0.915271    0.001036   0.083028   0.000665   0.916307   3.665228 
   0.0000000000     -8.000    260.000   0.915265    0.001022   0.083040   0.000672   0.916288   3.665150 
   0.0000000000     -7.000    260.000   0.915259    0.001009   0.083053   0.000680   0.916268   3.665071 
   0.0000000000     -6.000    260.000   0.915252    0.000995   0.083066   0.000687   0.916247   3.664988 
   0.0000000000     -5.000    260.000   0.915245    0.000981   0.083079   0.000695   0.916226   3.664903 
   0.0000000000     -4.000    260.000   0.915236    0.000968   0.083094   0.000702   0.916204   3.664816 
   0.0000000000     -3.000    260.000   0.915227    0.000955   0.083108   0.000710   0.916182   3.664726 
   0.0000000000     -2.000    260.000   0.915217    0.000942   0.083124   0.000718   0.916158   3.664634 
   0.0000000000     -1.000    260.000   0.915206    0.000929   0.083140   0.000726   0.916135   3.664539 
   0.0000000000      0.000    260.000   0.915194    0.000916   0.083156   0.000733   0.916110   3.664441 
   0.0000000000      1.000    260.000   0.915181    0.000904   0.083174   0.000741   0.916085   3.664340 
   0.0000000000      2.000    260.000   0.915168    0.000892   0.083192   0.000749   0.916059   3.664237 
   0.0000000000      3.000    260.000   0.915153    0.000879   0.083210   0.000757   0.916032   3.664130 
   0.0000000000      4.000    260.000   0.915138    0.000867   0.083230   0.000765   0.916005   3.664020 
   0.0000000000      5.000    260.000   0.915121    0.000856   0.083250   0.000773   0.915977   3.663908 
   0.0000000000      6.000    260.000   0.915104    0.000844   0.083271   0.000781   0.915948   3.663792 
   0.0000000000      7.000    260.000   0.915086    0.000833   0.083293   0.000789   0.915918   3.663673 
   0.0000000000      8.000    260.000   0.915066    0.000821   0.083315   0.000797   0.915888   3.663551 
   0.0000000000      9.000    260.000   0.915046    0.000810   0.083338   0.000806   0.915856   3.663425 
   0.0000000000     10.000    260.000   0.915025    0.000799   0.083362   0.000814   0.915824   3.663296 
   0.0000000000     11.000    260.000   0.915003    0.000788   0.083387   0.000822   0.915791   3.663164 
   0.0000000000     12.000    260.000   0.914979    0.000778   0.083413   0.000830   0.915757   3.663027 
   0.0000000000     13.000    260.000   0.914955    0.000767   0.083439   0.000839   0.915722   3.662888 
   0.0000000000     14.000    260.000   0.914929    0.000757   0.083467   0.000847   0.915686   3.662744 
   0.0000000000     15.000    260.000   0.914903    0.000746   0.083495   0.000856   0.915649   3.662597 
   0.0000000000     16.000    260.000   0.914875    0.000736   0.083524   0.000864   0.915611   3.662446 
   0.0000000000     17.000    260.000   0.914846    0.000726   0.083555   0.000873   0.915573   3.662291 
   0.0000000000     18.000    260.000   0.914817    0.000716   0.083586   0.000881   0.915533   3.662132 
   0.0000000000     19.000    260.000   0.914785    0.000707   0.083618   0.000890   0.915492   3.661968 
   0.0000000000     20.000    260.000   0.914753    0.000697   0.083651   0.000899   0.915450   3.661801 
   0.0000000000     21.000    260.000   0.914720    0.000688   0.083685   0.000908   0.915407   3.661629 
   0.0000000000     22.000    260.000   0.914685    0.000678   0.083720   0.000916   0.915363   3.661454 
   0.0000000000     23.000    260.000   0.914649    0.000669   0.083757   0.000925   0.915318   3.661273 
   0.0000000000     24.000    260.000   0.914612    0.000660   0.083794   0.000934   0.915272   3.661088 
   0.0000000000     25.000    260.000   0.914573    0.000651   0.083832   0.000943   0.915225   3.660899 
   0.0000000000     26.000    260.000   0.914534    0.000643   0.083872   0.000952   0.915176   3.660705 
   0.0000000000     27.000    260.000   0.914493    0.000634   0.083912   0.000961   0.915126   3.660506 
   0.0000000000     28.000    260.000   0.914450    0.000625   0.083954   0.000970   0.915076   3.660302 
   0.0000000000     29.000    260.000   0.914406    0.000617   0.083997   0.000979   0.915023   3.660093 
   0.0000000000     30.000    260.000   0.914361    0.000609   0.084042   0.000989   0.914970   3.659880 
   0.0000000000     31.000    260.000   0.914315    0.000600   0.084087   0.000998   0.914915   3.659661 
   0.0000000000     32.000    260.000   0.914267    0.000592   0.084134   0.001007   0.914859   3.659437 
   0.0000000000     33.000    260.000   0.914218    0.000584   0.084182   0.001016   0.914802   3.659208 
   0.0000000000     34.000    260.000   0.914167    0.000577   0.084231   0.001026   0.914743   3.658974 
   0.0000000000     35.000    260.000   0.914114    0.000569   0.084281   0.001035   0.914683   3.658734 
   0.0000000000     36.000    260.000   0.914061    0.000561   0.084333   0.001045   0.914622   3.658488 
   0.0000000000     37.000    260.000   0.914005    0.000554   0.084386   0.001054   0.914559   3.658237 
   0.0000000000     38.000    260.000   0.913949    0.000546   0.084441   0.001064   0.914495   3.657980 
   0.0000000000     39.000    260.000   0.913890    0.000539   0.084497   0.001074   0.914429   3.657717 
   0.0000000000     40.000    260.000   0.913830    0.000532   0.084554   0.001083   0.914362   3.657449 
   0.0000000000     41.000    260.000   0.913769    0.000525   0.084613   0.001093   0.914294   3.657174 
   0.0000000000     42.000    260.000   0.913706    0.000518   0.084674   0.001103   0.914223   3.656893 
   0.0000000000     43.000    260.000   0.913641    0.000511   0.084735   0.001113   0.914152   3.656606 
   0.0000000000     44.000    260.000   0.913574    0.000504   0.084799   0.001123   0.914078   3.656313 
   0.0000000000     45.000    260.000   0.913506    0.000497   0.084864   0.001133   0.914003   3.656013 
   0.0000000000     46.000    260.000   0.913436    0.000491   0.084930   0.001143   0.913927   3.655707 
   0.0000000000     47.000    260.000   0.913364    0.000484   0.084998   0.001153   0.913849   3.655395 
   0.0000000000     48.000    260.000   0.913291    0.000478   0.085068   0.001163   0.913769   3.655075 
   0.0000000000     49.000    260.000   0.913216    0.000472   0.085139   0.001174   0.913687   3.654749 
   0.0000000000     50.000    260.000   0.913139    0.000465   0.085212   0.001184   0.913604   3.654416 
   0.0000000000     51.000    260.000   0.913060    0.000459   0.085287   0.001194   0.913519   3.654076 
   0.0000000000     52.000    260.000   0.912979    0.000453   0.085363   0.001205   0.913432   3.653729 
   0.0000000000     53.000    260.000   0.912896    0.000447   0.085441   0.001215   0.913344   3.653374 
   0.0000000000     54.000    260.000   0.912812    0.000441   0.085521   0.001226   0.913253   3.653012 
   0.0000000000     55.000    260.000   0.912725    0.000435   0.085603   0.001237   0.913161   3.652643 
   0.0000000000     56.000    260.000   0.912637    0.000430   0.085686   0.001247   0.913067   3.652266 
   0.0000000000     57.000    260.000   0.912547    0.000424   0.085772   0.001258   0.912971   3.651882 
   0.0000000000     58.000    260.000   0.912454    0.000418   0.085859   0.001269   0.912873   3.651490 
   0.0000000000     59.000    260.000   0.912360    0.000413   0.085948   0.001280   0.912773   3.651090 
   0.0000000000     60.000    260.000   0.912263    0.000407   0.086039   0.001291   0.912671   3.650682 
   0.0000000000     61.000    260.000   0.912165    0.000402   0.086132   0.001302   0.912567   3.650266 
   0.0000000000     62.000    260.000   0.912064    0.000397   0.086227   0.001313   0.912461   3.649842 
   0.0000000000     63.000    260.000   0.911961    0.000392   0.086324   0.001324   0.912352   3.649410 
   0.0000000000     64.000    260.000   0.911856    0.000386   0.086423   0.001335   0.912242   3.648969 
   0.0000000000     65.000    260.000   0.911749    0.000381   0.086524   0.001346   0.912130   3.648519 
   0.0000000000     66.000    260.000   0.911639    0.000376   0.086627   0.001358   0.912015   3.648061 
   0.0000000000     67.000    260.000   0.911527    0.000371   0.086732   0.001369   0.911899   3.647594 
   0.0000000000     68.000    260.000   0.911413    0.000367   0.086840   0.001381   0.911780   3.647119 
   0.0000000000     69.000    260.000   0.911297    0.000362   0.086949   0.001392   0.911658   3.646634 
   0.0000000000     70.000    260.000   0.911178    0.000357   0.087061   0.001404   0.911535   3.646140 
   0.0000000000     71.000    260.000   0.911057    0.000352   0.087175   0.001416   0.911409   3.645637 
   0.0000000000     72.000    260.000   0.910933    0.000348   0.087291   0.001428   0.911281   3.645125 
   0.0000000000     73.000    260.000   0.910808    0.000343   0.087410   0.001440   0.911151   3.644603 
   0.0000000000     74.000    260.000   0.910679    0.000339   0.087531   0.001452   0.911018   3.644071 
   0.0000000000     75.000    260.000   0.910548    0.000334   0.087654   0.001464   0.910883   3.643530 
   0.0000000000     76.000    260.000   0.910415    0.000330   0.087779   0.001476   0.910745   3.642979 
   0.0000000000     77.000    260.000   0.910279    0.000326   0.087907   0.001488   0.910605   3.642418 
   0.0000000000     78.000    260.000   0.910140    0.000321   0.088038   0.001500   0.910462   3.641847 
   0.0000000000     79.000    260.000   0.909999    0.000317   0.088171   0.001513   0.910316   3.641266 
   0.0000000000     80.000    260.000   0.909855    0.000313   0.088306   0.001525   0.910168   3.640674 
   0.0000000000     81.000    260.000   0.909709    0.000309   0.088444   0.001538   0.910018   3.640072 
   0.0000000000     82.000    260.000   0.909560    0.000305   0.088585   0.001550   0.909865   3.639459 
   0.0000000000     83.000    260.000   0.909408    0.000301   0.088728   0.001563   0.909709   3.638836 
   0.0000000000     84.000    260.000   0.909253    0.000297   0.088874   0.001576   0.909550   3.638201 
   0.0000000000     85.000    260.000   0.909096    0.000293   0.089022   0.001589   0.909389   3.637556 
   0.0000000000     86.000    260.000   0.908935    0.000289   0.089173   0.001602   0.909225   3.636899 
   0.0000000000     87.000    260.000   0.908772    0.000286   0.089327   0.001615   0.909058   3.636232 
   0.0000000000     88.000    260.000   0.908606    0.000282   0.089484   0.001628   0.908888   3.635552 
   0.0000000000     89.000    260.000   0.908437    0.000278   0.089643   0.001642   0.908715   3.634862 
   0.0000000000     90.000    260.000   0.908265    0.000275   0.089805   0.001655   0.908540   3.634159 
   0.0000000000     91.000    260.000   0.908090    0.000271   0.089970   0.001668   0.908361   3.633445 
   0.0000000000     92.000    260.000   0.907912    0.000268   0.090138   0.001682   0.908180   3.632719 
   0.0000000000     93.000    260.000   0.907731    0.000264   0.090309   0.001696   0.907995   3.631981 
   0.0000000000     94.000    260.000   0.907547    0.000261   0.090483   0.001709   0.907808   3.631230 
   0.0000000000     95.000    260.000   0.907360    0.000257   0.090660   0.001723   0.907617   3.630467 
   0.0000000000     96.000    260.000   0.907169    0.000254   0.090840   0.001737   0.907423   3.629692 
   0.0000000000     97.000    260.000   0.906975    0.000251   0.091023   0.001751   0.907226   3.628904 
   0.0000000000     98.000    260.000   0.906778    0.000247   0.091209   0.001766   0.907026   3.628103 
   0.0000000000     99.000    260.000   0.906578    0.000244   0.091398   0.001780   0.906822   3.627289 
   0.0000000000    100.000    260.000   0.906375    0.000241   0.091590   0.001794   0.906616   3.626463 
   0.0000000000    101.000    260.000   0.906168    0.000238   0.091786   0.001809   0.906406   3.625622 
   0.0000000000    102.000    260.000   0.905958    0.000235   0.091984   0.001824   0.906192   3.624769 
   0.0000000000    103.000    260.000   0.905744    0.000232   0.092186   0.001838   0.905975   3.623902 
   0.0000000000    104.000    260.000   0.905527    0.000229   0.092392   0.001853   0.905755   3.623021 
   0.0000000000    105.000    260.000   0.905306    0.000226   0.092600   0.001868   0.905532   3.622126 
   0.0000000000    106.000    260.000   0.905082    0.000223   0.092812   0.001883   0.905304   3.621218 
   0.0000000000    107.000    260.000   0.904854    0.000220   0.093028   0.001898   0.905074   3.620295 
   0.0000000000    108.000    260.000   0.904623    0.000217   0.093247   0.001914   0.904839   3.619358 
   0.0000000000    109.000    260.000   0.904387    0.000214   0.093469   0.001929   0.904602   3.618406 
   0.0000000000    110.000    260.000   0.904149    0.000211   0.093695   0.001945   0.904360   3.617440 
   0.0000000000    111.000    260.000   0.903906    0.000209   0.093925   0.001961   0.904115   3.616459 
   0.0000000000    112.000    260.000   0.903660    0.000206   0.094158   0.001976   0.903866   3.615463 
   0.0000000000    113.000    260.000   0.903410    0.000203   0.094394   0.001992   0.903613   3.614452 
   0.0000000000    114.000    260.000   0.903156    0.000201   0.094635   0.002009   0.903357   3.613426 
   0.0000000000    115.000    260.000   0.902898    0.000198   0.094879   0.002025   0.903096   3.612384 
   0.0000000000    116.000    260.000   0.902636    0.000195   0.095127   0.002041   0.902832   3.611327 
   0.0000000000    117.000    260.000   0.902371    0.000193   0.095379   0.002058   0.902564   3.610254 
   0.0000000000    118.000    260.000   0.902101    0.000190   0.095634   0.002074   0.902291   3.609165 
   0.0000000000    119.000    260.000   0.901827    0.000188   0.095894   0.002091   0.902015   3.608060 
   0.0000000000    120.000    260.000   0.901549    0.000185   0.096157   0.002108   0.901735   3.606939 
   0.0000000000    121.000    260.000   0.901267    0.000183   0.096425   0.002125   0.901450   3.605801 
   0.0000000000    122.000    260.000   0.900981    0.000180   0.096696   0.002142   0.901162   3.604646 
   0.0000000000    123.000    260.000   0.900691    0.000178   0.096972   0.002160   0.900869   3.603475 
   0.0000000000    124.000    260.000   0.900396    0.000176   0.097251   0.002177   0.900572   3.602287 
   0.0000000000    125.000    260.000   0.900097    0.000173   0.097535   0.002195   0.900270   3.601082 
   0.0000000000    126.000    260.000   0.899794    0.000171   0.097823   0.002212   0.899965   3.599859 
