#solute size.    Temp(C) Press(Mpa)        fHB          fS        fLJ         fO        xHB        nHB 
   0.0000000000   -173.000    360.000   0.916661    0.000005   0.083067   0.000266   0.916667   3.666666 
   0.0000000000   -172.000    360.000   0.916661    0.000005   0.083060   0.000273   0.916667   3.666667 
   0.0000000000   -171.000    360.000   0.916661    0.000006   0.083053   0.000281   0.916667   3.666669 
   0.0000000000   -170.000    360.000   0.916661    0.000006   0.083044   0.000289   0.916667   3.666668 
   0.0000000000   -169.000    360.000   0.916661    0.000007   0.083036   0.000297   0.916668   3.666670 
   0.0000000000   -168.000    360.000   0.916660    0.000007   0.083028   0.000305   0.916667   3.666670 
   0.0000000000   -167.000    360.000   0.916660    0.000008   0.083020   0.000313   0.916667   3.666670 
   0.0000000000   -166.000    360.000   0.916659    0.000008   0.083011   0.000321   0.916667   3.666669 
   0.0000000000   -165.000    360.000   0.916659    0.000009   0.083003   0.000329   0.916667   3.666669 
   0.0000000000   -164.000    360.000   0.916658    0.000009   0.082995   0.000338   0.916668   3.666670 
   0.0000000000   -163.000    360.000   0.916658    0.000010   0.082987   0.000346   0.916667   3.666670 
   0.0000000000   -162.000    360.000   0.916657    0.000010   0.082978   0.000354   0.916667   3.666670 
   0.0000000000   -161.000    360.000   0.916657    0.000011   0.082970   0.000363   0.916668   3.666670 
   0.0000000000   -160.000    360.000   0.916656    0.000012   0.082961   0.000371   0.916668   3.666670 
   0.0000000000   -159.000    360.000   0.916655    0.000012   0.082953   0.000380   0.916668   3.666671 
   0.0000000000   -158.000    360.000   0.916655    0.000013   0.082944   0.000388   0.916668   3.666671 
   0.0000000000   -157.000    360.000   0.916654    0.000014   0.082935   0.000397   0.916668   3.666671 
   0.0000000000   -156.000    360.000   0.916653    0.000015   0.082926   0.000406   0.916668   3.666672 
   0.0000000000   -155.000    360.000   0.916653    0.000015   0.082918   0.000414   0.916668   3.666672 
   0.0000000000   -154.000    360.000   0.916652    0.000016   0.082909   0.000423   0.916668   3.666672 
   0.0000000000   -153.000    360.000   0.916651    0.000017   0.082900   0.000432   0.916668   3.666672 
   0.0000000000   -152.000    360.000   0.916650    0.000018   0.082891   0.000441   0.916668   3.666673 
   0.0000000000   -151.000    360.000   0.916650    0.000019   0.082882   0.000450   0.916668   3.666673 
   0.0000000000   -150.000    360.000   0.916649    0.000020   0.082873   0.000459   0.916668   3.666673 
   0.0000000000   -149.000    360.000   0.916648    0.000021   0.082864   0.000468   0.916668   3.666674 
   0.0000000000   -148.000    360.000   0.916647    0.000021   0.082855   0.000477   0.916668   3.666674 
   0.0000000000   -147.000    360.000   0.916646    0.000022   0.082845   0.000486   0.916669   3.666674 
   0.0000000000   -146.000    360.000   0.916645    0.000023   0.082836   0.000495   0.916669   3.666674 
   0.0000000000   -145.000    360.000   0.916644    0.000024   0.082827   0.000504   0.916669   3.666675 
   0.0000000000   -144.000    360.000   0.916643    0.000026   0.082818   0.000514   0.916669   3.666675 
   0.0000000000   -143.000    360.000   0.916642    0.000027   0.082808   0.000523   0.916669   3.666676 
   0.0000000000   -142.000    360.000   0.916641    0.000028   0.082799   0.000532   0.916669   3.666676 
   0.0000000000   -141.000    360.000   0.916640    0.000029   0.082789   0.000542   0.916669   3.666676 
   0.0000000000   -140.000    360.000   0.916639    0.000030   0.082780   0.000551   0.916669   3.666677 
   0.0000000000   -139.000    360.000   0.916638    0.000031   0.082770   0.000560   0.916669   3.666677 
   0.0000000000   -138.000    360.000   0.916637    0.000032   0.082761   0.000570   0.916669   3.666677 
   0.0000000000   -137.000    360.000   0.916636    0.000033   0.082751   0.000579   0.916669   3.666678 
   0.0000000000   -136.000    360.000   0.916635    0.000035   0.082742   0.000589   0.916670   3.666678 
   0.0000000000   -135.000    360.000   0.916634    0.000036   0.082732   0.000598   0.916670   3.666679 
   0.0000000000   -134.000    360.000   0.916633    0.000037   0.082722   0.000608   0.916670   3.666679 
   0.0000000000   -133.000    360.000   0.916631    0.000039   0.082713   0.000617   0.916670   3.666679 
   0.0000000000   -132.000    360.000   0.916630    0.000040   0.082703   0.000627   0.916670   3.666680 
   0.0000000000   -131.000    360.000   0.916629    0.000041   0.082693   0.000637   0.916670   3.666680 
   0.0000000000   -130.000    360.000   0.916628    0.000042   0.082683   0.000646   0.916670   3.666681 
   0.0000000000   -129.000    360.000   0.916626    0.000044   0.082674   0.000656   0.916670   3.666681 
   0.0000000000   -128.000    360.000   0.916625    0.000045   0.082664   0.000666   0.916670   3.666682 
   0.0000000000   -127.000    360.000   0.916624    0.000047   0.082654   0.000676   0.916671   3.666682 
   0.0000000000   -126.000    360.000   0.916623    0.000048   0.082644   0.000686   0.916671   3.666683 
   0.0000000000   -125.000    360.000   0.916621    0.000049   0.082634   0.000695   0.916671   3.666683 
   0.0000000000   -124.000    360.000   0.916620    0.000051   0.082624   0.000705   0.916671   3.666683 
   0.0000000000   -123.000    360.000   0.916619    0.000052   0.082614   0.000715   0.916671   3.666684 
   0.0000000000   -122.000    360.000   0.916617    0.000054   0.082604   0.000725   0.916671   3.666684 
   0.0000000000   -121.000    360.000   0.916616    0.000055   0.082594   0.000735   0.916671   3.666685 
   0.0000000000   -120.000    360.000   0.916615    0.000056   0.082584   0.000745   0.916671   3.666685 
   0.0000000000   -119.000    360.000   0.916613    0.000058   0.082573   0.000755   0.916671   3.666686 
   0.0000000000   -118.000    360.000   0.916612    0.000059   0.082563   0.000765   0.916672   3.666686 
   0.0000000000   -117.000    360.000   0.916611    0.000061   0.082553   0.000775   0.916672   3.666687 
   0.0000000000   -116.000    360.000   0.916609    0.000062   0.082543   0.000785   0.916672   3.666687 
   0.0000000000   -115.000    360.000   0.916608    0.000064   0.082533   0.000796   0.916672   3.666687 
   0.0000000000   -114.000    360.000   0.916607    0.000065   0.082522   0.000806   0.916672   3.666688 
   0.0000000000   -113.000    360.000   0.916605    0.000067   0.082512   0.000816   0.916672   3.666688 
   0.0000000000   -112.000    360.000   0.916604    0.000068   0.082502   0.000826   0.916672   3.666689 
   0.0000000000   -111.000    360.000   0.916603    0.000070   0.082491   0.000836   0.916672   3.666689 
   0.0000000000   -110.000    360.000   0.916601    0.000071   0.082481   0.000847   0.916672   3.666689 
   0.0000000000   -109.000    360.000   0.916600    0.000073   0.082471   0.000857   0.916672   3.666690 
   0.0000000000   -108.000    360.000   0.916598    0.000074   0.082460   0.000867   0.916673   3.666690 
   0.0000000000   -107.000    360.000   0.916597    0.000076   0.082450   0.000878   0.916673   3.666690 
   0.0000000000   -106.000    360.000   0.916596    0.000077   0.082439   0.000888   0.916673   3.666691 
   0.0000000000   -105.000    360.000   0.916594    0.000079   0.082429   0.000898   0.916673   3.666691 
   0.0000000000   -104.000    360.000   0.916593    0.000080   0.082418   0.000909   0.916673   3.666691 
   0.0000000000   -103.000    360.000   0.916591    0.000081   0.082408   0.000919   0.916673   3.666692 
   0.0000000000   -102.000    360.000   0.916590    0.000083   0.082397   0.000930   0.916673   3.666692 
   0.0000000000   -101.000    360.000   0.916589    0.000084   0.082387   0.000940   0.916673   3.666692 
   0.0000000000   -100.000    360.000   0.916587    0.000086   0.082376   0.000951   0.916673   3.666692 
   0.0000000000    -99.000    360.000   0.916586    0.000087   0.082365   0.000962   0.916673   3.666692 
   0.0000000000    -98.000    360.000   0.916585    0.000088   0.082355   0.000972   0.916673   3.666693 
   0.0000000000    -97.000    360.000   0.916583    0.000090   0.082344   0.000983   0.916673   3.666693 
   0.0000000000    -96.000    360.000   0.916582    0.000091   0.082333   0.000993   0.916673   3.666693 
   0.0000000000    -95.000    360.000   0.916581    0.000093   0.082323   0.001004   0.916673   3.666693 
   0.0000000000    -94.000    360.000   0.916579    0.000094   0.082312   0.001015   0.916673   3.666693 
   0.0000000000    -93.000    360.000   0.916578    0.000095   0.082301   0.001026   0.916673   3.666693 
   0.0000000000    -92.000    360.000   0.916577    0.000097   0.082290   0.001036   0.916673   3.666692 
   0.0000000000    -91.000    360.000   0.916575    0.000098   0.082280   0.001047   0.916673   3.666692 
   0.0000000000    -90.000    360.000   0.916574    0.000099   0.082269   0.001058   0.916673   3.666692 
   0.0000000000    -89.000    360.000   0.916573    0.000100   0.082258   0.001069   0.916673   3.666692 
   0.0000000000    -88.000    360.000   0.916571    0.000102   0.082247   0.001080   0.916673   3.666691 
   0.0000000000    -87.000    360.000   0.916570    0.000103   0.082236   0.001091   0.916673   3.666691 
   0.0000000000    -86.000    360.000   0.916569    0.000104   0.082226   0.001102   0.916673   3.666691 
   0.0000000000    -85.000    360.000   0.916567    0.000105   0.082215   0.001113   0.916672   3.666690 
   0.0000000000    -84.000    360.000   0.916566    0.000106   0.082204   0.001124   0.916672   3.666689 
   0.0000000000    -83.000    360.000   0.916565    0.000107   0.082193   0.001135   0.916672   3.666689 
   0.0000000000    -82.000    360.000   0.916563    0.000109   0.082182   0.001146   0.916672   3.666688 
   0.0000000000    -81.000    360.000   0.916562    0.000110   0.082171   0.001157   0.916672   3.666687 
   0.0000000000    -80.000    360.000   0.916561    0.000111   0.082161   0.001168   0.916671   3.666686 
   0.0000000000    -79.000    360.000   0.916559    0.000112   0.082150   0.001179   0.916671   3.666685 
   0.0000000000    -78.000    360.000   0.916558    0.000113   0.082139   0.001190   0.916671   3.666684 
   0.0000000000    -77.000    360.000   0.916557    0.000114   0.082128   0.001202   0.916671   3.666682 
   0.0000000000    -76.000    360.000   0.916555    0.000115   0.082117   0.001213   0.916670   3.666681 
   0.0000000000    -75.000    360.000   0.916554    0.000116   0.082106   0.001224   0.916670   3.666679 
   0.0000000000    -74.000    360.000   0.916553    0.000117   0.082095   0.001235   0.916669   3.666677 
   0.0000000000    -73.000    360.000   0.916551    0.000118   0.082085   0.001247   0.916669   3.666675 
   0.0000000000    -72.000    360.000   0.916550    0.000118   0.082074   0.001258   0.916668   3.666673 
   0.0000000000    -71.000    360.000   0.916548    0.000119   0.082063   0.001269   0.916668   3.666671 
   0.0000000000    -70.000    360.000   0.916547    0.000120   0.082052   0.001281   0.916667   3.666669 
   0.0000000000    -69.000    360.000   0.916546    0.000121   0.082041   0.001292   0.916667   3.666666 
   0.0000000000    -68.000    360.000   0.916544    0.000122   0.082030   0.001304   0.916666   3.666664 
   0.0000000000    -67.000    360.000   0.916543    0.000123   0.082020   0.001315   0.916665   3.666661 
   0.0000000000    -66.000    360.000   0.916541    0.000123   0.082009   0.001327   0.916664   3.666658 
   0.0000000000    -65.000    360.000   0.916540    0.000124   0.081998   0.001338   0.916664   3.666654 
   0.0000000000    -64.000    360.000   0.916538    0.000125   0.081988   0.001350   0.916663   3.666651 
   0.0000000000    -63.000    360.000   0.916536    0.000125   0.081977   0.001361   0.916662   3.666647 
   0.0000000000    -62.000    360.000   0.916535    0.000126   0.081966   0.001373   0.916661   3.666643 
   0.0000000000    -61.000    360.000   0.916533    0.000127   0.081956   0.001385   0.916660   3.666639 
   0.0000000000    -60.000    360.000   0.916531    0.000127   0.081945   0.001396   0.916659   3.666634 
   0.0000000000    -59.000    360.000   0.916530    0.000128   0.081935   0.001408   0.916657   3.666629 
   0.0000000000    -58.000    360.000   0.916528    0.000128   0.081924   0.001420   0.916656   3.666624 
   0.0000000000    -57.000    360.000   0.916526    0.000129   0.081914   0.001431   0.916655   3.666619 
   0.0000000000    -56.000    360.000   0.916524    0.000129   0.081904   0.001443   0.916653   3.666613 
   0.0000000000    -55.000    360.000   0.916522    0.000130   0.081893   0.001455   0.916652   3.666607 
   0.0000000000    -54.000    360.000   0.916520    0.000130   0.081883   0.001467   0.916650   3.666601 
   0.0000000000    -53.000    360.000   0.916518    0.000131   0.081873   0.001479   0.916648   3.666594 
   0.0000000000    -52.000    360.000   0.916516    0.000131   0.081863   0.001491   0.916647   3.666587 
   0.0000000000    -51.000    360.000   0.916513    0.000132   0.081853   0.001503   0.916645   3.666579 
   0.0000000000    -50.000    360.000   0.916511    0.000132   0.081843   0.001515   0.916643   3.666571 
   0.0000000000    -49.000    360.000   0.916508    0.000132   0.081833   0.001527   0.916641   3.666563 
   0.0000000000    -48.000    360.000   0.916506    0.000133   0.081823   0.001539   0.916638   3.666554 
   0.0000000000    -47.000    360.000   0.916503    0.000133   0.081813   0.001551   0.916636   3.666545 
   0.0000000000    -46.000    360.000   0.916501    0.000133   0.081804   0.001563   0.916634   3.666535 
   0.0000000000    -45.000    360.000   0.916498    0.000133   0.081794   0.001575   0.916631   3.666525 
   0.0000000000    -44.000    360.000   0.916495    0.000134   0.081785   0.001587   0.916628   3.666514 
   0.0000000000    -43.000    360.000   0.916492    0.000134   0.081775   0.001599   0.916626   3.666503 
   0.0000000000    -42.000    360.000   0.916489    0.000134   0.081766   0.001611   0.916623   3.666491 
   0.0000000000    -41.000    360.000   0.916486    0.000134   0.081757   0.001623   0.916620   3.666478 
   0.0000000000    -40.000    360.000   0.916482    0.000134   0.081748   0.001636   0.916616   3.666465 
   0.0000000000    -39.000    360.000   0.916479    0.000134   0.081739   0.001648   0.916613   3.666452 
   0.0000000000    -38.000    360.000   0.916475    0.000134   0.081730   0.001660   0.916609   3.666438 
   0.0000000000    -37.000    360.000   0.916471    0.000135   0.081722   0.001673   0.916606   3.666423 
   0.0000000000    -36.000    360.000   0.916467    0.000135   0.081713   0.001685   0.916602   3.666407 
   0.0000000000    -35.000    360.000   0.916463    0.000135   0.081705   0.001697   0.916598   3.666391 
   0.0000000000    -34.000    360.000   0.916459    0.000135   0.081697   0.001710   0.916593   3.666374 
   0.0000000000    -33.000    360.000   0.916454    0.000135   0.081689   0.001722   0.916589   3.666356 
   0.0000000000    -32.000    360.000   0.916450    0.000135   0.081681   0.001735   0.916584   3.666338 
   0.0000000000    -31.000    360.000   0.916445    0.000135   0.081673   0.001747   0.916580   3.666318 
   0.0000000000    -30.000    360.000   0.916440    0.000135   0.081666   0.001760   0.916575   3.666298 
   0.0000000000    -29.000    360.000   0.916435    0.000134   0.081659   0.001772   0.916569   3.666277 
   0.0000000000    -28.000    360.000   0.916429    0.000134   0.081651   0.001785   0.916564   3.666255 
   0.0000000000    -27.000    360.000   0.916424    0.000134   0.081645   0.001797   0.916558   3.666233 
   0.0000000000    -26.000    360.000   0.916418    0.000134   0.081638   0.001810   0.916552   3.666209 
   0.0000000000    -25.000    360.000   0.916412    0.000134   0.081631   0.001823   0.916546   3.666184 
   0.0000000000    -24.000    360.000   0.916406    0.000134   0.081625   0.001835   0.916540   3.666159 
   0.0000000000    -23.000    360.000   0.916399    0.000134   0.081619   0.001848   0.916533   3.666132 
   0.0000000000    -22.000    360.000   0.916393    0.000133   0.081613   0.001861   0.916526   3.666104 
   0.0000000000    -21.000    360.000   0.916386    0.000133   0.081608   0.001873   0.916519   3.666075 
   0.0000000000    -20.000    360.000   0.916378    0.000133   0.081602   0.001886   0.916511   3.666045 
   0.0000000000    -19.000    360.000   0.916371    0.000133   0.081597   0.001899   0.916504   3.666014 
   0.0000000000    -18.000    360.000   0.916363    0.000133   0.081593   0.001912   0.916495   3.665982 
   0.0000000000    -17.000    360.000   0.916355    0.000132   0.081588   0.001925   0.916487   3.665948 
   0.0000000000    -16.000    360.000   0.916346    0.000132   0.081584   0.001938   0.916478   3.665914 
   0.0000000000    -15.000    360.000   0.916338    0.000132   0.081580   0.001951   0.916469   3.665877 
   0.0000000000    -14.000    360.000   0.916328    0.000132   0.081576   0.001964   0.916460   3.665840 
   0.0000000000    -13.000    360.000   0.916319    0.000131   0.081573   0.001977   0.916450   3.665801 
   0.0000000000    -12.000    360.000   0.916309    0.000131   0.081570   0.001990   0.916440   3.665761 
   0.0000000000    -11.000    360.000   0.916299    0.000131   0.081568   0.002003   0.916430   3.665719 
   0.0000000000    -10.000    360.000   0.916289    0.000130   0.081565   0.002016   0.916419   3.665676 
   0.0000000000     -9.000    360.000   0.916278    0.000130   0.081563   0.002029   0.916408   3.665632 
   0.0000000000     -8.000    360.000   0.916267    0.000130   0.081562   0.002042   0.916396   3.665586 
   0.0000000000     -7.000    360.000   0.916255    0.000129   0.081560   0.002055   0.916384   3.665538 
   0.0000000000     -6.000    360.000   0.916243    0.000129   0.081560   0.002068   0.916372   3.665489 
   0.0000000000     -5.000    360.000   0.916231    0.000128   0.081559   0.002081   0.916359   3.665437 
   0.0000000000     -4.000    360.000   0.916218    0.000128   0.081559   0.002095   0.916346   3.665385 
   0.0000000000     -3.000    360.000   0.916205    0.000128   0.081559   0.002108   0.916333   3.665330 
   0.0000000000     -2.000    360.000   0.916191    0.000127   0.081560   0.002121   0.916318   3.665274 
   0.0000000000     -1.000    360.000   0.916177    0.000127   0.081561   0.002135   0.916304   3.665216 
   0.0000000000      0.000    360.000   0.916163    0.000126   0.081563   0.002148   0.916289   3.665156 
   0.0000000000      1.000    360.000   0.916148    0.000126   0.081565   0.002161   0.916273   3.665094 
   0.0000000000      2.000    360.000   0.916132    0.000125   0.081568   0.002175   0.916257   3.665030 
   0.0000000000      3.000    360.000   0.916116    0.000125   0.081571   0.002188   0.916241   3.664964 
   0.0000000000      4.000    360.000   0.916099    0.000124   0.081574   0.002202   0.916224   3.664895 
   0.0000000000      5.000    360.000   0.916082    0.000124   0.081578   0.002215   0.916206   3.664825 
   0.0000000000      6.000    360.000   0.916065    0.000123   0.081583   0.002229   0.916188   3.664753 
   0.0000000000      7.000    360.000   0.916047    0.000123   0.081588   0.002242   0.916170   3.664678 
   0.0000000000      8.000    360.000   0.916028    0.000123   0.081594   0.002256   0.916150   3.664601 
   0.0000000000      9.000    360.000   0.916008    0.000122   0.081600   0.002270   0.916130   3.664522 
   0.0000000000     10.000    360.000   0.915989    0.000121   0.081606   0.002283   0.916110   3.664440 
   0.0000000000     11.000    360.000   0.915968    0.000121   0.081614   0.002297   0.916089   3.664356 
   0.0000000000     12.000    360.000   0.915947    0.000120   0.081622   0.002311   0.916067   3.664270 
   0.0000000000     13.000    360.000   0.915925    0.000120   0.081630   0.002325   0.916045   3.664181 
   0.0000000000     14.000    360.000   0.915903    0.000119   0.081639   0.002338   0.916022   3.664089 
   0.0000000000     15.000    360.000   0.915880    0.000119   0.081649   0.002352   0.915999   3.663995 
   0.0000000000     16.000    360.000   0.915856    0.000118   0.081659   0.002366   0.915975   3.663898 
   0.0000000000     17.000    360.000   0.915832    0.000118   0.081670   0.002380   0.915950   3.663798 
   0.0000000000     18.000    360.000   0.915807    0.000117   0.081682   0.002394   0.915924   3.663696 
   0.0000000000     19.000    360.000   0.915781    0.000117   0.081694   0.002408   0.915898   3.663591 
   0.0000000000     20.000    360.000   0.915754    0.000116   0.081707   0.002422   0.915871   3.663482 
   0.0000000000     21.000    360.000   0.915727    0.000116   0.081721   0.002436   0.915843   3.663371 
   0.0000000000     22.000    360.000   0.915699    0.000115   0.081736   0.002450   0.915814   3.663257 
   0.0000000000     23.000    360.000   0.915670    0.000114   0.081751   0.002464   0.915785   3.663139 
   0.0000000000     24.000    360.000   0.915641    0.000114   0.081767   0.002479   0.915755   3.663019 
   0.0000000000     25.000    360.000   0.915610    0.000113   0.081783   0.002493   0.915724   3.662895 
   0.0000000000     26.000    360.000   0.915579    0.000113   0.081801   0.002507   0.915692   3.662768 
   0.0000000000     27.000    360.000   0.915547    0.000112   0.081819   0.002521   0.915659   3.662638 
   0.0000000000     28.000    360.000   0.915514    0.000112   0.081838   0.002536   0.915626   3.662504 
   0.0000000000     29.000    360.000   0.915481    0.000111   0.081858   0.002550   0.915592   3.662367 
   0.0000000000     30.000    360.000   0.915446    0.000110   0.081879   0.002565   0.915557   3.662226 
   0.0000000000     31.000    360.000   0.915411    0.000110   0.081901   0.002579   0.915520   3.662082 
   0.0000000000     32.000    360.000   0.915374    0.000109   0.081923   0.002594   0.915483   3.661934 
   0.0000000000     33.000    360.000   0.915337    0.000109   0.081946   0.002608   0.915446   3.661782 
   0.0000000000     34.000    360.000   0.915299    0.000108   0.081971   0.002623   0.915407   3.661627 
   0.0000000000     35.000    360.000   0.915259    0.000107   0.081996   0.002637   0.915367   3.661467 
   0.0000000000     36.000    360.000   0.915219    0.000107   0.082022   0.002652   0.915326   3.661304 
   0.0000000000     37.000    360.000   0.915178    0.000106   0.082049   0.002667   0.915284   3.661137 
   0.0000000000     38.000    360.000   0.915136    0.000106   0.082077   0.002681   0.915241   3.660965 
   0.0000000000     39.000    360.000   0.915093    0.000105   0.082106   0.002696   0.915198   3.660790 
   0.0000000000     40.000    360.000   0.915048    0.000104   0.082136   0.002711   0.915153   3.660610 
   0.0000000000     41.000    360.000   0.915003    0.000104   0.082167   0.002726   0.915107   3.660427 
   0.0000000000     42.000    360.000   0.914956    0.000103   0.082199   0.002741   0.915060   3.660238 
   0.0000000000     43.000    360.000   0.914909    0.000103   0.082233   0.002756   0.915011   3.660046 
   0.0000000000     44.000    360.000   0.914860    0.000102   0.082267   0.002771   0.914962   3.659849 
   0.0000000000     45.000    360.000   0.914810    0.000101   0.082302   0.002786   0.914912   3.659647 
   0.0000000000     46.000    360.000   0.914759    0.000101   0.082338   0.002801   0.914860   3.659441 
   0.0000000000     47.000    360.000   0.914707    0.000100   0.082376   0.002817   0.914807   3.659230 
   0.0000000000     48.000    360.000   0.914654    0.000100   0.082415   0.002832   0.914754   3.659014 
   0.0000000000     49.000    360.000   0.914599    0.000099   0.082455   0.002847   0.914698   3.658794 
   0.0000000000     50.000    360.000   0.914544    0.000098   0.082496   0.002862   0.914642   3.658568 
   0.0000000000     51.000    360.000   0.914487    0.000098   0.082538   0.002878   0.914584   3.658338 
   0.0000000000     52.000    360.000   0.914428    0.000097   0.082581   0.002893   0.914526   3.658102 
   0.0000000000     53.000    360.000   0.914369    0.000097   0.082626   0.002909   0.914465   3.657861 
   0.0000000000     54.000    360.000   0.914308    0.000096   0.082672   0.002924   0.914404   3.657615 
   0.0000000000     55.000    360.000   0.914246    0.000095   0.082719   0.002940   0.914341   3.657364 
   0.0000000000     56.000    360.000   0.914182    0.000095   0.082767   0.002956   0.914277   3.657108 
   0.0000000000     57.000    360.000   0.914117    0.000094   0.082817   0.002972   0.914211   3.656845 
   0.0000000000     58.000    360.000   0.914051    0.000094   0.082868   0.002987   0.914144   3.656578 
   0.0000000000     59.000    360.000   0.913983    0.000093   0.082921   0.003003   0.914076   3.656304 
   0.0000000000     60.000    360.000   0.913914    0.000092   0.082974   0.003019   0.914006   3.656025 
   0.0000000000     61.000    360.000   0.913843    0.000092   0.083029   0.003035   0.913935   3.655741 
   0.0000000000     62.000    360.000   0.913771    0.000091   0.083086   0.003051   0.913862   3.655450 
   0.0000000000     63.000    360.000   0.913698    0.000091   0.083144   0.003068   0.913788   3.655153 
   0.0000000000     64.000    360.000   0.913623    0.000090   0.083203   0.003084   0.913713   3.654851 
   0.0000000000     65.000    360.000   0.913546    0.000089   0.083264   0.003100   0.913635   3.654542 
   0.0000000000     66.000    360.000   0.913468    0.000089   0.083327   0.003117   0.913557   3.654227 
   0.0000000000     67.000    360.000   0.913388    0.000088   0.083391   0.003133   0.913476   3.653906 
   0.0000000000     68.000    360.000   0.913307    0.000088   0.083456   0.003149   0.913394   3.653578 
   0.0000000000     69.000    360.000   0.913224    0.000087   0.083523   0.003166   0.913311   3.653244 
   0.0000000000     70.000    360.000   0.913139    0.000086   0.083592   0.003183   0.913226   3.652903 
   0.0000000000     71.000    360.000   0.913053    0.000086   0.083662   0.003199   0.913139   3.652555 
   0.0000000000     72.000    360.000   0.912965    0.000085   0.083733   0.003216   0.913050   3.652201 
   0.0000000000     73.000    360.000   0.912875    0.000085   0.083807   0.003233   0.912960   3.651840 
   0.0000000000     74.000    360.000   0.912784    0.000084   0.083882   0.003250   0.912868   3.651473 
   0.0000000000     75.000    360.000   0.912691    0.000084   0.083958   0.003267   0.912774   3.651098 
   0.0000000000     76.000    360.000   0.912596    0.000083   0.084037   0.003284   0.912679   3.650716 
   0.0000000000     77.000    360.000   0.912499    0.000082   0.084117   0.003301   0.912582   3.650326 
   0.0000000000     78.000    360.000   0.912401    0.000082   0.084199   0.003319   0.912482   3.649930 
   0.0000000000     79.000    360.000   0.912300    0.000081   0.084282   0.003336   0.912382   3.649526 
   0.0000000000     80.000    360.000   0.912198    0.000081   0.084368   0.003354   0.912279   3.649115 
   0.0000000000     81.000    360.000   0.912094    0.000080   0.084455   0.003371   0.912174   3.648696 
   0.0000000000     82.000    360.000   0.911988    0.000080   0.084544   0.003389   0.912067   3.648269 
   0.0000000000     83.000    360.000   0.911880    0.000079   0.084635   0.003406   0.911959   3.647835 
   0.0000000000     84.000    360.000   0.911770    0.000078   0.084727   0.003424   0.911848   3.647393 
   0.0000000000     85.000    360.000   0.911658    0.000078   0.084822   0.003442   0.911736   3.646943 
   0.0000000000     86.000    360.000   0.911544    0.000077   0.084919   0.003460   0.911621   3.646485 
   0.0000000000     87.000    360.000   0.911428    0.000077   0.085017   0.003478   0.911505   3.646018 
   0.0000000000     88.000    360.000   0.911310    0.000076   0.085118   0.003497   0.911386   3.645544 
   0.0000000000     89.000    360.000   0.911190    0.000076   0.085220   0.003515   0.911265   3.645061 
   0.0000000000     90.000    360.000   0.911067    0.000075   0.085324   0.003533   0.911142   3.644570 
   0.0000000000     91.000    360.000   0.910943    0.000074   0.085431   0.003552   0.911017   3.644070 
   0.0000000000     92.000    360.000   0.910816    0.000074   0.085539   0.003570   0.910890   3.643561 
   0.0000000000     93.000    360.000   0.910688    0.000073   0.085650   0.003589   0.910761   3.643044 
   0.0000000000     94.000    360.000   0.910557    0.000073   0.085763   0.003608   0.910629   3.642518 
   0.0000000000     95.000    360.000   0.910423    0.000072   0.085878   0.003627   0.910496   3.641983 
   0.0000000000     96.000    360.000   0.910288    0.000072   0.085995   0.003646   0.910360   3.641438 
   0.0000000000     97.000    360.000   0.910150    0.000071   0.086114   0.003665   0.910221   3.640885 
   0.0000000000     98.000    360.000   0.910010    0.000071   0.086235   0.003684   0.910081   3.640323 
   0.0000000000     99.000    360.000   0.909867    0.000070   0.086359   0.003704   0.909938   3.639751 
   0.0000000000    100.000    360.000   0.909723    0.000070   0.086485   0.003723   0.909792   3.639169 
   0.0000000000    101.000    360.000   0.909575    0.000069   0.086613   0.003743   0.909645   3.638578 
   0.0000000000    102.000    360.000   0.909426    0.000069   0.086743   0.003762   0.909494   3.637977 
   0.0000000000    103.000    360.000   0.909274    0.000068   0.086876   0.003782   0.909342   3.637367 
   0.0000000000    104.000    360.000   0.909119    0.000068   0.087011   0.003802   0.909187   3.636746 
   0.0000000000    105.000    360.000   0.908962    0.000067   0.087149   0.003822   0.909029   3.636116 
   0.0000000000    106.000    360.000   0.908802    0.000067   0.087289   0.003843   0.908869   3.635475 
   0.0000000000    107.000    360.000   0.908640    0.000066   0.087431   0.003863   0.908706   3.634824 
   0.0000000000    108.000    360.000   0.908475    0.000066   0.087576   0.003883   0.908541   3.634163 
   0.0000000000    109.000    360.000   0.908308    0.000065   0.087723   0.003904   0.908373   3.633491 
   0.0000000000    110.000    360.000   0.908138    0.000064   0.087873   0.003925   0.908202   3.632809 
   0.0000000000    111.000    360.000   0.907965    0.000064   0.088025   0.003946   0.908029   3.632116 
   0.0000000000    112.000    360.000   0.907790    0.000063   0.088180   0.003967   0.907853   3.631412 
   0.0000000000    113.000    360.000   0.907611    0.000063   0.088338   0.003988   0.907674   3.630697 
   0.0000000000    114.000    360.000   0.907430    0.000062   0.088498   0.004009   0.907493   3.629971 
   0.0000000000    115.000    360.000   0.907247    0.000062   0.088661   0.004030   0.907309   3.629234 
   0.0000000000    116.000    360.000   0.907060    0.000062   0.088826   0.004052   0.907122   3.628486 
   0.0000000000    117.000    360.000   0.906871    0.000061   0.088995   0.004074   0.906932   3.627726 
   0.0000000000    118.000    360.000   0.906678    0.000061   0.089166   0.004096   0.906739   3.626955 
   0.0000000000    119.000    360.000   0.906483    0.000060   0.089339   0.004118   0.906543   3.626172 
   0.0000000000    120.000    360.000   0.906285    0.000060   0.089516   0.004140   0.906344   3.625378 
   0.0000000000    121.000    360.000   0.906084    0.000059   0.089695   0.004162   0.906143   3.624571 
   0.0000000000    122.000    360.000   0.905880    0.000059   0.089877   0.004185   0.905938   3.623753 
   0.0000000000    123.000    360.000   0.905672    0.000058   0.090062   0.004207   0.905730   3.622922 
   0.0000000000    124.000    360.000   0.905462    0.000058   0.090250   0.004230   0.905520   3.622079 
   0.0000000000    125.000    360.000   0.905249    0.000057   0.090441   0.004253   0.905306   3.621224 
   0.0000000000    126.000    360.000   0.905032    0.000057   0.090635   0.004276   0.905089   3.620356 
