#solute size.    Temp(C) Press(Mpa)        fHB          fS        fLJ         fO        xHB        nHB 
   0.0000000000   -173.000     10.000   0.000000    1.000000   0.000000   0.000000   1.000000   4.000000 
   0.0000000000   -172.000     10.000   0.000000    1.000000   0.000000   0.000000   1.000000   4.000000 
   0.0000000000   -171.000     10.000   0.000000    1.000000   0.000000   0.000000   1.000000   4.000000 
   0.0000000000   -170.000     10.000   0.000000    1.000000   0.000000   0.000000   1.000000   4.000000 
   0.0000000000   -169.000     10.000   0.000000    1.000000   0.000000   0.000000   1.000000   4.000000 
   0.0000000000   -168.000     10.000   0.000000    1.000000   0.000000   0.000000   1.000000   4.000000 
   0.0000000000   -167.000     10.000   0.000000    1.000000   0.000000   0.000000   1.000000   4.000000 
   0.0000000000   -166.000     10.000   0.000000    1.000000   0.000000   0.000000   1.000000   4.000000 
   0.0000000000   -165.000     10.000   0.000000    1.000000   0.000000   0.000000   1.000000   4.000000 
   0.0000000000   -164.000     10.000   0.000000    1.000000   0.000000   0.000000   1.000000   4.000000 
   0.0000000000   -163.000     10.000   0.000000    1.000000   0.000000   0.000000   1.000000   4.000000 
   0.0000000000   -162.000     10.000   0.000001    0.999999   0.000000   0.000000   1.000000   4.000000 
   0.0000000000   -161.000     10.000   0.000001    0.999999   0.000000   0.000000   1.000000   4.000000 
   0.0000000000   -160.000     10.000   0.000001    0.999999   0.000000   0.000000   1.000000   4.000000 
   0.0000000000   -159.000     10.000   0.000001    0.999999   0.000000   0.000000   1.000000   4.000000 
   0.0000000000   -158.000     10.000   0.000001    0.999999   0.000000   0.000000   1.000000   4.000000 
   0.0000000000   -157.000     10.000   0.000002    0.999998   0.000000   0.000000   1.000000   3.999999 
   0.0000000000   -156.000     10.000   0.000002    0.999998   0.000000   0.000000   1.000000   3.999999 
   0.0000000000   -155.000     10.000   0.000002    0.999997   0.000000   0.000000   1.000000   3.999999 
   0.0000000000   -154.000     10.000   0.000003    0.999997   0.000000   0.000000   1.000000   3.999999 
   0.0000000000   -153.000     10.000   0.000004    0.999996   0.000000   0.000000   1.000000   3.999999 
   0.0000000000   -152.000     10.000   0.000005    0.999995   0.000000   0.000000   1.000000   3.999998 
   0.0000000000   -151.000     10.000   0.000006    0.999994   0.000001   0.000000   0.999999   3.999998 
   0.0000000000   -150.000     10.000   0.000007    0.999993   0.000001   0.000000   0.999999   3.999998 
   0.0000000000   -149.000     10.000   0.000008    0.999991   0.000001   0.000000   0.999999   3.999997 
   0.0000000000   -148.000     10.000   0.000010    0.999989   0.000001   0.000000   0.999999   3.999996 
   0.0000000000   -147.000     10.000   0.000012    0.999987   0.000001   0.000000   0.999999   3.999996 
   0.0000000000   -146.000     10.000   0.000014    0.999985   0.000001   0.000000   0.999999   3.999995 
   0.0000000000   -145.000     10.000   0.000017    0.999982   0.000002   0.000000   0.999998   3.999994 
   0.0000000000   -144.000     10.000   0.000020    0.999978   0.000002   0.000000   0.999998   3.999993 
   0.0000000000   -143.000     10.000   0.000024    0.999974   0.000002   0.000000   0.999998   3.999991 
   0.0000000000   -142.000     10.000   0.000028    0.999969   0.000003   0.000000   0.999997   3.999990 
   0.0000000000   -141.000     10.000   0.000034    0.999963   0.000003   0.000000   0.999997   3.999988 
   0.0000000000   -140.000     10.000   0.000040    0.999957   0.000004   0.000000   0.999996   3.999986 
   0.0000000000   -139.000     10.000   0.000047    0.999949   0.000004   0.000000   0.999996   3.999983 
   0.0000000000   -138.000     10.000   0.000055    0.999940   0.000005   0.000000   0.999995   3.999980 
   0.0000000000   -137.000     10.000   0.000065    0.999929   0.000006   0.000000   0.999994   3.999976 
   0.0000000000   -136.000     10.000   0.000076    0.999917   0.000007   0.000000   0.999993   3.999972 
   0.0000000000   -135.000     10.000   0.000089    0.999903   0.000008   0.000000   0.999992   3.999968 
   0.0000000000   -134.000     10.000   0.000103    0.999887   0.000009   0.000000   0.999991   3.999962 
   0.0000000000   -133.000     10.000   0.000120    0.999869   0.000011   0.000000   0.999989   3.999956 
   0.0000000000   -132.000     10.000   0.000140    0.999848   0.000013   0.000000   0.999987   3.999949 
   0.0000000000   -131.000     10.000   0.000162    0.999823   0.000015   0.000000   0.999985   3.999941 
   0.0000000000   -130.000     10.000   0.000188    0.999795   0.000017   0.000000   0.999983   3.999932 
   0.0000000000   -129.000     10.000   0.000217    0.999764   0.000020   0.000000   0.999980   3.999921 
   0.0000000000   -128.000     10.000   0.000250    0.999727   0.000023   0.000000   0.999977   3.999909 
   0.0000000000   -127.000     10.000   0.000288    0.999686   0.000026   0.000000   0.999974   3.999895 
   0.0000000000   -126.000     10.000   0.000330    0.999639   0.000030   0.000000   0.999970   3.999880 
   0.0000000000   -125.000     10.000   0.000379    0.999586   0.000034   0.000000   0.999966   3.999862 
   0.0000000000   -124.000     10.000   0.000434    0.999526   0.000039   0.000000   0.999961   3.999842 
   0.0000000000   -123.000     10.000   0.000496    0.999458   0.000045   0.000000   0.999955   3.999819 
   0.0000000000   -122.000     10.000   0.000567    0.999382   0.000052   0.000000   0.999948   3.999794 
   0.0000000000   -121.000     10.000   0.000646    0.999295   0.000059   0.000000   0.999941   3.999765 
   0.0000000000   -120.000     10.000   0.000735    0.999198   0.000067   0.000000   0.999933   3.999733 
   0.0000000000   -119.000     10.000   0.000835    0.999089   0.000076   0.000000   0.999924   3.999696 
   0.0000000000   -118.000     10.000   0.000947    0.998966   0.000086   0.000000   0.999914   3.999655 
   0.0000000000   -117.000     10.000   0.001073    0.998829   0.000098   0.000000   0.999902   3.999610 
   0.0000000000   -116.000     10.000   0.001214    0.998676   0.000110   0.000000   0.999890   3.999558 
   0.0000000000   -115.000     10.000   0.001371    0.998504   0.000125   0.000000   0.999875   3.999501 
   0.0000000000   -114.000     10.000   0.001547    0.998312   0.000141   0.000000   0.999859   3.999437 
   0.0000000000   -113.000     10.000   0.001743    0.998099   0.000158   0.000000   0.999842   3.999366 
   0.0000000000   -112.000     10.000   0.001960    0.997861   0.000178   0.000000   0.999822   3.999287 
   0.0000000000   -111.000     10.000   0.002202    0.997597   0.000200   0.000000   0.999800   3.999199 
   0.0000000000   -110.000     10.000   0.002471    0.997304   0.000225   0.000000   0.999775   3.999101 
   0.0000000000   -109.000     10.000   0.002769    0.996979   0.000252   0.000000   0.999748   3.998993 
   0.0000000000   -108.000     10.000   0.003099    0.996619   0.000282   0.000000   0.999718   3.998873 
   0.0000000000   -107.000     10.000   0.003464    0.996221   0.000315   0.000000   0.999685   3.998740 
   0.0000000000   -106.000     10.000   0.003867    0.995781   0.000352   0.000000   0.999648   3.998593 
   0.0000000000   -105.000     10.000   0.004312    0.995296   0.000392   0.000000   0.999608   3.998432 
   0.0000000000   -104.000     10.000   0.004803    0.994760   0.000437   0.000000   0.999563   3.998253 
   0.0000000000   -103.000     10.000   0.005343    0.994171   0.000486   0.000000   0.999514   3.998057 
   0.0000000000   -102.000     10.000   0.005937    0.993523   0.000540   0.000000   0.999460   3.997840 
   0.0000000000   -101.000     10.000   0.006590    0.992810   0.000599   0.000000   0.999401   3.997603 
   0.0000000000   -100.000     10.000   0.007307    0.992028   0.000665   0.000000   0.999335   3.997342 
   0.0000000000    -99.000     10.000   0.008093    0.991171   0.000736   0.000000   0.999264   3.997056 
   0.0000000000    -98.000     10.000   0.008954    0.990232   0.000814   0.000000   0.999186   3.996743 
   0.0000000000    -97.000     10.000   0.009896    0.989204   0.000900   0.000000   0.999100   3.996400 
   0.0000000000    -96.000     10.000   0.010925    0.988081   0.000994   0.000000   0.999006   3.996025 
   0.0000000000    -95.000     10.000   0.012050    0.986855   0.001096   0.000000   0.998904   3.995616 
   0.0000000000    -94.000     10.000   0.013276    0.985516   0.001208   0.000000   0.998792   3.995170 
   0.0000000000    -93.000     10.000   0.014613    0.984058   0.001329   0.000000   0.998671   3.994683 
   0.0000000000    -92.000     10.000   0.016068    0.982470   0.001462   0.000000   0.998538   3.994153 
   0.0000000000    -91.000     10.000   0.017652    0.980743   0.001606   0.000000   0.998394   3.993577 
   0.0000000000    -90.000     10.000   0.019372    0.978865   0.001762   0.000000   0.998238   3.992951 
   0.0000000000    -89.000     10.000   0.021240    0.976827   0.001932   0.000000   0.998068   3.992270 
   0.0000000000    -88.000     10.000   0.023267    0.974616   0.002117   0.000000   0.997883   3.991533 
   0.0000000000    -87.000     10.000   0.025463    0.972221   0.002317   0.000000   0.997683   3.990733 
   0.0000000000    -86.000     10.000   0.027840    0.969627   0.002533   0.000000   0.997467   3.989867 
   0.0000000000    -85.000     10.000   0.030411    0.966821   0.002767   0.000000   0.997233   3.988930 
   0.0000000000    -84.000     10.000   0.033190    0.963790   0.003020   0.000000   0.996980   3.987918 
   0.0000000000    -83.000     10.000   0.036190    0.960516   0.003294   0.000000   0.996706   3.986825 
   0.0000000000    -82.000     10.000   0.039426    0.956986   0.003588   0.000000   0.996412   3.985646 
   0.0000000000    -81.000     10.000   0.042912    0.953182   0.003906   0.000000   0.996094   3.984376 
   0.0000000000    -80.000     10.000   0.046665    0.949087   0.004248   0.000000   0.995752   3.983008 
   0.0000000000    -79.000     10.000   0.050701    0.944683   0.004616   0.000000   0.995384   3.981537 
   0.0000000000    -78.000     10.000   0.055038    0.939951   0.005011   0.000000   0.994989   3.979956 
   0.0000000000    -77.000     10.000   0.059692    0.934872   0.005435   0.000000   0.994565   3.978259 
   0.0000000000    -76.000     10.000   0.064683    0.929427   0.005890   0.000000   0.994110   3.976439 
   0.0000000000    -75.000     10.000   0.070027    0.923595   0.006378   0.000000   0.993622   3.974489 
   0.0000000000    -74.000     10.000   0.075746    0.917355   0.006899   0.000000   0.993101   3.972403 
   0.0000000000    -73.000     10.000   0.081858    0.910685   0.007457   0.000000   0.992543   3.970173 
   0.0000000000    -72.000     10.000   0.088382    0.903566   0.008052   0.000000   0.991948   3.967792 
   0.0000000000    -71.000     10.000   0.095337    0.895976   0.008687   0.000000   0.991313   3.965253 
   0.0000000000    -70.000     10.000   0.102744    0.887893   0.009363   0.000000   0.990637   3.962548 
   0.0000000000    -69.000     10.000   0.110622    0.879296   0.010082   0.000000   0.989918   3.959672 
   0.0000000000    -68.000     10.000   0.118989    0.870165   0.010846   0.000000   0.989154   3.956616 
   0.0000000000    -67.000     10.000   0.127862    0.860481   0.011656   0.000000   0.988343   3.953374 
   0.0000000000    -66.000     10.000   0.137259    0.850226   0.012515   0.000000   0.987485   3.949939 
   0.0000000000    -65.000     10.000   0.147195    0.839381   0.013423   0.000001   0.986577   3.946307 
   0.0000000000    -64.000     10.000   0.157684    0.827934   0.014381   0.000001   0.985618   3.942472 
   0.0000000000    -63.000     10.000   0.168740    0.815868   0.015392   0.000001   0.984607   3.938428 
   0.0000000000    -62.000     10.000   0.180366    0.803178   0.016456   0.000001   0.983544   3.934175 
   0.0000000000    -61.000     10.000   0.192571    0.789856   0.017572   0.000001   0.982427   3.929708 
   0.0000000000    -60.000     10.000   0.205356    0.775901   0.018742   0.000001   0.981257   3.925028 
   0.0000000000    -59.000     10.000   0.218720    0.761314   0.019966   0.000001   0.980033   3.920134 
   0.0000000000    -58.000     10.000   0.232654    0.746103   0.021242   0.000001   0.978757   3.915029 
   0.0000000000    -57.000     10.000   0.247148    0.730281   0.022569   0.000001   0.977429   3.909717 
   0.0000000000    -56.000     10.000   0.262187    0.713864   0.023948   0.000001   0.976051   3.904204 
   0.0000000000    -55.000     10.000   0.277738    0.696887   0.025373   0.000002   0.974625   3.898501 
   0.0000000000    -54.000     10.000   0.293775    0.679379   0.026844   0.000002   0.973154   3.892616 
   0.0000000000    -53.000     10.000   0.310260    0.661382   0.028357   0.000002   0.971641   3.886566 
   0.0000000000    -52.000     10.000   0.327147    0.642944   0.029907   0.000002   0.970091   3.880364 
   0.0000000000    -51.000     10.000   0.344385    0.624123   0.031490   0.000002   0.968508   3.874031 
   0.0000000000    -50.000     10.000   0.361922    0.604974   0.033101   0.000003   0.966896   3.867584 
   0.0000000000    -49.000     10.000   0.379684    0.585578   0.034734   0.000003   0.965263   3.861051 
   0.0000000000    -48.000     10.000   0.397608    0.566006   0.036383   0.000003   0.963614   3.854454 
   0.0000000000    -47.000     10.000   0.415621    0.546334   0.038041   0.000004   0.961955   3.847821 
   0.0000000000    -46.000     10.000   0.433650    0.526644   0.039702   0.000004   0.960294   3.841176 
   0.0000000000    -45.000     10.000   0.451621    0.507017   0.041358   0.000004   0.958637   3.834549 
   0.0000000000    -44.000     10.000   0.469458    0.487533   0.043004   0.000005   0.956991   3.827965 
   0.0000000000    -43.000     10.000   0.487093    0.468270   0.044632   0.000005   0.955363   3.821451 
   0.0000000000    -42.000     10.000   0.504457    0.449301   0.046237   0.000006   0.953757   3.815030 
   0.0000000000    -41.000     10.000   0.521490    0.430692   0.047813   0.000006   0.952181   3.808725 
   0.0000000000    -40.000     10.000   0.538142    0.412497   0.049355   0.000007   0.950638   3.802554 
   0.0000000000    -39.000     10.000   0.554354    0.394780   0.050858   0.000007   0.949134   3.796538 
   0.0000000000    -38.000     10.000   0.570094    0.377579   0.052320   0.000008   0.947672   3.790689 
   0.0000000000    -37.000     10.000   0.585327    0.360928   0.053737   0.000008   0.946255   3.785020 
   0.0000000000    -36.000     10.000   0.600026    0.344859   0.055106   0.000009   0.944885   3.779541 
   0.0000000000    -35.000     10.000   0.614184    0.329379   0.056427   0.000010   0.943563   3.774253 
   0.0000000000    -34.000     10.000   0.627786    0.314505   0.057699   0.000010   0.942291   3.769163 
   0.0000000000    -33.000     10.000   0.640827    0.300241   0.058921   0.000011   0.941068   3.764272 
   0.0000000000    -32.000     10.000   0.653310    0.286585   0.060094   0.000011   0.939895   3.759580 
   0.0000000000    -31.000     10.000   0.665240    0.273530   0.061217   0.000012   0.938771   3.755083 
   0.0000000000    -30.000     10.000   0.676627    0.261067   0.062293   0.000013   0.937695   3.750778 
   0.0000000000    -29.000     10.000   0.687484    0.249181   0.063321   0.000014   0.936665   3.746662 
   0.0000000000    -28.000     10.000   0.697827    0.237855   0.064304   0.000014   0.935682   3.742727 
   0.0000000000    -27.000     10.000   0.707671    0.227071   0.065243   0.000015   0.934742   3.738968 
   0.0000000000    -26.000     10.000   0.717035    0.216809   0.066140   0.000016   0.933844   3.735377 
   0.0000000000    -25.000     10.000   0.725939    0.207048   0.066996   0.000017   0.932987   3.731948 
   0.0000000000    -24.000     10.000   0.734402    0.197766   0.067814   0.000017   0.932169   3.728674 
   0.0000000000    -23.000     10.000   0.742444    0.188943   0.068595   0.000018   0.931387   3.725547 
   0.0000000000    -22.000     10.000   0.750084    0.180556   0.069341   0.000019   0.930640   3.722560 
   0.0000000000    -21.000     10.000   0.757341    0.172585   0.070054   0.000020   0.929926   3.719705 
   0.0000000000    -20.000     10.000   0.764233    0.165012   0.070735   0.000021   0.929244   3.716977 
   0.0000000000    -19.000     10.000   0.770782    0.157810   0.071386   0.000022   0.928592   3.714368 
   0.0000000000    -18.000     10.000   0.777002    0.150965   0.072010   0.000023   0.927967   3.711870 
   0.0000000000    -17.000     10.000   0.782912    0.144457   0.072607   0.000024   0.927370   3.709478 
   0.0000000000    -16.000     10.000   0.788528    0.138269   0.073179   0.000024   0.926797   3.707187 
   0.0000000000    -15.000     10.000   0.793864    0.132383   0.073727   0.000025   0.926247   3.704989 
   0.0000000000    -14.000     10.000   0.798936    0.126784   0.074254   0.000026   0.925720   3.702880 
   0.0000000000    -13.000     10.000   0.803757    0.121457   0.074759   0.000027   0.925214   3.700855 
   0.0000000000    -12.000     10.000   0.808341    0.116386   0.075245   0.000028   0.924727   3.698907 
   0.0000000000    -11.000     10.000   0.812700    0.111558   0.075712   0.000029   0.924258   3.697034 
   0.0000000000    -10.000     10.000   0.816847    0.106961   0.076162   0.000030   0.923807   3.695229 
   0.0000000000     -9.000     10.000   0.820791    0.102581   0.076596   0.000031   0.923372   3.693490 
   0.0000000000     -8.000     10.000   0.824545    0.098408   0.077015   0.000032   0.922953   3.691811 
   0.0000000000     -7.000     10.000   0.828118    0.094430   0.077419   0.000033   0.922547   3.690189 
   0.0000000000     -6.000     10.000   0.831519    0.090636   0.077810   0.000034   0.922155   3.688620 
   0.0000000000     -5.000     10.000   0.834757    0.087019   0.078189   0.000036   0.921776   3.687102 
   0.0000000000     -4.000     10.000   0.837840    0.083568   0.078556   0.000037   0.921408   3.685631 
   0.0000000000     -3.000     10.000   0.840777    0.080274   0.078912   0.000038   0.921051   3.684202 
   0.0000000000     -2.000     10.000   0.843575    0.077129   0.079257   0.000039   0.920704   3.682815 
   0.0000000000     -1.000     10.000   0.846241    0.074126   0.079593   0.000040   0.920366   3.681466 
   0.0000000000      0.000     10.000   0.848781    0.071257   0.079921   0.000041   0.920038   3.680152 
   0.0000000000      1.000     10.000   0.851203    0.068515   0.080240   0.000042   0.919718   3.678871 
   0.0000000000      2.000     10.000   0.853510    0.065895   0.080551   0.000044   0.919405   3.677621 
   0.0000000000      3.000     10.000   0.855710    0.063389   0.080855   0.000045   0.919100   3.676399 
   0.0000000000      4.000     10.000   0.857808    0.060993   0.081153   0.000046   0.918801   3.675203 
   0.0000000000      5.000     10.000   0.859807    0.058701   0.081445   0.000047   0.918508   3.674032 
   0.0000000000      6.000     10.000   0.861713    0.056507   0.081731   0.000049   0.918221   3.672883 
   0.0000000000      7.000     10.000   0.863531    0.054407   0.082011   0.000050   0.917939   3.671754 
   0.0000000000      8.000     10.000   0.865264    0.052397   0.082288   0.000051   0.917661   3.670645 
   0.0000000000      9.000     10.000   0.866917    0.050471   0.082559   0.000053   0.917388   3.669553 
   0.0000000000     10.000     10.000   0.868492    0.048627   0.082827   0.000054   0.917119   3.668476 
   0.0000000000     11.000     10.000   0.869994    0.046859   0.083091   0.000055   0.916853   3.667413 
   0.0000000000     12.000     10.000   0.871426    0.045165   0.083352   0.000057   0.916591   3.666363 
   0.0000000000     13.000     10.000   0.872791    0.043540   0.083611   0.000058   0.916331   3.665325 
   0.0000000000     14.000     10.000   0.874092    0.041982   0.083866   0.000060   0.916074   3.664297 
   0.0000000000     15.000     10.000   0.875332    0.040488   0.084120   0.000061   0.915819   3.663277 
   0.0000000000     16.000     10.000   0.876513    0.039054   0.084371   0.000062   0.915566   3.662265 
   0.0000000000     17.000     10.000   0.877637    0.037678   0.084621   0.000064   0.915315   3.661259 
   0.0000000000     18.000     10.000   0.878708    0.036357   0.084870   0.000066   0.915065   3.660259 
   0.0000000000     19.000     10.000   0.879728    0.035088   0.085117   0.000067   0.914816   3.659263 
   0.0000000000     20.000     10.000   0.880698    0.033870   0.085364   0.000069   0.914568   3.658271 
   0.0000000000     21.000     10.000   0.881620    0.032700   0.085610   0.000070   0.914320   3.657280 
   0.0000000000     22.000     10.000   0.882498    0.031575   0.085855   0.000072   0.914073   3.656291 
   0.0000000000     23.000     10.000   0.883331    0.030495   0.086101   0.000074   0.913826   3.655303 
   0.0000000000     24.000     10.000   0.884123    0.029456   0.086346   0.000075   0.913578   3.654314 
   0.0000000000     25.000     10.000   0.884874    0.028457   0.086592   0.000077   0.913331   3.653324 
   0.0000000000     26.000     10.000   0.885586    0.027497   0.086839   0.000079   0.913083   3.652331 
   0.0000000000     27.000     10.000   0.886261    0.026573   0.087086   0.000080   0.912834   3.651336 
   0.0000000000     28.000     10.000   0.886900    0.025684   0.087334   0.000082   0.912584   3.650337 
   0.0000000000     29.000     10.000   0.887505    0.024829   0.087583   0.000084   0.912333   3.649334 
   0.0000000000     30.000     10.000   0.888076    0.024005   0.087833   0.000086   0.912081   3.648325 
   0.0000000000     31.000     10.000   0.888615    0.023213   0.088085   0.000088   0.911828   3.647311 
   0.0000000000     32.000     10.000   0.889123    0.022450   0.088338   0.000090   0.911573   3.646290 
   0.0000000000     33.000     10.000   0.889601    0.021715   0.088593   0.000091   0.911316   3.645262 
   0.0000000000     34.000     10.000   0.890050    0.021007   0.088850   0.000093   0.911057   3.644226 
   0.0000000000     35.000     10.000   0.890471    0.020325   0.089109   0.000095   0.910796   3.643182 
   0.0000000000     36.000     10.000   0.890864    0.019668   0.089370   0.000097   0.910532   3.642129 
   0.0000000000     37.000     10.000   0.891232    0.019034   0.089634   0.000099   0.910266   3.641065 
   0.0000000000     38.000     10.000   0.891574    0.018424   0.089901   0.000102   0.909998   3.639992 
   0.0000000000     39.000     10.000   0.891892    0.017835   0.090170   0.000104   0.909727   3.638907 
   0.0000000000     40.000     10.000   0.892185    0.017267   0.090441   0.000106   0.909453   3.637812 
   0.0000000000     41.000     10.000   0.892456    0.016720   0.090716   0.000108   0.909176   3.636704 
   0.0000000000     42.000     10.000   0.892704    0.016192   0.090994   0.000110   0.908896   3.635583 
   0.0000000000     43.000     10.000   0.892930    0.015682   0.091275   0.000112   0.908612   3.634450 
   0.0000000000     44.000     10.000   0.893135    0.015190   0.091560   0.000115   0.908326   3.633302 
   0.0000000000     45.000     10.000   0.893319    0.014716   0.091848   0.000117   0.908035   3.632141 
   0.0000000000     46.000     10.000   0.893484    0.014258   0.092140   0.000119   0.907741   3.630965 
   0.0000000000     47.000     10.000   0.893628    0.013815   0.092435   0.000122   0.907443   3.629773 
   0.0000000000     48.000     10.000   0.893753    0.013388   0.092734   0.000124   0.907142   3.628566 
   0.0000000000     49.000     10.000   0.893860    0.012976   0.093038   0.000127   0.906836   3.627343 
   0.0000000000     50.000     10.000   0.893949    0.012577   0.093345   0.000129   0.906526   3.626103 
   0.0000000000     51.000     10.000   0.894019    0.012192   0.093657   0.000132   0.906211   3.624845 
   0.0000000000     52.000     10.000   0.894072    0.011820   0.093973   0.000134   0.905893   3.623570 
   0.0000000000     53.000     10.000   0.894109    0.011461   0.094294   0.000137   0.905569   3.622277 
   0.0000000000     54.000     10.000   0.894128    0.011113   0.094619   0.000139   0.905241   3.620965 
   0.0000000000     55.000     10.000   0.894131    0.010777   0.094949   0.000142   0.904909   3.619634 
   0.0000000000     56.000     10.000   0.894118    0.010453   0.095284   0.000145   0.904571   3.618283 
   0.0000000000     57.000     10.000   0.894090    0.010138   0.095624   0.000148   0.904228   3.616913 
   0.0000000000     58.000     10.000   0.894046    0.009835   0.095969   0.000150   0.903880   3.615521 
   0.0000000000     59.000     10.000   0.893986    0.009541   0.096319   0.000153   0.903527   3.614109 
   0.0000000000     60.000     10.000   0.893912    0.009257   0.096675   0.000156   0.903169   3.612675 
   0.0000000000     61.000     10.000   0.893823    0.008982   0.097036   0.000159   0.902805   3.611219 
   0.0000000000     62.000     10.000   0.893720    0.008716   0.097403   0.000162   0.902435   3.609741 
   0.0000000000     63.000     10.000   0.893602    0.008458   0.097775   0.000165   0.902060   3.608240 
   0.0000000000     64.000     10.000   0.893470    0.008209   0.098153   0.000168   0.901679   3.606716 
   0.0000000000     65.000     10.000   0.893324    0.007968   0.098537   0.000172   0.901292   3.605167 
   0.0000000000     66.000     10.000   0.893165    0.007734   0.098927   0.000175   0.900899   3.603595 
   0.0000000000     67.000     10.000   0.892992    0.007508   0.099323   0.000178   0.900499   3.601997 
   0.0000000000     68.000     10.000   0.892805    0.007289   0.099725   0.000181   0.900094   3.600375 
   0.0000000000     69.000     10.000   0.892605    0.007076   0.100134   0.000185   0.899682   3.598727 
   0.0000000000     70.000     10.000   0.892392    0.006871   0.100549   0.000188   0.899263   3.597052 
   0.0000000000     71.000     10.000   0.892166    0.006672   0.100971   0.000192   0.898838   3.595351 
   0.0000000000     72.000     10.000   0.891927    0.006479   0.101399   0.000195   0.898406   3.593623 
   0.0000000000     73.000     10.000   0.891675    0.006292   0.101834   0.000199   0.897967   3.591868 
   0.0000000000     74.000     10.000   0.891411    0.006110   0.102277   0.000202   0.897521   3.590084 
   0.0000000000     75.000     10.000   0.891133    0.005935   0.102726   0.000206   0.897068   3.588272 
   0.0000000000     76.000     10.000   0.890843    0.005764   0.103182   0.000210   0.896608   3.586431 
   0.0000000000     77.000     10.000   0.890541    0.005599   0.103646   0.000214   0.896140   3.584561 
   0.0000000000     78.000     10.000   0.890226    0.005439   0.104117   0.000217   0.895665   3.582660 
   0.0000000000     79.000     10.000   0.889899    0.005284   0.104596   0.000221   0.895182   3.580730 
   0.0000000000     80.000     10.000   0.889559    0.005133   0.105083   0.000225   0.894692   3.578768 
   0.0000000000     81.000     10.000   0.889207    0.004987   0.105577   0.000229   0.894194   3.576775 
   0.0000000000     82.000     10.000   0.888842    0.004845   0.106079   0.000234   0.893688   3.574750 
   0.0000000000     83.000     10.000   0.888465    0.004708   0.106589   0.000238   0.893173   3.572693 
   0.0000000000     84.000     10.000   0.888076    0.004575   0.107107   0.000242   0.892651   3.570603 
   0.0000000000     85.000     10.000   0.887675    0.004445   0.107634   0.000246   0.892120   3.568480 
   0.0000000000     86.000     10.000   0.887261    0.004320   0.108169   0.000251   0.891581   3.566323 
   0.0000000000     87.000     10.000   0.886835    0.004198   0.108712   0.000255   0.891033   3.564131 
   0.0000000000     88.000     10.000   0.886397    0.004079   0.109264   0.000260   0.890476   3.561905 
   0.0000000000     89.000     10.000   0.885947    0.003964   0.109825   0.000264   0.889911   3.559643 
   0.0000000000     90.000     10.000   0.885484    0.003853   0.110394   0.000269   0.889336   3.557346 
   0.0000000000     91.000     10.000   0.885009    0.003744   0.110973   0.000274   0.888753   3.555012 
   0.0000000000     92.000     10.000   0.884521    0.003639   0.111561   0.000279   0.888160   3.552641 
   0.0000000000     93.000     10.000   0.884021    0.003537   0.112158   0.000284   0.887558   3.550233 
   0.0000000000     94.000     10.000   0.883509    0.003438   0.112764   0.000289   0.886947   3.547787 
   0.0000000000     95.000     10.000   0.882984    0.003341   0.113380   0.000294   0.886326   3.545303 
   0.0000000000     96.000     10.000   0.882447    0.003248   0.114006   0.000299   0.885695   3.542779 
   0.0000000000     97.000     10.000   0.881897    0.003157   0.114642   0.000304   0.885054   3.540216 
   0.0000000000     98.000     10.000   0.881335    0.003068   0.115287   0.000310   0.884403   3.537613 
   0.0000000000     99.000     10.000   0.880760    0.002983   0.115942   0.000315   0.883742   3.534970 
   0.0000000000    100.000     10.000   0.880172    0.002899   0.116608   0.000321   0.883071   3.532285 
   0.0000000000    101.000     10.000   0.879572    0.002818   0.117284   0.000326   0.882390   3.529559 
   0.0000000000    102.000     10.000   0.878958    0.002739   0.117970   0.000332   0.881698   3.526790 
   0.0000000000    103.000     10.000   0.878332    0.002663   0.118667   0.000338   0.880995   3.523979 
   0.0000000000    104.000     10.000   0.877693    0.002588   0.119375   0.000344   0.880281   3.521124 
   0.0000000000    105.000     10.000   0.877041    0.002516   0.120094   0.000350   0.879556   3.518226 
   0.0000000000    106.000     10.000   0.876375    0.002445   0.120823   0.000356   0.878821   3.515283 
   0.0000000000    107.000     10.000   0.875697    0.002377   0.121564   0.000362   0.878074   3.512295 
   0.0000000000    108.000     10.000   0.875005    0.002310   0.122316   0.000368   0.877315   3.509262 
   0.0000000000    109.000     10.000   0.874300    0.002246   0.123080   0.000375   0.876546   3.506182 
   0.0000000000    110.000     10.000   0.873581    0.002183   0.123855   0.000381   0.875764   3.503056 
   0.0000000000    111.000     10.000   0.872849    0.002121   0.124641   0.000388   0.874971   3.499883 
   0.0000000000    112.000     10.000   0.872103    0.002062   0.125440   0.000395   0.874165   3.496661 
   0.0000000000    113.000     10.000   0.871344    0.002004   0.126250   0.000402   0.873348   3.493392 
   0.0000000000    114.000     10.000   0.870571    0.001948   0.127073   0.000409   0.872518   3.490073 
   0.0000000000    115.000     10.000   0.869783    0.001893   0.127908   0.000416   0.871676   3.486705 
   0.0000000000    116.000     10.000   0.868982    0.001840   0.128755   0.000423   0.870822   3.483287 
   0.0000000000    117.000     10.000   0.868167    0.001788   0.129615   0.000430   0.869954   3.479818 
   0.0000000000    118.000     10.000   0.867337    0.001737   0.130488   0.000438   0.869074   3.476298 
   0.0000000000    119.000     10.000   0.866493    0.001688   0.131373   0.000445   0.868182   3.472727 
   0.0000000000    120.000     10.000   0.865635    0.001641   0.132272   0.000453   0.867276   3.469102 
   0.0000000000    121.000     10.000   0.864762    0.001594   0.133183   0.000461   0.866356   3.465425 
   0.0000000000    122.000     10.000   0.863875    0.001549   0.134108   0.000469   0.865423   3.461694 
   0.0000000000    123.000     10.000   0.862972    0.001505   0.135046   0.000477   0.864477   3.457909 
   0.0000000000    124.000     10.000   0.862055    0.001462   0.135998   0.000485   0.863517   3.454069 
   0.0000000000    125.000     10.000   0.861123    0.001420   0.136963   0.000493   0.862543   3.450174 
   0.0000000000    126.000     10.000   0.860176    0.001380   0.137942   0.000502   0.861556   3.446223 
