#solute size.    Temp(C) Press(Mpa)        fHB          fS        fLJ         fO        xHB        nHB 
   0.0000000000   -173.000    380.000   0.916664    0.000002   0.082865   0.000467   0.916665   3.666661 
   0.0000000000   -172.000    380.000   0.916666    0.000002   0.082854   0.000478   0.916668   3.666672 
   0.0000000000   -171.000    380.000   0.916664    0.000002   0.082844   0.000489   0.916666   3.666664 
   0.0000000000   -170.000    380.000   0.916665    0.000002   0.082832   0.000500   0.916667   3.666668 
   0.0000000000   -169.000    380.000   0.916665    0.000002   0.082822   0.000511   0.916667   3.666669 
   0.0000000000   -168.000    380.000   0.916664    0.000002   0.082810   0.000523   0.916667   3.666666 
   0.0000000000   -167.000    380.000   0.916665    0.000002   0.082799   0.000534   0.916667   3.666668 
   0.0000000000   -166.000    380.000   0.916664    0.000003   0.082788   0.000545   0.916667   3.666668 
   0.0000000000   -165.000    380.000   0.916664    0.000003   0.082776   0.000557   0.916667   3.666667 
   0.0000000000   -164.000    380.000   0.916664    0.000003   0.082765   0.000568   0.916667   3.666669 
   0.0000000000   -163.000    380.000   0.916664    0.000003   0.082754   0.000579   0.916667   3.666667 
   0.0000000000   -162.000    380.000   0.916663    0.000003   0.082742   0.000591   0.916667   3.666668 
   0.0000000000   -161.000    380.000   0.916663    0.000004   0.082731   0.000602   0.916667   3.666668 
   0.0000000000   -160.000    380.000   0.916663    0.000004   0.082719   0.000614   0.916667   3.666668 
   0.0000000000   -159.000    380.000   0.916663    0.000004   0.082708   0.000625   0.916667   3.666668 
   0.0000000000   -158.000    380.000   0.916663    0.000005   0.082696   0.000637   0.916667   3.666668 
   0.0000000000   -157.000    380.000   0.916662    0.000005   0.082684   0.000649   0.916667   3.666668 
   0.0000000000   -156.000    380.000   0.916662    0.000005   0.082673   0.000660   0.916667   3.666668 
   0.0000000000   -155.000    380.000   0.916662    0.000005   0.082661   0.000672   0.916667   3.666669 
   0.0000000000   -154.000    380.000   0.916661    0.000006   0.082649   0.000684   0.916667   3.666669 
   0.0000000000   -153.000    380.000   0.916661    0.000006   0.082638   0.000695   0.916667   3.666669 
   0.0000000000   -152.000    380.000   0.916661    0.000006   0.082626   0.000707   0.916667   3.666669 
   0.0000000000   -151.000    380.000   0.916660    0.000007   0.082614   0.000719   0.916667   3.666669 
   0.0000000000   -150.000    380.000   0.916660    0.000007   0.082602   0.000730   0.916667   3.666669 
   0.0000000000   -149.000    380.000   0.916660    0.000008   0.082590   0.000742   0.916667   3.666669 
   0.0000000000   -148.000    380.000   0.916659    0.000008   0.082579   0.000754   0.916667   3.666669 
   0.0000000000   -147.000    380.000   0.916659    0.000008   0.082567   0.000766   0.916667   3.666669 
   0.0000000000   -146.000    380.000   0.916659    0.000009   0.082555   0.000778   0.916667   3.666670 
   0.0000000000   -145.000    380.000   0.916658    0.000009   0.082543   0.000789   0.916667   3.666670 
   0.0000000000   -144.000    380.000   0.916658    0.000010   0.082531   0.000801   0.916667   3.666670 
   0.0000000000   -143.000    380.000   0.916657    0.000010   0.082519   0.000813   0.916668   3.666670 
   0.0000000000   -142.000    380.000   0.916657    0.000011   0.082508   0.000825   0.916668   3.666670 
   0.0000000000   -141.000    380.000   0.916656    0.000011   0.082496   0.000837   0.916668   3.666670 
   0.0000000000   -140.000    380.000   0.916656    0.000012   0.082484   0.000849   0.916668   3.666671 
   0.0000000000   -139.000    380.000   0.916655    0.000012   0.082472   0.000861   0.916668   3.666671 
   0.0000000000   -138.000    380.000   0.916655    0.000013   0.082460   0.000872   0.916668   3.666671 
   0.0000000000   -137.000    380.000   0.916654    0.000014   0.082448   0.000884   0.916668   3.666671 
   0.0000000000   -136.000    380.000   0.916654    0.000014   0.082436   0.000896   0.916668   3.666671 
   0.0000000000   -135.000    380.000   0.916653    0.000015   0.082424   0.000908   0.916668   3.666672 
   0.0000000000   -134.000    380.000   0.916653    0.000015   0.082412   0.000920   0.916668   3.666672 
   0.0000000000   -133.000    380.000   0.916652    0.000016   0.082400   0.000932   0.916668   3.666672 
   0.0000000000   -132.000    380.000   0.916651    0.000017   0.082388   0.000944   0.916668   3.666672 
   0.0000000000   -131.000    380.000   0.916651    0.000017   0.082376   0.000956   0.916668   3.666672 
   0.0000000000   -130.000    380.000   0.916650    0.000018   0.082364   0.000968   0.916668   3.666673 
   0.0000000000   -129.000    380.000   0.916650    0.000019   0.082352   0.000980   0.916668   3.666673 
   0.0000000000   -128.000    380.000   0.916649    0.000019   0.082340   0.000992   0.916668   3.666673 
   0.0000000000   -127.000    380.000   0.916648    0.000020   0.082328   0.001004   0.916668   3.666673 
   0.0000000000   -126.000    380.000   0.916648    0.000021   0.082316   0.001016   0.916668   3.666673 
   0.0000000000   -125.000    380.000   0.916647    0.000021   0.082304   0.001028   0.916668   3.666674 
   0.0000000000   -124.000    380.000   0.916646    0.000022   0.082291   0.001040   0.916668   3.666674 
   0.0000000000   -123.000    380.000   0.916646    0.000023   0.082279   0.001052   0.916669   3.666674 
   0.0000000000   -122.000    380.000   0.916645    0.000024   0.082267   0.001064   0.916669   3.666674 
   0.0000000000   -121.000    380.000   0.916644    0.000024   0.082255   0.001076   0.916669   3.666675 
   0.0000000000   -120.000    380.000   0.916644    0.000025   0.082243   0.001088   0.916669   3.666675 
   0.0000000000   -119.000    380.000   0.916643    0.000026   0.082231   0.001100   0.916669   3.666675 
   0.0000000000   -118.000    380.000   0.916642    0.000027   0.082219   0.001112   0.916669   3.666675 
   0.0000000000   -117.000    380.000   0.916641    0.000028   0.082207   0.001124   0.916669   3.666675 
   0.0000000000   -116.000    380.000   0.916641    0.000028   0.082194   0.001137   0.916669   3.666676 
   0.0000000000   -115.000    380.000   0.916640    0.000029   0.082182   0.001149   0.916669   3.666676 
   0.0000000000   -114.000    380.000   0.916639    0.000030   0.082170   0.001161   0.916669   3.666676 
   0.0000000000   -113.000    380.000   0.916638    0.000031   0.082158   0.001173   0.916669   3.666676 
   0.0000000000   -112.000    380.000   0.916637    0.000032   0.082146   0.001185   0.916669   3.666677 
   0.0000000000   -111.000    380.000   0.916637    0.000033   0.082134   0.001197   0.916669   3.666677 
   0.0000000000   -110.000    380.000   0.916636    0.000033   0.082121   0.001209   0.916669   3.666677 
   0.0000000000   -109.000    380.000   0.916635    0.000034   0.082109   0.001222   0.916669   3.666677 
   0.0000000000   -108.000    380.000   0.916634    0.000035   0.082097   0.001234   0.916669   3.666677 
   0.0000000000   -107.000    380.000   0.916633    0.000036   0.082085   0.001246   0.916669   3.666677 
   0.0000000000   -106.000    380.000   0.916633    0.000037   0.082072   0.001258   0.916669   3.666678 
   0.0000000000   -105.000    380.000   0.916632    0.000038   0.082060   0.001270   0.916669   3.666678 
   0.0000000000   -104.000    380.000   0.916631    0.000039   0.082048   0.001283   0.916669   3.666678 
   0.0000000000   -103.000    380.000   0.916630    0.000039   0.082036   0.001295   0.916669   3.666678 
   0.0000000000   -102.000    380.000   0.916629    0.000040   0.082023   0.001307   0.916670   3.666678 
   0.0000000000   -101.000    380.000   0.916628    0.000041   0.082011   0.001319   0.916670   3.666678 
   0.0000000000   -100.000    380.000   0.916627    0.000042   0.081999   0.001332   0.916670   3.666678 
   0.0000000000    -99.000    380.000   0.916627    0.000043   0.081987   0.001344   0.916670   3.666678 
   0.0000000000    -98.000    380.000   0.916626    0.000044   0.081974   0.001356   0.916670   3.666678 
   0.0000000000    -97.000    380.000   0.916625    0.000045   0.081962   0.001369   0.916670   3.666678 
   0.0000000000    -96.000    380.000   0.916624    0.000046   0.081950   0.001381   0.916670   3.666678 
   0.0000000000    -95.000    380.000   0.916623    0.000046   0.081937   0.001393   0.916669   3.666678 
   0.0000000000    -94.000    380.000   0.916622    0.000047   0.081925   0.001406   0.916669   3.666678 
   0.0000000000    -93.000    380.000   0.916621    0.000048   0.081913   0.001418   0.916669   3.666678 
   0.0000000000    -92.000    380.000   0.916620    0.000049   0.081900   0.001430   0.916669   3.666677 
   0.0000000000    -91.000    380.000   0.916619    0.000050   0.081888   0.001443   0.916669   3.666677 
   0.0000000000    -90.000    380.000   0.916618    0.000051   0.081876   0.001455   0.916669   3.666677 
   0.0000000000    -89.000    380.000   0.916617    0.000052   0.081863   0.001468   0.916669   3.666677 
   0.0000000000    -88.000    380.000   0.916617    0.000053   0.081851   0.001480   0.916669   3.666676 
   0.0000000000    -87.000    380.000   0.916616    0.000053   0.081839   0.001493   0.916669   3.666676 
   0.0000000000    -86.000    380.000   0.916615    0.000054   0.081826   0.001505   0.916669   3.666675 
   0.0000000000    -85.000    380.000   0.916614    0.000055   0.081814   0.001518   0.916669   3.666675 
   0.0000000000    -84.000    380.000   0.916613    0.000056   0.081801   0.001530   0.916669   3.666674 
   0.0000000000    -83.000    380.000   0.916612    0.000057   0.081789   0.001543   0.916668   3.666673 
   0.0000000000    -82.000    380.000   0.916611    0.000057   0.081777   0.001555   0.916668   3.666673 
   0.0000000000    -81.000    380.000   0.916610    0.000058   0.081764   0.001568   0.916668   3.666672 
   0.0000000000    -80.000    380.000   0.916609    0.000059   0.081752   0.001580   0.916668   3.666671 
   0.0000000000    -79.000    380.000   0.916608    0.000060   0.081740   0.001593   0.916667   3.666670 
   0.0000000000    -78.000    380.000   0.916607    0.000061   0.081727   0.001605   0.916667   3.666669 
   0.0000000000    -77.000    380.000   0.916605    0.000061   0.081715   0.001618   0.916667   3.666667 
   0.0000000000    -76.000    380.000   0.916604    0.000062   0.081703   0.001631   0.916667   3.666666 
   0.0000000000    -75.000    380.000   0.916603    0.000063   0.081690   0.001643   0.916666   3.666665 
   0.0000000000    -74.000    380.000   0.916602    0.000064   0.081678   0.001656   0.916666   3.666663 
   0.0000000000    -73.000    380.000   0.916601    0.000064   0.081666   0.001669   0.916665   3.666661 
   0.0000000000    -72.000    380.000   0.916600    0.000065   0.081654   0.001681   0.916665   3.666659 
   0.0000000000    -71.000    380.000   0.916599    0.000066   0.081641   0.001694   0.916664   3.666658 
   0.0000000000    -70.000    380.000   0.916597    0.000066   0.081629   0.001707   0.916664   3.666655 
   0.0000000000    -69.000    380.000   0.916596    0.000067   0.081617   0.001720   0.916663   3.666653 
   0.0000000000    -68.000    380.000   0.916595    0.000068   0.081605   0.001733   0.916663   3.666651 
   0.0000000000    -67.000    380.000   0.916594    0.000068   0.081593   0.001745   0.916662   3.666648 
   0.0000000000    -66.000    380.000   0.916592    0.000069   0.081581   0.001758   0.916661   3.666645 
   0.0000000000    -65.000    380.000   0.916591    0.000070   0.081568   0.001771   0.916661   3.666642 
   0.0000000000    -64.000    380.000   0.916589    0.000070   0.081556   0.001784   0.916660   3.666639 
   0.0000000000    -63.000    380.000   0.916588    0.000071   0.081544   0.001797   0.916659   3.666636 
   0.0000000000    -62.000    380.000   0.916587    0.000072   0.081532   0.001810   0.916658   3.666632 
   0.0000000000    -61.000    380.000   0.916585    0.000072   0.081520   0.001823   0.916657   3.666628 
   0.0000000000    -60.000    380.000   0.916583    0.000073   0.081508   0.001836   0.916656   3.666624 
   0.0000000000    -59.000    380.000   0.916582    0.000073   0.081497   0.001848   0.916655   3.666620 
   0.0000000000    -58.000    380.000   0.916580    0.000074   0.081485   0.001861   0.916654   3.666615 
   0.0000000000    -57.000    380.000   0.916578    0.000074   0.081473   0.001874   0.916653   3.666611 
   0.0000000000    -56.000    380.000   0.916577    0.000075   0.081461   0.001887   0.916651   3.666605 
   0.0000000000    -55.000    380.000   0.916575    0.000075   0.081449   0.001901   0.916650   3.666600 
   0.0000000000    -54.000    380.000   0.916573    0.000076   0.081438   0.001914   0.916649   3.666594 
   0.0000000000    -53.000    380.000   0.916571    0.000076   0.081426   0.001927   0.916647   3.666588 
   0.0000000000    -52.000    380.000   0.916569    0.000077   0.081415   0.001940   0.916645   3.666582 
   0.0000000000    -51.000    380.000   0.916567    0.000077   0.081403   0.001953   0.916644   3.666575 
   0.0000000000    -50.000    380.000   0.916564    0.000078   0.081392   0.001966   0.916642   3.666568 
   0.0000000000    -49.000    380.000   0.916562    0.000078   0.081381   0.001979   0.916640   3.666560 
   0.0000000000    -48.000    380.000   0.916560    0.000078   0.081370   0.001992   0.916638   3.666552 
   0.0000000000    -47.000    380.000   0.916557    0.000079   0.081358   0.002006   0.916636   3.666544 
   0.0000000000    -46.000    380.000   0.916555    0.000079   0.081347   0.002019   0.916634   3.666535 
   0.0000000000    -45.000    380.000   0.916552    0.000080   0.081336   0.002032   0.916632   3.666526 
   0.0000000000    -44.000    380.000   0.916549    0.000080   0.081326   0.002045   0.916629   3.666517 
   0.0000000000    -43.000    380.000   0.916546    0.000080   0.081315   0.002059   0.916627   3.666506 
   0.0000000000    -42.000    380.000   0.916543    0.000081   0.081304   0.002072   0.916624   3.666496 
   0.0000000000    -41.000    380.000   0.916540    0.000081   0.081294   0.002085   0.916621   3.666485 
   0.0000000000    -40.000    380.000   0.916537    0.000081   0.081283   0.002099   0.916618   3.666473 
   0.0000000000    -39.000    380.000   0.916534    0.000082   0.081273   0.002112   0.916615   3.666461 
   0.0000000000    -38.000    380.000   0.916530    0.000082   0.081263   0.002125   0.916612   3.666448 
   0.0000000000    -37.000    380.000   0.916526    0.000082   0.081253   0.002139   0.916609   3.666435 
   0.0000000000    -36.000    380.000   0.916523    0.000082   0.081243   0.002152   0.916605   3.666420 
   0.0000000000    -35.000    380.000   0.916519    0.000083   0.081233   0.002166   0.916601   3.666406 
   0.0000000000    -34.000    380.000   0.916515    0.000083   0.081223   0.002179   0.916598   3.666390 
   0.0000000000    -33.000    380.000   0.916511    0.000083   0.081214   0.002192   0.916594   3.666374 
   0.0000000000    -32.000    380.000   0.916506    0.000083   0.081205   0.002206   0.916589   3.666358 
   0.0000000000    -31.000    380.000   0.916502    0.000083   0.081195   0.002220   0.916585   3.666340 
   0.0000000000    -30.000    380.000   0.916497    0.000084   0.081186   0.002233   0.916580   3.666322 
   0.0000000000    -29.000    380.000   0.916492    0.000084   0.081178   0.002247   0.916576   3.666303 
   0.0000000000    -28.000    380.000   0.916487    0.000084   0.081169   0.002260   0.916571   3.666283 
   0.0000000000    -27.000    380.000   0.916482    0.000084   0.081161   0.002274   0.916566   3.666262 
   0.0000000000    -26.000    380.000   0.916476    0.000084   0.081152   0.002288   0.916560   3.666241 
   0.0000000000    -25.000    380.000   0.916470    0.000084   0.081144   0.002301   0.916555   3.666219 
   0.0000000000    -24.000    380.000   0.916464    0.000084   0.081136   0.002315   0.916549   3.666195 
   0.0000000000    -23.000    380.000   0.916458    0.000085   0.081129   0.002329   0.916543   3.666171 
   0.0000000000    -22.000    380.000   0.916452    0.000085   0.081121   0.002342   0.916536   3.666146 
   0.0000000000    -21.000    380.000   0.916445    0.000085   0.081114   0.002356   0.916530   3.666119 
   0.0000000000    -20.000    380.000   0.916438    0.000085   0.081107   0.002370   0.916523   3.666092 
   0.0000000000    -19.000    380.000   0.916431    0.000085   0.081100   0.002384   0.916516   3.666064 
   0.0000000000    -18.000    380.000   0.916424    0.000085   0.081094   0.002397   0.916509   3.666034 
   0.0000000000    -17.000    380.000   0.916416    0.000085   0.081088   0.002411   0.916501   3.666004 
   0.0000000000    -16.000    380.000   0.916408    0.000085   0.081082   0.002425   0.916493   3.665972 
   0.0000000000    -15.000    380.000   0.916400    0.000085   0.081076   0.002439   0.916485   3.665939 
   0.0000000000    -14.000    380.000   0.916391    0.000085   0.081071   0.002453   0.916476   3.665905 
   0.0000000000    -13.000    380.000   0.916383    0.000085   0.081066   0.002467   0.916467   3.665870 
   0.0000000000    -12.000    380.000   0.916373    0.000085   0.081061   0.002481   0.916458   3.665833 
   0.0000000000    -11.000    380.000   0.916364    0.000085   0.081057   0.002495   0.916449   3.665795 
   0.0000000000    -10.000    380.000   0.916354    0.000085   0.081052   0.002509   0.916439   3.665756 
   0.0000000000     -9.000    380.000   0.916344    0.000085   0.081049   0.002523   0.916429   3.665715 
   0.0000000000     -8.000    380.000   0.916333    0.000085   0.081045   0.002537   0.916418   3.665673 
   0.0000000000     -7.000    380.000   0.916323    0.000085   0.081042   0.002551   0.916407   3.665629 
   0.0000000000     -6.000    380.000   0.916311    0.000085   0.081039   0.002565   0.916396   3.665584 
   0.0000000000     -5.000    380.000   0.916300    0.000085   0.081037   0.002579   0.916384   3.665537 
   0.0000000000     -4.000    380.000   0.916288    0.000084   0.081035   0.002593   0.916372   3.665489 
   0.0000000000     -3.000    380.000   0.916275    0.000084   0.081033   0.002607   0.916360   3.665439 
   0.0000000000     -2.000    380.000   0.916263    0.000084   0.081032   0.002622   0.916347   3.665387 
   0.0000000000     -1.000    380.000   0.916249    0.000084   0.081031   0.002636   0.916333   3.665334 
   0.0000000000      0.000    380.000   0.916236    0.000084   0.081030   0.002650   0.916320   3.665278 
   0.0000000000      1.000    380.000   0.916222    0.000084   0.081030   0.002664   0.916305   3.665221 
   0.0000000000      2.000    380.000   0.916207    0.000084   0.081031   0.002679   0.916291   3.665163 
   0.0000000000      3.000    380.000   0.916192    0.000084   0.081032   0.002693   0.916276   3.665102 
   0.0000000000      4.000    380.000   0.916176    0.000083   0.081033   0.002707   0.916260   3.665039 
   0.0000000000      5.000    380.000   0.916160    0.000083   0.081035   0.002722   0.916244   3.664975 
   0.0000000000      6.000    380.000   0.916144    0.000083   0.081037   0.002736   0.916227   3.664908 
   0.0000000000      7.000    380.000   0.916127    0.000083   0.081040   0.002750   0.916210   3.664840 
   0.0000000000      8.000    380.000   0.916109    0.000083   0.081043   0.002765   0.916192   3.664769 
   0.0000000000      9.000    380.000   0.916091    0.000083   0.081047   0.002779   0.916174   3.664696 
   0.0000000000     10.000    380.000   0.916073    0.000082   0.081051   0.002794   0.916155   3.664621 
   0.0000000000     11.000    380.000   0.916054    0.000082   0.081056   0.002809   0.916136   3.664543 
   0.0000000000     12.000    380.000   0.916034    0.000082   0.081061   0.002823   0.916116   3.664464 
   0.0000000000     13.000    380.000   0.916014    0.000082   0.081067   0.002838   0.916095   3.664382 
   0.0000000000     14.000    380.000   0.915993    0.000082   0.081073   0.002852   0.916074   3.664297 
   0.0000000000     15.000    380.000   0.915971    0.000081   0.081080   0.002867   0.916053   3.664210 
   0.0000000000     16.000    380.000   0.915949    0.000081   0.081088   0.002882   0.916030   3.664121 
   0.0000000000     17.000    380.000   0.915926    0.000081   0.081096   0.002896   0.916007   3.664029 
   0.0000000000     18.000    380.000   0.915903    0.000081   0.081105   0.002911   0.915984   3.663934 
   0.0000000000     19.000    380.000   0.915879    0.000080   0.081115   0.002926   0.915959   3.663837 
   0.0000000000     20.000    380.000   0.915854    0.000080   0.081125   0.002941   0.915934   3.663737 
   0.0000000000     21.000    380.000   0.915829    0.000080   0.081136   0.002956   0.915908   3.663634 
   0.0000000000     22.000    380.000   0.915802    0.000080   0.081147   0.002971   0.915882   3.663528 
   0.0000000000     23.000    380.000   0.915776    0.000079   0.081160   0.002986   0.915855   3.663420 
   0.0000000000     24.000    380.000   0.915748    0.000079   0.081172   0.003000   0.915827   3.663308 
   0.0000000000     25.000    380.000   0.915720    0.000079   0.081186   0.003015   0.915798   3.663194 
   0.0000000000     26.000    380.000   0.915690    0.000079   0.081200   0.003031   0.915769   3.663076 
   0.0000000000     27.000    380.000   0.915661    0.000078   0.081216   0.003046   0.915739   3.662956 
   0.0000000000     28.000    380.000   0.915630    0.000078   0.081231   0.003061   0.915708   3.662832 
   0.0000000000     29.000    380.000   0.915598    0.000078   0.081248   0.003076   0.915676   3.662705 
   0.0000000000     30.000    380.000   0.915566    0.000078   0.081265   0.003091   0.915644   3.662574 
   0.0000000000     31.000    380.000   0.915533    0.000077   0.081284   0.003106   0.915610   3.662441 
   0.0000000000     32.000    380.000   0.915499    0.000077   0.081303   0.003122   0.915576   3.662304 
   0.0000000000     33.000    380.000   0.915464    0.000077   0.081322   0.003137   0.915541   3.662163 
   0.0000000000     34.000    380.000   0.915428    0.000076   0.081343   0.003152   0.915505   3.662019 
   0.0000000000     35.000    380.000   0.915392    0.000076   0.081365   0.003168   0.915468   3.661871 
   0.0000000000     36.000    380.000   0.915354    0.000076   0.081387   0.003183   0.915430   3.661719 
   0.0000000000     37.000    380.000   0.915316    0.000075   0.081410   0.003198   0.915391   3.661564 
   0.0000000000     38.000    380.000   0.915276    0.000075   0.081435   0.003214   0.915351   3.661405 
   0.0000000000     39.000    380.000   0.915236    0.000075   0.081460   0.003230   0.915311   3.661242 
   0.0000000000     40.000    380.000   0.915194    0.000074   0.081486   0.003245   0.915269   3.661076 
   0.0000000000     41.000    380.000   0.915152    0.000074   0.081513   0.003261   0.915226   3.660905 
   0.0000000000     42.000    380.000   0.915109    0.000074   0.081541   0.003276   0.915183   3.660730 
   0.0000000000     43.000    380.000   0.915064    0.000074   0.081570   0.003292   0.915138   3.660551 
   0.0000000000     44.000    380.000   0.915019    0.000073   0.081600   0.003308   0.915092   3.660368 
   0.0000000000     45.000    380.000   0.914972    0.000073   0.081631   0.003324   0.915045   3.660180 
   0.0000000000     46.000    380.000   0.914925    0.000073   0.081663   0.003340   0.914997   3.659989 
   0.0000000000     47.000    380.000   0.914876    0.000072   0.081696   0.003356   0.914948   3.659792 
   0.0000000000     48.000    380.000   0.914826    0.000072   0.081730   0.003372   0.914898   3.659592 
   0.0000000000     49.000    380.000   0.914775    0.000072   0.081766   0.003388   0.914847   3.659387 
   0.0000000000     50.000    380.000   0.914723    0.000071   0.081802   0.003404   0.914794   3.659177 
   0.0000000000     51.000    380.000   0.914670    0.000071   0.081839   0.003420   0.914741   3.658962 
   0.0000000000     52.000    380.000   0.914615    0.000071   0.081878   0.003436   0.914686   3.658743 
   0.0000000000     53.000    380.000   0.914559    0.000070   0.081918   0.003452   0.914630   3.658519 
   0.0000000000     54.000    380.000   0.914503    0.000070   0.081959   0.003469   0.914572   3.658290 
   0.0000000000     55.000    380.000   0.914444    0.000070   0.082001   0.003485   0.914514   3.658056 
   0.0000000000     56.000    380.000   0.914385    0.000069   0.082044   0.003502   0.914454   3.657816 
   0.0000000000     57.000    380.000   0.914324    0.000069   0.082089   0.003518   0.914393   3.657572 
   0.0000000000     58.000    380.000   0.914262    0.000068   0.082135   0.003535   0.914331   3.657323 
   0.0000000000     59.000    380.000   0.914199    0.000068   0.082182   0.003551   0.914267   3.657068 
   0.0000000000     60.000    380.000   0.914134    0.000068   0.082230   0.003568   0.914202   3.656808 
   0.0000000000     61.000    380.000   0.914068    0.000067   0.082280   0.003585   0.914136   3.656542 
   0.0000000000     62.000    380.000   0.914001    0.000067   0.082331   0.003602   0.914068   3.656271 
   0.0000000000     63.000    380.000   0.913932    0.000067   0.082383   0.003618   0.913999   3.655994 
   0.0000000000     64.000    380.000   0.913862    0.000066   0.082437   0.003635   0.913928   3.655712 
   0.0000000000     65.000    380.000   0.913790    0.000066   0.082492   0.003652   0.913856   3.655424 
   0.0000000000     66.000    380.000   0.913717    0.000066   0.082548   0.003669   0.913782   3.655130 
   0.0000000000     67.000    380.000   0.913642    0.000065   0.082606   0.003687   0.913707   3.654830 
   0.0000000000     68.000    380.000   0.913566    0.000065   0.082665   0.003704   0.913631   3.654524 
   0.0000000000     69.000    380.000   0.913488    0.000065   0.082726   0.003721   0.913553   3.654212 
   0.0000000000     70.000    380.000   0.913409    0.000064   0.082788   0.003739   0.913473   3.653893 
   0.0000000000     71.000    380.000   0.913328    0.000064   0.082852   0.003756   0.913392   3.653569 
   0.0000000000     72.000    380.000   0.913246    0.000064   0.082917   0.003773   0.913309   3.653238 
   0.0000000000     73.000    380.000   0.913162    0.000063   0.082984   0.003791   0.913225   3.652901 
   0.0000000000     74.000    380.000   0.913076    0.000063   0.083052   0.003809   0.913139   3.652557 
   0.0000000000     75.000    380.000   0.912989    0.000063   0.083122   0.003827   0.913052   3.652206 
   0.0000000000     76.000    380.000   0.912900    0.000062   0.083193   0.003844   0.912962   3.651849 
   0.0000000000     77.000    380.000   0.912810    0.000062   0.083266   0.003862   0.912871   3.651485 
   0.0000000000     78.000    380.000   0.912717    0.000061   0.083341   0.003880   0.912779   3.651115 
   0.0000000000     79.000    380.000   0.912623    0.000061   0.083417   0.003898   0.912684   3.650737 
   0.0000000000     80.000    380.000   0.912527    0.000061   0.083495   0.003917   0.912588   3.650352 
   0.0000000000     81.000    380.000   0.912430    0.000060   0.083575   0.003935   0.912490   3.649960 
   0.0000000000     82.000    380.000   0.912330    0.000060   0.083656   0.003953   0.912390   3.649561 
   0.0000000000     83.000    380.000   0.912229    0.000060   0.083740   0.003972   0.912289   3.649155 
   0.0000000000     84.000    380.000   0.912126    0.000059   0.083825   0.003990   0.912185   3.648741 
   0.0000000000     85.000    380.000   0.912021    0.000059   0.083911   0.004009   0.912080   3.648320 
   0.0000000000     86.000    380.000   0.911914    0.000059   0.084000   0.004028   0.911973   3.647891 
   0.0000000000     87.000    380.000   0.911805    0.000058   0.084090   0.004046   0.911864   3.647454 
   0.0000000000     88.000    380.000   0.911695    0.000058   0.084182   0.004065   0.911752   3.647010 
   0.0000000000     89.000    380.000   0.911582    0.000058   0.084276   0.004084   0.911639   3.646557 
   0.0000000000     90.000    380.000   0.911467    0.000057   0.084372   0.004104   0.911524   3.646097 
   0.0000000000     91.000    380.000   0.911350    0.000057   0.084470   0.004123   0.911407   3.645629 
   0.0000000000     92.000    380.000   0.911232    0.000056   0.084570   0.004142   0.911288   3.645153 
   0.0000000000     93.000    380.000   0.911111    0.000056   0.084671   0.004162   0.911167   3.644668 
   0.0000000000     94.000    380.000   0.910988    0.000056   0.084775   0.004181   0.911044   3.644175 
   0.0000000000     95.000    380.000   0.910863    0.000055   0.084881   0.004201   0.910918   3.643673 
   0.0000000000     96.000    380.000   0.910736    0.000055   0.084989   0.004221   0.910791   3.643163 
   0.0000000000     97.000    380.000   0.910606    0.000055   0.085098   0.004241   0.910661   3.642645 
   0.0000000000     98.000    380.000   0.910475    0.000054   0.085210   0.004261   0.910529   3.642117 
   0.0000000000     99.000    380.000   0.910341    0.000054   0.085324   0.004281   0.910395   3.641581 
   0.0000000000    100.000    380.000   0.910205    0.000054   0.085440   0.004301   0.910259   3.641036 
   0.0000000000    101.000    380.000   0.910067    0.000053   0.085558   0.004321   0.910120   3.640482 
   0.0000000000    102.000    380.000   0.909927    0.000053   0.085679   0.004342   0.909980   3.639918 
   0.0000000000    103.000    380.000   0.909784    0.000053   0.085801   0.004362   0.909836   3.639345 
   0.0000000000    104.000    380.000   0.909639    0.000052   0.085926   0.004383   0.909691   3.638763 
   0.0000000000    105.000    380.000   0.909491    0.000052   0.086053   0.004404   0.909543   3.638172 
   0.0000000000    106.000    380.000   0.909341    0.000052   0.086182   0.004425   0.909393   3.637571 
   0.0000000000    107.000    380.000   0.909189    0.000051   0.086314   0.004446   0.909240   3.636960 
   0.0000000000    108.000    380.000   0.909034    0.000051   0.086448   0.004467   0.909085   3.636340 
   0.0000000000    109.000    380.000   0.908877    0.000051   0.086584   0.004489   0.908927   3.635709 
   0.0000000000    110.000    380.000   0.908717    0.000050   0.086723   0.004510   0.908767   3.635069 
   0.0000000000    111.000    380.000   0.908555    0.000050   0.086863   0.004532   0.908605   3.634418 
   0.0000000000    112.000    380.000   0.908390    0.000050   0.087007   0.004554   0.908439   3.633758 
   0.0000000000    113.000    380.000   0.908222    0.000049   0.087153   0.004576   0.908272   3.633086 
   0.0000000000    114.000    380.000   0.908052    0.000049   0.087301   0.004598   0.908101   3.632405 
   0.0000000000    115.000    380.000   0.907880    0.000049   0.087452   0.004620   0.907928   3.631713 
   0.0000000000    116.000    380.000   0.907704    0.000048   0.087605   0.004642   0.907753   3.631010 
   0.0000000000    117.000    380.000   0.907526    0.000048   0.087761   0.004665   0.907574   3.630297 
   0.0000000000    118.000    380.000   0.907346    0.000048   0.087919   0.004688   0.907393   3.629573 
   0.0000000000    119.000    380.000   0.907162    0.000047   0.088080   0.004710   0.907209   3.628837 
   0.0000000000    120.000    380.000   0.906976    0.000047   0.088244   0.004733   0.907023   3.628091 
   0.0000000000    121.000    380.000   0.906787    0.000047   0.088410   0.004757   0.906833   3.627333 
   0.0000000000    122.000    380.000   0.906595    0.000046   0.088579   0.004780   0.906641   3.626564 
   0.0000000000    123.000    380.000   0.906400    0.000046   0.088751   0.004803   0.906446   3.625784 
   0.0000000000    124.000    380.000   0.906202    0.000046   0.088925   0.004827   0.906248   3.624992 
   0.0000000000    125.000    380.000   0.906002    0.000045   0.089102   0.004851   0.906047   3.624188 
   0.0000000000    126.000    380.000   0.905798    0.000045   0.089282   0.004875   0.905843   3.623373 
