#solute size.    Temp(C) Press(Mpa)        fHB          fS        fLJ         fO        xHB        nHB 
   0.0000000000   -173.000    120.000   0.000014    0.999984   0.000001   0.000000   0.999999   3.999995 
   0.0000000000   -172.000    120.000   0.000018    0.999981   0.000002   0.000000   0.999998   3.999994 
   0.0000000000   -171.000    120.000   0.000021    0.999977   0.000002   0.000000   0.999998   3.999992 
   0.0000000000   -170.000    120.000   0.000026    0.999972   0.000002   0.000000   0.999998   3.999991 
   0.0000000000   -169.000    120.000   0.000031    0.999966   0.000003   0.000000   0.999997   3.999989 
   0.0000000000   -168.000    120.000   0.000037    0.999960   0.000003   0.000000   0.999997   3.999987 
   0.0000000000   -167.000    120.000   0.000044    0.999952   0.000004   0.000000   0.999996   3.999984 
   0.0000000000   -166.000    120.000   0.000053    0.999942   0.000005   0.000000   0.999995   3.999981 
   0.0000000000   -165.000    120.000   0.000063    0.999931   0.000006   0.000000   0.999994   3.999977 
   0.0000000000   -164.000    120.000   0.000075    0.999918   0.000007   0.000000   0.999993   3.999973 
   0.0000000000   -163.000    120.000   0.000088    0.999903   0.000008   0.000000   0.999992   3.999968 
   0.0000000000   -162.000    120.000   0.000104    0.999886   0.000009   0.000000   0.999991   3.999962 
   0.0000000000   -161.000    120.000   0.000123    0.999866   0.000011   0.000000   0.999989   3.999955 
   0.0000000000   -160.000    120.000   0.000145    0.999842   0.000013   0.000000   0.999987   3.999947 
   0.0000000000   -159.000    120.000   0.000169    0.999815   0.000015   0.000000   0.999985   3.999938 
   0.0000000000   -158.000    120.000   0.000198    0.999784   0.000018   0.000000   0.999982   3.999928 
   0.0000000000   -157.000    120.000   0.000231    0.999748   0.000021   0.000000   0.999979   3.999916 
   0.0000000000   -156.000    120.000   0.000269    0.999706   0.000024   0.000000   0.999976   3.999902 
   0.0000000000   -155.000    120.000   0.000313    0.999659   0.000028   0.000000   0.999972   3.999886 
   0.0000000000   -154.000    120.000   0.000363    0.999604   0.000033   0.000000   0.999967   3.999868 
   0.0000000000   -153.000    120.000   0.000420    0.999542   0.000038   0.000000   0.999962   3.999847 
   0.0000000000   -152.000    120.000   0.000485    0.999471   0.000044   0.000000   0.999956   3.999824 
   0.0000000000   -151.000    120.000   0.000559    0.999390   0.000051   0.000000   0.999949   3.999797 
   0.0000000000   -150.000    120.000   0.000643    0.999299   0.000058   0.000000   0.999942   3.999766 
   0.0000000000   -149.000    120.000   0.000738    0.999195   0.000067   0.000000   0.999933   3.999732 
   0.0000000000   -148.000    120.000   0.000846    0.999077   0.000077   0.000000   0.999923   3.999692 
   0.0000000000   -147.000    120.000   0.000968    0.998944   0.000088   0.000000   0.999912   3.999648 
   0.0000000000   -146.000    120.000   0.001106    0.998794   0.000101   0.000000   0.999899   3.999598 
   0.0000000000   -145.000    120.000   0.001261    0.998625   0.000115   0.000000   0.999885   3.999542 
   0.0000000000   -144.000    120.000   0.001435    0.998435   0.000130   0.000000   0.999870   3.999478 
   0.0000000000   -143.000    120.000   0.001631    0.998221   0.000148   0.000000   0.999852   3.999407 
   0.0000000000   -142.000    120.000   0.001851    0.997981   0.000168   0.000000   0.999832   3.999327 
   0.0000000000   -141.000    120.000   0.002097    0.997712   0.000191   0.000000   0.999809   3.999237 
   0.0000000000   -140.000    120.000   0.002372    0.997412   0.000216   0.000000   0.999784   3.999137 
   0.0000000000   -139.000    120.000   0.002680    0.997076   0.000244   0.000000   0.999756   3.999025 
   0.0000000000   -138.000    120.000   0.003023    0.996702   0.000275   0.000000   0.999725   3.998901 
   0.0000000000   -137.000    120.000   0.003405    0.996285   0.000310   0.000000   0.999690   3.998762 
   0.0000000000   -136.000    120.000   0.003831    0.995821   0.000348   0.000000   0.999652   3.998607 
   0.0000000000   -135.000    120.000   0.004304    0.995305   0.000391   0.000000   0.999609   3.998435 
   0.0000000000   -134.000    120.000   0.004828    0.994733   0.000439   0.000000   0.999561   3.998244 
   0.0000000000   -133.000    120.000   0.005410    0.994098   0.000492   0.000000   0.999508   3.998033 
   0.0000000000   -132.000    120.000   0.006054    0.993395   0.000550   0.000000   0.999450   3.997798 
   0.0000000000   -131.000    120.000   0.006767    0.992617   0.000615   0.000000   0.999385   3.997539 
   0.0000000000   -130.000    120.000   0.007555    0.991758   0.000687   0.000000   0.999313   3.997253 
   0.0000000000   -129.000    120.000   0.008425    0.990809   0.000766   0.000000   0.999234   3.996936 
   0.0000000000   -128.000    120.000   0.009384    0.989763   0.000853   0.000000   0.999147   3.996588 
   0.0000000000   -127.000    120.000   0.010441    0.988610   0.000949   0.000000   0.999051   3.996203 
   0.0000000000   -126.000    120.000   0.011604    0.987341   0.001055   0.000000   0.998945   3.995780 
   0.0000000000   -125.000    120.000   0.012884    0.985945   0.001171   0.000000   0.998829   3.995315 
   0.0000000000   -124.000    120.000   0.014289    0.984411   0.001299   0.000000   0.998701   3.994804 
   0.0000000000   -123.000    120.000   0.015833    0.982728   0.001439   0.000000   0.998561   3.994242 
   0.0000000000   -122.000    120.000   0.017526    0.980880   0.001593   0.000000   0.998407   3.993627 
   0.0000000000   -121.000    120.000   0.019383    0.978855   0.001762   0.000000   0.998238   3.992952 
   0.0000000000   -120.000    120.000   0.021416    0.976637   0.001947   0.000000   0.998053   3.992212 
   0.0000000000   -119.000    120.000   0.023641    0.974209   0.002149   0.000000   0.997851   3.991403 
   0.0000000000   -118.000    120.000   0.026076    0.971554   0.002371   0.000000   0.997629   3.990518 
   0.0000000000   -117.000    120.000   0.028737    0.968651   0.002612   0.000000   0.997387   3.989550 
   0.0000000000   -116.000    120.000   0.031644    0.965479   0.002877   0.000000   0.997123   3.988493 
   0.0000000000   -115.000    120.000   0.034818    0.962017   0.003165   0.000000   0.996835   3.987338 
   0.0000000000   -114.000    120.000   0.038281    0.958238   0.003480   0.000000   0.996520   3.986079 
   0.0000000000   -113.000    120.000   0.042060    0.954116   0.003824   0.000000   0.996176   3.984705 
   0.0000000000   -112.000    120.000   0.046179    0.949623   0.004198   0.000000   0.995802   3.983207 
   0.0000000000   -111.000    120.000   0.050667    0.944727   0.004606   0.000000   0.995394   3.981575 
   0.0000000000   -110.000    120.000   0.055555    0.939394   0.005051   0.000000   0.994949   3.979797 
   0.0000000000   -109.000    120.000   0.060877    0.933588   0.005535   0.000000   0.994465   3.977861 
   0.0000000000   -108.000    120.000   0.066671    0.927268   0.006061   0.000000   0.993939   3.975755 
   0.0000000000   -107.000    120.000   0.072975    0.920391   0.006634   0.000000   0.993365   3.973462 
   0.0000000000   -106.000    120.000   0.079836    0.912906   0.007258   0.000000   0.992742   3.970967 
   0.0000000000   -105.000    120.000   0.087296    0.904767   0.007936   0.000000   0.992063   3.968253 
   0.0000000000   -104.000    120.000   0.095408    0.895917   0.008674   0.000000   0.991326   3.965303 
   0.0000000000   -103.000    120.000   0.104229    0.886294   0.009476   0.000000   0.990524   3.962095 
   0.0000000000   -102.000    120.000   0.113819    0.875833   0.010348   0.000000   0.989652   3.958607 
   0.0000000000   -101.000    120.000   0.124251    0.864452   0.011296   0.000000   0.988703   3.954813 
   0.0000000000   -100.000    120.000   0.135585    0.852087   0.012327   0.000000   0.987672   3.950690 
   0.0000000000    -99.000    120.000   0.147906    0.838646   0.013447   0.000001   0.986552   3.946209 
   0.0000000000    -98.000    120.000   0.161306    0.824028   0.014666   0.000001   0.985334   3.941335 
   0.0000000000    -97.000    120.000   0.175863    0.808147   0.015989   0.000001   0.984010   3.936040 
   0.0000000000    -96.000    120.000   0.191690    0.790880   0.017429   0.000001   0.982571   3.930283 
   0.0000000000    -95.000    120.000   0.208877    0.772131   0.018991   0.000001   0.981008   3.924031 
   0.0000000000    -94.000    120.000   0.227549    0.751761   0.020689   0.000001   0.979310   3.917239 
   0.0000000000    -93.000    120.000   0.247794    0.729674   0.022530   0.000001   0.977469   3.909874 
   0.0000000000    -92.000    120.000   0.269743    0.705730   0.024526   0.000002   0.975473   3.901890 
   0.0000000000    -91.000    120.000   0.293469    0.679845   0.026683   0.000002   0.973315   3.893259 
   0.0000000000    -90.000    120.000   0.319014    0.651977   0.029006   0.000002   0.970991   3.883966 
   0.0000000000    -89.000    120.000   0.346419    0.622080   0.031498   0.000003   0.968499   3.873996 
   0.0000000000    -88.000    120.000   0.375582    0.590264   0.034150   0.000003   0.965847   3.863387 
   0.0000000000    -87.000    120.000   0.406293    0.556760   0.036943   0.000004   0.963053   3.852214 
   0.0000000000    -86.000    120.000   0.438177    0.521976   0.039842   0.000004   0.960153   3.840613 
   0.0000000000    -85.000    120.000   0.470678    0.486520   0.042798   0.000005   0.957197   3.828789 
   0.0000000000    -84.000    120.000   0.503084    0.451166   0.045745   0.000006   0.954250   3.816998 
   0.0000000000    -83.000    120.000   0.534601    0.416781   0.048611   0.000007   0.951382   3.805530 
   0.0000000000    -82.000    120.000   0.564552    0.384106   0.051335   0.000008   0.948658   3.794631 
   0.0000000000    -81.000    120.000   0.592420    0.353702   0.053869   0.000009   0.946122   3.784489 
   0.0000000000    -80.000    120.000   0.617923    0.325879   0.056188   0.000010   0.943802   3.775207 
   0.0000000000    -79.000    120.000   0.640978    0.300726   0.058285   0.000011   0.941704   3.766815 
   0.0000000000    -78.000    120.000   0.661717    0.278099   0.060172   0.000012   0.939816   3.759265 
   0.0000000000    -77.000    120.000   0.680284    0.257842   0.061861   0.000013   0.938126   3.752504 
   0.0000000000    -76.000    120.000   0.696918    0.239694   0.063374   0.000015   0.936611   3.746446 
   0.0000000000    -75.000    120.000   0.711860    0.223390   0.064734   0.000016   0.935250   3.741002 
   0.0000000000    -74.000    120.000   0.725288    0.208739   0.065956   0.000017   0.934027   3.736108 
   0.0000000000    -73.000    120.000   0.737423    0.195499   0.067061   0.000018   0.932921   3.731684 
   0.0000000000    -72.000    120.000   0.748401    0.183519   0.068061   0.000019   0.931920   3.727680 
   0.0000000000    -71.000    120.000   0.758393    0.172616   0.068971   0.000021   0.931009   3.724034 
   0.0000000000    -70.000    120.000   0.767497    0.162681   0.069800   0.000022   0.930178   3.720711 
   0.0000000000    -69.000    120.000   0.775842    0.153574   0.070561   0.000023   0.929416   3.717662 
   0.0000000000    -68.000    120.000   0.783503    0.145212   0.071260   0.000024   0.928715   3.714862 
   0.0000000000    -67.000    120.000   0.790553    0.137517   0.071904   0.000026   0.928071   3.712283 
   0.0000000000    -66.000    120.000   0.797073    0.130400   0.072499   0.000027   0.927474   3.709896 
   0.0000000000    -65.000    120.000   0.803112    0.123809   0.073051   0.000028   0.926921   3.707683 
   0.0000000000    -64.000    120.000   0.808712    0.117695   0.073563   0.000029   0.926407   3.705629 
   0.0000000000    -63.000    120.000   0.813930    0.111998   0.074041   0.000031   0.925928   3.703712 
   0.0000000000    -62.000    120.000   0.818796    0.106685   0.074487   0.000032   0.925481   3.701923 
   0.0000000000    -61.000    120.000   0.823343    0.101720   0.074904   0.000033   0.925062   3.700249 
   0.0000000000    -60.000    120.000   0.827594    0.097076   0.075295   0.000035   0.924670   3.698681 
   0.0000000000    -59.000    120.000   0.831587    0.092715   0.075662   0.000036   0.924302   3.697206 
   0.0000000000    -58.000    120.000   0.835336    0.088619   0.076008   0.000037   0.923955   3.695819 
   0.0000000000    -57.000    120.000   0.838863    0.084765   0.076333   0.000039   0.923628   3.694511 
   0.0000000000    -56.000    120.000   0.842185    0.081134   0.076641   0.000040   0.923319   3.693277 
   0.0000000000    -55.000    120.000   0.845318    0.077709   0.076931   0.000042   0.923027   3.692110 
   0.0000000000    -54.000    120.000   0.848274    0.074477   0.077205   0.000043   0.922751   3.691006 
   0.0000000000    -53.000    120.000   0.851072    0.071417   0.077466   0.000045   0.922489   3.689958 
   0.0000000000    -52.000    120.000   0.853720    0.068520   0.077713   0.000046   0.922241   3.688963 
   0.0000000000    -51.000    120.000   0.856229    0.065775   0.077948   0.000048   0.922004   3.688018 
   0.0000000000    -50.000    120.000   0.858608    0.063172   0.078171   0.000049   0.921779   3.687118 
   0.0000000000    -49.000    120.000   0.860866    0.060700   0.078384   0.000051   0.921565   3.686260 
   0.0000000000    -48.000    120.000   0.863010    0.058350   0.078587   0.000052   0.921361   3.685443 
   0.0000000000    -47.000    120.000   0.865049    0.056116   0.078781   0.000054   0.921165   3.684662 
   0.0000000000    -46.000    120.000   0.866987    0.053992   0.078966   0.000055   0.920979   3.683915 
   0.0000000000    -45.000    120.000   0.868834    0.051966   0.079143   0.000057   0.920800   3.683201 
   0.0000000000    -44.000    120.000   0.870593    0.050035   0.079313   0.000058   0.920629   3.682516 
   0.0000000000    -43.000    120.000   0.872271    0.048194   0.079475   0.000060   0.920465   3.681859 
   0.0000000000    -42.000    120.000   0.873870    0.046437   0.079631   0.000062   0.920307   3.681228 
   0.0000000000    -41.000    120.000   0.875397    0.044758   0.079781   0.000063   0.920155   3.680622 
   0.0000000000    -40.000    120.000   0.876855    0.043155   0.079925   0.000065   0.920010   3.680039 
   0.0000000000    -39.000    120.000   0.878248    0.041622   0.080064   0.000067   0.919869   3.679477 
   0.0000000000    -38.000    120.000   0.879579    0.040155   0.080197   0.000069   0.919734   3.678935 
   0.0000000000    -37.000    120.000   0.880851    0.038752   0.080326   0.000070   0.919603   3.678413 
   0.0000000000    -36.000    120.000   0.882069    0.037408   0.080451   0.000072   0.919477   3.677908 
   0.0000000000    -35.000    120.000   0.883234    0.036121   0.080571   0.000074   0.919355   3.677420 
   0.0000000000    -34.000    120.000   0.884349    0.034887   0.080687   0.000076   0.919237   3.676947 
   0.0000000000    -33.000    120.000   0.885416    0.033706   0.080800   0.000078   0.919122   3.676489 
   0.0000000000    -32.000    120.000   0.886440    0.032571   0.080909   0.000080   0.919011   3.676044 
   0.0000000000    -31.000    120.000   0.887420    0.031483   0.081015   0.000082   0.918903   3.675612 
   0.0000000000    -30.000    120.000   0.888360    0.030438   0.081118   0.000083   0.918798   3.675193 
   0.0000000000    -29.000    120.000   0.889262    0.029434   0.081219   0.000085   0.918696   3.674784 
   0.0000000000    -28.000    120.000   0.890126    0.028470   0.081316   0.000087   0.918596   3.674386 
   0.0000000000    -27.000    120.000   0.890955    0.027544   0.081411   0.000089   0.918499   3.673997 
   0.0000000000    -26.000    120.000   0.891751    0.026654   0.081504   0.000091   0.918404   3.673618 
   0.0000000000    -25.000    120.000   0.892514    0.025798   0.081595   0.000093   0.918312   3.673247 
   0.0000000000    -24.000    120.000   0.893246    0.024975   0.081683   0.000096   0.918221   3.672884 
   0.0000000000    -23.000    120.000   0.893950    0.024182   0.081770   0.000098   0.918132   3.672528 
   0.0000000000    -22.000    120.000   0.894625    0.023420   0.081855   0.000100   0.918045   3.672179 
   0.0000000000    -21.000    120.000   0.895273    0.022686   0.081939   0.000102   0.917959   3.671836 
   0.0000000000    -20.000    120.000   0.895896    0.021979   0.082021   0.000104   0.917875   3.671499 
   0.0000000000    -19.000    120.000   0.896494    0.021298   0.082102   0.000106   0.917792   3.671167 
   0.0000000000    -18.000    120.000   0.897068    0.020642   0.082181   0.000109   0.917710   3.670840 
   0.0000000000    -17.000    120.000   0.897619    0.020010   0.082260   0.000111   0.917629   3.670517 
   0.0000000000    -16.000    120.000   0.898149    0.019400   0.082337   0.000113   0.917549   3.670198 
   0.0000000000    -15.000    120.000   0.898658    0.018813   0.082414   0.000115   0.917471   3.669882 
   0.0000000000    -14.000    120.000   0.899147    0.018246   0.082490   0.000118   0.917392   3.669570 
   0.0000000000    -13.000    120.000   0.899616    0.017699   0.082565   0.000120   0.917315   3.669260 
   0.0000000000    -12.000    120.000   0.900066    0.017172   0.082639   0.000123   0.917238   3.668953 
   0.0000000000    -11.000    120.000   0.900499    0.016663   0.082713   0.000125   0.917162   3.668647 
   0.0000000000    -10.000    120.000   0.900915    0.016171   0.082787   0.000127   0.917086   3.668343 
   0.0000000000     -9.000    120.000   0.901314    0.015697   0.082860   0.000130   0.917010   3.668041 
   0.0000000000     -8.000    120.000   0.901696    0.015238   0.082933   0.000132   0.916935   3.667739 
   0.0000000000     -7.000    120.000   0.902064    0.014796   0.083005   0.000135   0.916860   3.667438 
   0.0000000000     -6.000    120.000   0.902416    0.014368   0.083078   0.000138   0.916784   3.667138 
   0.0000000000     -5.000    120.000   0.902754    0.013955   0.083151   0.000140   0.916709   3.666838 
   0.0000000000     -4.000    120.000   0.903078    0.013556   0.083223   0.000143   0.916634   3.666537 
   0.0000000000     -3.000    120.000   0.903389    0.013170   0.083296   0.000145   0.916559   3.666236 
   0.0000000000     -2.000    120.000   0.903687    0.012796   0.083369   0.000148   0.916483   3.665933 
   0.0000000000     -1.000    120.000   0.903972    0.012435   0.083442   0.000151   0.916408   3.665630 
   0.0000000000      0.000    120.000   0.904245    0.012086   0.083515   0.000154   0.916331   3.665326 
   0.0000000000      1.000    120.000   0.904506    0.011749   0.083589   0.000156   0.916255   3.665020 
   0.0000000000      2.000    120.000   0.904756    0.011422   0.083663   0.000159   0.916178   3.664712 
   0.0000000000      3.000    120.000   0.904995    0.011106   0.083737   0.000162   0.916101   3.664402 
   0.0000000000      4.000    120.000   0.905223    0.010799   0.083813   0.000165   0.916022   3.664090 
   0.0000000000      5.000    120.000   0.905441    0.010503   0.083888   0.000168   0.915944   3.663775 
   0.0000000000      6.000    120.000   0.905648    0.010216   0.083965   0.000171   0.915864   3.663457 
   0.0000000000      7.000    120.000   0.905846    0.009938   0.084042   0.000174   0.915784   3.663137 
   0.0000000000      8.000    120.000   0.906034    0.009669   0.084120   0.000177   0.915703   3.662813 
   0.0000000000      9.000    120.000   0.906213    0.009409   0.084199   0.000180   0.915621   3.662485 
   0.0000000000     10.000    120.000   0.906382    0.009156   0.084279   0.000183   0.915539   3.662154 
   0.0000000000     11.000    120.000   0.906543    0.008912   0.084359   0.000186   0.915455   3.661819 
   0.0000000000     12.000    120.000   0.906696    0.008674   0.084441   0.000189   0.915370   3.661480 
   0.0000000000     13.000    120.000   0.906839    0.008445   0.084524   0.000192   0.915284   3.661137 
   0.0000000000     14.000    120.000   0.906975    0.008222   0.084607   0.000195   0.915197   3.660789 
   0.0000000000     15.000    120.000   0.907103    0.008006   0.084692   0.000199   0.915109   3.660436 
   0.0000000000     16.000    120.000   0.907223    0.007796   0.084779   0.000202   0.915019   3.660078 
   0.0000000000     17.000    120.000   0.907336    0.007593   0.084866   0.000205   0.914929   3.659715 
   0.0000000000     18.000    120.000   0.907440    0.007396   0.084955   0.000209   0.914837   3.659347 
   0.0000000000     19.000    120.000   0.907538    0.007205   0.085045   0.000212   0.914743   3.658973 
   0.0000000000     20.000    120.000   0.907629    0.007020   0.085136   0.000215   0.914648   3.658593 
   0.0000000000     21.000    120.000   0.907712    0.006840   0.085229   0.000219   0.914552   3.658207 
   0.0000000000     22.000    120.000   0.907789    0.006665   0.085324   0.000222   0.914454   3.657815 
   0.0000000000     23.000    120.000   0.907859    0.006495   0.085420   0.000226   0.914354   3.657417 
   0.0000000000     24.000    120.000   0.907922    0.006331   0.085517   0.000230   0.914253   3.657012 
   0.0000000000     25.000    120.000   0.907979    0.006171   0.085617   0.000233   0.914150   3.656601 
   0.0000000000     26.000    120.000   0.908030    0.006016   0.085718   0.000237   0.914046   3.656182 
   0.0000000000     27.000    120.000   0.908074    0.005865   0.085820   0.000240   0.913939   3.655757 
   0.0000000000     28.000    120.000   0.908112    0.005719   0.085925   0.000244   0.913831   3.655324 
   0.0000000000     29.000    120.000   0.908144    0.005576   0.086031   0.000248   0.913721   3.654883 
   0.0000000000     30.000    120.000   0.908170    0.005438   0.086139   0.000252   0.913609   3.654435 
   0.0000000000     31.000    120.000   0.908191    0.005304   0.086250   0.000256   0.913495   3.653979 
   0.0000000000     32.000    120.000   0.908205    0.005174   0.086362   0.000260   0.913379   3.653515 
   0.0000000000     33.000    120.000   0.908214    0.005047   0.086476   0.000263   0.913261   3.653042 
   0.0000000000     34.000    120.000   0.908217    0.004924   0.086592   0.000267   0.913140   3.652561 
   0.0000000000     35.000    120.000   0.908214    0.004804   0.086711   0.000271   0.913018   3.652072 
   0.0000000000     36.000    120.000   0.908206    0.004687   0.086831   0.000276   0.912893   3.651573 
   0.0000000000     37.000    120.000   0.908192    0.004574   0.086954   0.000280   0.912766   3.651066 
   0.0000000000     38.000    120.000   0.908173    0.004464   0.087079   0.000284   0.912637   3.650549 
   0.0000000000     39.000    120.000   0.908149    0.004357   0.087206   0.000288   0.912506   3.650023 
   0.0000000000     40.000    120.000   0.908119    0.004253   0.087336   0.000292   0.912372   3.649487 
   0.0000000000     41.000    120.000   0.908084    0.004151   0.087468   0.000297   0.912235   3.648942 
   0.0000000000     42.000    120.000   0.908044    0.004053   0.087603   0.000301   0.912097   3.648386 
   0.0000000000     43.000    120.000   0.907998    0.003957   0.087740   0.000305   0.911955   3.647821 
   0.0000000000     44.000    120.000   0.907948    0.003863   0.087879   0.000310   0.911811   3.647244 
   0.0000000000     45.000    120.000   0.907892    0.003772   0.088021   0.000314   0.911664   3.646658 
   0.0000000000     46.000    120.000   0.907831    0.003684   0.088166   0.000319   0.911515   3.646060 
   0.0000000000     47.000    120.000   0.907765    0.003598   0.088314   0.000323   0.911363   3.645452 
   0.0000000000     48.000    120.000   0.907694    0.003514   0.088464   0.000328   0.911208   3.644833 
   0.0000000000     49.000    120.000   0.907618    0.003432   0.088617   0.000333   0.911050   3.644202 
   0.0000000000     50.000    120.000   0.907537    0.003353   0.088773   0.000337   0.910890   3.643559 
   0.0000000000     51.000    120.000   0.907451    0.003275   0.088932   0.000342   0.910726   3.642905 
   0.0000000000     52.000    120.000   0.907360    0.003200   0.089093   0.000347   0.910560   3.642239 
   0.0000000000     53.000    120.000   0.907264    0.003127   0.089258   0.000352   0.910390   3.641561 
   0.0000000000     54.000    120.000   0.907163    0.003055   0.089426   0.000357   0.910218   3.640871 
   0.0000000000     55.000    120.000   0.907057    0.002985   0.089596   0.000362   0.910042   3.640168 
   0.0000000000     56.000    120.000   0.906946    0.002917   0.089770   0.000367   0.909863   3.639452 
   0.0000000000     57.000    120.000   0.906830    0.002851   0.089947   0.000372   0.909681   3.638723 
   0.0000000000     58.000    120.000   0.906709    0.002786   0.090128   0.000377   0.909495   3.637981 
   0.0000000000     59.000    120.000   0.906583    0.002724   0.090311   0.000382   0.909307   3.637226 
   0.0000000000     60.000    120.000   0.906452    0.002662   0.090498   0.000387   0.909114   3.636458 
   0.0000000000     61.000    120.000   0.906316    0.002602   0.090689   0.000393   0.908919   3.635675 
   0.0000000000     62.000    120.000   0.906176    0.002544   0.090882   0.000398   0.908720   3.634879 
   0.0000000000     63.000    120.000   0.906030    0.002487   0.091079   0.000403   0.908517   3.634069 
   0.0000000000     64.000    120.000   0.905879    0.002432   0.091280   0.000409   0.908311   3.633244 
   0.0000000000     65.000    120.000   0.905723    0.002378   0.091484   0.000414   0.908101   3.632404 
   0.0000000000     66.000    120.000   0.905562    0.002325   0.091692   0.000420   0.907888   3.631550 
   0.0000000000     67.000    120.000   0.905396    0.002274   0.091904   0.000426   0.907670   3.630681 
   0.0000000000     68.000    120.000   0.905226    0.002224   0.092119   0.000431   0.907449   3.629796 
   0.0000000000     69.000    120.000   0.905050    0.002175   0.092339   0.000437   0.907224   3.628897 
   0.0000000000     70.000    120.000   0.904868    0.002127   0.092562   0.000443   0.906995   3.627981 
   0.0000000000     71.000    120.000   0.904682    0.002080   0.092789   0.000449   0.906762   3.627050 
   0.0000000000     72.000    120.000   0.904491    0.002035   0.093019   0.000455   0.906526   3.626102 
   0.0000000000     73.000    120.000   0.904294    0.001990   0.093254   0.000461   0.906285   3.625138 
   0.0000000000     74.000    120.000   0.904092    0.001947   0.093493   0.000467   0.906040   3.624158 
   0.0000000000     75.000    120.000   0.903886    0.001905   0.093736   0.000473   0.905790   3.623161 
   0.0000000000     76.000    120.000   0.903673    0.001863   0.093984   0.000480   0.905537   3.622147 
   0.0000000000     77.000    120.000   0.903456    0.001823   0.094235   0.000486   0.905279   3.621116 
   0.0000000000     78.000    120.000   0.903233    0.001784   0.094491   0.000492   0.905017   3.620067 
   0.0000000000     79.000    120.000   0.903005    0.001745   0.094751   0.000499   0.904750   3.619000 
   0.0000000000     80.000    120.000   0.902771    0.001708   0.095015   0.000505   0.904479   3.617916 
   0.0000000000     81.000    120.000   0.902532    0.001671   0.095284   0.000512   0.904203   3.616814 
   0.0000000000     82.000    120.000   0.902288    0.001635   0.095558   0.000519   0.903923   3.615693 
   0.0000000000     83.000    120.000   0.902038    0.001600   0.095836   0.000526   0.903638   3.614553 
   0.0000000000     84.000    120.000   0.901783    0.001566   0.096119   0.000532   0.903349   3.613395 
   0.0000000000     85.000    120.000   0.901522    0.001533   0.096406   0.000539   0.903054   3.612217 
   0.0000000000     86.000    120.000   0.901255    0.001500   0.096698   0.000546   0.902755   3.611021 
   0.0000000000     87.000    120.000   0.900983    0.001468   0.096995   0.000553   0.902451   3.609804 
   0.0000000000     88.000    120.000   0.900705    0.001437   0.097297   0.000561   0.902142   3.608568 
   0.0000000000     89.000    120.000   0.900421    0.001407   0.097604   0.000568   0.901828   3.607311 
   0.0000000000     90.000    120.000   0.900132    0.001377   0.097916   0.000575   0.901509   3.606035 
   0.0000000000     91.000    120.000   0.899837    0.001348   0.098233   0.000583   0.901184   3.604737 
   0.0000000000     92.000    120.000   0.899536    0.001319   0.098555   0.000590   0.900855   3.603419 
   0.0000000000     93.000    120.000   0.899229    0.001291   0.098882   0.000598   0.900520   3.602080 
   0.0000000000     94.000    120.000   0.898916    0.001264   0.099215   0.000605   0.900180   3.600719 
   0.0000000000     95.000    120.000   0.898597    0.001238   0.099553   0.000613   0.899834   3.599337 
   0.0000000000     96.000    120.000   0.898271    0.001212   0.099896   0.000621   0.899483   3.597933 
   0.0000000000     97.000    120.000   0.897940    0.001186   0.100244   0.000629   0.899127   3.596506 
   0.0000000000     98.000    120.000   0.897603    0.001161   0.100599   0.000637   0.898764   3.595057 
   0.0000000000     99.000    120.000   0.897259    0.001137   0.100958   0.000645   0.898396   3.593586 
   0.0000000000    100.000    120.000   0.896909    0.001113   0.101324   0.000653   0.898023   3.592091 
   0.0000000000    101.000    120.000   0.896553    0.001090   0.101695   0.000662   0.897643   3.590573 
   0.0000000000    102.000    120.000   0.896191    0.001067   0.102072   0.000670   0.897258   3.589032 
   0.0000000000    103.000    120.000   0.895822    0.001045   0.102455   0.000679   0.896867   3.587467 
   0.0000000000    104.000    120.000   0.895446    0.001023   0.102843   0.000687   0.896469   3.585877 
   0.0000000000    105.000    120.000   0.895064    0.001002   0.103238   0.000696   0.896066   3.584264 
   0.0000000000    106.000    120.000   0.894675    0.000981   0.103639   0.000705   0.895656   3.582626 
   0.0000000000    107.000    120.000   0.894280    0.000961   0.104045   0.000714   0.895241   3.580962 
   0.0000000000    108.000    120.000   0.893878    0.000941   0.104459   0.000723   0.894818   3.579274 
   0.0000000000    109.000    120.000   0.893469    0.000921   0.104878   0.000732   0.894390   3.577560 
   0.0000000000    110.000    120.000   0.893053    0.000902   0.105304   0.000741   0.893955   3.575820 
   0.0000000000    111.000    120.000   0.892630    0.000883   0.105736   0.000751   0.893513   3.574054 
   0.0000000000    112.000    120.000   0.892200    0.000865   0.106174   0.000760   0.893065   3.572262 
   0.0000000000    113.000    120.000   0.891764    0.000847   0.106619   0.000770   0.892611   3.570443 
   0.0000000000    114.000    120.000   0.891320    0.000829   0.107071   0.000780   0.892149   3.568596 
   0.0000000000    115.000    120.000   0.890869    0.000812   0.107530   0.000790   0.891681   3.566723 
   0.0000000000    116.000    120.000   0.890410    0.000795   0.107995   0.000799   0.891205   3.564822 
   0.0000000000    117.000    120.000   0.889944    0.000779   0.108467   0.000810   0.890723   3.562893 
   0.0000000000    118.000    120.000   0.889471    0.000763   0.108946   0.000820   0.890234   3.560936 
   0.0000000000    119.000    120.000   0.888991    0.000747   0.109432   0.000830   0.889737   3.558950 
   0.0000000000    120.000    120.000   0.888502    0.000731   0.109926   0.000841   0.889234   3.556935 
   0.0000000000    121.000    120.000   0.888007    0.000716   0.110426   0.000851   0.888723   3.554891 
   0.0000000000    122.000    120.000   0.887503    0.000701   0.110934   0.000862   0.888204   3.552818 
   0.0000000000    123.000    120.000   0.886992    0.000687   0.111449   0.000873   0.887679   3.550715 
   0.0000000000    124.000    120.000   0.886473    0.000673   0.111971   0.000884   0.887145   3.548581 
   0.0000000000    125.000    120.000   0.885946    0.000659   0.112501   0.000895   0.886604   3.546418 
   0.0000000000    126.000    120.000   0.885411    0.000645   0.113038   0.000906   0.886056   3.544223 
