#solute size.    Temp(C) Press(Mpa)        fHB          fS        fLJ         fO        xHB        nHB 
   0.0000000000   -173.000    240.000   0.016799    0.981673   0.001527   0.000000   0.998473   3.993891 
   0.0000000000   -172.000    240.000   0.019019    0.979252   0.001729   0.000000   0.998271   3.993084 
   0.0000000000   -171.000    240.000   0.021514    0.976530   0.001956   0.000000   0.998044   3.992177 
   0.0000000000   -170.000    240.000   0.024323    0.973466   0.002211   0.000000   0.997789   3.991155 
   0.0000000000   -169.000    240.000   0.027487    0.970014   0.002499   0.000000   0.997501   3.990005 
   0.0000000000   -168.000    240.000   0.031058    0.966119   0.002823   0.000000   0.997177   3.988706 
   0.0000000000   -167.000    240.000   0.035101    0.961708   0.003191   0.000000   0.996809   3.987236 
   0.0000000000   -166.000    240.000   0.039683    0.956710   0.003608   0.000000   0.996392   3.985570 
   0.0000000000   -165.000    240.000   0.044898    0.951021   0.004082   0.000000   0.995918   3.983674 
   0.0000000000   -164.000    240.000   0.050871    0.944504   0.004625   0.000000   0.995375   3.981501 
   0.0000000000   -163.000    240.000   0.057741    0.937010   0.005249   0.000000   0.994751   3.979003 
   0.0000000000   -162.000    240.000   0.065726    0.928299   0.005975   0.000000   0.994025   3.976100 
   0.0000000000   -161.000    240.000   0.075107    0.918065   0.006828   0.000000   0.993172   3.972688 
   0.0000000000   -160.000    240.000   0.086296    0.905859   0.007845   0.000000   0.992155   3.968620 
   0.0000000000   -159.000    240.000   0.100038    0.890868   0.009094   0.000000   0.990906   3.963623 
   0.0000000000   -158.000    240.000   0.117589    0.871721   0.010690   0.000000   0.989310   3.957240 
   0.0000000000   -157.000    240.000   0.142047    0.845039   0.012913   0.000000   0.987087   3.948346 
   0.0000000000   -156.000    240.000   0.188421    0.794450   0.017129   0.000000   0.982871   3.931483 
   0.0000000000   -155.000    240.000   0.908021    0.009432   0.082527   0.000020   0.917453   3.669811 
   0.0000000000   -154.000    240.000   0.908034    0.009418   0.082528   0.000021   0.917451   3.669806 
   0.0000000000   -153.000    240.000   0.908049    0.009401   0.082528   0.000022   0.917450   3.669800 
   0.0000000000   -152.000    240.000   0.908066    0.009382   0.082529   0.000023   0.917449   3.669794 
   0.0000000000   -151.000    240.000   0.908086    0.009361   0.082529   0.000024   0.917447   3.669787 
   0.0000000000   -150.000    240.000   0.908107    0.009338   0.082530   0.000025   0.917445   3.669779 
   0.0000000000   -149.000    240.000   0.908131    0.009312   0.082531   0.000026   0.917443   3.669771 
   0.0000000000   -148.000    240.000   0.908156    0.009284   0.082533   0.000027   0.917440   3.669761 
   0.0000000000   -147.000    240.000   0.908185    0.009253   0.082534   0.000028   0.917438   3.669751 
   0.0000000000   -146.000    240.000   0.908214    0.009221   0.082536   0.000029   0.917435   3.669740 
   0.0000000000   -145.000    240.000   0.908246    0.009186   0.082538   0.000030   0.917432   3.669729 
   0.0000000000   -144.000    240.000   0.908281    0.009149   0.082539   0.000032   0.917429   3.669716 
   0.0000000000   -143.000    240.000   0.908316    0.009110   0.082541   0.000033   0.917426   3.669703 
   0.0000000000   -142.000    240.000   0.908354    0.009069   0.082544   0.000034   0.917422   3.669689 
   0.0000000000   -141.000    240.000   0.908394    0.009025   0.082546   0.000035   0.917419   3.669675 
   0.0000000000   -140.000    240.000   0.908435    0.008980   0.082548   0.000037   0.917415   3.669660 
   0.0000000000   -139.000    240.000   0.908478    0.008933   0.082551   0.000038   0.917411   3.669644 
   0.0000000000   -138.000    240.000   0.908523    0.008884   0.082554   0.000039   0.917407   3.669628 
   0.0000000000   -137.000    240.000   0.908569    0.008833   0.082557   0.000041   0.917403   3.669611 
   0.0000000000   -136.000    240.000   0.908618    0.008781   0.082560   0.000042   0.917398   3.669593 
   0.0000000000   -135.000    240.000   0.908667    0.008726   0.082563   0.000044   0.917394   3.669575 
   0.0000000000   -134.000    240.000   0.908719    0.008671   0.082566   0.000045   0.917389   3.669557 
   0.0000000000   -133.000    240.000   0.908771    0.008613   0.082569   0.000047   0.917384   3.669538 
   0.0000000000   -132.000    240.000   0.908825    0.008555   0.082572   0.000048   0.917380   3.669518 
   0.0000000000   -131.000    240.000   0.908880    0.008494   0.082576   0.000050   0.917374   3.669498 
   0.0000000000   -130.000    240.000   0.908937    0.008432   0.082579   0.000051   0.917369   3.669477 
   0.0000000000   -129.000    240.000   0.908995    0.008369   0.082583   0.000053   0.917364   3.669456 
   0.0000000000   -128.000    240.000   0.909054    0.008305   0.082587   0.000055   0.917359   3.669435 
   0.0000000000   -127.000    240.000   0.909114    0.008239   0.082590   0.000056   0.917353   3.669413 
   0.0000000000   -126.000    240.000   0.909175    0.008172   0.082594   0.000058   0.917348   3.669390 
   0.0000000000   -125.000    240.000   0.909238    0.008104   0.082598   0.000060   0.917342   3.669368 
   0.0000000000   -124.000    240.000   0.909301    0.008035   0.082602   0.000062   0.917336   3.669345 
   0.0000000000   -123.000    240.000   0.909365    0.007965   0.082606   0.000064   0.917330   3.669321 
   0.0000000000   -122.000    240.000   0.909430    0.007894   0.082610   0.000065   0.917324   3.669297 
   0.0000000000   -121.000    240.000   0.909495    0.007823   0.082614   0.000067   0.917318   3.669274 
   0.0000000000   -120.000    240.000   0.909562    0.007751   0.082618   0.000069   0.917312   3.669249 
   0.0000000000   -119.000    240.000   0.909629    0.007677   0.082622   0.000071   0.917306   3.669225 
   0.0000000000   -118.000    240.000   0.909697    0.007603   0.082627   0.000073   0.917300   3.669200 
   0.0000000000   -117.000    240.000   0.909765    0.007529   0.082631   0.000075   0.917294   3.669175 
   0.0000000000   -116.000    240.000   0.909834    0.007454   0.082635   0.000078   0.917287   3.669150 
   0.0000000000   -115.000    240.000   0.909903    0.007378   0.082639   0.000080   0.917281   3.669124 
   0.0000000000   -114.000    240.000   0.909973    0.007302   0.082643   0.000082   0.917275   3.669099 
   0.0000000000   -113.000    240.000   0.910043    0.007225   0.082648   0.000084   0.917268   3.669073 
   0.0000000000   -112.000    240.000   0.910114    0.007148   0.082652   0.000086   0.917262   3.669047 
   0.0000000000   -111.000    240.000   0.910184    0.007071   0.082656   0.000089   0.917255   3.669021 
   0.0000000000   -110.000    240.000   0.910255    0.006993   0.082660   0.000091   0.917249   3.668995 
   0.0000000000   -109.000    240.000   0.910327    0.006916   0.082665   0.000093   0.917242   3.668969 
   0.0000000000   -108.000    240.000   0.910398    0.006838   0.082669   0.000096   0.917236   3.668943 
   0.0000000000   -107.000    240.000   0.910469    0.006760   0.082673   0.000098   0.917229   3.668916 
   0.0000000000   -106.000    240.000   0.910541    0.006681   0.082677   0.000101   0.917222   3.668890 
   0.0000000000   -105.000    240.000   0.910613    0.006603   0.082681   0.000103   0.917216   3.668863 
   0.0000000000   -104.000    240.000   0.910684    0.006525   0.082685   0.000106   0.917209   3.668837 
   0.0000000000   -103.000    240.000   0.910756    0.006447   0.082689   0.000108   0.917203   3.668810 
   0.0000000000   -102.000    240.000   0.910827    0.006369   0.082693   0.000111   0.917196   3.668784 
   0.0000000000   -101.000    240.000   0.910898    0.006291   0.082697   0.000113   0.917189   3.668757 
   0.0000000000   -100.000    240.000   0.910969    0.006214   0.082701   0.000116   0.917183   3.668730 
   0.0000000000    -99.000    240.000   0.911040    0.006136   0.082705   0.000119   0.917176   3.668704 
   0.0000000000    -98.000    240.000   0.911111    0.006059   0.082709   0.000122   0.917169   3.668677 
   0.0000000000    -97.000    240.000   0.911181    0.005981   0.082713   0.000124   0.917163   3.668651 
   0.0000000000    -96.000    240.000   0.911251    0.005905   0.082717   0.000127   0.917156   3.668624 
   0.0000000000    -95.000    240.000   0.911321    0.005828   0.082721   0.000130   0.917149   3.668598 
   0.0000000000    -94.000    240.000   0.911391    0.005752   0.082724   0.000133   0.917143   3.668571 
   0.0000000000    -93.000    240.000   0.911460    0.005676   0.082728   0.000136   0.917136   3.668545 
   0.0000000000    -92.000    240.000   0.911529    0.005601   0.082731   0.000139   0.917130   3.668518 
   0.0000000000    -91.000    240.000   0.911597    0.005526   0.082735   0.000142   0.917123   3.668492 
   0.0000000000    -90.000    240.000   0.911665    0.005451   0.082739   0.000145   0.917116   3.668466 
   0.0000000000    -89.000    240.000   0.911733    0.005377   0.082742   0.000148   0.917110   3.668439 
   0.0000000000    -88.000    240.000   0.911800    0.005304   0.082745   0.000151   0.917103   3.668413 
   0.0000000000    -87.000    240.000   0.911866    0.005231   0.082749   0.000155   0.917097   3.668387 
   0.0000000000    -86.000    240.000   0.911932    0.005158   0.082752   0.000158   0.917090   3.668361 
   0.0000000000    -85.000    240.000   0.911997    0.005086   0.082755   0.000161   0.917084   3.668335 
   0.0000000000    -84.000    240.000   0.912062    0.005015   0.082758   0.000164   0.917077   3.668309 
   0.0000000000    -83.000    240.000   0.912127    0.004944   0.082762   0.000168   0.917071   3.668283 
   0.0000000000    -82.000    240.000   0.912190    0.004874   0.082765   0.000171   0.917064   3.668257 
   0.0000000000    -81.000    240.000   0.912253    0.004804   0.082768   0.000175   0.917058   3.668231 
   0.0000000000    -80.000    240.000   0.912316    0.004735   0.082771   0.000178   0.917051   3.668205 
   0.0000000000    -79.000    240.000   0.912378    0.004667   0.082774   0.000181   0.917045   3.668179 
   0.0000000000    -78.000    240.000   0.912439    0.004599   0.082777   0.000185   0.917038   3.668153 
   0.0000000000    -77.000    240.000   0.912499    0.004532   0.082780   0.000189   0.917032   3.668127 
   0.0000000000    -76.000    240.000   0.912559    0.004466   0.082782   0.000192   0.917025   3.668101 
   0.0000000000    -75.000    240.000   0.912618    0.004400   0.082785   0.000196   0.917019   3.668075 
   0.0000000000    -74.000    240.000   0.912677    0.004336   0.082788   0.000200   0.917012   3.668049 
   0.0000000000    -73.000    240.000   0.912735    0.004271   0.082791   0.000203   0.917006   3.668023 
   0.0000000000    -72.000    240.000   0.912792    0.004208   0.082793   0.000207   0.916999   3.667997 
   0.0000000000    -71.000    240.000   0.912848    0.004145   0.082796   0.000211   0.916993   3.667971 
   0.0000000000    -70.000    240.000   0.912904    0.004083   0.082799   0.000215   0.916986   3.667945 
   0.0000000000    -69.000    240.000   0.912958    0.004021   0.082802   0.000219   0.916980   3.667919 
   0.0000000000    -68.000    240.000   0.913013    0.003961   0.082804   0.000223   0.916973   3.667892 
   0.0000000000    -67.000    240.000   0.913066    0.003901   0.082807   0.000227   0.916966   3.667866 
   0.0000000000    -66.000    240.000   0.913119    0.003841   0.082809   0.000231   0.916960   3.667839 
   0.0000000000    -65.000    240.000   0.913170    0.003783   0.082812   0.000235   0.916953   3.667812 
   0.0000000000    -64.000    240.000   0.913221    0.003725   0.082815   0.000239   0.916946   3.667785 
   0.0000000000    -63.000    240.000   0.913272    0.003668   0.082817   0.000243   0.916940   3.667758 
   0.0000000000    -62.000    240.000   0.913321    0.003611   0.082820   0.000247   0.916933   3.667731 
   0.0000000000    -61.000    240.000   0.913370    0.003556   0.082823   0.000252   0.916926   3.667703 
   0.0000000000    -60.000    240.000   0.913418    0.003501   0.082825   0.000256   0.916919   3.667676 
   0.0000000000    -59.000    240.000   0.913465    0.003447   0.082828   0.000260   0.916912   3.667648 
   0.0000000000    -58.000    240.000   0.913511    0.003393   0.082831   0.000265   0.916905   3.667619 
   0.0000000000    -57.000    240.000   0.913557    0.003341   0.082833   0.000269   0.916898   3.667590 
   0.0000000000    -56.000    240.000   0.913602    0.003289   0.082836   0.000273   0.916890   3.667561 
   0.0000000000    -55.000    240.000   0.913646    0.003237   0.082839   0.000278   0.916883   3.667532 
   0.0000000000    -54.000    240.000   0.913689    0.003187   0.082842   0.000282   0.916876   3.667502 
   0.0000000000    -53.000    240.000   0.913731    0.003137   0.082845   0.000287   0.916868   3.667472 
   0.0000000000    -52.000    240.000   0.913773    0.003087   0.082848   0.000292   0.916860   3.667441 
   0.0000000000    -51.000    240.000   0.913814    0.003039   0.082851   0.000296   0.916853   3.667410 
   0.0000000000    -50.000    240.000   0.913854    0.002991   0.082854   0.000301   0.916845   3.667379 
   0.0000000000    -49.000    240.000   0.913893    0.002944   0.082858   0.000306   0.916837   3.667347 
   0.0000000000    -48.000    240.000   0.913931    0.002897   0.082861   0.000311   0.916829   3.667314 
   0.0000000000    -47.000    240.000   0.913969    0.002852   0.082864   0.000315   0.916820   3.667281 
   0.0000000000    -46.000    240.000   0.914005    0.002807   0.082868   0.000320   0.916812   3.667247 
   0.0000000000    -45.000    240.000   0.914041    0.002762   0.082872   0.000325   0.916803   3.667212 
   0.0000000000    -44.000    240.000   0.914076    0.002718   0.082876   0.000330   0.916794   3.667177 
   0.0000000000    -43.000    240.000   0.914110    0.002675   0.082880   0.000335   0.916785   3.667141 
   0.0000000000    -42.000    240.000   0.914143    0.002633   0.082884   0.000340   0.916776   3.667105 
   0.0000000000    -41.000    240.000   0.914176    0.002591   0.082888   0.000345   0.916767   3.667067 
   0.0000000000    -40.000    240.000   0.914207    0.002550   0.082893   0.000350   0.916757   3.667029 
   0.0000000000    -39.000    240.000   0.914238    0.002509   0.082897   0.000355   0.916747   3.666990 
   0.0000000000    -38.000    240.000   0.914268    0.002469   0.082902   0.000361   0.916737   3.666950 
   0.0000000000    -37.000    240.000   0.914297    0.002430   0.082907   0.000366   0.916727   3.666909 
   0.0000000000    -36.000    240.000   0.914325    0.002391   0.082912   0.000371   0.916717   3.666867 
   0.0000000000    -35.000    240.000   0.914353    0.002353   0.082918   0.000376   0.916706   3.666824 
   0.0000000000    -34.000    240.000   0.914379    0.002316   0.082923   0.000382   0.916695   3.666780 
   0.0000000000    -33.000    240.000   0.914405    0.002279   0.082929   0.000387   0.916684   3.666735 
   0.0000000000    -32.000    240.000   0.914430    0.002243   0.082935   0.000393   0.916672   3.666689 
   0.0000000000    -31.000    240.000   0.914454    0.002207   0.082942   0.000398   0.916660   3.666641 
   0.0000000000    -30.000    240.000   0.914477    0.002172   0.082948   0.000404   0.916648   3.666593 
   0.0000000000    -29.000    240.000   0.914499    0.002137   0.082955   0.000409   0.916636   3.666543 
   0.0000000000    -28.000    240.000   0.914520    0.002103   0.082962   0.000415   0.916623   3.666492 
   0.0000000000    -27.000    240.000   0.914540    0.002069   0.082970   0.000420   0.916610   3.666439 
   0.0000000000    -26.000    240.000   0.914560    0.002036   0.082978   0.000426   0.916596   3.666385 
   0.0000000000    -25.000    240.000   0.914578    0.002004   0.082986   0.000432   0.916582   3.666330 
   0.0000000000    -24.000    240.000   0.914596    0.001972   0.082994   0.000438   0.916568   3.666273 
   0.0000000000    -23.000    240.000   0.914613    0.001941   0.083003   0.000444   0.916554   3.666214 
   0.0000000000    -22.000    240.000   0.914629    0.001910   0.083012   0.000449   0.916539   3.666154 
   0.0000000000    -21.000    240.000   0.914644    0.001879   0.083022   0.000455   0.916523   3.666092 
   0.0000000000    -20.000    240.000   0.914658    0.001849   0.083032   0.000461   0.916507   3.666029 
   0.0000000000    -19.000    240.000   0.914671    0.001820   0.083042   0.000467   0.916491   3.665963 
   0.0000000000    -18.000    240.000   0.914683    0.001791   0.083053   0.000473   0.916474   3.665896 
   0.0000000000    -17.000    240.000   0.914694    0.001763   0.083064   0.000479   0.916457   3.665827 
   0.0000000000    -16.000    240.000   0.914704    0.001735   0.083075   0.000485   0.916439   3.665756 
   0.0000000000    -15.000    240.000   0.914714    0.001707   0.083088   0.000492   0.916421   3.665684 
   0.0000000000    -14.000    240.000   0.914722    0.001680   0.083100   0.000498   0.916402   3.665609 
   0.0000000000    -13.000    240.000   0.914729    0.001654   0.083113   0.000504   0.916383   3.665532 
   0.0000000000    -12.000    240.000   0.914736    0.001627   0.083127   0.000510   0.916363   3.665452 
   0.0000000000    -11.000    240.000   0.914741    0.001602   0.083141   0.000517   0.916343   3.665371 
   0.0000000000    -10.000    240.000   0.914746    0.001576   0.083155   0.000523   0.916322   3.665287 
   0.0000000000     -9.000    240.000   0.914749    0.001551   0.083170   0.000529   0.916300   3.665201 
   0.0000000000     -8.000    240.000   0.914751    0.001527   0.083186   0.000536   0.916278   3.665113 
   0.0000000000     -7.000    240.000   0.914753    0.001503   0.083202   0.000542   0.916255   3.665022 
   0.0000000000     -6.000    240.000   0.914753    0.001479   0.083219   0.000549   0.916232   3.664928 
   0.0000000000     -5.000    240.000   0.914752    0.001456   0.083236   0.000556   0.916208   3.664832 
   0.0000000000     -4.000    240.000   0.914750    0.001433   0.083254   0.000562   0.916183   3.664734 
   0.0000000000     -3.000    240.000   0.914748    0.001411   0.083273   0.000569   0.916158   3.664632 
   0.0000000000     -2.000    240.000   0.914744    0.001388   0.083292   0.000576   0.916132   3.664528 
   0.0000000000     -1.000    240.000   0.914739    0.001367   0.083313   0.000582   0.916105   3.664421 
   0.0000000000      0.000    240.000   0.914732    0.001345   0.083333   0.000589   0.916078   3.664311 
   0.0000000000      1.000    240.000   0.914725    0.001324   0.083355   0.000596   0.916049   3.664198 
   0.0000000000      2.000    240.000   0.914717    0.001304   0.083377   0.000603   0.916020   3.664081 
   0.0000000000      3.000    240.000   0.914707    0.001283   0.083400   0.000610   0.915991   3.663962 
   0.0000000000      4.000    240.000   0.914697    0.001263   0.083423   0.000617   0.915960   3.663840 
   0.0000000000      5.000    240.000   0.914685    0.001243   0.083448   0.000624   0.915928   3.663714 
   0.0000000000      6.000    240.000   0.914672    0.001224   0.083473   0.000631   0.915896   3.663585 
   0.0000000000      7.000    240.000   0.914658    0.001205   0.083499   0.000638   0.915863   3.663452 
   0.0000000000      8.000    240.000   0.914643    0.001186   0.083526   0.000645   0.915829   3.663316 
   0.0000000000      9.000    240.000   0.914626    0.001168   0.083554   0.000652   0.915794   3.663176 
   0.0000000000     10.000    240.000   0.914608    0.001150   0.083582   0.000660   0.915758   3.663033 
   0.0000000000     11.000    240.000   0.914589    0.001132   0.083612   0.000667   0.915721   3.662886 
   0.0000000000     12.000    240.000   0.914569    0.001115   0.083642   0.000674   0.915684   3.662735 
   0.0000000000     13.000    240.000   0.914547    0.001098   0.083673   0.000682   0.915645   3.662580 
   0.0000000000     14.000    240.000   0.914525    0.001081   0.083706   0.000689   0.915605   3.662421 
   0.0000000000     15.000    240.000   0.914500    0.001064   0.083739   0.000697   0.915565   3.662258 
   0.0000000000     16.000    240.000   0.914475    0.001048   0.083773   0.000704   0.915523   3.662091 
   0.0000000000     17.000    240.000   0.914448    0.001032   0.083808   0.000712   0.915480   3.661920 
   0.0000000000     18.000    240.000   0.914420    0.001016   0.083845   0.000719   0.915436   3.661744 
   0.0000000000     19.000    240.000   0.914391    0.001000   0.083882   0.000727   0.915391   3.661564 
   0.0000000000     20.000    240.000   0.914360    0.000985   0.083920   0.000735   0.915345   3.661380 
   0.0000000000     21.000    240.000   0.914328    0.000970   0.083960   0.000742   0.915298   3.661190 
   0.0000000000     22.000    240.000   0.914294    0.000955   0.084001   0.000750   0.915249   3.660997 
   0.0000000000     23.000    240.000   0.914259    0.000941   0.084042   0.000758   0.915200   3.660798 
   0.0000000000     24.000    240.000   0.914222    0.000926   0.084085   0.000766   0.915149   3.660595 
   0.0000000000     25.000    240.000   0.914184    0.000912   0.084129   0.000774   0.915097   3.660387 
   0.0000000000     26.000    240.000   0.914145    0.000898   0.084175   0.000782   0.915043   3.660174 
   0.0000000000     27.000    240.000   0.914104    0.000885   0.084221   0.000790   0.914989   3.659955 
   0.0000000000     28.000    240.000   0.914061    0.000871   0.084269   0.000798   0.914933   3.659732 
   0.0000000000     29.000    240.000   0.914017    0.000858   0.084318   0.000806   0.914876   3.659503 
   0.0000000000     30.000    240.000   0.913972    0.000845   0.084368   0.000815   0.914817   3.659269 
   0.0000000000     31.000    240.000   0.913925    0.000833   0.084420   0.000823   0.914757   3.659029 
   0.0000000000     32.000    240.000   0.913876    0.000820   0.084473   0.000831   0.914696   3.658784 
   0.0000000000     33.000    240.000   0.913825    0.000808   0.084527   0.000840   0.914633   3.658533 
   0.0000000000     34.000    240.000   0.913773    0.000796   0.084583   0.000848   0.914569   3.658276 
   0.0000000000     35.000    240.000   0.913720    0.000784   0.084640   0.000856   0.914503   3.658014 
   0.0000000000     36.000    240.000   0.913664    0.000772   0.084699   0.000865   0.914436   3.657745 
   0.0000000000     37.000    240.000   0.913607    0.000761   0.084759   0.000874   0.914368   3.657471 
   0.0000000000     38.000    240.000   0.913548    0.000749   0.084820   0.000882   0.914298   3.657190 
   0.0000000000     39.000    240.000   0.913488    0.000738   0.084883   0.000891   0.914226   3.656903 
   0.0000000000     40.000    240.000   0.913425    0.000727   0.084948   0.000900   0.914153   3.656610 
   0.0000000000     41.000    240.000   0.913361    0.000716   0.085014   0.000908   0.914078   3.656310 
   0.0000000000     42.000    240.000   0.913295    0.000706   0.085082   0.000917   0.914001   3.656004 
   0.0000000000     43.000    240.000   0.913228    0.000695   0.085151   0.000926   0.913923   3.655691 
   0.0000000000     44.000    240.000   0.913158    0.000685   0.085222   0.000935   0.913843   3.655371 
   0.0000000000     45.000    240.000   0.913086    0.000675   0.085295   0.000944   0.913761   3.655045 
   0.0000000000     46.000    240.000   0.913013    0.000665   0.085369   0.000953   0.913678   3.654711 
   0.0000000000     47.000    240.000   0.912938    0.000655   0.085445   0.000962   0.913593   3.654370 
   0.0000000000     48.000    240.000   0.912860    0.000645   0.085523   0.000972   0.913506   3.654023 
   0.0000000000     49.000    240.000   0.912781    0.000636   0.085602   0.000981   0.913417   3.653667 
   0.0000000000     50.000    240.000   0.912700    0.000627   0.085684   0.000990   0.913326   3.653305 
   0.0000000000     51.000    240.000   0.912616    0.000617   0.085767   0.001000   0.913234   3.652935 
   0.0000000000     52.000    240.000   0.912531    0.000608   0.085852   0.001009   0.913139   3.652557 
   0.0000000000     53.000    240.000   0.912443    0.000600   0.085939   0.001018   0.913043   3.652172 
   0.0000000000     54.000    240.000   0.912354    0.000591   0.086027   0.001028   0.912945   3.651778 
   0.0000000000     55.000    240.000   0.912262    0.000582   0.086118   0.001038   0.912844   3.651377 
   0.0000000000     56.000    240.000   0.912168    0.000574   0.086211   0.001047   0.912742   3.650968 
   0.0000000000     57.000    240.000   0.912072    0.000565   0.086305   0.001057   0.912637   3.650550 
   0.0000000000     58.000    240.000   0.911974    0.000557   0.086402   0.001067   0.912531   3.650124 
   0.0000000000     59.000    240.000   0.911873    0.000549   0.086501   0.001077   0.912422   3.649690 
   0.0000000000     60.000    240.000   0.911771    0.000541   0.086602   0.001087   0.912312   3.649247 
   0.0000000000     61.000    240.000   0.911666    0.000533   0.086704   0.001097   0.912199   3.648795 
   0.0000000000     62.000    240.000   0.911558    0.000525   0.086809   0.001107   0.912084   3.648335 
   0.0000000000     63.000    240.000   0.911448    0.000518   0.086917   0.001117   0.911966   3.647865 
   0.0000000000     64.000    240.000   0.911336    0.000510   0.087026   0.001127   0.911847   3.647387 
   0.0000000000     65.000    240.000   0.911222    0.000503   0.087137   0.001138   0.911725   3.646900 
   0.0000000000     66.000    240.000   0.911105    0.000496   0.087251   0.001148   0.911601   3.646403 
   0.0000000000     67.000    240.000   0.910985    0.000489   0.087367   0.001158   0.911474   3.645897 
   0.0000000000     68.000    240.000   0.910864    0.000482   0.087486   0.001169   0.911345   3.645381 
   0.0000000000     69.000    240.000   0.910739    0.000475   0.087607   0.001180   0.911214   3.644855 
   0.0000000000     70.000    240.000   0.910612    0.000468   0.087730   0.001190   0.911080   3.644320 
   0.0000000000     71.000    240.000   0.910483    0.000461   0.087855   0.001201   0.910944   3.643775 
   0.0000000000     72.000    240.000   0.910350    0.000455   0.087983   0.001212   0.910805   3.643220 
   0.0000000000     73.000    240.000   0.910216    0.000448   0.088114   0.001223   0.910664   3.642655 
   0.0000000000     74.000    240.000   0.910078    0.000442   0.088247   0.001234   0.910520   3.642079 
   0.0000000000     75.000    240.000   0.909938    0.000435   0.088382   0.001245   0.910373   3.641493 
   0.0000000000     76.000    240.000   0.909795    0.000429   0.088520   0.001256   0.910224   3.640896 
   0.0000000000     77.000    240.000   0.909649    0.000423   0.088661   0.001267   0.910072   3.640289 
   0.0000000000     78.000    240.000   0.909501    0.000417   0.088804   0.001278   0.909918   3.639671 
   0.0000000000     79.000    240.000   0.909349    0.000411   0.088950   0.001290   0.909760   3.639042 
   0.0000000000     80.000    240.000   0.909195    0.000405   0.089098   0.001301   0.909600   3.638401 
   0.0000000000     81.000    240.000   0.909038    0.000399   0.089250   0.001313   0.909437   3.637750 
   0.0000000000     82.000    240.000   0.908878    0.000394   0.089404   0.001324   0.909272   3.637087 
   0.0000000000     83.000    240.000   0.908715    0.000388   0.089561   0.001336   0.909103   3.636413 
   0.0000000000     84.000    240.000   0.908549    0.000383   0.089720   0.001348   0.908932   3.635726 
   0.0000000000     85.000    240.000   0.908380    0.000377   0.089883   0.001360   0.908757   3.635029 
   0.0000000000     86.000    240.000   0.908208    0.000372   0.090048   0.001372   0.908580   3.634319 
   0.0000000000     87.000    240.000   0.908033    0.000367   0.090217   0.001384   0.908399   3.633597 
   0.0000000000     88.000    240.000   0.907854    0.000361   0.090388   0.001396   0.908216   3.632862 
   0.0000000000     89.000    240.000   0.907673    0.000356   0.090563   0.001408   0.908029   3.632116 
   0.0000000000     90.000    240.000   0.907488    0.000351   0.090740   0.001421   0.907839   3.631357 
   0.0000000000     91.000    240.000   0.907300    0.000346   0.090921   0.001433   0.907646   3.630585 
   0.0000000000     92.000    240.000   0.907109    0.000341   0.091104   0.001446   0.907450   3.629800 
   0.0000000000     93.000    240.000   0.906914    0.000337   0.091291   0.001458   0.907251   3.629002 
   0.0000000000     94.000    240.000   0.906716    0.000332   0.091481   0.001471   0.907048   3.628192 
   0.0000000000     95.000    240.000   0.906515    0.000327   0.091674   0.001484   0.906842   3.627368 
   0.0000000000     96.000    240.000   0.906310    0.000323   0.091870   0.001497   0.906633   3.626530 
   0.0000000000     97.000    240.000   0.906102    0.000318   0.092070   0.001510   0.906420   3.625679 
   0.0000000000     98.000    240.000   0.905890    0.000313   0.092273   0.001523   0.906204   3.624814 
   0.0000000000     99.000    240.000   0.905675    0.000309   0.092480   0.001537   0.905984   3.623935 
   0.0000000000    100.000    240.000   0.905456    0.000305   0.092689   0.001550   0.905761   3.623042 
   0.0000000000    101.000    240.000   0.905233    0.000300   0.092903   0.001563   0.905534   3.622135 
   0.0000000000    102.000    240.000   0.905007    0.000296   0.093120   0.001577   0.905303   3.621214 
   0.0000000000    103.000    240.000   0.904777    0.000292   0.093340   0.001591   0.905069   3.620278 
   0.0000000000    104.000    240.000   0.904544    0.000288   0.093564   0.001605   0.904832   3.619327 
   0.0000000000    105.000    240.000   0.904306    0.000284   0.093791   0.001619   0.904590   3.618361 
   0.0000000000    106.000    240.000   0.904065    0.000280   0.094022   0.001633   0.904345   3.617381 
   0.0000000000    107.000    240.000   0.903820    0.000276   0.094257   0.001647   0.904096   3.616385 
   0.0000000000    108.000    240.000   0.903571    0.000272   0.094496   0.001661   0.903843   3.615373 
   0.0000000000    109.000    240.000   0.903318    0.000268   0.094738   0.001675   0.903587   3.614347 
   0.0000000000    110.000    240.000   0.903062    0.000264   0.094984   0.001690   0.903326   3.613304 
   0.0000000000    111.000    240.000   0.902801    0.000261   0.095234   0.001705   0.903061   3.612246 
   0.0000000000    112.000    240.000   0.902536    0.000257   0.095488   0.001719   0.902793   3.611171 
   0.0000000000    113.000    240.000   0.902267    0.000253   0.095746   0.001734   0.902520   3.610080 
   0.0000000000    114.000    240.000   0.901994    0.000250   0.096007   0.001749   0.902243   3.608973 
   0.0000000000    115.000    240.000   0.901716    0.000246   0.096273   0.001765   0.901962   3.607849 
   0.0000000000    116.000    240.000   0.901434    0.000243   0.096543   0.001780   0.901677   3.606709 
   0.0000000000    117.000    240.000   0.901149    0.000239   0.096817   0.001795   0.901388   3.605552 
   0.0000000000    118.000    240.000   0.900858    0.000236   0.097095   0.001811   0.901094   3.604377 
   0.0000000000    119.000    240.000   0.900564    0.000233   0.097377   0.001827   0.900796   3.603185 
   0.0000000000    120.000    240.000   0.900265    0.000229   0.097664   0.001842   0.900494   3.601976 
   0.0000000000    121.000    240.000   0.899961    0.000226   0.097954   0.001858   0.900187   3.600749 
   0.0000000000    122.000    240.000   0.899653    0.000223   0.098249   0.001875   0.899876   3.599504 
   0.0000000000    123.000    240.000   0.899341    0.000220   0.098549   0.001891   0.899560   3.598241 
   0.0000000000    124.000    240.000   0.899023    0.000217   0.098853   0.001907   0.899240   3.596960 
   0.0000000000    125.000    240.000   0.898702    0.000214   0.099161   0.001924   0.898915   3.595661 
   0.0000000000    126.000    240.000   0.898375    0.000211   0.099474   0.001940   0.898586   3.594343 
