#solute size.    Temp(C) Press(Mpa)        fHB          fS        fLJ         fO        xHB        nHB 
   0.0000000000   -173.000    -40.000   0.000000    1.000000   0.000000   0.000000   1.000000   4.000000 
   0.0000000000   -172.000    -40.000   0.000000    1.000000   0.000000   0.000000   1.000000   4.000000 
   0.0000000000   -171.000    -40.000   0.000000    1.000000   0.000000   0.000000   1.000000   4.000000 
   0.0000000000   -170.000    -40.000   0.000000    1.000000   0.000000   0.000000   1.000000   4.000000 
   0.0000000000   -169.000    -40.000   0.000000    1.000000   0.000000   0.000000   1.000000   4.000000 
   0.0000000000   -168.000    -40.000   0.000000    1.000000   0.000000   0.000000   1.000000   4.000000 
   0.0000000000   -167.000    -40.000   0.000000    1.000000   0.000000   0.000000   1.000000   4.000000 
   0.0000000000   -166.000    -40.000   0.000000    1.000000   0.000000   0.000000   1.000000   4.000000 
   0.0000000000   -165.000    -40.000   0.000000    1.000000   0.000000   0.000000   1.000000   4.000000 
   0.0000000000   -164.000    -40.000   0.000000    1.000000   0.000000   0.000000   1.000000   4.000000 
   0.0000000000   -163.000    -40.000   0.000000    1.000000   0.000000   0.000000   1.000000   4.000000 
   0.0000000000   -162.000    -40.000   0.000000    1.000000   0.000000   0.000000   1.000000   4.000000 
   0.0000000000   -161.000    -40.000   0.000000    1.000000   0.000000   0.000000   1.000000   4.000000 
   0.0000000000   -160.000    -40.000   0.000000    1.000000   0.000000   0.000000   1.000000   4.000000 
   0.0000000000   -159.000    -40.000   0.000000    1.000000   0.000000   0.000000   1.000000   4.000000 
   0.0000000000   -158.000    -40.000   0.000000    1.000000   0.000000   0.000000   1.000000   4.000000 
   0.0000000000   -157.000    -40.000   0.000000    1.000000   0.000000   0.000000   1.000000   4.000000 
   0.0000000000   -156.000    -40.000   0.000000    1.000000   0.000000   0.000000   1.000000   4.000000 
   0.0000000000   -155.000    -40.000   0.000000    1.000000   0.000000   0.000000   1.000000   4.000000 
   0.0000000000   -154.000    -40.000   0.000000    1.000000   0.000000   0.000000   1.000000   4.000000 
   0.0000000000   -153.000    -40.000   0.000001    0.999999   0.000000   0.000000   1.000000   4.000000 
   0.0000000000   -152.000    -40.000   0.000001    0.999999   0.000000   0.000000   1.000000   4.000000 
   0.0000000000   -151.000    -40.000   0.000001    0.999999   0.000000   0.000000   1.000000   4.000000 
   0.0000000000   -150.000    -40.000   0.000001    0.999999   0.000000   0.000000   1.000000   4.000000 
   0.0000000000   -149.000    -40.000   0.000001    0.999999   0.000000   0.000000   1.000000   4.000000 
   0.0000000000   -148.000    -40.000   0.000002    0.999998   0.000000   0.000000   1.000000   3.999999 
   0.0000000000   -147.000    -40.000   0.000002    0.999998   0.000000   0.000000   1.000000   3.999999 
   0.0000000000   -146.000    -40.000   0.000002    0.999997   0.000000   0.000000   1.000000   3.999999 
   0.0000000000   -145.000    -40.000   0.000003    0.999997   0.000000   0.000000   1.000000   3.999999 
   0.0000000000   -144.000    -40.000   0.000004    0.999996   0.000000   0.000000   1.000000   3.999999 
   0.0000000000   -143.000    -40.000   0.000004    0.999995   0.000000   0.000000   1.000000   3.999998 
   0.0000000000   -142.000    -40.000   0.000005    0.999994   0.000000   0.000000   1.000000   3.999998 
   0.0000000000   -141.000    -40.000   0.000006    0.999993   0.000001   0.000000   0.999999   3.999998 
   0.0000000000   -140.000    -40.000   0.000008    0.999992   0.000001   0.000000   0.999999   3.999997 
   0.0000000000   -139.000    -40.000   0.000009    0.999990   0.000001   0.000000   0.999999   3.999997 
   0.0000000000   -138.000    -40.000   0.000011    0.999988   0.000001   0.000000   0.999999   3.999996 
   0.0000000000   -137.000    -40.000   0.000013    0.999985   0.000001   0.000000   0.999999   3.999995 
   0.0000000000   -136.000    -40.000   0.000016    0.999983   0.000001   0.000000   0.999999   3.999994 
   0.0000000000   -135.000    -40.000   0.000019    0.999979   0.000002   0.000000   0.999998   3.999993 
   0.0000000000   -134.000    -40.000   0.000022    0.999976   0.000002   0.000000   0.999998   3.999992 
   0.0000000000   -133.000    -40.000   0.000027    0.999971   0.000002   0.000000   0.999998   3.999990 
   0.0000000000   -132.000    -40.000   0.000031    0.999966   0.000003   0.000000   0.999997   3.999989 
   0.0000000000   -131.000    -40.000   0.000037    0.999960   0.000003   0.000000   0.999997   3.999987 
   0.0000000000   -130.000    -40.000   0.000043    0.999953   0.000004   0.000000   0.999996   3.999984 
   0.0000000000   -129.000    -40.000   0.000051    0.999945   0.000005   0.000000   0.999995   3.999982 
   0.0000000000   -128.000    -40.000   0.000060    0.999935   0.000005   0.000000   0.999995   3.999978 
   0.0000000000   -127.000    -40.000   0.000070    0.999924   0.000006   0.000000   0.999994   3.999975 
   0.0000000000   -126.000    -40.000   0.000081    0.999912   0.000007   0.000000   0.999993   3.999971 
   0.0000000000   -125.000    -40.000   0.000094    0.999897   0.000009   0.000000   0.999991   3.999966 
   0.0000000000   -124.000    -40.000   0.000110    0.999880   0.000010   0.000000   0.999990   3.999960 
   0.0000000000   -123.000    -40.000   0.000127    0.999861   0.000012   0.000000   0.999988   3.999954 
   0.0000000000   -122.000    -40.000   0.000147    0.999840   0.000013   0.000000   0.999987   3.999947 
   0.0000000000   -121.000    -40.000   0.000170    0.999815   0.000015   0.000000   0.999985   3.999938 
   0.0000000000   -120.000    -40.000   0.000196    0.999787   0.000018   0.000000   0.999982   3.999929 
   0.0000000000   -119.000    -40.000   0.000225    0.999754   0.000020   0.000000   0.999980   3.999918 
   0.0000000000   -118.000    -40.000   0.000259    0.999718   0.000024   0.000000   0.999976   3.999906 
   0.0000000000   -117.000    -40.000   0.000297    0.999676   0.000027   0.000000   0.999973   3.999892 
   0.0000000000   -116.000    -40.000   0.000340    0.999629   0.000031   0.000000   0.999969   3.999876 
   0.0000000000   -115.000    -40.000   0.000388    0.999576   0.000035   0.000000   0.999965   3.999859 
   0.0000000000   -114.000    -40.000   0.000443    0.999516   0.000040   0.000000   0.999960   3.999839 
   0.0000000000   -113.000    -40.000   0.000505    0.999449   0.000046   0.000000   0.999954   3.999816 
   0.0000000000   -112.000    -40.000   0.000575    0.999373   0.000052   0.000000   0.999948   3.999791 
   0.0000000000   -111.000    -40.000   0.000653    0.999287   0.000059   0.000000   0.999941   3.999762 
   0.0000000000   -110.000    -40.000   0.000741    0.999192   0.000067   0.000000   0.999933   3.999730 
   0.0000000000   -109.000    -40.000   0.000840    0.999084   0.000076   0.000000   0.999924   3.999695 
   0.0000000000   -108.000    -40.000   0.000950    0.998964   0.000086   0.000000   0.999914   3.999655 
   0.0000000000   -107.000    -40.000   0.001073    0.998830   0.000098   0.000000   0.999902   3.999610 
   0.0000000000   -106.000    -40.000   0.001210    0.998680   0.000110   0.000000   0.999890   3.999560 
   0.0000000000   -105.000    -40.000   0.001363    0.998513   0.000124   0.000000   0.999876   3.999504 
   0.0000000000   -104.000    -40.000   0.001534    0.998327   0.000139   0.000000   0.999861   3.999442 
   0.0000000000   -103.000    -40.000   0.001723    0.998120   0.000157   0.000000   0.999843   3.999373 
   0.0000000000   -102.000    -40.000   0.001934    0.997890   0.000176   0.000000   0.999824   3.999296 
   0.0000000000   -101.000    -40.000   0.002167    0.997636   0.000197   0.000000   0.999803   3.999211 
   0.0000000000   -100.000    -40.000   0.002426    0.997353   0.000221   0.000000   0.999779   3.999117 
   0.0000000000    -99.000    -40.000   0.002712    0.997041   0.000247   0.000000   0.999753   3.999013 
   0.0000000000    -98.000    -40.000   0.003028    0.996696   0.000275   0.000000   0.999725   3.998898 
   0.0000000000    -97.000    -40.000   0.003377    0.996316   0.000307   0.000000   0.999693   3.998771 
   0.0000000000    -96.000    -40.000   0.003762    0.995896   0.000342   0.000000   0.999658   3.998631 
   0.0000000000    -95.000    -40.000   0.004185    0.995434   0.000381   0.000000   0.999619   3.998477 
   0.0000000000    -94.000    -40.000   0.004652    0.994925   0.000423   0.000000   0.999577   3.998307 
   0.0000000000    -93.000    -40.000   0.005164    0.994366   0.000470   0.000000   0.999530   3.998121 
   0.0000000000    -92.000    -40.000   0.005726    0.993753   0.000521   0.000000   0.999479   3.997916 
   0.0000000000    -91.000    -40.000   0.006343    0.993080   0.000577   0.000000   0.999423   3.997691 
   0.0000000000    -90.000    -40.000   0.007018    0.992343   0.000639   0.000000   0.999361   3.997445 
   0.0000000000    -89.000    -40.000   0.007757    0.991537   0.000706   0.000000   0.999294   3.997176 
   0.0000000000    -88.000    -40.000   0.008565    0.990655   0.000780   0.000000   0.999220   3.996881 
   0.0000000000    -87.000    -40.000   0.009448    0.989692   0.000860   0.000000   0.999140   3.996560 
   0.0000000000    -86.000    -40.000   0.010410    0.988642   0.000948   0.000000   0.999052   3.996209 
   0.0000000000    -85.000    -40.000   0.011459    0.987497   0.001043   0.000000   0.998957   3.995827 
   0.0000000000    -84.000    -40.000   0.012602    0.986251   0.001147   0.000000   0.998853   3.995410 
   0.0000000000    -83.000    -40.000   0.013844    0.984895   0.001261   0.000000   0.998739   3.994957 
   0.0000000000    -82.000    -40.000   0.015194    0.983422   0.001384   0.000000   0.998616   3.994465 
   0.0000000000    -81.000    -40.000   0.016660    0.981823   0.001517   0.000000   0.998483   3.993930 
   0.0000000000    -80.000    -40.000   0.018249    0.980089   0.001662   0.000000   0.998338   3.993350 
   0.0000000000    -79.000    -40.000   0.019971    0.978209   0.001820   0.000000   0.998180   3.992722 
   0.0000000000    -78.000    -40.000   0.021835    0.976175   0.001990   0.000000   0.998010   3.992041 
   0.0000000000    -77.000    -40.000   0.023851    0.973976   0.002174   0.000000   0.997826   3.991305 
   0.0000000000    -76.000    -40.000   0.026028    0.971600   0.002372   0.000000   0.997628   3.990510 
   0.0000000000    -75.000    -40.000   0.028378    0.969035   0.002587   0.000000   0.997413   3.989652 
   0.0000000000    -74.000    -40.000   0.030911    0.966270   0.002818   0.000000   0.997182   3.988726 
   0.0000000000    -73.000    -40.000   0.033640    0.963292   0.003068   0.000000   0.996932   3.987729 
   0.0000000000    -72.000    -40.000   0.036577    0.960087   0.003336   0.000000   0.996664   3.986655 
   0.0000000000    -71.000    -40.000   0.039733    0.956642   0.003625   0.000000   0.996375   3.985501 
   0.0000000000    -70.000    -40.000   0.043123    0.952942   0.003935   0.000000   0.996065   3.984261 
   0.0000000000    -69.000    -40.000   0.046759    0.948973   0.004267   0.000000   0.995733   3.982930 
   0.0000000000    -68.000    -40.000   0.050656    0.944720   0.004624   0.000000   0.995376   3.981504 
   0.0000000000    -67.000    -40.000   0.054827    0.940167   0.005006   0.000000   0.994994   3.979976 
   0.0000000000    -66.000    -40.000   0.059288    0.935298   0.005414   0.000000   0.994585   3.978342 
   0.0000000000    -65.000    -40.000   0.064052    0.930097   0.005851   0.000000   0.994149   3.976596 
   0.0000000000    -64.000    -40.000   0.069135    0.924548   0.006317   0.000000   0.993683   3.974732 
   0.0000000000    -63.000    -40.000   0.074552    0.918634   0.006814   0.000000   0.993186   3.972745 
   0.0000000000    -62.000    -40.000   0.080318    0.912340   0.007343   0.000000   0.992657   3.970629 
   0.0000000000    -61.000    -40.000   0.086447    0.905648   0.007905   0.000000   0.992095   3.968379 
   0.0000000000    -60.000    -40.000   0.092956    0.898542   0.008503   0.000000   0.991497   3.965988 
   0.0000000000    -59.000    -40.000   0.099856    0.891007   0.009137   0.000000   0.990863   3.963452 
   0.0000000000    -58.000    -40.000   0.107164    0.883028   0.009808   0.000000   0.990191   3.960766 
   0.0000000000    -57.000    -40.000   0.114891    0.874590   0.010519   0.000000   0.989481   3.957923 
   0.0000000000    -56.000    -40.000   0.123049    0.865681   0.011270   0.000000   0.988730   3.954920 
   0.0000000000    -55.000    -40.000   0.131651    0.856287   0.012062   0.000000   0.987938   3.951752 
   0.0000000000    -54.000    -40.000   0.140706    0.846398   0.012896   0.000000   0.987104   3.948415 
   0.0000000000    -53.000    -40.000   0.150222    0.836005   0.013773   0.000000   0.986227   3.944906 
   0.0000000000    -52.000    -40.000   0.160205    0.825101   0.014694   0.000001   0.985306   3.941222 
   0.0000000000    -51.000    -40.000   0.170660    0.813681   0.015659   0.000001   0.984341   3.937362 
   0.0000000000    -50.000    -40.000   0.181589    0.801742   0.016668   0.000001   0.983331   3.933324 
   0.0000000000    -49.000    -40.000   0.192991    0.789286   0.017722   0.000001   0.982277   3.929108 
   0.0000000000    -48.000    -40.000   0.204864    0.776315   0.018820   0.000001   0.981179   3.924715 
   0.0000000000    -47.000    -40.000   0.217198    0.762838   0.019962   0.000001   0.980037   3.920147 
   0.0000000000    -46.000    -40.000   0.229986    0.748866   0.021147   0.000001   0.978852   3.915408 
   0.0000000000    -45.000    -40.000   0.243213    0.734412   0.022374   0.000001   0.977625   3.910501 
   0.0000000000    -44.000    -40.000   0.256862    0.719497   0.023640   0.000001   0.976359   3.905434 
   0.0000000000    -43.000    -40.000   0.270911    0.704142   0.024945   0.000001   0.975053   3.900214 
   0.0000000000    -42.000    -40.000   0.285336    0.688376   0.026286   0.000002   0.973712   3.894848 
   0.0000000000    -41.000    -40.000   0.300107    0.672231   0.027661   0.000002   0.972337   3.889349 
   0.0000000000    -40.000    -40.000   0.315190    0.655741   0.029066   0.000002   0.970932   3.883727 
   0.0000000000    -39.000    -40.000   0.330551    0.638948   0.030499   0.000002   0.969499   3.877996 
   0.0000000000    -38.000    -40.000   0.346151    0.621891   0.031956   0.000002   0.968042   3.872168 
   0.0000000000    -37.000    -40.000   0.361942    0.604623   0.033432   0.000002   0.966565   3.866262 
   0.0000000000    -36.000    -40.000   0.377883    0.587190   0.034924   0.000003   0.965073   3.860292 
   0.0000000000    -35.000    -40.000   0.393925    0.569643   0.036428   0.000003   0.963569   3.854275 
   0.0000000000    -34.000    -40.000   0.410021    0.552036   0.037939   0.000003   0.962057   3.848230 
   0.0000000000    -33.000    -40.000   0.426122    0.534421   0.039453   0.000003   0.960543   3.842173 
   0.0000000000    -32.000    -40.000   0.442179    0.516852   0.040966   0.000004   0.959031   3.836123 
   0.0000000000    -31.000    -40.000   0.458144    0.499380   0.042472   0.000004   0.957524   3.830096 
   0.0000000000    -30.000    -40.000   0.473971    0.482057   0.043968   0.000004   0.956028   3.824110 
   0.0000000000    -29.000    -40.000   0.489616    0.464930   0.045450   0.000005   0.954545   3.818181 
   0.0000000000    -28.000    -40.000   0.505037    0.448044   0.046914   0.000005   0.953081   3.812323 
   0.0000000000    -27.000    -40.000   0.520197    0.431441   0.048357   0.000005   0.951638   3.806551 
   0.0000000000    -26.000    -40.000   0.535061    0.415158   0.049775   0.000006   0.950219   3.800877 
   0.0000000000    -25.000    -40.000   0.549599    0.399229   0.051166   0.000006   0.948828   3.795312 
   0.0000000000    -24.000    -40.000   0.563785    0.383682   0.052527   0.000007   0.947466   3.789865 
   0.0000000000    -23.000    -40.000   0.577595    0.368541   0.053856   0.000007   0.946136   3.784546 
   0.0000000000    -22.000    -40.000   0.591012    0.353828   0.055152   0.000008   0.944840   3.779360 
   0.0000000000    -21.000    -40.000   0.604022    0.339556   0.056414   0.000008   0.943578   3.774312 
   0.0000000000    -20.000    -40.000   0.616614    0.325738   0.057640   0.000009   0.942352   3.769407 
   0.0000000000    -19.000    -40.000   0.628781    0.312380   0.058829   0.000009   0.941162   3.764646 
   0.0000000000    -18.000    -40.000   0.640520    0.299488   0.059982   0.000010   0.940008   3.760032 
   0.0000000000    -17.000    -40.000   0.651830    0.287061   0.061099   0.000010   0.938891   3.755563 
   0.0000000000    -16.000    -40.000   0.662713    0.275098   0.062179   0.000011   0.937810   3.751240 
   0.0000000000    -15.000    -40.000   0.673172    0.263593   0.063223   0.000011   0.936765   3.747061 
   0.0000000000    -14.000    -40.000   0.683214    0.252542   0.064232   0.000012   0.935756   3.743023 
   0.0000000000    -13.000    -40.000   0.692847    0.241934   0.065207   0.000013   0.934781   3.739123 
   0.0000000000    -12.000    -40.000   0.702079    0.231760   0.066147   0.000013   0.933839   3.735358 
   0.0000000000    -11.000    -40.000   0.710921    0.222010   0.067055   0.000014   0.932931   3.731724 
   0.0000000000    -10.000    -40.000   0.719384    0.212670   0.067931   0.000015   0.932054   3.728217 
   0.0000000000     -9.000    -40.000   0.727480    0.203728   0.068777   0.000015   0.931208   3.724832 
   0.0000000000     -8.000    -40.000   0.735219    0.195172   0.069593   0.000016   0.930391   3.721565 
   0.0000000000     -7.000    -40.000   0.742616    0.186987   0.070381   0.000017   0.929603   3.718411 
   0.0000000000     -6.000    -40.000   0.749682    0.179159   0.071141   0.000017   0.928841   3.715365 
   0.0000000000     -5.000    -40.000   0.756430    0.171676   0.071876   0.000018   0.928106   3.712423 
   0.0000000000     -4.000    -40.000   0.762872    0.164522   0.072586   0.000019   0.927395   3.709579 
   0.0000000000     -3.000    -40.000   0.769022    0.157686   0.073273   0.000020   0.926707   3.706829 
   0.0000000000     -2.000    -40.000   0.774890    0.151153   0.073938   0.000020   0.926042   3.704168 
   0.0000000000     -1.000    -40.000   0.780488    0.144910   0.074581   0.000021   0.925398   3.701592 
   0.0000000000      0.000    -40.000   0.785829    0.138945   0.075204   0.000022   0.924774   3.699096 
   0.0000000000      1.000    -40.000   0.790924    0.133245   0.075808   0.000023   0.924169   3.696676 
   0.0000000000      2.000    -40.000   0.795782    0.127799   0.076395   0.000024   0.923582   3.694328 
   0.0000000000      3.000    -40.000   0.800416    0.122596   0.076964   0.000024   0.923012   3.692046 
   0.0000000000      4.000    -40.000   0.804834    0.117623   0.077517   0.000025   0.922457   3.689829 
   0.0000000000      5.000    -40.000   0.809047    0.112871   0.078056   0.000026   0.921918   3.687671 
   0.0000000000      6.000    -40.000   0.813064    0.108329   0.078581   0.000027   0.921392   3.685570 
   0.0000000000      7.000    -40.000   0.816893    0.103987   0.079092   0.000028   0.920880   3.683521 
   0.0000000000      8.000    -40.000   0.820543    0.099837   0.079591   0.000029   0.920380   3.681521 
   0.0000000000      9.000    -40.000   0.824023    0.095869   0.080078   0.000030   0.919892   3.679567 
   0.0000000000     10.000    -40.000   0.827340    0.092074   0.080555   0.000031   0.919414   3.677656 
   0.0000000000     11.000    -40.000   0.830501    0.088445   0.081022   0.000032   0.918946   3.675785 
   0.0000000000     12.000    -40.000   0.833513    0.084974   0.081480   0.000033   0.918488   3.673951 
   0.0000000000     13.000    -40.000   0.836384    0.081653   0.081929   0.000034   0.918038   3.672151 
   0.0000000000     14.000    -40.000   0.839119    0.078476   0.082370   0.000035   0.917596   3.670382 
   0.0000000000     15.000    -40.000   0.841725    0.075436   0.082804   0.000036   0.917161   3.668643 
   0.0000000000     16.000    -40.000   0.844207    0.072525   0.083231   0.000037   0.916732   3.666930 
   0.0000000000     17.000    -40.000   0.846571    0.069739   0.083652   0.000038   0.916310   3.665241 
   0.0000000000     18.000    -40.000   0.848823    0.067071   0.084067   0.000039   0.915894   3.663575 
   0.0000000000     19.000    -40.000   0.850966    0.064516   0.084478   0.000040   0.915482   3.661928 
   0.0000000000     20.000    -40.000   0.853006    0.062069   0.084884   0.000041   0.915075   3.660300 
   0.0000000000     21.000    -40.000   0.854948    0.059724   0.085286   0.000042   0.914672   3.658687 
   0.0000000000     22.000    -40.000   0.856795    0.057477   0.085684   0.000044   0.914272   3.657088 
   0.0000000000     23.000    -40.000   0.858552    0.055324   0.086080   0.000045   0.913875   3.655502 
   0.0000000000     24.000    -40.000   0.860222    0.053260   0.086473   0.000046   0.913481   3.653926 
   0.0000000000     25.000    -40.000   0.861809    0.051281   0.086863   0.000047   0.913090   3.652358 
   0.0000000000     26.000    -40.000   0.863317    0.049383   0.087252   0.000049   0.912700   3.650798 
   0.0000000000     27.000    -40.000   0.864748    0.047563   0.087639   0.000050   0.912311   3.649244 
   0.0000000000     28.000    -40.000   0.866107    0.045816   0.088025   0.000051   0.911923   3.647693 
   0.0000000000     29.000    -40.000   0.867395    0.044141   0.088411   0.000053   0.911536   3.646146 
   0.0000000000     30.000    -40.000   0.868617    0.042533   0.088796   0.000054   0.911150   3.644599 
   0.0000000000     31.000    -40.000   0.869773    0.040990   0.089182   0.000055   0.910763   3.643053 
   0.0000000000     32.000    -40.000   0.870868    0.039508   0.089567   0.000057   0.910376   3.641505 
   0.0000000000     33.000    -40.000   0.871903    0.038086   0.089953   0.000058   0.909988   3.639954 
   0.0000000000     34.000    -40.000   0.872881    0.036719   0.090341   0.000060   0.909600   3.638399 
   0.0000000000     35.000    -40.000   0.873803    0.035407   0.090729   0.000061   0.909210   3.636840 
   0.0000000000     36.000    -40.000   0.874672    0.034146   0.091119   0.000063   0.908818   3.635274 
   0.0000000000     37.000    -40.000   0.875491    0.032934   0.091511   0.000064   0.908425   3.633700 
   0.0000000000     38.000    -40.000   0.876260    0.031770   0.091905   0.000066   0.908030   3.632119 
   0.0000000000     39.000    -40.000   0.876981    0.030651   0.092301   0.000067   0.907632   3.630527 
   0.0000000000     40.000    -40.000   0.877657    0.029574   0.092700   0.000069   0.907231   3.628926 
   0.0000000000     41.000    -40.000   0.878289    0.028540   0.093101   0.000071   0.906828   3.627312 
   0.0000000000     42.000    -40.000   0.878877    0.027544   0.093506   0.000072   0.906422   3.625687 
   0.0000000000     43.000    -40.000   0.879425    0.026587   0.093914   0.000074   0.906012   3.624047 
   0.0000000000     44.000    -40.000   0.879933    0.025666   0.094326   0.000076   0.905598   3.622393 
   0.0000000000     45.000    -40.000   0.880402    0.024779   0.094741   0.000077   0.905181   3.620724 
   0.0000000000     46.000    -40.000   0.880833    0.023926   0.095161   0.000079   0.904760   3.619039 
   0.0000000000     47.000    -40.000   0.881229    0.023105   0.095585   0.000081   0.904334   3.617337 
   0.0000000000     48.000    -40.000   0.881589    0.022315   0.096013   0.000083   0.903904   3.615616 
   0.0000000000     49.000    -40.000   0.881915    0.021554   0.096446   0.000085   0.903469   3.613877 
   0.0000000000     50.000    -40.000   0.882209    0.020821   0.096884   0.000087   0.903029   3.612118 
   0.0000000000     51.000    -40.000   0.882470    0.020115   0.097326   0.000089   0.902585   3.610338 
   0.0000000000     52.000    -40.000   0.882700    0.019434   0.097775   0.000091   0.902134   3.608538 
   0.0000000000     53.000    -40.000   0.882900    0.018779   0.098228   0.000093   0.901679   3.606715 
   0.0000000000     54.000    -40.000   0.883070    0.018148   0.098688   0.000095   0.901217   3.604869 
   0.0000000000     55.000    -40.000   0.883211    0.017539   0.099153   0.000097   0.900750   3.602999 
   0.0000000000     56.000    -40.000   0.883324    0.016952   0.099624   0.000099   0.900276   3.601105 
   0.0000000000     57.000    -40.000   0.883410    0.016386   0.100102   0.000102   0.899797   3.599186 
   0.0000000000     58.000    -40.000   0.883469    0.015841   0.100586   0.000104   0.899310   3.597241 
   0.0000000000     59.000    -40.000   0.883502    0.015315   0.101077   0.000106   0.898817   3.595269 
   0.0000000000     60.000    -40.000   0.883510    0.014808   0.101574   0.000109   0.898317   3.593270 
   0.0000000000     61.000    -40.000   0.883492    0.014318   0.102079   0.000111   0.897810   3.591242 
   0.0000000000     62.000    -40.000   0.883450    0.013846   0.102590   0.000113   0.897296   3.589185 
   0.0000000000     63.000    -40.000   0.883384    0.013390   0.103110   0.000116   0.896775   3.587098 
   0.0000000000     64.000    -40.000   0.883295    0.012951   0.103636   0.000118   0.896245   3.584981 
   0.0000000000     65.000    -40.000   0.883182    0.012526   0.104171   0.000121   0.895708   3.582833 
   0.0000000000     66.000    -40.000   0.883047    0.012116   0.104713   0.000124   0.895163   3.580653 
   0.0000000000     67.000    -40.000   0.882889    0.011721   0.105264   0.000126   0.894610   3.578440 
   0.0000000000     68.000    -40.000   0.882710    0.011339   0.105822   0.000129   0.894049   3.576194 
   0.0000000000     69.000    -40.000   0.882509    0.010970   0.106390   0.000132   0.893479   3.573914 
   0.0000000000     70.000    -40.000   0.882286    0.010614   0.106966   0.000135   0.892900   3.571599 
   0.0000000000     71.000    -40.000   0.882043    0.010270   0.107550   0.000138   0.892312   3.569249 
   0.0000000000     72.000    -40.000   0.881778    0.009937   0.108144   0.000140   0.891715   3.566862 
   0.0000000000     73.000    -40.000   0.881494    0.009616   0.108747   0.000143   0.891110   3.564438 
   0.0000000000     74.000    -40.000   0.881189    0.009305   0.109359   0.000146   0.890494   3.561977 
   0.0000000000     75.000    -40.000   0.880864    0.009005   0.109981   0.000150   0.889869   3.559477 
   0.0000000000     76.000    -40.000   0.880519    0.008716   0.110613   0.000153   0.889234   3.556938 
   0.0000000000     77.000    -40.000   0.880154    0.008435   0.111254   0.000156   0.888590   3.554359 
   0.0000000000     78.000    -40.000   0.879771    0.008164   0.111906   0.000159   0.887935   3.551739 
   0.0000000000     79.000    -40.000   0.879367    0.007902   0.112568   0.000163   0.887270   3.549078 
   0.0000000000     80.000    -40.000   0.878945    0.007649   0.113240   0.000166   0.886594   3.546375 
   0.0000000000     81.000    -40.000   0.878504    0.007404   0.113923   0.000170   0.885907   3.543630 
   0.0000000000     82.000    -40.000   0.878043    0.007167   0.114617   0.000173   0.885210   3.540841 
   0.0000000000     83.000    -40.000   0.877564    0.006938   0.115321   0.000177   0.884502   3.538007 
   0.0000000000     84.000    -40.000   0.877066    0.006716   0.116037   0.000180   0.883782   3.535128 
   0.0000000000     85.000    -40.000   0.876550    0.006501   0.116765   0.000184   0.883051   3.532204 
   0.0000000000     86.000    -40.000   0.876015    0.006294   0.117504   0.000188   0.882308   3.529233 
   0.0000000000     87.000    -40.000   0.875461    0.006093   0.118254   0.000192   0.881554   3.526215 
   0.0000000000     88.000    -40.000   0.874889    0.005898   0.119017   0.000196   0.880787   3.523149 
   0.0000000000     89.000    -40.000   0.874299    0.005710   0.119791   0.000200   0.880009   3.520035 
   0.0000000000     90.000    -40.000   0.873690    0.005528   0.120578   0.000204   0.879218   3.516870 
   0.0000000000     91.000    -40.000   0.873062    0.005352   0.121378   0.000208   0.878414   3.513656 
   0.0000000000     92.000    -40.000   0.872417    0.005181   0.122190   0.000213   0.877598   3.510390 
   0.0000000000     93.000    -40.000   0.871753    0.005016   0.123015   0.000217   0.876768   3.507073 
   0.0000000000     94.000    -40.000   0.871070    0.004856   0.123853   0.000222   0.875926   3.503703 
   0.0000000000     95.000    -40.000   0.870369    0.004701   0.124704   0.000226   0.875070   3.500280 
   0.0000000000     96.000    -40.000   0.869650    0.004550   0.125568   0.000231   0.874201   3.496803 
   0.0000000000     97.000    -40.000   0.868913    0.004405   0.126447   0.000236   0.873318   3.493270 
   0.0000000000     98.000    -40.000   0.868156    0.004264   0.127339   0.000241   0.872421   3.489682 
   0.0000000000     99.000    -40.000   0.867382    0.004128   0.128245   0.000245   0.871510   3.486038 
   0.0000000000    100.000    -40.000   0.866589    0.003996   0.129165   0.000251   0.870584   3.482337 
   0.0000000000    101.000    -40.000   0.865777    0.003868   0.130100   0.000256   0.869644   3.478577 
   0.0000000000    102.000    -40.000   0.864946    0.003744   0.131049   0.000261   0.868690   3.474759 
   0.0000000000    103.000    -40.000   0.864097    0.003623   0.132013   0.000266   0.867720   3.470882 
   0.0000000000    104.000    -40.000   0.863229    0.003507   0.132992   0.000272   0.866736   3.466943 
   0.0000000000    105.000    -40.000   0.862342    0.003394   0.133987   0.000277   0.865736   3.462944 
   0.0000000000    106.000    -40.000   0.861436    0.003285   0.134996   0.000283   0.864721   3.458883 
   0.0000000000    107.000    -40.000   0.860511    0.003179   0.136021   0.000289   0.863690   3.454760 
   0.0000000000    108.000    -40.000   0.859567    0.003076   0.137062   0.000295   0.862643   3.450573 
   0.0000000000    109.000    -40.000   0.858604    0.002977   0.138119   0.000301   0.861581   3.446322 
   0.0000000000    110.000    -40.000   0.857621    0.002880   0.139192   0.000307   0.860502   3.442006 
   0.0000000000    111.000    -40.000   0.856620    0.002787   0.140281   0.000313   0.859406   3.437624 
   0.0000000000    112.000    -40.000   0.855598    0.002696   0.141387   0.000319   0.858294   3.433176 
   0.0000000000    113.000    -40.000   0.854557    0.002608   0.142509   0.000326   0.857165   3.428660 
   0.0000000000    114.000    -40.000   0.853496    0.002523   0.143648   0.000333   0.856019   3.424077 
   0.0000000000    115.000    -40.000   0.852416    0.002440   0.144805   0.000339   0.854856   3.419425 
   0.0000000000    116.000    -40.000   0.851315    0.002360   0.145978   0.000346   0.853676   3.414703 
   0.0000000000    117.000    -40.000   0.850195    0.002283   0.147169   0.000353   0.852478   3.409911 
   0.0000000000    118.000    -40.000   0.849054    0.002207   0.148378   0.000360   0.851262   3.405048 
   0.0000000000    119.000    -40.000   0.847894    0.002135   0.149604   0.000368   0.850028   3.400113 
   0.0000000000    120.000    -40.000   0.846713    0.002064   0.150848   0.000375   0.848776   3.395106 
   0.0000000000    121.000    -40.000   0.845511    0.001995   0.152111   0.000383   0.847506   3.390026 
   0.0000000000    122.000    -40.000   0.844289    0.001929   0.153391   0.000391   0.846218   3.384872 
   0.0000000000    123.000    -40.000   0.843046    0.001864   0.154690   0.000399   0.844911   3.379643 
   0.0000000000    124.000    -40.000   0.841783    0.001802   0.156008   0.000407   0.843585   3.374340 
   0.0000000000    125.000    -40.000   0.840499    0.001741   0.157345   0.000415   0.842240   3.368961 
   0.0000000000    126.000    -40.000   0.839194    0.001683   0.158700   0.000423   0.840876   3.363506 
