#solute size.    Temp(C) Press(Mpa)        fHB          fS        fLJ         fO        xHB        nHB 
   0.0000000000   -173.000    160.000   0.000145    0.999842   0.000013   0.000000   0.999987   3.999947 
   0.0000000000   -172.000    160.000   0.000171    0.999814   0.000016   0.000000   0.999984   3.999938 
   0.0000000000   -171.000    160.000   0.000201    0.999780   0.000018   0.000000   0.999982   3.999927 
   0.0000000000   -170.000    160.000   0.000237    0.999742   0.000022   0.000000   0.999978   3.999914 
   0.0000000000   -169.000    160.000   0.000278    0.999697   0.000025   0.000000   0.999975   3.999899 
   0.0000000000   -168.000    160.000   0.000325    0.999646   0.000030   0.000000   0.999970   3.999882 
   0.0000000000   -167.000    160.000   0.000379    0.999587   0.000034   0.000000   0.999966   3.999862 
   0.0000000000   -166.000    160.000   0.000441    0.999519   0.000040   0.000000   0.999960   3.999840 
   0.0000000000   -165.000    160.000   0.000512    0.999441   0.000047   0.000000   0.999953   3.999814 
   0.0000000000   -164.000    160.000   0.000594    0.999352   0.000054   0.000000   0.999946   3.999784 
   0.0000000000   -163.000    160.000   0.000687    0.999251   0.000062   0.000000   0.999938   3.999750 
   0.0000000000   -162.000    160.000   0.000792    0.999136   0.000072   0.000000   0.999928   3.999712 
   0.0000000000   -161.000    160.000   0.000912    0.999005   0.000083   0.000000   0.999917   3.999668 
   0.0000000000   -160.000    160.000   0.001049    0.998856   0.000095   0.000000   0.999905   3.999619 
   0.0000000000   -159.000    160.000   0.001203    0.998688   0.000109   0.000000   0.999891   3.999563 
   0.0000000000   -158.000    160.000   0.001377    0.998498   0.000125   0.000000   0.999875   3.999499 
   0.0000000000   -157.000    160.000   0.001574    0.998283   0.000143   0.000000   0.999857   3.999428 
   0.0000000000   -156.000    160.000   0.001795    0.998041   0.000163   0.000000   0.999837   3.999347 
   0.0000000000   -155.000    160.000   0.002045    0.997769   0.000186   0.000000   0.999814   3.999256 
   0.0000000000   -154.000    160.000   0.002325    0.997464   0.000211   0.000000   0.999789   3.999155 
   0.0000000000   -153.000    160.000   0.002639    0.997122   0.000240   0.000000   0.999760   3.999041 
   0.0000000000   -152.000    160.000   0.002990    0.996738   0.000272   0.000000   0.999728   3.998913 
   0.0000000000   -151.000    160.000   0.003383    0.996309   0.000308   0.000000   0.999692   3.998770 
   0.0000000000   -150.000    160.000   0.003822    0.995830   0.000347   0.000000   0.999653   3.998610 
   0.0000000000   -149.000    160.000   0.004312    0.995296   0.000392   0.000000   0.999608   3.998432 
   0.0000000000   -148.000    160.000   0.004858    0.994700   0.000442   0.000000   0.999558   3.998233 
   0.0000000000   -147.000    160.000   0.005465    0.994038   0.000497   0.000000   0.999503   3.998013 
   0.0000000000   -146.000    160.000   0.006140    0.993301   0.000558   0.000000   0.999442   3.997767 
   0.0000000000   -145.000    160.000   0.006890    0.992484   0.000626   0.000000   0.999374   3.997495 
   0.0000000000   -144.000    160.000   0.007721    0.991577   0.000702   0.000000   0.999298   3.997192 
   0.0000000000   -143.000    160.000   0.008642    0.990572   0.000786   0.000000   0.999214   3.996857 
   0.0000000000   -142.000    160.000   0.009662    0.989460   0.000878   0.000000   0.999122   3.996487 
   0.0000000000   -141.000    160.000   0.010789    0.988230   0.000981   0.000000   0.999019   3.996077 
   0.0000000000   -140.000    160.000   0.012035    0.986871   0.001094   0.000000   0.998906   3.995624 
   0.0000000000   -139.000    160.000   0.013411    0.985370   0.001219   0.000000   0.998781   3.995123 
   0.0000000000   -138.000    160.000   0.014929    0.983714   0.001357   0.000000   0.998643   3.994571 
   0.0000000000   -137.000    160.000   0.016603    0.981888   0.001509   0.000000   0.998491   3.993963 
   0.0000000000   -136.000    160.000   0.018447    0.979876   0.001677   0.000000   0.998323   3.993292 
   0.0000000000   -135.000    160.000   0.020477    0.977661   0.001862   0.000000   0.998138   3.992554 
   0.0000000000   -134.000    160.000   0.022712    0.975223   0.002065   0.000000   0.997935   3.991741 
   0.0000000000   -133.000    160.000   0.025171    0.972541   0.002288   0.000000   0.997712   3.990847 
   0.0000000000   -132.000    160.000   0.027874    0.969592   0.002534   0.000000   0.997466   3.989864 
   0.0000000000   -131.000    160.000   0.030848    0.966348   0.002804   0.000000   0.997196   3.988783 
   0.0000000000   -130.000    160.000   0.034115    0.962784   0.003101   0.000000   0.996899   3.987595 
   0.0000000000   -129.000    160.000   0.037705    0.958868   0.003428   0.000000   0.996572   3.986289 
   0.0000000000   -128.000    160.000   0.041649    0.954564   0.003786   0.000000   0.996214   3.984855 
   0.0000000000   -127.000    160.000   0.045984    0.949836   0.004180   0.000000   0.995820   3.983279 
   0.0000000000   -126.000    160.000   0.050747    0.944640   0.004613   0.000000   0.995387   3.981546 
   0.0000000000   -125.000    160.000   0.055983    0.938928   0.005089   0.000000   0.994911   3.979642 
   0.0000000000   -124.000    160.000   0.061744    0.932643   0.005613   0.000000   0.994387   3.977547 
   0.0000000000   -123.000    160.000   0.068081    0.925730   0.006189   0.000000   0.993811   3.975243 
   0.0000000000   -122.000    160.000   0.075057    0.918119   0.006823   0.000000   0.993177   3.972706 
   0.0000000000   -121.000    160.000   0.082745    0.909732   0.007522   0.000000   0.992478   3.969910 
   0.0000000000   -120.000    160.000   0.091234    0.900471   0.008294   0.000000   0.991706   3.966823 
   0.0000000000   -119.000    160.000   0.100609    0.890244   0.009146   0.000000   0.990854   3.963414 
   0.0000000000   -118.000    160.000   0.110985    0.878925   0.010089   0.000000   0.989910   3.959641 
   0.0000000000   -117.000    160.000   0.122504    0.866359   0.011137   0.000000   0.988863   3.955452 
   0.0000000000   -116.000    160.000   0.135307    0.852392   0.012300   0.000000   0.987699   3.950797 
   0.0000000000   -115.000    160.000   0.149604    0.836795   0.013600   0.000000   0.986399   3.945597 
   0.0000000000   -114.000    160.000   0.165623    0.819320   0.015056   0.000001   0.984943   3.939772 
   0.0000000000   -113.000    160.000   0.183646    0.799659   0.016695   0.000001   0.983304   3.933218 
   0.0000000000   -112.000    160.000   0.204084    0.777362   0.018553   0.000001   0.981446   3.925785 
   0.0000000000   -111.000    160.000   0.227453    0.751869   0.020677   0.000001   0.979322   3.917287 
   0.0000000000   -110.000    160.000   0.254405    0.722466   0.023127   0.000001   0.976871   3.907486 
   0.0000000000   -109.000    160.000   0.285976    0.688025   0.025997   0.000002   0.974001   3.896005 
   0.0000000000   -108.000    160.000   0.323648    0.646929   0.029422   0.000002   0.970576   3.882305 
   0.0000000000   -107.000    160.000   0.369736    0.596651   0.033611   0.000002   0.966386   3.865545 
   0.0000000000   -106.000    160.000   0.427587    0.533540   0.038870   0.000003   0.961127   3.844507 
   0.0000000000   -105.000    160.000   0.500089    0.454446   0.045460   0.000005   0.954535   3.818141 
   0.0000000000   -104.000    160.000   0.577450    0.370052   0.052491   0.000007   0.947502   3.790008 
   0.0000000000   -103.000    160.000   0.637856    0.304154   0.057981   0.000009   0.942010   3.768041 
   0.0000000000   -102.000    160.000   0.678949    0.259325   0.061715   0.000011   0.938274   3.753097 
   0.0000000000   -101.000    160.000   0.708013    0.227619   0.064356   0.000012   0.935632   3.742527 
   0.0000000000   -100.000    160.000   0.729820    0.203829   0.066337   0.000014   0.933649   3.734596 
   0.0000000000    -99.000    160.000   0.747050    0.185032   0.067903   0.000015   0.932082   3.728329 
   0.0000000000    -98.000    160.000   0.761100    0.169705   0.069179   0.000017   0.930805   3.723218 
   0.0000000000    -97.000    160.000   0.772926    0.156803   0.070253   0.000018   0.929729   3.718916 
   0.0000000000    -96.000    160.000   0.783032    0.145777   0.071171   0.000019   0.928810   3.715239 
   0.0000000000    -95.000    160.000   0.791842    0.136167   0.071971   0.000021   0.928008   3.712034 
   0.0000000000    -94.000    160.000   0.799604    0.127699   0.072676   0.000022   0.927302   3.709209 
   0.0000000000    -93.000    160.000   0.806515    0.120159   0.073303   0.000023   0.926673   3.706694 
   0.0000000000    -92.000    160.000   0.812736    0.113372   0.073868   0.000024   0.926107   3.704429 
   0.0000000000    -91.000    160.000   0.818353    0.107243   0.074378   0.000026   0.925596   3.702384 
   0.0000000000    -90.000    160.000   0.823468    0.101662   0.074843   0.000027   0.925130   3.700521 
   0.0000000000    -89.000    160.000   0.828161    0.096542   0.075269   0.000028   0.924703   3.698811 
   0.0000000000    -88.000    160.000   0.832468    0.091843   0.075660   0.000030   0.924310   3.697242 
   0.0000000000    -87.000    160.000   0.836455    0.087492   0.076022   0.000031   0.923947   3.695789 
   0.0000000000    -86.000    160.000   0.840150    0.083460   0.076357   0.000032   0.923610   3.694441 
   0.0000000000    -85.000    160.000   0.843581    0.079716   0.076669   0.000034   0.923297   3.693190 
   0.0000000000    -84.000    160.000   0.846787    0.076217   0.076960   0.000035   0.923005   3.692019 
   0.0000000000    -83.000    160.000   0.849785    0.072946   0.077232   0.000037   0.922731   3.690925 
   0.0000000000    -82.000    160.000   0.852591    0.069884   0.077487   0.000038   0.922475   3.689900 
   0.0000000000    -81.000    160.000   0.855232    0.067001   0.077727   0.000039   0.922233   3.688934 
   0.0000000000    -80.000    160.000   0.857718    0.064288   0.077953   0.000041   0.922006   3.688025 
   0.0000000000    -79.000    160.000   0.860062    0.061730   0.078166   0.000042   0.921792   3.687166 
   0.0000000000    -78.000    160.000   0.862272    0.059317   0.078367   0.000044   0.921589   3.686356 
   0.0000000000    -77.000    160.000   0.864367    0.057030   0.078558   0.000045   0.921397   3.685588 
   0.0000000000    -76.000    160.000   0.866352    0.054863   0.078738   0.000047   0.921215   3.684859 
   0.0000000000    -75.000    160.000   0.868234    0.052808   0.078910   0.000048   0.921042   3.684167 
   0.0000000000    -74.000    160.000   0.870021    0.050856   0.079073   0.000050   0.920877   3.683510 
   0.0000000000    -73.000    160.000   0.871720    0.049000   0.079228   0.000052   0.920721   3.682883 
   0.0000000000    -72.000    160.000   0.873335    0.047237   0.079375   0.000053   0.920572   3.682287 
   0.0000000000    -71.000    160.000   0.874876    0.045553   0.079516   0.000055   0.920429   3.681717 
   0.0000000000    -70.000    160.000   0.876345    0.043948   0.079650   0.000056   0.920293   3.681173 
   0.0000000000    -69.000    160.000   0.877747    0.042416   0.079779   0.000058   0.920163   3.680653 
   0.0000000000    -68.000    160.000   0.879086    0.040952   0.079901   0.000060   0.920039   3.680155 
   0.0000000000    -67.000    160.000   0.880366    0.039553   0.080019   0.000062   0.919919   3.679678 
   0.0000000000    -66.000    160.000   0.881590    0.038215   0.080132   0.000063   0.919805   3.679220 
   0.0000000000    -65.000    160.000   0.882761    0.036934   0.080240   0.000065   0.919695   3.678781 
   0.0000000000    -64.000    160.000   0.883883    0.035707   0.080343   0.000067   0.919590   3.678360 
   0.0000000000    -63.000    160.000   0.884956    0.034533   0.080443   0.000069   0.919489   3.677955 
   0.0000000000    -62.000    160.000   0.885987    0.033404   0.080538   0.000071   0.919391   3.677565 
   0.0000000000    -61.000    160.000   0.886975    0.032322   0.080630   0.000072   0.919297   3.677189 
   0.0000000000    -60.000    160.000   0.887924    0.031283   0.080719   0.000074   0.919207   3.676827 
   0.0000000000    -59.000    160.000   0.888835    0.030285   0.080804   0.000076   0.919120   3.676479 
   0.0000000000    -58.000    160.000   0.889709    0.029326   0.080886   0.000078   0.919035   3.676142 
   0.0000000000    -57.000    160.000   0.890550    0.028404   0.080966   0.000080   0.918954   3.675816 
   0.0000000000    -56.000    160.000   0.891358    0.027518   0.081042   0.000082   0.918876   3.675502 
   0.0000000000    -55.000    160.000   0.892135    0.026664   0.081116   0.000084   0.918799   3.675198 
   0.0000000000    -54.000    160.000   0.892882    0.025843   0.081188   0.000086   0.918726   3.674903 
   0.0000000000    -53.000    160.000   0.893602    0.025053   0.081257   0.000088   0.918655   3.674618 
   0.0000000000    -52.000    160.000   0.894294    0.024291   0.081324   0.000091   0.918585   3.674342 
   0.0000000000    -51.000    160.000   0.894961    0.023558   0.081389   0.000093   0.918518   3.674073 
   0.0000000000    -50.000    160.000   0.895603    0.022850   0.081452   0.000095   0.918453   3.673812 
   0.0000000000    -49.000    160.000   0.896220    0.022169   0.081513   0.000097   0.918390   3.673559 
   0.0000000000    -48.000    160.000   0.896816    0.021512   0.081573   0.000099   0.918328   3.673313 
   0.0000000000    -47.000    160.000   0.897391    0.020877   0.081630   0.000101   0.918268   3.673073 
   0.0000000000    -46.000    160.000   0.897945    0.020265   0.081687   0.000104   0.918210   3.672839 
   0.0000000000    -45.000    160.000   0.898479    0.019674   0.081741   0.000106   0.918153   3.672610 
   0.0000000000    -44.000    160.000   0.898993    0.019104   0.081795   0.000108   0.918097   3.672388 
   0.0000000000    -43.000    160.000   0.899490    0.018552   0.081847   0.000111   0.918043   3.672170 
   0.0000000000    -42.000    160.000   0.899969    0.018020   0.081898   0.000113   0.917989   3.671957 
   0.0000000000    -41.000    160.000   0.900431    0.017506   0.081947   0.000116   0.917937   3.671749 
   0.0000000000    -40.000    160.000   0.900877    0.017009   0.081996   0.000118   0.917886   3.671545 
   0.0000000000    -39.000    160.000   0.901308    0.016528   0.082043   0.000121   0.917836   3.671344 
   0.0000000000    -38.000    160.000   0.901723    0.016064   0.082090   0.000123   0.917787   3.671148 
   0.0000000000    -37.000    160.000   0.902124    0.015615   0.082136   0.000126   0.917739   3.670955 
   0.0000000000    -36.000    160.000   0.902511    0.015180   0.082181   0.000128   0.917691   3.670764 
   0.0000000000    -35.000    160.000   0.902885    0.014760   0.082225   0.000131   0.917644   3.670577 
   0.0000000000    -34.000    160.000   0.903245    0.014353   0.082268   0.000133   0.917598   3.670393 
   0.0000000000    -33.000    160.000   0.903594    0.013959   0.082311   0.000136   0.917553   3.670211 
   0.0000000000    -32.000    160.000   0.903930    0.013578   0.082354   0.000139   0.917508   3.670031 
   0.0000000000    -31.000    160.000   0.904254    0.013209   0.082395   0.000141   0.917463   3.669853 
   0.0000000000    -30.000    160.000   0.904568    0.012852   0.082437   0.000144   0.917419   3.669677 
   0.0000000000    -29.000    160.000   0.904870    0.012506   0.082477   0.000147   0.917376   3.669502 
   0.0000000000    -28.000    160.000   0.905162    0.012170   0.082518   0.000150   0.917332   3.669329 
   0.0000000000    -27.000    160.000   0.905444    0.011846   0.082558   0.000153   0.917289   3.669157 
   0.0000000000    -26.000    160.000   0.905716    0.011531   0.082598   0.000156   0.917247   3.668987 
   0.0000000000    -25.000    160.000   0.905978    0.011226   0.082637   0.000158   0.917204   3.668817 
   0.0000000000    -24.000    160.000   0.906232    0.010930   0.082677   0.000161   0.917162   3.668647 
   0.0000000000    -23.000    160.000   0.906476    0.010644   0.082716   0.000164   0.917120   3.668478 
   0.0000000000    -22.000    160.000   0.906712    0.010366   0.082755   0.000167   0.917077   3.668310 
   0.0000000000    -21.000    160.000   0.906939    0.010096   0.082794   0.000170   0.917035   3.668141 
   0.0000000000    -20.000    160.000   0.907158    0.009835   0.082833   0.000173   0.916993   3.667973 
   0.0000000000    -19.000    160.000   0.907369    0.009582   0.082872   0.000177   0.916951   3.667804 
   0.0000000000    -18.000    160.000   0.907573    0.009336   0.082912   0.000180   0.916909   3.667635 
   0.0000000000    -17.000    160.000   0.907769    0.009097   0.082951   0.000183   0.916866   3.667465 
   0.0000000000    -16.000    160.000   0.907958    0.008865   0.082990   0.000186   0.916824   3.667295 
   0.0000000000    -15.000    160.000   0.908140    0.008640   0.083030   0.000189   0.916781   3.667123 
   0.0000000000    -14.000    160.000   0.908316    0.008422   0.083070   0.000193   0.916738   3.666951 
   0.0000000000    -13.000    160.000   0.908484    0.008210   0.083110   0.000196   0.916694   3.666778 
   0.0000000000    -12.000    160.000   0.908646    0.008005   0.083150   0.000199   0.916651   3.666603 
   0.0000000000    -11.000    160.000   0.908802    0.007805   0.083191   0.000203   0.916607   3.666427 
   0.0000000000    -10.000    160.000   0.908951    0.007611   0.083232   0.000206   0.916562   3.666250 
   0.0000000000     -9.000    160.000   0.909095    0.007422   0.083273   0.000209   0.916518   3.666070 
   0.0000000000     -8.000    160.000   0.909233    0.007239   0.083315   0.000213   0.916472   3.665889 
   0.0000000000     -7.000    160.000   0.909365    0.007062   0.083357   0.000216   0.916426   3.665706 
   0.0000000000     -6.000    160.000   0.909491    0.006889   0.083400   0.000220   0.916380   3.665520 
   0.0000000000     -5.000    160.000   0.909612    0.006721   0.083443   0.000224   0.916333   3.665333 
   0.0000000000     -4.000    160.000   0.909728    0.006558   0.083487   0.000227   0.916286   3.665143 
   0.0000000000     -3.000    160.000   0.909838    0.006399   0.083532   0.000231   0.916237   3.664950 
   0.0000000000     -2.000    160.000   0.909944    0.006245   0.083577   0.000235   0.916189   3.664755 
   0.0000000000     -1.000    160.000   0.910044    0.006095   0.083623   0.000238   0.916139   3.664556 
   0.0000000000      0.000    160.000   0.910140    0.005949   0.083669   0.000242   0.916089   3.664355 
   0.0000000000      1.000    160.000   0.910230    0.005808   0.083716   0.000246   0.916038   3.664151 
   0.0000000000      2.000    160.000   0.910316    0.005670   0.083764   0.000250   0.915986   3.663943 
   0.0000000000      3.000    160.000   0.910398    0.005536   0.083813   0.000254   0.915933   3.663732 
   0.0000000000      4.000    160.000   0.910474    0.005405   0.083863   0.000257   0.915880   3.663518 
   0.0000000000      5.000    160.000   0.910547    0.005278   0.083914   0.000261   0.915825   3.663300 
   0.0000000000      6.000    160.000   0.910615    0.005155   0.083965   0.000265   0.915770   3.663078 
   0.0000000000      7.000    160.000   0.910678    0.005035   0.084018   0.000269   0.915713   3.662852 
   0.0000000000      8.000    160.000   0.910738    0.004918   0.084071   0.000273   0.915656   3.662622 
   0.0000000000      9.000    160.000   0.910793    0.004804   0.084125   0.000278   0.915597   3.662388 
   0.0000000000     10.000    160.000   0.910844    0.004693   0.084181   0.000282   0.915538   3.662150 
   0.0000000000     11.000    160.000   0.910891    0.004585   0.084237   0.000286   0.915477   3.661907 
   0.0000000000     12.000    160.000   0.910935    0.004480   0.084295   0.000290   0.915415   3.661660 
   0.0000000000     13.000    160.000   0.910974    0.004378   0.084354   0.000294   0.915352   3.661408 
   0.0000000000     14.000    160.000   0.911009    0.004279   0.084414   0.000299   0.915288   3.661151 
   0.0000000000     15.000    160.000   0.911041    0.004182   0.084475   0.000303   0.915222   3.660889 
   0.0000000000     16.000    160.000   0.911068    0.004087   0.084537   0.000307   0.915156   3.660622 
   0.0000000000     17.000    160.000   0.911092    0.003995   0.084601   0.000312   0.915087   3.660350 
   0.0000000000     18.000    160.000   0.911112    0.003906   0.084666   0.000316   0.915018   3.660072 
   0.0000000000     19.000    160.000   0.911129    0.003818   0.084732   0.000321   0.914947   3.659789 
   0.0000000000     20.000    160.000   0.911142    0.003733   0.084800   0.000325   0.914875   3.659500 
   0.0000000000     21.000    160.000   0.911151    0.003650   0.084869   0.000330   0.914801   3.659206 
   0.0000000000     22.000    160.000   0.911157    0.003570   0.084939   0.000335   0.914726   3.658905 
   0.0000000000     23.000    160.000   0.911159    0.003491   0.085011   0.000339   0.914650   3.658598 
   0.0000000000     24.000    160.000   0.911157    0.003414   0.085085   0.000344   0.914571   3.658286 
   0.0000000000     25.000    160.000   0.911152    0.003339   0.085160   0.000349   0.914492   3.657967 
   0.0000000000     26.000    160.000   0.911144    0.003266   0.085236   0.000353   0.914410   3.657641 
   0.0000000000     27.000    160.000   0.911132    0.003195   0.085314   0.000358   0.914327   3.657309 
   0.0000000000     28.000    160.000   0.911117    0.003126   0.085394   0.000363   0.914242   3.656970 
   0.0000000000     29.000    160.000   0.911098    0.003058   0.085476   0.000368   0.914156   3.656624 
   0.0000000000     30.000    160.000   0.911075    0.002992   0.085559   0.000373   0.914068   3.656271 
   0.0000000000     31.000    160.000   0.911050    0.002928   0.085644   0.000378   0.913978   3.655911 
   0.0000000000     32.000    160.000   0.911021    0.002865   0.085731   0.000383   0.913886   3.655544 
   0.0000000000     33.000    160.000   0.910988    0.002804   0.085819   0.000388   0.913792   3.655169 
   0.0000000000     34.000    160.000   0.910952    0.002744   0.085910   0.000393   0.913697   3.654787 
   0.0000000000     35.000    160.000   0.910913    0.002686   0.086002   0.000399   0.913599   3.654397 
   0.0000000000     36.000    160.000   0.910871    0.002629   0.086096   0.000404   0.913500   3.653999 
   0.0000000000     37.000    160.000   0.910825    0.002574   0.086192   0.000409   0.913398   3.653593 
   0.0000000000     38.000    160.000   0.910775    0.002520   0.086291   0.000415   0.913295   3.653179 
   0.0000000000     39.000    160.000   0.910723    0.002467   0.086391   0.000420   0.913189   3.652757 
   0.0000000000     40.000    160.000   0.910666    0.002415   0.086493   0.000425   0.913082   3.652326 
   0.0000000000     41.000    160.000   0.910607    0.002365   0.086597   0.000431   0.912972   3.651887 
   0.0000000000     42.000    160.000   0.910544    0.002315   0.086704   0.000437   0.912860   3.651439 
   0.0000000000     43.000    160.000   0.910478    0.002267   0.086813   0.000442   0.912745   3.650982 
   0.0000000000     44.000    160.000   0.910408    0.002221   0.086923   0.000448   0.912629   3.650515 
   0.0000000000     45.000    160.000   0.910335    0.002175   0.087036   0.000453   0.912510   3.650040 
   0.0000000000     46.000    160.000   0.910259    0.002130   0.087152   0.000459   0.912389   3.649556 
   0.0000000000     47.000    160.000   0.910179    0.002086   0.087270   0.000465   0.912265   3.649062 
   0.0000000000     48.000    160.000   0.910096    0.002044   0.087390   0.000471   0.912139   3.648558 
   0.0000000000     49.000    160.000   0.910009    0.002002   0.087512   0.000477   0.912011   3.648044 
   0.0000000000     50.000    160.000   0.909919    0.001961   0.087637   0.000483   0.911880   3.647521 
   0.0000000000     51.000    160.000   0.909825    0.001921   0.087764   0.000489   0.911747   3.646987 
   0.0000000000     52.000    160.000   0.909728    0.001882   0.087894   0.000495   0.911611   3.646443 
   0.0000000000     53.000    160.000   0.909628    0.001844   0.088027   0.000501   0.911472   3.645889 
   0.0000000000     54.000    160.000   0.909524    0.001807   0.088162   0.000507   0.911331   3.645324 
   0.0000000000     55.000    160.000   0.909416    0.001771   0.088299   0.000514   0.911187   3.644749 
   0.0000000000     56.000    160.000   0.909305    0.001735   0.088440   0.000520   0.911041   3.644162 
   0.0000000000     57.000    160.000   0.909190    0.001701   0.088583   0.000526   0.910891   3.643564 
   0.0000000000     58.000    160.000   0.909072    0.001667   0.088728   0.000533   0.910739   3.642956 
   0.0000000000     59.000    160.000   0.908950    0.001634   0.088877   0.000539   0.910584   3.642335 
   0.0000000000     60.000    160.000   0.908825    0.001601   0.089028   0.000546   0.910426   3.641704 
   0.0000000000     61.000    160.000   0.908696    0.001570   0.089183   0.000552   0.910265   3.641060 
   0.0000000000     62.000    160.000   0.908563    0.001538   0.089340   0.000559   0.910101   3.640405 
   0.0000000000     63.000    160.000   0.908426    0.001508   0.089500   0.000566   0.909934   3.639737 
   0.0000000000     64.000    160.000   0.908286    0.001478   0.089663   0.000573   0.909764   3.639058 
   0.0000000000     65.000    160.000   0.908142    0.001449   0.089829   0.000579   0.909591   3.638366 
   0.0000000000     66.000    160.000   0.907994    0.001421   0.089998   0.000586   0.909415   3.637661 
   0.0000000000     67.000    160.000   0.907843    0.001393   0.090171   0.000593   0.909236   3.636944 
   0.0000000000     68.000    160.000   0.907687    0.001366   0.090346   0.000600   0.909053   3.636213 
   0.0000000000     69.000    160.000   0.907528    0.001340   0.090525   0.000608   0.908867   3.635470 
   0.0000000000     70.000    160.000   0.907365    0.001314   0.090707   0.000615   0.908678   3.634713 
   0.0000000000     71.000    160.000   0.907198    0.001288   0.090892   0.000622   0.908486   3.633943 
   0.0000000000     72.000    160.000   0.907027    0.001263   0.091081   0.000629   0.908290   3.633159 
   0.0000000000     73.000    160.000   0.906852    0.001239   0.091273   0.000637   0.908090   3.632362 
   0.0000000000     74.000    160.000   0.906673    0.001215   0.091468   0.000644   0.907888   3.631550 
   0.0000000000     75.000    160.000   0.906490    0.001191   0.091667   0.000652   0.907681   3.630724 
   0.0000000000     76.000    160.000   0.906302    0.001169   0.091869   0.000659   0.907471   3.629884 
   0.0000000000     77.000    160.000   0.906111    0.001146   0.092075   0.000667   0.907257   3.629030 
   0.0000000000     78.000    160.000   0.905916    0.001124   0.092285   0.000675   0.907040   3.628160 
   0.0000000000     79.000    160.000   0.905716    0.001103   0.092498   0.000683   0.906819   3.627276 
   0.0000000000     80.000    160.000   0.905512    0.001082   0.092715   0.000691   0.906594   3.626376 
   0.0000000000     81.000    160.000   0.905304    0.001061   0.092936   0.000699   0.906365   3.625462 
   0.0000000000     82.000    160.000   0.905092    0.001041   0.093160   0.000707   0.906133   3.624531 
   0.0000000000     83.000    160.000   0.904875    0.001021   0.093389   0.000715   0.905896   3.623585 
   0.0000000000     84.000    160.000   0.904654    0.001002   0.093621   0.000723   0.905656   3.622624 
   0.0000000000     85.000    160.000   0.904428    0.000983   0.093857   0.000732   0.905411   3.621646 
   0.0000000000     86.000    160.000   0.904198    0.000964   0.094097   0.000740   0.905163   3.620651 
   0.0000000000     87.000    160.000   0.903964    0.000946   0.094341   0.000749   0.904910   3.619641 
   0.0000000000     88.000    160.000   0.903725    0.000928   0.094590   0.000757   0.904653   3.618613 
   0.0000000000     89.000    160.000   0.903481    0.000911   0.094842   0.000766   0.904392   3.617569 
   0.0000000000     90.000    160.000   0.903233    0.000894   0.095099   0.000775   0.904127   3.616507 
   0.0000000000     91.000    160.000   0.902980    0.000877   0.095359   0.000783   0.903857   3.615428 
   0.0000000000     92.000    160.000   0.902722    0.000861   0.095625   0.000792   0.903583   3.614332 
   0.0000000000     93.000    160.000   0.902460    0.000844   0.095894   0.000801   0.903304   3.613218 
   0.0000000000     94.000    160.000   0.902193    0.000829   0.096168   0.000811   0.903021   3.612086 
   0.0000000000     95.000    160.000   0.901921    0.000813   0.096446   0.000820   0.902734   3.610936 
   0.0000000000     96.000    160.000   0.901644    0.000798   0.096729   0.000829   0.902442   3.609767 
   0.0000000000     97.000    160.000   0.901362    0.000783   0.097016   0.000839   0.902145   3.608580 
   0.0000000000     98.000    160.000   0.901075    0.000768   0.097308   0.000848   0.901843   3.607374 
   0.0000000000     99.000    160.000   0.900783    0.000754   0.097605   0.000858   0.901537   3.606149 
   0.0000000000    100.000    160.000   0.900486    0.000740   0.097906   0.000867   0.901226   3.604905 
   0.0000000000    101.000    160.000   0.900184    0.000726   0.098213   0.000877   0.900910   3.603641 
   0.0000000000    102.000    160.000   0.899876    0.000713   0.098524   0.000887   0.900589   3.602357 
   0.0000000000    103.000    160.000   0.899564    0.000700   0.098839   0.000897   0.900263   3.601054 
   0.0000000000    104.000    160.000   0.899246    0.000687   0.099160   0.000907   0.899933   3.599730 
   0.0000000000    105.000    160.000   0.898923    0.000674   0.099486   0.000918   0.899597   3.598386 
   0.0000000000    106.000    160.000   0.898594    0.000662   0.099817   0.000928   0.899255   3.597022 
   0.0000000000    107.000    160.000   0.898260    0.000649   0.100153   0.000938   0.898909   3.595636 
   0.0000000000    108.000    160.000   0.897920    0.000637   0.100494   0.000949   0.898557   3.594229 
   0.0000000000    109.000    160.000   0.897575    0.000626   0.100840   0.000960   0.898200   3.592801 
   0.0000000000    110.000    160.000   0.897224    0.000614   0.101192   0.000970   0.897838   3.591352 
   0.0000000000    111.000    160.000   0.896868    0.000603   0.101549   0.000981   0.897470   3.589880 
   0.0000000000    112.000    160.000   0.896505    0.000591   0.101911   0.000992   0.897097   3.588387 
   0.0000000000    113.000    160.000   0.896137    0.000581   0.102279   0.001003   0.896718   3.586871 
   0.0000000000    114.000    160.000   0.895763    0.000570   0.102652   0.001015   0.896333   3.585333 
   0.0000000000    115.000    160.000   0.895384    0.000559   0.103031   0.001026   0.895943   3.583772 
   0.0000000000    116.000    160.000   0.894998    0.000549   0.103416   0.001038   0.895547   3.582188 
   0.0000000000    117.000    160.000   0.894606    0.000539   0.103806   0.001049   0.895145   3.580580 
   0.0000000000    118.000    160.000   0.894208    0.000529   0.104202   0.001061   0.894737   3.578949 
   0.0000000000    119.000    160.000   0.893804    0.000519   0.104604   0.001073   0.894324   3.577294 
   0.0000000000    120.000    160.000   0.893394    0.000510   0.105011   0.001085   0.893904   3.575615 
   0.0000000000    121.000    160.000   0.892978    0.000500   0.105425   0.001097   0.893478   3.573912 
   0.0000000000    122.000    160.000   0.892555    0.000491   0.105845   0.001109   0.893046   3.572184 
   0.0000000000    123.000    160.000   0.892126    0.000482   0.106271   0.001122   0.892608   3.570431 
   0.0000000000    124.000    160.000   0.891690    0.000473   0.106703   0.001134   0.892163   3.568653 
   0.0000000000    125.000    160.000   0.891248    0.000464   0.107141   0.001147   0.891713   3.566850 
   0.0000000000    126.000    160.000   0.890800    0.000456   0.107585   0.001160   0.891255   3.565021 
