#solute size.    Temp(C) Press(Mpa)        fHB          fS        fLJ         fO        xHB        nHB 
   0.0000000000   -173.000    -80.000   0.000000    1.000000   0.000000   0.000000   1.000000   4.000000 
   0.0000000000   -172.000    -80.000   0.000000    1.000000   0.000000   0.000000   1.000000   4.000000 
   0.0000000000   -171.000    -80.000   0.000000    1.000000   0.000000   0.000000   1.000000   4.000000 
   0.0000000000   -170.000    -80.000   0.000000    1.000000   0.000000   0.000000   1.000000   4.000000 
   0.0000000000   -169.000    -80.000   0.000000    1.000000   0.000000   0.000000   1.000000   4.000000 
   0.0000000000   -168.000    -80.000   0.000000    1.000000   0.000000   0.000000   1.000000   4.000000 
   0.0000000000   -167.000    -80.000   0.000000    1.000000   0.000000   0.000000   1.000000   4.000000 
   0.0000000000   -166.000    -80.000   0.000000    1.000000   0.000000   0.000000   1.000000   4.000000 
   0.0000000000   -165.000    -80.000   0.000000    1.000000   0.000000   0.000000   1.000000   4.000000 
   0.0000000000   -164.000    -80.000   0.000000    1.000000   0.000000   0.000000   1.000000   4.000000 
   0.0000000000   -163.000    -80.000   0.000000    1.000000   0.000000   0.000000   1.000000   4.000000 
   0.0000000000   -162.000    -80.000   0.000000    1.000000   0.000000   0.000000   1.000000   4.000000 
   0.0000000000   -161.000    -80.000   0.000000    1.000000   0.000000   0.000000   1.000000   4.000000 
   0.0000000000   -160.000    -80.000   0.000000    1.000000   0.000000   0.000000   1.000000   4.000000 
   0.0000000000   -159.000    -80.000   0.000000    1.000000   0.000000   0.000000   1.000000   4.000000 
   0.0000000000   -158.000    -80.000   0.000000    1.000000   0.000000   0.000000   1.000000   4.000000 
   0.0000000000   -157.000    -80.000   0.000000    1.000000   0.000000   0.000000   1.000000   4.000000 
   0.0000000000   -156.000    -80.000   0.000000    1.000000   0.000000   0.000000   1.000000   4.000000 
   0.0000000000   -155.000    -80.000   0.000000    1.000000   0.000000   0.000000   1.000000   4.000000 
   0.0000000000   -154.000    -80.000   0.000000    1.000000   0.000000   0.000000   1.000000   4.000000 
   0.0000000000   -153.000    -80.000   0.000000    1.000000   0.000000   0.000000   1.000000   4.000000 
   0.0000000000   -152.000    -80.000   0.000000    1.000000   0.000000   0.000000   1.000000   4.000000 
   0.0000000000   -151.000    -80.000   0.000000    1.000000   0.000000   0.000000   1.000000   4.000000 
   0.0000000000   -150.000    -80.000   0.000000    1.000000   0.000000   0.000000   1.000000   4.000000 
   0.0000000000   -149.000    -80.000   0.000000    1.000000   0.000000   0.000000   1.000000   4.000000 
   0.0000000000   -148.000    -80.000   0.000000    1.000000   0.000000   0.000000   1.000000   4.000000 
   0.0000000000   -147.000    -80.000   0.000001    0.999999   0.000000   0.000000   1.000000   4.000000 
   0.0000000000   -146.000    -80.000   0.000001    0.999999   0.000000   0.000000   1.000000   4.000000 
   0.0000000000   -145.000    -80.000   0.000001    0.999999   0.000000   0.000000   1.000000   4.000000 
   0.0000000000   -144.000    -80.000   0.000001    0.999999   0.000000   0.000000   1.000000   4.000000 
   0.0000000000   -143.000    -80.000   0.000001    0.999999   0.000000   0.000000   1.000000   4.000000 
   0.0000000000   -142.000    -80.000   0.000002    0.999998   0.000000   0.000000   1.000000   3.999999 
   0.0000000000   -141.000    -80.000   0.000002    0.999998   0.000000   0.000000   1.000000   3.999999 
   0.0000000000   -140.000    -80.000   0.000002    0.999997   0.000000   0.000000   1.000000   3.999999 
   0.0000000000   -139.000    -80.000   0.000003    0.999997   0.000000   0.000000   1.000000   3.999999 
   0.0000000000   -138.000    -80.000   0.000004    0.999996   0.000000   0.000000   1.000000   3.999999 
   0.0000000000   -137.000    -80.000   0.000004    0.999995   0.000000   0.000000   1.000000   3.999998 
   0.0000000000   -136.000    -80.000   0.000005    0.999994   0.000000   0.000000   1.000000   3.999998 
   0.0000000000   -135.000    -80.000   0.000006    0.999993   0.000001   0.000000   0.999999   3.999998 
   0.0000000000   -134.000    -80.000   0.000008    0.999992   0.000001   0.000000   0.999999   3.999997 
   0.0000000000   -133.000    -80.000   0.000009    0.999990   0.000001   0.000000   0.999999   3.999997 
   0.0000000000   -132.000    -80.000   0.000011    0.999988   0.000001   0.000000   0.999999   3.999996 
   0.0000000000   -131.000    -80.000   0.000013    0.999986   0.000001   0.000000   0.999999   3.999995 
   0.0000000000   -130.000    -80.000   0.000015    0.999983   0.000001   0.000000   0.999999   3.999994 
   0.0000000000   -129.000    -80.000   0.000018    0.999980   0.000002   0.000000   0.999998   3.999993 
   0.0000000000   -128.000    -80.000   0.000021    0.999977   0.000002   0.000000   0.999998   3.999992 
   0.0000000000   -127.000    -80.000   0.000025    0.999972   0.000002   0.000000   0.999998   3.999991 
   0.0000000000   -126.000    -80.000   0.000030    0.999967   0.000003   0.000000   0.999997   3.999989 
   0.0000000000   -125.000    -80.000   0.000035    0.999962   0.000003   0.000000   0.999997   3.999987 
   0.0000000000   -124.000    -80.000   0.000041    0.999955   0.000004   0.000000   0.999996   3.999985 
   0.0000000000   -123.000    -80.000   0.000048    0.999947   0.000004   0.000000   0.999996   3.999982 
   0.0000000000   -122.000    -80.000   0.000056    0.999939   0.000005   0.000000   0.999995   3.999980 
   0.0000000000   -121.000    -80.000   0.000066    0.999928   0.000006   0.000000   0.999994   3.999976 
   0.0000000000   -120.000    -80.000   0.000076    0.999917   0.000007   0.000000   0.999993   3.999972 
   0.0000000000   -119.000    -80.000   0.000089    0.999903   0.000008   0.000000   0.999992   3.999968 
   0.0000000000   -118.000    -80.000   0.000103    0.999888   0.000009   0.000000   0.999991   3.999963 
   0.0000000000   -117.000    -80.000   0.000119    0.999870   0.000011   0.000000   0.999989   3.999957 
   0.0000000000   -116.000    -80.000   0.000137    0.999850   0.000012   0.000000   0.999988   3.999950 
   0.0000000000   -115.000    -80.000   0.000158    0.999827   0.000014   0.000000   0.999986   3.999942 
   0.0000000000   -114.000    -80.000   0.000182    0.999801   0.000017   0.000000   0.999983   3.999934 
   0.0000000000   -113.000    -80.000   0.000210    0.999771   0.000019   0.000000   0.999981   3.999924 
   0.0000000000   -112.000    -80.000   0.000241    0.999738   0.000022   0.000000   0.999978   3.999913 
   0.0000000000   -111.000    -80.000   0.000275    0.999699   0.000025   0.000000   0.999975   3.999900 
   0.0000000000   -110.000    -80.000   0.000315    0.999656   0.000029   0.000000   0.999971   3.999885 
   0.0000000000   -109.000    -80.000   0.000360    0.999608   0.000033   0.000000   0.999967   3.999869 
   0.0000000000   -108.000    -80.000   0.000410    0.999553   0.000037   0.000000   0.999963   3.999851 
   0.0000000000   -107.000    -80.000   0.000467    0.999491   0.000042   0.000000   0.999958   3.999830 
   0.0000000000   -106.000    -80.000   0.000530    0.999421   0.000048   0.000000   0.999952   3.999807 
   0.0000000000   -105.000    -80.000   0.000602    0.999343   0.000055   0.000000   0.999945   3.999781 
   0.0000000000   -104.000    -80.000   0.000682    0.999256   0.000062   0.000000   0.999938   3.999752 
   0.0000000000   -103.000    -80.000   0.000772    0.999158   0.000070   0.000000   0.999930   3.999719 
   0.0000000000   -102.000    -80.000   0.000872    0.999049   0.000079   0.000000   0.999921   3.999683 
   0.0000000000   -101.000    -80.000   0.000984    0.998926   0.000090   0.000000   0.999910   3.999642 
   0.0000000000   -100.000    -80.000   0.001109    0.998790   0.000101   0.000000   0.999899   3.999596 
   0.0000000000    -99.000    -80.000   0.001248    0.998638   0.000114   0.000000   0.999886   3.999546 
   0.0000000000    -98.000    -80.000   0.001403    0.998469   0.000128   0.000000   0.999872   3.999489 
   0.0000000000    -97.000    -80.000   0.001575    0.998282   0.000143   0.000000   0.999857   3.999427 
   0.0000000000    -96.000    -80.000   0.001765    0.998074   0.000161   0.000000   0.999839   3.999357 
   0.0000000000    -95.000    -80.000   0.001977    0.997843   0.000180   0.000000   0.999820   3.999280 
   0.0000000000    -94.000    -80.000   0.002211    0.997588   0.000201   0.000000   0.999799   3.999195 
   0.0000000000    -93.000    -80.000   0.002469    0.997306   0.000225   0.000000   0.999775   3.999101 
   0.0000000000    -92.000    -80.000   0.002755    0.996994   0.000251   0.000000   0.999749   3.998997 
   0.0000000000    -91.000    -80.000   0.003070    0.996651   0.000279   0.000000   0.999721   3.998882 
   0.0000000000    -90.000    -80.000   0.003417    0.996272   0.000311   0.000000   0.999689   3.998756 
   0.0000000000    -89.000    -80.000   0.003799    0.995855   0.000346   0.000000   0.999654   3.998616 
   0.0000000000    -88.000    -80.000   0.004218    0.995397   0.000384   0.000000   0.999616   3.998463 
   0.0000000000    -87.000    -80.000   0.004680    0.994894   0.000426   0.000000   0.999574   3.998295 
   0.0000000000    -86.000    -80.000   0.005185    0.994342   0.000472   0.000000   0.999528   3.998110 
   0.0000000000    -85.000    -80.000   0.005740    0.993737   0.000523   0.000000   0.999477   3.997908 
   0.0000000000    -84.000    -80.000   0.006347    0.993075   0.000578   0.000000   0.999422   3.997687 
   0.0000000000    -83.000    -80.000   0.007010    0.992351   0.000639   0.000000   0.999361   3.997444 
   0.0000000000    -82.000    -80.000   0.007735    0.991560   0.000705   0.000000   0.999295   3.997180 
   0.0000000000    -81.000    -80.000   0.008526    0.990696   0.000777   0.000000   0.999223   3.996891 
   0.0000000000    -80.000    -80.000   0.009389    0.989755   0.000856   0.000000   0.999144   3.996576 
   0.0000000000    -79.000    -80.000   0.010329    0.988729   0.000942   0.000000   0.999058   3.996232 
   0.0000000000    -78.000    -80.000   0.011351    0.987614   0.001035   0.000000   0.998965   3.995858 
   0.0000000000    -77.000    -80.000   0.012462    0.986401   0.001137   0.000000   0.998863   3.995452 
   0.0000000000    -76.000    -80.000   0.013669    0.985083   0.001247   0.000000   0.998753   3.995010 
   0.0000000000    -75.000    -80.000   0.014979    0.983654   0.001367   0.000000   0.998633   3.994531 
   0.0000000000    -74.000    -80.000   0.016398    0.982105   0.001497   0.000000   0.998503   3.994012 
   0.0000000000    -73.000    -80.000   0.017934    0.980428   0.001638   0.000000   0.998362   3.993449 
   0.0000000000    -72.000    -80.000   0.019596    0.978613   0.001790   0.000000   0.998210   3.992840 
   0.0000000000    -71.000    -80.000   0.021393    0.976653   0.001955   0.000000   0.998045   3.992182 
   0.0000000000    -70.000    -80.000   0.023332    0.974535   0.002132   0.000000   0.997868   3.991470 
   0.0000000000    -69.000    -80.000   0.025424    0.972252   0.002324   0.000000   0.997676   3.990703 
   0.0000000000    -68.000    -80.000   0.027678    0.969791   0.002531   0.000000   0.997469   3.989876 
   0.0000000000    -67.000    -80.000   0.030104    0.967143   0.002754   0.000000   0.997246   3.988985 
   0.0000000000    -66.000    -80.000   0.032712    0.964294   0.002993   0.000000   0.997007   3.988026 
   0.0000000000    -65.000    -80.000   0.035515    0.961234   0.003251   0.000000   0.996749   3.986996 
   0.0000000000    -64.000    -80.000   0.038522    0.957950   0.003528   0.000000   0.996472   3.985890 
   0.0000000000    -63.000    -80.000   0.041747    0.954429   0.003824   0.000000   0.996176   3.984703 
   0.0000000000    -62.000    -80.000   0.045199    0.950658   0.004142   0.000000   0.995858   3.983431 
   0.0000000000    -61.000    -80.000   0.048893    0.946624   0.004482   0.000000   0.995518   3.982070 
   0.0000000000    -60.000    -80.000   0.052841    0.942313   0.004846   0.000000   0.995154   3.980615 
   0.0000000000    -59.000    -80.000   0.057054    0.937711   0.005235   0.000000   0.994765   3.979060 
   0.0000000000    -58.000    -80.000   0.061547    0.932803   0.005650   0.000000   0.994350   3.977401 
   0.0000000000    -57.000    -80.000   0.066332    0.927576   0.006092   0.000000   0.993908   3.975633 
   0.0000000000    -56.000    -80.000   0.071422    0.922016   0.006562   0.000000   0.993438   3.973750 
   0.0000000000    -55.000    -80.000   0.076830    0.916108   0.007063   0.000000   0.992937   3.971749 
   0.0000000000    -54.000    -80.000   0.082568    0.909837   0.007594   0.000000   0.992406   3.969623 
   0.0000000000    -53.000    -80.000   0.088650    0.903192   0.008158   0.000000   0.991842   3.967368 
   0.0000000000    -52.000    -80.000   0.095088    0.896157   0.008755   0.000000   0.991245   3.964979 
   0.0000000000    -51.000    -80.000   0.101892    0.888721   0.009387   0.000000   0.990613   3.962452 
   0.0000000000    -50.000    -80.000   0.109075    0.880871   0.010054   0.000000   0.989945   3.959782 
   0.0000000000    -49.000    -80.000   0.116645    0.872596   0.010759   0.000000   0.989241   3.956965 
   0.0000000000    -48.000    -80.000   0.124614    0.863886   0.011501   0.000000   0.988499   3.953997 
   0.0000000000    -47.000    -80.000   0.132987    0.854732   0.012281   0.000000   0.987719   3.950874 
   0.0000000000    -46.000    -80.000   0.141772    0.845127   0.013101   0.000000   0.986899   3.947595 
   0.0000000000    -45.000    -80.000   0.150975    0.835064   0.013961   0.000000   0.986039   3.944156 
   0.0000000000    -44.000    -80.000   0.160598    0.824540   0.014861   0.000000   0.985139   3.940555 
   0.0000000000    -43.000    -80.000   0.170644    0.813554   0.015801   0.000001   0.984198   3.936792 
   0.0000000000    -42.000    -80.000   0.181113    0.802104   0.016783   0.000001   0.983216   3.932866 
   0.0000000000    -41.000    -80.000   0.192001    0.790193   0.017805   0.000001   0.982194   3.928777 
   0.0000000000    -40.000    -80.000   0.203303    0.777828   0.018867   0.000001   0.981132   3.924527 
   0.0000000000    -39.000    -80.000   0.215013    0.765017   0.019970   0.000001   0.980029   3.920118 
   0.0000000000    -38.000    -80.000   0.227119    0.751769   0.021111   0.000001   0.978888   3.915553 
   0.0000000000    -37.000    -80.000   0.239609    0.738100   0.022290   0.000001   0.977709   3.910836 
   0.0000000000    -36.000    -80.000   0.252466    0.724027   0.023506   0.000001   0.976493   3.905973 
   0.0000000000    -35.000    -80.000   0.265673    0.709569   0.024757   0.000001   0.975242   3.900969 
   0.0000000000    -34.000    -80.000   0.279206    0.694752   0.026040   0.000001   0.973958   3.895833 
   0.0000000000    -33.000    -80.000   0.293042    0.679601   0.027355   0.000001   0.972643   3.890574 
   0.0000000000    -32.000    -80.000   0.307153    0.664147   0.028699   0.000002   0.971300   3.885199 
   0.0000000000    -31.000    -80.000   0.321509    0.648421   0.030068   0.000002   0.969930   3.879721 
   0.0000000000    -30.000    -80.000   0.336079    0.632458   0.031461   0.000002   0.968538   3.874150 
   0.0000000000    -29.000    -80.000   0.350828    0.616296   0.032873   0.000002   0.967125   3.868499 
   0.0000000000    -28.000    -80.000   0.365721    0.599974   0.034303   0.000002   0.965695   3.862780 
   0.0000000000    -27.000    -80.000   0.380720    0.583532   0.035746   0.000003   0.964252   3.857006 
   0.0000000000    -26.000    -80.000   0.395787    0.567011   0.037199   0.000003   0.962798   3.851192 
   0.0000000000    -25.000    -80.000   0.410884    0.550454   0.038659   0.000003   0.961338   3.845351 
   0.0000000000    -24.000    -80.000   0.425972    0.533902   0.040122   0.000003   0.959874   3.839498 
   0.0000000000    -23.000    -80.000   0.441013    0.517398   0.041585   0.000003   0.958411   3.833645 
   0.0000000000    -22.000    -80.000   0.455970    0.500982   0.043044   0.000004   0.956952   3.827807 
   0.0000000000    -21.000    -80.000   0.470807    0.484692   0.044497   0.000004   0.955499   3.821996 
   0.0000000000    -20.000    -80.000   0.485489    0.468568   0.045939   0.000004   0.954057   3.816227 
   0.0000000000    -19.000    -80.000   0.499983    0.452645   0.047368   0.000005   0.952627   3.810509 
   0.0000000000    -18.000    -80.000   0.514259    0.436954   0.048781   0.000005   0.951214   3.804854 
   0.0000000000    -17.000    -80.000   0.528291    0.421527   0.050177   0.000005   0.949818   3.799273 
   0.0000000000    -16.000    -80.000   0.542052    0.406391   0.051551   0.000006   0.948443   3.793774 
   0.0000000000    -15.000    -80.000   0.555522    0.391570   0.052903   0.000006   0.947091   3.788365 
   0.0000000000    -14.000    -80.000   0.568679    0.377084   0.054230   0.000006   0.945763   3.783054 
   0.0000000000    -13.000    -80.000   0.581509    0.362952   0.055532   0.000007   0.944461   3.777846 
   0.0000000000    -12.000    -80.000   0.593998    0.349189   0.056806   0.000007   0.943186   3.772746 
   0.0000000000    -11.000    -80.000   0.606134    0.335806   0.058053   0.000008   0.941940   3.767758 
   0.0000000000    -10.000    -80.000   0.617909    0.322812   0.059270   0.000008   0.940722   3.762886 
   0.0000000000     -9.000    -80.000   0.629318    0.310215   0.060459   0.000009   0.939533   3.758131 
   0.0000000000     -8.000    -80.000   0.640357    0.298016   0.061617   0.000009   0.938374   3.753494 
   0.0000000000     -7.000    -80.000   0.651024    0.286220   0.062746   0.000010   0.937244   3.748976 
   0.0000000000     -6.000    -80.000   0.661321    0.274823   0.063846   0.000010   0.936144   3.744577 
   0.0000000000     -5.000    -80.000   0.671248    0.263825   0.064916   0.000011   0.935074   3.740295 
   0.0000000000     -4.000    -80.000   0.680810    0.253222   0.065957   0.000011   0.934032   3.736129 
   0.0000000000     -3.000    -80.000   0.690012    0.243007   0.066969   0.000012   0.933019   3.732077 
   0.0000000000     -2.000    -80.000   0.698859    0.233175   0.067954   0.000012   0.932034   3.728136 
   0.0000000000     -1.000    -80.000   0.707359    0.223717   0.068911   0.000013   0.931076   3.724304 
   0.0000000000      0.000    -80.000   0.715519    0.214625   0.069842   0.000013   0.930145   3.720578 
   0.0000000000      1.000    -80.000   0.723348    0.205890   0.070747   0.000014   0.929239   3.716955 
   0.0000000000      2.000    -80.000   0.730855    0.197503   0.071628   0.000015   0.928357   3.713430 
   0.0000000000      3.000    -80.000   0.738048    0.189452   0.072485   0.000015   0.927500   3.710000 
   0.0000000000      4.000    -80.000   0.744938    0.181728   0.073319   0.000016   0.926666   3.706662 
   0.0000000000      5.000    -80.000   0.751534    0.174319   0.074131   0.000017   0.925853   3.703411 
   0.0000000000      6.000    -80.000   0.757845    0.167216   0.074922   0.000017   0.925061   3.700244 
   0.0000000000      7.000    -80.000   0.763882    0.160407   0.075693   0.000018   0.924289   3.697157 
   0.0000000000      8.000    -80.000   0.769654    0.153882   0.076445   0.000019   0.923536   3.694145 
   0.0000000000      9.000    -80.000   0.775172    0.147630   0.077179   0.000019   0.922801   3.691206 
   0.0000000000     10.000    -80.000   0.780443    0.141640   0.077896   0.000020   0.922084   3.688334 
   0.0000000000     11.000    -80.000   0.785479    0.135903   0.078597   0.000021   0.921382   3.685527 
   0.0000000000     12.000    -80.000   0.790288    0.130408   0.079283   0.000022   0.920695   3.682781 
   0.0000000000     13.000    -80.000   0.794878    0.125145   0.079955   0.000022   0.920023   3.680091 
   0.0000000000     14.000    -80.000   0.799259    0.120105   0.080613   0.000023   0.919364   3.677455 
   0.0000000000     15.000    -80.000   0.803439    0.115279   0.081259   0.000024   0.918717   3.674869 
   0.0000000000     16.000    -80.000   0.807425    0.110657   0.081893   0.000025   0.918082   3.672329 
   0.0000000000     17.000    -80.000   0.811227    0.106231   0.082516   0.000026   0.917458   3.669833 
   0.0000000000     18.000    -80.000   0.814851    0.101993   0.083129   0.000027   0.916844   3.667376 
   0.0000000000     19.000    -80.000   0.818305    0.097934   0.083733   0.000028   0.916239   3.664957 
   0.0000000000     20.000    -80.000   0.821596    0.094047   0.084329   0.000028   0.915643   3.662572 
   0.0000000000     21.000    -80.000   0.824730    0.090325   0.084916   0.000029   0.915054   3.660217 
   0.0000000000     22.000    -80.000   0.827714    0.086759   0.085497   0.000030   0.914473   3.657892 
   0.0000000000     23.000    -80.000   0.830554    0.083344   0.086071   0.000031   0.913898   3.655591 
   0.0000000000     24.000    -80.000   0.833257    0.080072   0.086639   0.000032   0.913328   3.653314 
   0.0000000000     25.000    -80.000   0.835827    0.076937   0.087203   0.000033   0.912764   3.651057 
   0.0000000000     26.000    -80.000   0.838270    0.073934   0.087761   0.000034   0.912204   3.648818 
   0.0000000000     27.000    -80.000   0.840592    0.071057   0.088316   0.000035   0.911649   3.646594 
   0.0000000000     28.000    -80.000   0.842797    0.068299   0.088868   0.000036   0.911096   3.644384 
   0.0000000000     29.000    -80.000   0.844890    0.065656   0.089416   0.000038   0.910546   3.642184 
   0.0000000000     30.000    -80.000   0.846876    0.063122   0.089963   0.000039   0.909999   3.639994 
   0.0000000000     31.000    -80.000   0.848759    0.060693   0.090508   0.000040   0.909453   3.637810 
   0.0000000000     32.000    -80.000   0.850543    0.058365   0.091051   0.000041   0.908908   3.635632 
   0.0000000000     33.000    -80.000   0.852232    0.056132   0.091594   0.000042   0.908364   3.633456 
   0.0000000000     34.000    -80.000   0.853830    0.053990   0.092136   0.000043   0.907820   3.631280 
   0.0000000000     35.000    -80.000   0.855340    0.051936   0.092679   0.000045   0.907276   3.629104 
   0.0000000000     36.000    -80.000   0.856766    0.049966   0.093223   0.000046   0.906731   3.626926 
   0.0000000000     37.000    -80.000   0.858110    0.048075   0.093767   0.000047   0.906186   3.624742 
   0.0000000000     38.000    -80.000   0.859377    0.046261   0.094313   0.000049   0.905638   3.622553 
   0.0000000000     39.000    -80.000   0.860568    0.044521   0.094861   0.000050   0.905089   3.620356 
   0.0000000000     40.000    -80.000   0.861688    0.042850   0.095411   0.000051   0.904537   3.618150 
   0.0000000000     41.000    -80.000   0.862737    0.041246   0.095964   0.000053   0.903983   3.615932 
   0.0000000000     42.000    -80.000   0.863720    0.039706   0.096520   0.000054   0.903426   3.613702 
   0.0000000000     43.000    -80.000   0.864637    0.038227   0.097080   0.000056   0.902865   3.611459 
   0.0000000000     44.000    -80.000   0.865493    0.036807   0.097643   0.000057   0.902300   3.609200 
   0.0000000000     45.000    -80.000   0.866287    0.035444   0.098210   0.000059   0.901731   3.606924 
   0.0000000000     46.000    -80.000   0.867024    0.034133   0.098782   0.000060   0.901158   3.604630 
   0.0000000000     47.000    -80.000   0.867705    0.032875   0.099359   0.000062   0.900579   3.602317 
   0.0000000000     48.000    -80.000   0.868331    0.031665   0.099941   0.000063   0.899996   3.599983 
   0.0000000000     49.000    -80.000   0.868904    0.030503   0.100528   0.000065   0.899407   3.597627 
   0.0000000000     50.000    -80.000   0.869426    0.029385   0.101121   0.000067   0.898812   3.595247 
   0.0000000000     51.000    -80.000   0.869899    0.028311   0.101721   0.000069   0.898211   3.592843 
   0.0000000000     52.000    -80.000   0.870324    0.027279   0.102326   0.000070   0.897603   3.590413 
   0.0000000000     53.000    -80.000   0.870703    0.026286   0.102939   0.000072   0.896989   3.587956 
   0.0000000000     54.000    -80.000   0.871037    0.025331   0.103558   0.000074   0.896368   3.585470 
   0.0000000000     55.000    -80.000   0.871326    0.024413   0.104185   0.000076   0.895739   3.582955 
   0.0000000000     56.000    -80.000   0.871573    0.023529   0.104820   0.000078   0.895102   3.580410 
   0.0000000000     57.000    -80.000   0.871779    0.022679   0.105462   0.000080   0.894458   3.577833 
   0.0000000000     58.000    -80.000   0.871944    0.021861   0.106113   0.000082   0.893806   3.575222 
   0.0000000000     59.000    -80.000   0.872071    0.021074   0.106771   0.000084   0.893145   3.572578 
   0.0000000000     60.000    -80.000   0.872158    0.020317   0.107439   0.000086   0.892475   3.569899 
   0.0000000000     61.000    -80.000   0.872209    0.019587   0.108116   0.000088   0.891796   3.567183 
   0.0000000000     62.000    -80.000   0.872222    0.018885   0.108802   0.000090   0.891108   3.564431 
   0.0000000000     63.000    -80.000   0.872200    0.018209   0.109497   0.000093   0.890410   3.561639 
   0.0000000000     64.000    -80.000   0.872144    0.017558   0.110203   0.000095   0.889702   3.558808 
   0.0000000000     65.000    -80.000   0.872053    0.016932   0.110918   0.000097   0.888984   3.555937 
   0.0000000000     66.000    -80.000   0.871928    0.016328   0.111644   0.000100   0.888256   3.553024 
   0.0000000000     67.000    -80.000   0.871771    0.015746   0.112381   0.000102   0.887517   3.550068 
   0.0000000000     68.000    -80.000   0.871581    0.015186   0.113128   0.000105   0.886767   3.547068 
   0.0000000000     69.000    -80.000   0.871360    0.014646   0.113887   0.000107   0.886006   3.544023 
   0.0000000000     70.000    -80.000   0.871108    0.014125   0.114657   0.000110   0.885233   3.540933 
   0.0000000000     71.000    -80.000   0.870825    0.013624   0.115438   0.000113   0.884449   3.537795 
   0.0000000000     72.000    -80.000   0.870512    0.013141   0.116232   0.000115   0.883652   3.534610 
   0.0000000000     73.000    -80.000   0.870169    0.012675   0.117038   0.000118   0.882844   3.531375 
   0.0000000000     74.000    -80.000   0.869797    0.012225   0.117856   0.000121   0.882023   3.528090 
   0.0000000000     75.000    -80.000   0.869396    0.011792   0.118687   0.000124   0.881189   3.524754 
   0.0000000000     76.000    -80.000   0.868967    0.011375   0.119531   0.000127   0.880342   3.521366 
   0.0000000000     77.000    -80.000   0.868509    0.010972   0.120389   0.000130   0.879481   3.517925 
   0.0000000000     78.000    -80.000   0.868024    0.010584   0.121259   0.000133   0.878607   3.514429 
   0.0000000000     79.000    -80.000   0.867510    0.010209   0.122144   0.000137   0.877719   3.510877 
   0.0000000000     80.000    -80.000   0.866970    0.009847   0.123043   0.000140   0.876817   3.507270 
   0.0000000000     81.000    -80.000   0.866402    0.009499   0.123956   0.000143   0.875901   3.503604 
   0.0000000000     82.000    -80.000   0.865808    0.009162   0.124883   0.000147   0.874970   3.499881 
   0.0000000000     83.000    -80.000   0.865187    0.008838   0.125825   0.000150   0.874024   3.496098 
   0.0000000000     84.000    -80.000   0.864539    0.008524   0.126783   0.000154   0.873063   3.492254 
   0.0000000000     85.000    -80.000   0.863865    0.008222   0.127755   0.000158   0.872087   3.488348 
   0.0000000000     86.000    -80.000   0.863164    0.007930   0.128744   0.000161   0.871095   3.484380 
   0.0000000000     87.000    -80.000   0.862438    0.007649   0.129748   0.000165   0.870087   3.480347 
   0.0000000000     88.000    -80.000   0.861686    0.007377   0.130768   0.000169   0.869063   3.476250 
   0.0000000000     89.000    -80.000   0.860907    0.007115   0.131805   0.000173   0.868022   3.472087 
   0.0000000000     90.000    -80.000   0.860103    0.006861   0.132858   0.000177   0.866964   3.467857 
   0.0000000000     91.000    -80.000   0.859273    0.006617   0.133928   0.000182   0.865890   3.463559 
   0.0000000000     92.000    -80.000   0.858418    0.006380   0.135016   0.000186   0.864798   3.459192 
   0.0000000000     93.000    -80.000   0.857536    0.006152   0.136121   0.000191   0.863689   3.454755 
   0.0000000000     94.000    -80.000   0.856629    0.005932   0.137243   0.000195   0.862562   3.450246 
   0.0000000000     95.000    -80.000   0.855697    0.005719   0.138384   0.000200   0.861416   3.445666 
   0.0000000000     96.000    -80.000   0.854739    0.005514   0.139542   0.000205   0.860253   3.441012 
   0.0000000000     97.000    -80.000   0.853755    0.005316   0.140720   0.000209   0.859071   3.436284 
   0.0000000000     98.000    -80.000   0.852746    0.005124   0.141915   0.000214   0.857870   3.431481 
   0.0000000000     99.000    -80.000   0.851711    0.004939   0.143130   0.000220   0.856650   3.426601 
   0.0000000000    100.000    -80.000   0.850651    0.004760   0.144364   0.000225   0.855411   3.421644 
   0.0000000000    101.000    -80.000   0.849564    0.004588   0.145618   0.000230   0.854152   3.416609 
   0.0000000000    102.000    -80.000   0.848452    0.004421   0.146891   0.000236   0.852873   3.411494 
   0.0000000000    103.000    -80.000   0.847315    0.004260   0.148184   0.000241   0.851575   3.406299 
   0.0000000000    104.000    -80.000   0.846151    0.004104   0.149497   0.000247   0.850256   3.401023 
   0.0000000000    105.000    -80.000   0.844962    0.003954   0.150831   0.000253   0.848916   3.395664 
   0.0000000000    106.000    -80.000   0.843747    0.003809   0.152185   0.000259   0.847556   3.390223 
   0.0000000000    107.000    -80.000   0.842505    0.003669   0.153561   0.000265   0.846174   3.384697 
   0.0000000000    108.000    -80.000   0.841238    0.003533   0.154957   0.000272   0.844771   3.379086 
   0.0000000000    109.000    -80.000   0.839945    0.003402   0.156375   0.000278   0.843347   3.373389 
   0.0000000000    110.000    -80.000   0.838626    0.003276   0.157814   0.000285   0.841902   3.367606 
   0.0000000000    111.000    -80.000   0.837280    0.003154   0.159275   0.000292   0.840434   3.361735 
   0.0000000000    112.000    -80.000   0.835908    0.003036   0.160758   0.000299   0.838944   3.355775 
   0.0000000000    113.000    -80.000   0.834510    0.002922   0.162263   0.000306   0.837432   3.349726 
   0.0000000000    114.000    -80.000   0.833085    0.002812   0.163790   0.000313   0.835897   3.343587 
   0.0000000000    115.000    -80.000   0.831634    0.002706   0.165340   0.000321   0.834339   3.337357 
   0.0000000000    116.000    -80.000   0.830156    0.002603   0.166913   0.000328   0.832759   3.331035 
   0.0000000000    117.000    -80.000   0.828651    0.002504   0.168509   0.000336   0.831155   3.324621 
   0.0000000000    118.000    -80.000   0.827120    0.002408   0.170127   0.000344   0.829528   3.318114 
   0.0000000000    119.000    -80.000   0.825563    0.002316   0.171769   0.000353   0.827878   3.311513 
   0.0000000000    120.000    -80.000   0.823978    0.002226   0.173434   0.000361   0.826204   3.304818 
   0.0000000000    121.000    -80.000   0.822367    0.002140   0.175123   0.000370   0.824507   3.298028 
   0.0000000000    122.000    -80.000   0.820729    0.002057   0.176835   0.000379   0.822786   3.291143 
   0.0000000000    123.000    -80.000   0.819064    0.001977   0.178571   0.000388   0.821041   3.284162 
   0.0000000000    124.000    -80.000   0.817372    0.001899   0.180331   0.000397   0.819271   3.277085 
   0.0000000000    125.000    -80.000   0.815654    0.001824   0.182115   0.000407   0.817478   3.269912 
   0.0000000000    126.000    -80.000   0.813908    0.001752   0.183923   0.000417   0.815660   3.262642 
