#solute size.    Temp(C) Press(Mpa)        fHB          fS        fLJ         fO        xHB        nHB 
   0.0000000000   -173.000    -60.000   0.000000    1.000000   0.000000   0.000000   1.000000   4.000000 
   0.0000000000   -172.000    -60.000   0.000000    1.000000   0.000000   0.000000   1.000000   4.000000 
   0.0000000000   -171.000    -60.000   0.000000    1.000000   0.000000   0.000000   1.000000   4.000000 
   0.0000000000   -170.000    -60.000   0.000000    1.000000   0.000000   0.000000   1.000000   4.000000 
   0.0000000000   -169.000    -60.000   0.000000    1.000000   0.000000   0.000000   1.000000   4.000000 
   0.0000000000   -168.000    -60.000   0.000000    1.000000   0.000000   0.000000   1.000000   4.000000 
   0.0000000000   -167.000    -60.000   0.000000    1.000000   0.000000   0.000000   1.000000   4.000000 
   0.0000000000   -166.000    -60.000   0.000000    1.000000   0.000000   0.000000   1.000000   4.000000 
   0.0000000000   -165.000    -60.000   0.000000    1.000000   0.000000   0.000000   1.000000   4.000000 
   0.0000000000   -164.000    -60.000   0.000000    1.000000   0.000000   0.000000   1.000000   4.000000 
   0.0000000000   -163.000    -60.000   0.000000    1.000000   0.000000   0.000000   1.000000   4.000000 
   0.0000000000   -162.000    -60.000   0.000000    1.000000   0.000000   0.000000   1.000000   4.000000 
   0.0000000000   -161.000    -60.000   0.000000    1.000000   0.000000   0.000000   1.000000   4.000000 
   0.0000000000   -160.000    -60.000   0.000000    1.000000   0.000000   0.000000   1.000000   4.000000 
   0.0000000000   -159.000    -60.000   0.000000    1.000000   0.000000   0.000000   1.000000   4.000000 
   0.0000000000   -158.000    -60.000   0.000000    1.000000   0.000000   0.000000   1.000000   4.000000 
   0.0000000000   -157.000    -60.000   0.000000    1.000000   0.000000   0.000000   1.000000   4.000000 
   0.0000000000   -156.000    -60.000   0.000000    1.000000   0.000000   0.000000   1.000000   4.000000 
   0.0000000000   -155.000    -60.000   0.000000    1.000000   0.000000   0.000000   1.000000   4.000000 
   0.0000000000   -154.000    -60.000   0.000000    1.000000   0.000000   0.000000   1.000000   4.000000 
   0.0000000000   -153.000    -60.000   0.000000    1.000000   0.000000   0.000000   1.000000   4.000000 
   0.0000000000   -152.000    -60.000   0.000000    1.000000   0.000000   0.000000   1.000000   4.000000 
   0.0000000000   -151.000    -60.000   0.000000    1.000000   0.000000   0.000000   1.000000   4.000000 
   0.0000000000   -150.000    -60.000   0.000001    0.999999   0.000000   0.000000   1.000000   4.000000 
   0.0000000000   -149.000    -60.000   0.000001    0.999999   0.000000   0.000000   1.000000   4.000000 
   0.0000000000   -148.000    -60.000   0.000001    0.999999   0.000000   0.000000   1.000000   4.000000 
   0.0000000000   -147.000    -60.000   0.000001    0.999999   0.000000   0.000000   1.000000   4.000000 
   0.0000000000   -146.000    -60.000   0.000001    0.999999   0.000000   0.000000   1.000000   4.000000 
   0.0000000000   -145.000    -60.000   0.000002    0.999998   0.000000   0.000000   1.000000   3.999999 
   0.0000000000   -144.000    -60.000   0.000002    0.999998   0.000000   0.000000   1.000000   3.999999 
   0.0000000000   -143.000    -60.000   0.000002    0.999997   0.000000   0.000000   1.000000   3.999999 
   0.0000000000   -142.000    -60.000   0.000003    0.999997   0.000000   0.000000   1.000000   3.999999 
   0.0000000000   -141.000    -60.000   0.000004    0.999996   0.000000   0.000000   1.000000   3.999999 
   0.0000000000   -140.000    -60.000   0.000004    0.999995   0.000000   0.000000   1.000000   3.999998 
   0.0000000000   -139.000    -60.000   0.000005    0.999994   0.000000   0.000000   1.000000   3.999998 
   0.0000000000   -138.000    -60.000   0.000006    0.999993   0.000001   0.000000   0.999999   3.999998 
   0.0000000000   -137.000    -60.000   0.000007    0.999992   0.000001   0.000000   0.999999   3.999997 
   0.0000000000   -136.000    -60.000   0.000009    0.999990   0.000001   0.000000   0.999999   3.999997 
   0.0000000000   -135.000    -60.000   0.000011    0.999988   0.000001   0.000000   0.999999   3.999996 
   0.0000000000   -134.000    -60.000   0.000013    0.999986   0.000001   0.000000   0.999999   3.999995 
   0.0000000000   -133.000    -60.000   0.000015    0.999983   0.000001   0.000000   0.999999   3.999994 
   0.0000000000   -132.000    -60.000   0.000018    0.999980   0.000002   0.000000   0.999998   3.999993 
   0.0000000000   -131.000    -60.000   0.000021    0.999977   0.000002   0.000000   0.999998   3.999992 
   0.0000000000   -130.000    -60.000   0.000025    0.999972   0.000002   0.000000   0.999998   3.999991 
   0.0000000000   -129.000    -60.000   0.000030    0.999967   0.000003   0.000000   0.999997   3.999989 
   0.0000000000   -128.000    -60.000   0.000035    0.999962   0.000003   0.000000   0.999997   3.999987 
   0.0000000000   -127.000    -60.000   0.000041    0.999955   0.000004   0.000000   0.999996   3.999985 
   0.0000000000   -126.000    -60.000   0.000048    0.999947   0.000004   0.000000   0.999996   3.999982 
   0.0000000000   -125.000    -60.000   0.000057    0.999938   0.000005   0.000000   0.999995   3.999979 
   0.0000000000   -124.000    -60.000   0.000066    0.999928   0.000006   0.000000   0.999994   3.999976 
   0.0000000000   -123.000    -60.000   0.000077    0.999916   0.000007   0.000000   0.999993   3.999972 
   0.0000000000   -122.000    -60.000   0.000090    0.999902   0.000008   0.000000   0.999992   3.999967 
   0.0000000000   -121.000    -60.000   0.000104    0.999887   0.000009   0.000000   0.999991   3.999962 
   0.0000000000   -120.000    -60.000   0.000120    0.999869   0.000011   0.000000   0.999989   3.999956 
   0.0000000000   -119.000    -60.000   0.000139    0.999848   0.000013   0.000000   0.999987   3.999949 
   0.0000000000   -118.000    -60.000   0.000161    0.999825   0.000015   0.000000   0.999985   3.999942 
   0.0000000000   -117.000    -60.000   0.000185    0.999798   0.000017   0.000000   0.999983   3.999933 
   0.0000000000   -116.000    -60.000   0.000213    0.999768   0.000019   0.000000   0.999981   3.999922 
   0.0000000000   -115.000    -60.000   0.000245    0.999733   0.000022   0.000000   0.999978   3.999911 
   0.0000000000   -114.000    -60.000   0.000281    0.999694   0.000026   0.000000   0.999974   3.999898 
   0.0000000000   -113.000    -60.000   0.000321    0.999650   0.000029   0.000000   0.999971   3.999883 
   0.0000000000   -112.000    -60.000   0.000367    0.999600   0.000033   0.000000   0.999967   3.999867 
   0.0000000000   -111.000    -60.000   0.000419    0.999543   0.000038   0.000000   0.999962   3.999848 
   0.0000000000   -110.000    -60.000   0.000477    0.999480   0.000043   0.000000   0.999957   3.999827 
   0.0000000000   -109.000    -60.000   0.000542    0.999408   0.000049   0.000000   0.999951   3.999803 
   0.0000000000   -108.000    -60.000   0.000616    0.999328   0.000056   0.000000   0.999944   3.999776 
   0.0000000000   -107.000    -60.000   0.000699    0.999238   0.000064   0.000000   0.999936   3.999746 
   0.0000000000   -106.000    -60.000   0.000791    0.999137   0.000072   0.000000   0.999928   3.999712 
   0.0000000000   -105.000    -60.000   0.000895    0.999024   0.000081   0.000000   0.999919   3.999675 
   0.0000000000   -104.000    -60.000   0.001010    0.998898   0.000092   0.000000   0.999908   3.999632 
   0.0000000000   -103.000    -60.000   0.001139    0.998757   0.000104   0.000000   0.999896   3.999585 
   0.0000000000   -102.000    -60.000   0.001283    0.998600   0.000117   0.000000   0.999883   3.999533 
   0.0000000000   -101.000    -60.000   0.001443    0.998426   0.000131   0.000000   0.999869   3.999475 
   0.0000000000   -100.000    -60.000   0.001621    0.998232   0.000147   0.000000   0.999853   3.999410 
   0.0000000000    -99.000    -60.000   0.001818    0.998016   0.000165   0.000000   0.999835   3.999338 
   0.0000000000    -98.000    -60.000   0.002037    0.997777   0.000185   0.000000   0.999815   3.999259 
   0.0000000000    -97.000    -60.000   0.002280    0.997513   0.000207   0.000000   0.999793   3.999170 
   0.0000000000    -96.000    -60.000   0.002548    0.997220   0.000232   0.000000   0.999768   3.999073 
   0.0000000000    -95.000    -60.000   0.002844    0.996897   0.000259   0.000000   0.999741   3.998965 
   0.0000000000    -94.000    -60.000   0.003171    0.996541   0.000289   0.000000   0.999711   3.998846 
   0.0000000000    -93.000    -60.000   0.003531    0.996147   0.000321   0.000000   0.999679   3.998715 
   0.0000000000    -92.000    -60.000   0.003928    0.995714   0.000358   0.000000   0.999642   3.998570 
   0.0000000000    -91.000    -60.000   0.004364    0.995238   0.000397   0.000000   0.999603   3.998411 
   0.0000000000    -90.000    -60.000   0.004844    0.994715   0.000441   0.000000   0.999559   3.998236 
   0.0000000000    -89.000    -60.000   0.005370    0.994141   0.000489   0.000000   0.999511   3.998044 
   0.0000000000    -88.000    -60.000   0.005947    0.993511   0.000541   0.000000   0.999459   3.997834 
   0.0000000000    -87.000    -60.000   0.006579    0.992822   0.000599   0.000000   0.999401   3.997604 
   0.0000000000    -86.000    -60.000   0.007271    0.992067   0.000662   0.000000   0.999338   3.997352 
   0.0000000000    -85.000    -60.000   0.008026    0.991243   0.000731   0.000000   0.999269   3.997076 
   0.0000000000    -84.000    -60.000   0.008851    0.990343   0.000806   0.000000   0.999194   3.996775 
   0.0000000000    -83.000    -60.000   0.009751    0.989361   0.000888   0.000000   0.999112   3.996447 
   0.0000000000    -82.000    -60.000   0.010732    0.988291   0.000978   0.000000   0.999022   3.996089 
   0.0000000000    -81.000    -60.000   0.011799    0.987126   0.001075   0.000000   0.998925   3.995699 
   0.0000000000    -80.000    -60.000   0.012960    0.985859   0.001181   0.000000   0.998819   3.995276 
   0.0000000000    -79.000    -60.000   0.014221    0.984483   0.001296   0.000000   0.998704   3.994815 
   0.0000000000    -78.000    -60.000   0.015590    0.982989   0.001421   0.000000   0.998579   3.994315 
   0.0000000000    -77.000    -60.000   0.017074    0.981370   0.001557   0.000000   0.998443   3.993773 
   0.0000000000    -76.000    -60.000   0.018681    0.979615   0.001704   0.000000   0.998296   3.993185 
   0.0000000000    -75.000    -60.000   0.020421    0.977717   0.001863   0.000000   0.998137   3.992549 
   0.0000000000    -74.000    -60.000   0.022302    0.975664   0.002035   0.000000   0.997965   3.991862 
   0.0000000000    -73.000    -60.000   0.024333    0.973447   0.002220   0.000000   0.997780   3.991118 
   0.0000000000    -72.000    -60.000   0.026525    0.971054   0.002421   0.000000   0.997579   3.990316 
   0.0000000000    -71.000    -60.000   0.028887    0.968476   0.002637   0.000000   0.997363   3.989451 
   0.0000000000    -70.000    -60.000   0.031431    0.965698   0.002870   0.000000   0.997130   3.988520 
   0.0000000000    -69.000    -60.000   0.034168    0.962711   0.003121   0.000000   0.996879   3.987517 
   0.0000000000    -68.000    -60.000   0.037110    0.959500   0.003390   0.000000   0.996610   3.986439 
   0.0000000000    -67.000    -60.000   0.040268    0.956052   0.003680   0.000000   0.996320   3.985281 
   0.0000000000    -66.000    -60.000   0.043655    0.952355   0.003990   0.000000   0.996010   3.984039 
   0.0000000000    -65.000    -60.000   0.047283    0.948393   0.004323   0.000000   0.995677   3.982707 
   0.0000000000    -64.000    -60.000   0.051167    0.944154   0.004680   0.000000   0.995320   3.981281 
   0.0000000000    -63.000    -60.000   0.055318    0.939621   0.005061   0.000000   0.994939   3.979756 
   0.0000000000    -62.000    -60.000   0.059751    0.934780   0.005468   0.000000   0.994532   3.978126 
   0.0000000000    -61.000    -60.000   0.064480    0.929616   0.005903   0.000000   0.994097   3.976387 
   0.0000000000    -60.000    -60.000   0.069519    0.924115   0.006367   0.000000   0.993633   3.974533 
   0.0000000000    -59.000    -60.000   0.074880    0.918259   0.006860   0.000000   0.993140   3.972559 
   0.0000000000    -58.000    -60.000   0.080579    0.912036   0.007385   0.000000   0.992615   3.970460 
   0.0000000000    -57.000    -60.000   0.086629    0.905428   0.007942   0.000000   0.992057   3.968230 
   0.0000000000    -56.000    -60.000   0.093043    0.898423   0.008534   0.000000   0.991466   3.965864 
   0.0000000000    -55.000    -60.000   0.099834    0.891005   0.009161   0.000000   0.990839   3.963357 
   0.0000000000    -54.000    -60.000   0.107015    0.883161   0.009824   0.000000   0.990176   3.960704 
   0.0000000000    -53.000    -60.000   0.114596    0.874879   0.010524   0.000000   0.989475   3.957902 
   0.0000000000    -52.000    -60.000   0.122589    0.866147   0.011263   0.000000   0.988736   3.954945 
   0.0000000000    -51.000    -60.000   0.131004    0.856953   0.012042   0.000000   0.987957   3.951830 
   0.0000000000    -50.000    -60.000   0.139848    0.847290   0.012861   0.000000   0.987138   3.948553 
   0.0000000000    -49.000    -60.000   0.149129    0.837149   0.013722   0.000000   0.986278   3.945111 
   0.0000000000    -48.000    -60.000   0.158851    0.826525   0.014624   0.000001   0.985376   3.941503 
   0.0000000000    -47.000    -60.000   0.169018    0.815414   0.015568   0.000001   0.984432   3.937726 
   0.0000000000    -46.000    -60.000   0.179630    0.803815   0.016554   0.000001   0.983445   3.933780 
   0.0000000000    -45.000    -60.000   0.190687    0.791730   0.017583   0.000001   0.982416   3.929665 
   0.0000000000    -44.000    -60.000   0.202183    0.779162   0.018654   0.000001   0.981346   3.925382 
   0.0000000000    -43.000    -60.000   0.214114    0.766119   0.019766   0.000001   0.980233   3.920933 
   0.0000000000    -42.000    -60.000   0.226468    0.752612   0.020919   0.000001   0.979080   3.916320 
   0.0000000000    -41.000    -60.000   0.239234    0.738654   0.022112   0.000001   0.977887   3.911549 
   0.0000000000    -40.000    -60.000   0.252393    0.724263   0.023343   0.000001   0.976656   3.906625 
   0.0000000000    -39.000    -60.000   0.265928    0.709461   0.024610   0.000001   0.975388   3.901554 
   0.0000000000    -38.000    -60.000   0.279815    0.694271   0.025913   0.000001   0.974086   3.896344 
   0.0000000000    -37.000    -60.000   0.294028    0.678723   0.027247   0.000002   0.972751   3.891005 
   0.0000000000    -36.000    -60.000   0.308539    0.662848   0.028612   0.000002   0.971387   3.885547 
   0.0000000000    -35.000    -60.000   0.323314    0.646682   0.030003   0.000002   0.969995   3.879981 
   0.0000000000    -34.000    -60.000   0.338318    0.630261   0.031418   0.000002   0.968580   3.874320 
   0.0000000000    -33.000    -60.000   0.353515    0.613629   0.032854   0.000002   0.967144   3.868577 
   0.0000000000    -32.000    -60.000   0.368865    0.596827   0.034306   0.000002   0.965692   3.862766 
   0.0000000000    -31.000    -60.000   0.384326    0.579900   0.035772   0.000003   0.964226   3.856903 
   0.0000000000    -30.000    -60.000   0.399858    0.562892   0.037247   0.000003   0.962750   3.851002 
   0.0000000000    -29.000    -60.000   0.415415    0.545855   0.038727   0.000003   0.961270   3.845079 
   0.0000000000    -28.000    -60.000   0.430954    0.528833   0.040209   0.000003   0.959788   3.839150 
   0.0000000000    -27.000    -60.000   0.446435    0.511873   0.041689   0.000004   0.958308   3.833230 
   0.0000000000    -26.000    -60.000   0.461814    0.495019   0.043162   0.000004   0.956834   3.827335 
   0.0000000000    -25.000    -60.000   0.477053    0.478316   0.044626   0.000004   0.955369   3.821478 
   0.0000000000    -24.000    -60.000   0.492114    0.461804   0.046077   0.000005   0.953918   3.815673 
   0.0000000000    -23.000    -60.000   0.506960    0.445523   0.047512   0.000005   0.952483   3.809934 
   0.0000000000    -22.000    -60.000   0.521560    0.429508   0.048927   0.000005   0.951068   3.804272 
   0.0000000000    -21.000    -60.000   0.535884    0.413791   0.050320   0.000006   0.949675   3.798698 
   0.0000000000    -20.000    -60.000   0.549905    0.398401   0.051688   0.000006   0.948305   3.793222 
   0.0000000000    -19.000    -60.000   0.563600    0.383363   0.053031   0.000006   0.946963   3.787852 
   0.0000000000    -18.000    -60.000   0.576950    0.368698   0.054344   0.000007   0.945649   3.782595 
   0.0000000000    -17.000    -60.000   0.589940    0.354425   0.055628   0.000007   0.944364   3.777457 
   0.0000000000    -16.000    -60.000   0.602554    0.340556   0.056882   0.000008   0.943111   3.772442 
   0.0000000000    -15.000    -60.000   0.614785    0.327104   0.058103   0.000008   0.941889   3.767555 
   0.0000000000    -14.000    -60.000   0.626625    0.314074   0.059292   0.000009   0.940699   3.762798 
   0.0000000000    -13.000    -60.000   0.638070    0.301473   0.060448   0.000009   0.939543   3.758171 
   0.0000000000    -12.000    -60.000   0.649118    0.289301   0.061571   0.000010   0.938419   3.753676 
   0.0000000000    -11.000    -60.000   0.659770    0.277558   0.062662   0.000010   0.937328   3.749312 
   0.0000000000    -10.000    -60.000   0.670028    0.266242   0.063720   0.000011   0.936270   3.745078 
   0.0000000000     -9.000    -60.000   0.679897    0.255346   0.064745   0.000011   0.935243   3.740973 
   0.0000000000     -8.000    -60.000   0.689382    0.244866   0.065740   0.000012   0.934248   3.736993 
   0.0000000000     -7.000    -60.000   0.698492    0.234793   0.066703   0.000013   0.933284   3.733137 
   0.0000000000     -6.000    -60.000   0.707233    0.225118   0.067637   0.000013   0.932350   3.729401 
   0.0000000000     -5.000    -60.000   0.715614    0.215831   0.068541   0.000014   0.931445   3.725781 
   0.0000000000     -4.000    -60.000   0.723646    0.206922   0.069417   0.000014   0.930569   3.722275 
   0.0000000000     -3.000    -60.000   0.731339    0.198380   0.070266   0.000015   0.929719   3.718877 
   0.0000000000     -2.000    -60.000   0.738703    0.190193   0.071088   0.000016   0.928896   3.715583 
   0.0000000000     -1.000    -60.000   0.745748    0.182349   0.071886   0.000016   0.928098   3.712391 
   0.0000000000      0.000    -60.000   0.752487    0.174837   0.072659   0.000017   0.927324   3.709294 
   0.0000000000      1.000    -60.000   0.758929    0.167643   0.073410   0.000018   0.926572   3.706290 
   0.0000000000      2.000    -60.000   0.765087    0.160757   0.074138   0.000018   0.925843   3.703373 
   0.0000000000      3.000    -60.000   0.770970    0.154165   0.074846   0.000019   0.925135   3.700540 
   0.0000000000      4.000    -60.000   0.776589    0.147858   0.075533   0.000020   0.924447   3.697786 
   0.0000000000      5.000    -60.000   0.781955    0.141822   0.076202   0.000021   0.923777   3.695108 
   0.0000000000      6.000    -60.000   0.787078    0.136047   0.076854   0.000021   0.923125   3.692500 
   0.0000000000      7.000    -60.000   0.791968    0.130522   0.077488   0.000022   0.922490   3.689960 
   0.0000000000      8.000    -60.000   0.796635    0.125236   0.078106   0.000023   0.921871   3.687482 
   0.0000000000      9.000    -60.000   0.801087    0.120179   0.078710   0.000024   0.921266   3.685065 
   0.0000000000     10.000    -60.000   0.805335    0.115341   0.079299   0.000025   0.920676   3.682703 
   0.0000000000     11.000    -60.000   0.809387    0.110712   0.079876   0.000026   0.920098   3.680394 
   0.0000000000     12.000    -60.000   0.813251    0.106283   0.080440   0.000026   0.919533   3.678134 
   0.0000000000     13.000    -60.000   0.816935    0.102045   0.080993   0.000027   0.918980   3.675919 
   0.0000000000     14.000    -60.000   0.820447    0.097989   0.081535   0.000028   0.918437   3.673747 
   0.0000000000     15.000    -60.000   0.823795    0.094109   0.082067   0.000029   0.917904   3.671615 
   0.0000000000     16.000    -60.000   0.826985    0.090394   0.082590   0.000030   0.917380   3.669519 
   0.0000000000     17.000    -60.000   0.830025    0.086839   0.083105   0.000031   0.916864   3.667456 
   0.0000000000     18.000    -60.000   0.832921    0.083435   0.083612   0.000032   0.916356   3.665425 
   0.0000000000     19.000    -60.000   0.835679    0.080177   0.084112   0.000033   0.915855   3.663422 
   0.0000000000     20.000    -60.000   0.838305    0.077056   0.084605   0.000034   0.915361   3.661444 
   0.0000000000     21.000    -60.000   0.840804    0.074068   0.085092   0.000035   0.914873   3.659490 
   0.0000000000     22.000    -60.000   0.843183    0.071206   0.085575   0.000036   0.914389   3.657557 
   0.0000000000     23.000    -60.000   0.845446    0.068465   0.086052   0.000037   0.913911   3.655642 
   0.0000000000     24.000    -60.000   0.847598    0.065838   0.086526   0.000038   0.913436   3.653744 
   0.0000000000     25.000    -60.000   0.849644    0.063321   0.086995   0.000039   0.912965   3.651860 
   0.0000000000     26.000    -60.000   0.851588    0.060909   0.087462   0.000041   0.912497   3.649989 
   0.0000000000     27.000    -60.000   0.853435    0.058597   0.087926   0.000042   0.912032   3.648128 
   0.0000000000     28.000    -60.000   0.855188    0.056381   0.088388   0.000043   0.911569   3.646275 
   0.0000000000     29.000    -60.000   0.856852    0.054255   0.088849   0.000044   0.911107   3.644429 
   0.0000000000     30.000    -60.000   0.858430    0.052217   0.089308   0.000045   0.910647   3.642588 
   0.0000000000     31.000    -60.000   0.859925    0.050263   0.089766   0.000047   0.910188   3.640750 
   0.0000000000     32.000    -60.000   0.861341    0.048388   0.090224   0.000048   0.909729   3.638914 
   0.0000000000     33.000    -60.000   0.862681    0.046589   0.090681   0.000049   0.909269   3.637078 
   0.0000000000     34.000    -60.000   0.863948    0.044862   0.091140   0.000050   0.908810   3.635240 
   0.0000000000     35.000    -60.000   0.865144    0.043206   0.091598   0.000052   0.908350   3.633399 
   0.0000000000     36.000    -60.000   0.866273    0.041615   0.092058   0.000053   0.907888   3.631554 
   0.0000000000     37.000    -60.000   0.867337    0.040088   0.092520   0.000055   0.907426   3.629702 
   0.0000000000     38.000    -60.000   0.868339    0.038622   0.092983   0.000056   0.906961   3.627844 
   0.0000000000     39.000    -60.000   0.869280    0.037214   0.093448   0.000057   0.906494   3.625976 
   0.0000000000     40.000    -60.000   0.870163    0.035862   0.093916   0.000059   0.906025   3.624099 
   0.0000000000     41.000    -60.000   0.870990    0.034562   0.094387   0.000060   0.905553   3.622211 
   0.0000000000     42.000    -60.000   0.871763    0.033314   0.094860   0.000062   0.905078   3.620310 
   0.0000000000     43.000    -60.000   0.872485    0.032114   0.095337   0.000064   0.904599   3.618396 
   0.0000000000     44.000    -60.000   0.873155    0.030961   0.095818   0.000065   0.904117   3.616467 
   0.0000000000     45.000    -60.000   0.873778    0.029853   0.096303   0.000067   0.903631   3.614522 
   0.0000000000     46.000    -60.000   0.874353    0.028787   0.096791   0.000069   0.903140   3.612560 
   0.0000000000     47.000    -60.000   0.874883    0.027762   0.097285   0.000070   0.902645   3.610580 
   0.0000000000     48.000    -60.000   0.875369    0.026777   0.097783   0.000072   0.902145   3.608581 
   0.0000000000     49.000    -60.000   0.875812    0.025829   0.098286   0.000074   0.901640   3.606562 
   0.0000000000     50.000    -60.000   0.876214    0.024916   0.098794   0.000076   0.901130   3.604521 
   0.0000000000     51.000    -60.000   0.876576    0.024039   0.099308   0.000077   0.900614   3.602458 
   0.0000000000     52.000    -60.000   0.876899    0.023194   0.099828   0.000079   0.900093   3.600372 
   0.0000000000     53.000    -60.000   0.877184    0.022381   0.100354   0.000081   0.899565   3.598261 
   0.0000000000     54.000    -60.000   0.877433    0.021599   0.100886   0.000083   0.899031   3.596125 
   0.0000000000     55.000    -60.000   0.877645    0.020845   0.101424   0.000085   0.898491   3.593963 
   0.0000000000     56.000    -60.000   0.877824    0.020120   0.101969   0.000087   0.897944   3.591774 
   0.0000000000     57.000    -60.000   0.877968    0.019421   0.102522   0.000089   0.897389   3.589557 
   0.0000000000     58.000    -60.000   0.878079    0.018748   0.103081   0.000091   0.896828   3.587311 
   0.0000000000     59.000    -60.000   0.878159    0.018100   0.103648   0.000094   0.896259   3.585034 
   0.0000000000     60.000    -60.000   0.878207    0.017475   0.104222   0.000096   0.895682   3.582727 
   0.0000000000     61.000    -60.000   0.878224    0.016873   0.104805   0.000098   0.895097   3.580388 
   0.0000000000     62.000    -60.000   0.878211    0.016293   0.105396   0.000100   0.894504   3.578017 
   0.0000000000     63.000    -60.000   0.878169    0.015734   0.105994   0.000103   0.893903   3.575612 
   0.0000000000     64.000    -60.000   0.878098    0.015195   0.106602   0.000105   0.893293   3.573172 
   0.0000000000     65.000    -60.000   0.877999    0.014676   0.107218   0.000107   0.892674   3.570697 
   0.0000000000     66.000    -60.000   0.877872    0.014175   0.107844   0.000110   0.892047   3.568186 
   0.0000000000     67.000    -60.000   0.877718    0.013691   0.108478   0.000112   0.891409   3.565638 
   0.0000000000     68.000    -60.000   0.877538    0.013225   0.109122   0.000115   0.890763   3.563052 
   0.0000000000     69.000    -60.000   0.877331    0.012776   0.109776   0.000118   0.890107   3.560427 
   0.0000000000     70.000    -60.000   0.877098    0.012342   0.110439   0.000120   0.889440   3.557762 
   0.0000000000     71.000    -60.000   0.876841    0.011923   0.111113   0.000123   0.888764   3.555056 
   0.0000000000     72.000    -60.000   0.876558    0.011520   0.111797   0.000126   0.888077   3.552310 
   0.0000000000     73.000    -60.000   0.876250    0.011130   0.112491   0.000129   0.887380   3.549520 
   0.0000000000     74.000    -60.000   0.875918    0.010754   0.113196   0.000132   0.886672   3.546688 
   0.0000000000     75.000    -60.000   0.875562    0.010391   0.113912   0.000135   0.885953   3.543812 
   0.0000000000     76.000    -60.000   0.875182    0.010040   0.114640   0.000138   0.885223   3.540890 
   0.0000000000     77.000    -60.000   0.874779    0.009702   0.115378   0.000141   0.884481   3.537923 
   0.0000000000     78.000    -60.000   0.874353    0.009375   0.116129   0.000144   0.883727   3.534909 
   0.0000000000     79.000    -60.000   0.873903    0.009059   0.116891   0.000147   0.882962   3.531848 
   0.0000000000     80.000    -60.000   0.873430    0.008754   0.117665   0.000151   0.882184   3.528738 
   0.0000000000     81.000    -60.000   0.872935    0.008460   0.118451   0.000154   0.881395   3.525579 
   0.0000000000     82.000    -60.000   0.872417    0.008175   0.119250   0.000158   0.880592   3.522369 
   0.0000000000     83.000    -60.000   0.871877    0.007900   0.120062   0.000161   0.879777   3.519109 
   0.0000000000     84.000    -60.000   0.871314    0.007635   0.120886   0.000165   0.878949   3.515797 
   0.0000000000     85.000    -60.000   0.870730    0.007378   0.121724   0.000168   0.878108   3.512431 
   0.0000000000     86.000    -60.000   0.870123    0.007130   0.122575   0.000172   0.877253   3.509013 
   0.0000000000     87.000    -60.000   0.869494    0.006891   0.123439   0.000176   0.876385   3.505539 
   0.0000000000     88.000    -60.000   0.868844    0.006659   0.124318   0.000180   0.875503   3.502010 
   0.0000000000     89.000    -60.000   0.868171    0.006435   0.125210   0.000184   0.874606   3.498425 
   0.0000000000     90.000    -60.000   0.867477    0.006218   0.126117   0.000188   0.873696   3.494782 
   0.0000000000     91.000    -60.000   0.866761    0.006009   0.127038   0.000192   0.872770   3.491081 
   0.0000000000     92.000    -60.000   0.866024    0.005807   0.127973   0.000196   0.871830   3.487322 
   0.0000000000     93.000    -60.000   0.865264    0.005611   0.128924   0.000201   0.870875   3.483502 
   0.0000000000     94.000    -60.000   0.864483    0.005422   0.129890   0.000205   0.869905   3.479621 
   0.0000000000     95.000    -60.000   0.863681    0.005239   0.130870   0.000210   0.868920   3.475680 
   0.0000000000     96.000    -60.000   0.862857    0.005062   0.131867   0.000214   0.867919   3.471675 
   0.0000000000     97.000    -60.000   0.862011    0.004891   0.132879   0.000219   0.866902   3.467606 
   0.0000000000     98.000    -60.000   0.861143    0.004725   0.133908   0.000224   0.865868   3.463473 
   0.0000000000     99.000    -60.000   0.860254    0.004565   0.134952   0.000229   0.864819   3.459275 
   0.0000000000    100.000    -60.000   0.859343    0.004410   0.136014   0.000234   0.863753   3.455010 
   0.0000000000    101.000    -60.000   0.858410    0.004260   0.137091   0.000239   0.862670   3.450679 
   0.0000000000    102.000    -60.000   0.857455    0.004115   0.138186   0.000244   0.861570   3.446279 
   0.0000000000    103.000    -60.000   0.856478    0.003975   0.139298   0.000250   0.860453   3.441811 
   0.0000000000    104.000    -60.000   0.855479    0.003839   0.140427   0.000255   0.859318   3.437272 
   0.0000000000    105.000    -60.000   0.854458    0.003707   0.141573   0.000261   0.858166   3.432663 
   0.0000000000    106.000    -60.000   0.853415    0.003580   0.142738   0.000267   0.856996   3.427983 
   0.0000000000    107.000    -60.000   0.852350    0.003457   0.143920   0.000272   0.855807   3.423230 
   0.0000000000    108.000    -60.000   0.851263    0.003338   0.145121   0.000278   0.854601   3.418404 
   0.0000000000    109.000    -60.000   0.850153    0.003223   0.146340   0.000285   0.853376   3.413504 
   0.0000000000    110.000    -60.000   0.849021    0.003111   0.147577   0.000291   0.852132   3.408528 
   0.0000000000    111.000    -60.000   0.847866    0.003004   0.148834   0.000297   0.850869   3.403477 
   0.0000000000    112.000    -60.000   0.846688    0.002899   0.150109   0.000304   0.849587   3.398350 
   0.0000000000    113.000    -60.000   0.845488    0.002798   0.151404   0.000310   0.848286   3.393145 
   0.0000000000    114.000    -60.000   0.844265    0.002700   0.152718   0.000317   0.846965   3.387861 
   0.0000000000    115.000    -60.000   0.843019    0.002606   0.154051   0.000324   0.845625   3.382499 
   0.0000000000    116.000    -60.000   0.841750    0.002514   0.155405   0.000331   0.844264   3.377057 
   0.0000000000    117.000    -60.000   0.840458    0.002425   0.156778   0.000339   0.842883   3.371534 
   0.0000000000    118.000    -60.000   0.839143    0.002340   0.158172   0.000346   0.841482   3.365930 
   0.0000000000    119.000    -60.000   0.837804    0.002257   0.159585   0.000354   0.840061   3.360244 
   0.0000000000    120.000    -60.000   0.836443    0.002176   0.161020   0.000361   0.838619   3.354475 
   0.0000000000    121.000    -60.000   0.835057    0.002099   0.162475   0.000369   0.837156   3.348623 
   0.0000000000    122.000    -60.000   0.833648    0.002023   0.163951   0.000377   0.835672   3.342687 
   0.0000000000    123.000    -60.000   0.832216    0.001951   0.165448   0.000386   0.834167   3.336666 
   0.0000000000    124.000    -60.000   0.830760    0.001880   0.166966   0.000394   0.832640   3.330560 
   0.0000000000    125.000    -60.000   0.829280    0.001812   0.168505   0.000403   0.831092   3.324368 
   0.0000000000    126.000    -60.000   0.827777    0.001746   0.170066   0.000412   0.829523   3.318091 
