#solute size.    Temp(C) Press(Mpa)        fHB          fS        fLJ         fO        xHB        nHB 
   0.0000000000   -173.000     50.000   0.000000    1.000000   0.000000   0.000000   1.000000   4.000000 
   0.0000000000   -172.000     50.000   0.000000    1.000000   0.000000   0.000000   1.000000   4.000000 
   0.0000000000   -171.000     50.000   0.000000    0.999999   0.000000   0.000000   1.000000   4.000000 
   0.0000000000   -170.000     50.000   0.000001    0.999999   0.000000   0.000000   1.000000   4.000000 
   0.0000000000   -169.000     50.000   0.000001    0.999999   0.000000   0.000000   1.000000   4.000000 
   0.0000000000   -168.000     50.000   0.000001    0.999999   0.000000   0.000000   1.000000   4.000000 
   0.0000000000   -167.000     50.000   0.000001    0.999999   0.000000   0.000000   1.000000   4.000000 
   0.0000000000   -166.000     50.000   0.000001    0.999998   0.000000   0.000000   1.000000   3.999999 
   0.0000000000   -165.000     50.000   0.000002    0.999998   0.000000   0.000000   1.000000   3.999999 
   0.0000000000   -164.000     50.000   0.000002    0.999998   0.000000   0.000000   1.000000   3.999999 
   0.0000000000   -163.000     50.000   0.000003    0.999997   0.000000   0.000000   1.000000   3.999999 
   0.0000000000   -162.000     50.000   0.000003    0.999996   0.000000   0.000000   1.000000   3.999999 
   0.0000000000   -161.000     50.000   0.000004    0.999995   0.000000   0.000000   1.000000   3.999998 
   0.0000000000   -160.000     50.000   0.000005    0.999994   0.000000   0.000000   1.000000   3.999998 
   0.0000000000   -159.000     50.000   0.000006    0.999993   0.000001   0.000000   0.999999   3.999998 
   0.0000000000   -158.000     50.000   0.000008    0.999992   0.000001   0.000000   0.999999   3.999997 
   0.0000000000   -157.000     50.000   0.000009    0.999990   0.000001   0.000000   0.999999   3.999997 
   0.0000000000   -156.000     50.000   0.000011    0.999988   0.000001   0.000000   0.999999   3.999996 
   0.0000000000   -155.000     50.000   0.000013    0.999985   0.000001   0.000000   0.999999   3.999995 
   0.0000000000   -154.000     50.000   0.000016    0.999982   0.000001   0.000000   0.999999   3.999994 
   0.0000000000   -153.000     50.000   0.000019    0.999979   0.000002   0.000000   0.999998   3.999993 
   0.0000000000   -152.000     50.000   0.000023    0.999975   0.000002   0.000000   0.999998   3.999992 
   0.0000000000   -151.000     50.000   0.000028    0.999970   0.000003   0.000000   0.999997   3.999990 
   0.0000000000   -150.000     50.000   0.000033    0.999964   0.000003   0.000000   0.999997   3.999988 
   0.0000000000   -149.000     50.000   0.000039    0.999957   0.000004   0.000000   0.999996   3.999986 
   0.0000000000   -148.000     50.000   0.000046    0.999950   0.000004   0.000000   0.999996   3.999983 
   0.0000000000   -147.000     50.000   0.000055    0.999940   0.000005   0.000000   0.999995   3.999980 
   0.0000000000   -146.000     50.000   0.000064    0.999930   0.000006   0.000000   0.999994   3.999977 
   0.0000000000   -145.000     50.000   0.000076    0.999917   0.000007   0.000000   0.999993   3.999972 
   0.0000000000   -144.000     50.000   0.000089    0.999903   0.000008   0.000000   0.999992   3.999968 
   0.0000000000   -143.000     50.000   0.000104    0.999887   0.000009   0.000000   0.999991   3.999962 
   0.0000000000   -142.000     50.000   0.000121    0.999868   0.000011   0.000000   0.999989   3.999956 
   0.0000000000   -141.000     50.000   0.000141    0.999846   0.000013   0.000000   0.999987   3.999949 
   0.0000000000   -140.000     50.000   0.000164    0.999821   0.000015   0.000000   0.999985   3.999940 
   0.0000000000   -139.000     50.000   0.000191    0.999792   0.000017   0.000000   0.999983   3.999931 
   0.0000000000   -138.000     50.000   0.000221    0.999759   0.000020   0.000000   0.999980   3.999920 
   0.0000000000   -137.000     50.000   0.000256    0.999721   0.000023   0.000000   0.999977   3.999907 
   0.0000000000   -136.000     50.000   0.000295    0.999678   0.000027   0.000000   0.999973   3.999893 
   0.0000000000   -135.000     50.000   0.000340    0.999629   0.000031   0.000000   0.999969   3.999876 
   0.0000000000   -134.000     50.000   0.000391    0.999573   0.000036   0.000000   0.999964   3.999858 
   0.0000000000   -133.000     50.000   0.000449    0.999510   0.000041   0.000000   0.999959   3.999837 
   0.0000000000   -132.000     50.000   0.000515    0.999439   0.000047   0.000000   0.999953   3.999813 
   0.0000000000   -131.000     50.000   0.000589    0.999358   0.000054   0.000000   0.999946   3.999786 
   0.0000000000   -130.000     50.000   0.000673    0.999266   0.000061   0.000000   0.999939   3.999755 
   0.0000000000   -129.000     50.000   0.000767    0.999163   0.000070   0.000000   0.999930   3.999721 
   0.0000000000   -128.000     50.000   0.000873    0.999047   0.000079   0.000000   0.999921   3.999682 
   0.0000000000   -127.000     50.000   0.000993    0.998917   0.000090   0.000000   0.999910   3.999639 
   0.0000000000   -126.000     50.000   0.001127    0.998770   0.000102   0.000000   0.999898   3.999590 
   0.0000000000   -125.000     50.000   0.001278    0.998606   0.000116   0.000000   0.999884   3.999535 
   0.0000000000   -124.000     50.000   0.001446    0.998423   0.000131   0.000000   0.999869   3.999474 
   0.0000000000   -123.000     50.000   0.001634    0.998217   0.000149   0.000000   0.999851   3.999406 
   0.0000000000   -122.000     50.000   0.001844    0.997988   0.000168   0.000000   0.999832   3.999329 
   0.0000000000   -121.000     50.000   0.002078    0.997733   0.000189   0.000000   0.999811   3.999244 
   0.0000000000   -120.000     50.000   0.002339    0.997449   0.000213   0.000000   0.999787   3.999149 
   0.0000000000   -119.000     50.000   0.002629    0.997132   0.000239   0.000000   0.999761   3.999044 
   0.0000000000   -118.000     50.000   0.002950    0.996781   0.000268   0.000000   0.999732   3.998927 
   0.0000000000   -117.000     50.000   0.003307    0.996392   0.000301   0.000000   0.999699   3.998797 
   0.0000000000   -116.000     50.000   0.003703    0.995960   0.000337   0.000000   0.999663   3.998653 
   0.0000000000   -115.000     50.000   0.004140    0.995483   0.000376   0.000000   0.999624   3.998494 
   0.0000000000   -114.000     50.000   0.004624    0.994956   0.000420   0.000000   0.999580   3.998318 
   0.0000000000   -113.000     50.000   0.005158    0.994373   0.000469   0.000000   0.999531   3.998124 
   0.0000000000   -112.000     50.000   0.005747    0.993731   0.000522   0.000000   0.999478   3.997910 
   0.0000000000   -111.000     50.000   0.006395    0.993023   0.000581   0.000000   0.999419   3.997674 
   0.0000000000   -110.000     50.000   0.007109    0.992245   0.000646   0.000000   0.999354   3.997415 
   0.0000000000   -109.000     50.000   0.007893    0.991389   0.000718   0.000000   0.999282   3.997129 
   0.0000000000   -108.000     50.000   0.008755    0.990449   0.000796   0.000000   0.999204   3.996816 
   0.0000000000   -107.000     50.000   0.009700    0.989418   0.000882   0.000000   0.999118   3.996472 
   0.0000000000   -106.000     50.000   0.010735    0.988289   0.000976   0.000000   0.999024   3.996096 
   0.0000000000   -105.000     50.000   0.011869    0.987052   0.001079   0.000000   0.998921   3.995683 
   0.0000000000   -104.000     50.000   0.013109    0.985699   0.001192   0.000000   0.998808   3.995232 
   0.0000000000   -103.000     50.000   0.014464    0.984221   0.001315   0.000000   0.998685   3.994739 
   0.0000000000   -102.000     50.000   0.015943    0.982608   0.001450   0.000000   0.998550   3.994202 
   0.0000000000   -101.000     50.000   0.017556    0.980848   0.001596   0.000000   0.998404   3.993615 
   0.0000000000   -100.000     50.000   0.019313    0.978931   0.001756   0.000000   0.998244   3.992975 
   0.0000000000    -99.000     50.000   0.021227    0.976843   0.001930   0.000000   0.998070   3.992279 
   0.0000000000    -98.000     50.000   0.023308    0.974573   0.002119   0.000000   0.997881   3.991522 
   0.0000000000    -97.000     50.000   0.025569    0.972106   0.002325   0.000000   0.997675   3.990699 
   0.0000000000    -96.000     50.000   0.028024    0.969427   0.002548   0.000000   0.997451   3.989806 
   0.0000000000    -95.000     50.000   0.030688    0.966521   0.002791   0.000000   0.997209   3.988837 
   0.0000000000    -94.000     50.000   0.033575    0.963372   0.003053   0.000000   0.996947   3.987786 
   0.0000000000    -93.000     50.000   0.036701    0.959961   0.003338   0.000000   0.996662   3.986649 
   0.0000000000    -92.000     50.000   0.040084    0.956270   0.003646   0.000000   0.996354   3.985418 
   0.0000000000    -91.000     50.000   0.043741    0.952281   0.003978   0.000000   0.996022   3.984087 
   0.0000000000    -90.000     50.000   0.047690    0.947972   0.004338   0.000000   0.995662   3.982649 
   0.0000000000    -89.000     50.000   0.051953    0.943322   0.004725   0.000000   0.995275   3.981098 
   0.0000000000    -88.000     50.000   0.056548    0.938308   0.005144   0.000000   0.994856   3.979425 
   0.0000000000    -87.000     50.000   0.061499    0.932907   0.005594   0.000000   0.994406   3.977623 
   0.0000000000    -86.000     50.000   0.066829    0.927092   0.006079   0.000000   0.993921   3.975683 
   0.0000000000    -85.000     50.000   0.072558    0.920841   0.006601   0.000000   0.993399   3.973597 
   0.0000000000    -84.000     50.000   0.078714    0.914125   0.007161   0.000000   0.992839   3.971356 
   0.0000000000    -83.000     50.000   0.085320    0.906918   0.007762   0.000000   0.992238   3.968950 
   0.0000000000    -82.000     50.000   0.092402    0.899190   0.008407   0.000000   0.991593   3.966371 
   0.0000000000    -81.000     50.000   0.099988    0.890914   0.009098   0.000000   0.990902   3.963608 
   0.0000000000    -80.000     50.000   0.108103    0.882060   0.009837   0.000000   0.990163   3.960652 
   0.0000000000    -79.000     50.000   0.116775    0.872598   0.010626   0.000000   0.989373   3.957493 
   0.0000000000    -78.000     50.000   0.126034    0.862496   0.011470   0.000000   0.988530   3.954120 
   0.0000000000    -77.000     50.000   0.135901    0.851730   0.012368   0.000000   0.987631   3.950525 
   0.0000000000    -76.000     50.000   0.146404    0.840270   0.013325   0.000001   0.986674   3.946698 
   0.0000000000    -75.000     50.000   0.157568    0.828090   0.014342   0.000001   0.985657   3.942629 
   0.0000000000    -74.000     50.000   0.169414    0.815164   0.015421   0.000001   0.984578   3.938311 
   0.0000000000    -73.000     50.000   0.181964    0.801471   0.016565   0.000001   0.983434   3.933737 
   0.0000000000    -72.000     50.000   0.195237    0.786987   0.017775   0.000001   0.982224   3.928897 
   0.0000000000    -71.000     50.000   0.209239    0.771709   0.019051   0.000001   0.980948   3.923792 
   0.0000000000    -70.000     50.000   0.223980    0.755624   0.020395   0.000001   0.979604   3.918416 
   0.0000000000    -69.000     50.000   0.239458    0.738734   0.021806   0.000001   0.978193   3.912771 
   0.0000000000    -68.000     50.000   0.255667    0.721047   0.023284   0.000001   0.976714   3.906858 
   0.0000000000    -67.000     50.000   0.272597    0.702573   0.024828   0.000002   0.975170   3.900680 
   0.0000000000    -66.000     50.000   0.290206    0.683357   0.026435   0.000002   0.973564   3.894254 
   0.0000000000    -65.000     50.000   0.308461    0.663437   0.028100   0.000002   0.971898   3.887592 
   0.0000000000    -64.000     50.000   0.327308    0.642870   0.029820   0.000002   0.970178   3.880711 
   0.0000000000    -63.000     50.000   0.346691    0.621717   0.031589   0.000003   0.968408   3.873634 
   0.0000000000    -62.000     50.000   0.366512    0.600087   0.033398   0.000003   0.966599   3.866395 
   0.0000000000    -61.000     50.000   0.386685    0.578072   0.035240   0.000003   0.964756   3.859026 
   0.0000000000    -60.000     50.000   0.407104    0.555787   0.037105   0.000004   0.962891   3.851564 
   0.0000000000    -59.000     50.000   0.427666    0.533346   0.038984   0.000004   0.961012   3.844049 
   0.0000000000    -58.000     50.000   0.448230    0.510903   0.040863   0.000005   0.959133   3.836530 
   0.0000000000    -57.000     50.000   0.468680    0.488583   0.042732   0.000005   0.957263   3.829051 
   0.0000000000    -56.000     50.000   0.488895    0.466519   0.044581   0.000006   0.955414   3.821654 
   0.0000000000    -55.000     50.000   0.508759    0.444837   0.046398   0.000006   0.953596   3.814383 
   0.0000000000    -54.000     50.000   0.528165    0.423654   0.048174   0.000007   0.951819   3.807276 
   0.0000000000    -53.000     50.000   0.547023    0.403069   0.049901   0.000007   0.950092   3.800366 
   0.0000000000    -52.000     50.000   0.565254    0.383166   0.051571   0.000008   0.948421   3.793682 
   0.0000000000    -51.000     50.000   0.582799    0.364012   0.053180   0.000009   0.946811   3.787245 
   0.0000000000    -50.000     50.000   0.599614    0.345654   0.054723   0.000009   0.945268   3.781072 
   0.0000000000    -49.000     50.000   0.615671    0.328122   0.056197   0.000010   0.943793   3.775171 
   0.0000000000    -48.000     50.000   0.630957    0.311430   0.057602   0.000011   0.942387   3.769549 
   0.0000000000    -47.000     50.000   0.645472    0.295579   0.058937   0.000012   0.941051   3.764204 
   0.0000000000    -46.000     50.000   0.659225    0.280559   0.060204   0.000013   0.939784   3.759135 
   0.0000000000    -45.000     50.000   0.672234    0.266349   0.061403   0.000013   0.938583   3.754333 
   0.0000000000    -44.000     50.000   0.684522    0.252925   0.062538   0.000014   0.937448   3.749791 
   0.0000000000    -43.000     50.000   0.696113    0.240262   0.063610   0.000015   0.936375   3.745499 
   0.0000000000    -42.000     50.000   0.707050    0.228310   0.064623   0.000016   0.935361   3.741443 
   0.0000000000    -41.000     50.000   0.717360    0.217043   0.065580   0.000017   0.934403   3.737612 
   0.0000000000    -40.000     50.000   0.727075    0.206423   0.066484   0.000018   0.933498   3.733994 
   0.0000000000    -39.000     50.000   0.736230    0.196414   0.067337   0.000019   0.932644   3.730576 
   0.0000000000    -38.000     50.000   0.744858    0.186979   0.068143   0.000020   0.931837   3.727347 
   0.0000000000    -37.000     50.000   0.752990    0.178084   0.068905   0.000021   0.931074   3.724296 
   0.0000000000    -36.000     50.000   0.760658    0.169695   0.069626   0.000022   0.930352   3.721409 
   0.0000000000    -35.000     50.000   0.767886    0.161784   0.070308   0.000023   0.929670   3.718679 
   0.0000000000    -34.000     50.000   0.774710    0.154313   0.070953   0.000024   0.929023   3.716093 
   0.0000000000    -33.000     50.000   0.781152    0.147258   0.071565   0.000025   0.928410   3.713641 
   0.0000000000    -32.000     50.000   0.787237    0.140592   0.072145   0.000026   0.927829   3.711316 
   0.0000000000    -31.000     50.000   0.792986    0.134291   0.072696   0.000027   0.927277   3.709108 
   0.0000000000    -30.000     50.000   0.798421    0.128331   0.073219   0.000028   0.926753   3.707011 
   0.0000000000    -29.000     50.000   0.803563    0.122691   0.073717   0.000029   0.926254   3.705016 
   0.0000000000    -28.000     50.000   0.808430    0.117350   0.074191   0.000030   0.925779   3.703117 
   0.0000000000    -27.000     50.000   0.813038    0.112289   0.074642   0.000031   0.925327   3.701308 
   0.0000000000    -26.000     50.000   0.817402    0.107494   0.075072   0.000032   0.924896   3.699583 
   0.0000000000    -25.000     50.000   0.821541    0.102943   0.075483   0.000033   0.924484   3.697934 
   0.0000000000    -24.000     50.000   0.825466    0.098623   0.075876   0.000035   0.924090   3.696359 
   0.0000000000    -23.000     50.000   0.829191    0.094522   0.076251   0.000036   0.923713   3.694852 
   0.0000000000    -22.000     50.000   0.832727    0.090625   0.076611   0.000037   0.923352   3.693408 
   0.0000000000    -21.000     50.000   0.836086    0.086920   0.076956   0.000038   0.923006   3.692024 
   0.0000000000    -20.000     50.000   0.839277    0.083397   0.077287   0.000039   0.922674   3.690695 
   0.0000000000    -19.000     50.000   0.842311    0.080044   0.077605   0.000041   0.922355   3.689418 
   0.0000000000    -18.000     50.000   0.845196    0.076851   0.077911   0.000042   0.922048   3.688190 
   0.0000000000    -17.000     50.000   0.847941    0.073811   0.078205   0.000043   0.921752   3.687007 
   0.0000000000    -16.000     50.000   0.850553    0.070913   0.078489   0.000044   0.921467   3.685866 
   0.0000000000    -15.000     50.000   0.853040    0.068151   0.078763   0.000046   0.921191   3.684765 
   0.0000000000    -14.000     50.000   0.855409    0.065516   0.079028   0.000047   0.920925   3.683701 
   0.0000000000    -13.000     50.000   0.857665    0.063003   0.079284   0.000048   0.920668   3.682671 
   0.0000000000    -12.000     50.000   0.859816    0.060602   0.079532   0.000050   0.920418   3.681673 
   0.0000000000    -11.000     50.000   0.861867    0.058310   0.079773   0.000051   0.920176   3.680705 
   0.0000000000    -10.000     50.000   0.863822    0.056119   0.080006   0.000052   0.919941   3.679766 
   0.0000000000     -9.000     50.000   0.865687    0.054026   0.080233   0.000054   0.919713   3.678852 
   0.0000000000     -8.000     50.000   0.867466    0.052024   0.080454   0.000055   0.919491   3.677962 
   0.0000000000     -7.000     50.000   0.869164    0.050110   0.080670   0.000057   0.919274   3.677095 
   0.0000000000     -6.000     50.000   0.870784    0.048278   0.080880   0.000058   0.919062   3.676249 
   0.0000000000     -5.000     50.000   0.872331    0.046524   0.081085   0.000060   0.918855   3.675422 
   0.0000000000     -4.000     50.000   0.873808    0.044845   0.081286   0.000061   0.918653   3.674613 
   0.0000000000     -3.000     50.000   0.875218    0.043237   0.081482   0.000063   0.918455   3.673820 
   0.0000000000     -2.000     50.000   0.876564    0.041697   0.081675   0.000064   0.918261   3.673043 
   0.0000000000     -1.000     50.000   0.877850    0.040220   0.081864   0.000066   0.918070   3.672279 
   0.0000000000      0.000     50.000   0.879078    0.038804   0.082050   0.000067   0.917882   3.671529 
   0.0000000000      1.000     50.000   0.880251    0.037446   0.082234   0.000069   0.917697   3.670790 
   0.0000000000      2.000     50.000   0.881372    0.036144   0.082414   0.000071   0.917515   3.670061 
   0.0000000000      3.000     50.000   0.882442    0.034894   0.082592   0.000072   0.917336   3.669342 
   0.0000000000      4.000     50.000   0.883464    0.033694   0.082768   0.000074   0.917158   3.668632 
   0.0000000000      5.000     50.000   0.884440    0.032542   0.082942   0.000076   0.916982   3.667929 
   0.0000000000      6.000     50.000   0.885373    0.031436   0.083114   0.000077   0.916808   3.667233 
   0.0000000000      7.000     50.000   0.886263    0.030373   0.083285   0.000079   0.916636   3.666543 
   0.0000000000      8.000     50.000   0.887113    0.029352   0.083454   0.000081   0.916465   3.665858 
   0.0000000000      9.000     50.000   0.887924    0.028370   0.083623   0.000083   0.916294   3.665178 
   0.0000000000     10.000     50.000   0.888699    0.027426   0.083790   0.000085   0.916125   3.664501 
   0.0000000000     11.000     50.000   0.889438    0.026519   0.083957   0.000086   0.915957   3.663826 
   0.0000000000     12.000     50.000   0.890142    0.025646   0.084123   0.000088   0.915788   3.663154 
   0.0000000000     13.000     50.000   0.890814    0.024806   0.084289   0.000090   0.915621   3.662483 
   0.0000000000     14.000     50.000   0.891455    0.023998   0.084455   0.000092   0.915453   3.661813 
   0.0000000000     15.000     50.000   0.892065    0.023220   0.084620   0.000094   0.915286   3.661143 
   0.0000000000     16.000     50.000   0.892646    0.022472   0.084786   0.000096   0.915118   3.660472 
   0.0000000000     17.000     50.000   0.893200    0.021750   0.084952   0.000098   0.914950   3.659801 
   0.0000000000     18.000     50.000   0.893726    0.021056   0.085118   0.000100   0.914782   3.659128 
   0.0000000000     19.000     50.000   0.894226    0.020387   0.085285   0.000102   0.914613   3.658453 
   0.0000000000     20.000     50.000   0.894702    0.019742   0.085452   0.000104   0.914444   3.657775 
   0.0000000000     21.000     50.000   0.895153    0.019121   0.085620   0.000106   0.914273   3.657093 
   0.0000000000     22.000     50.000   0.895580    0.018522   0.085790   0.000108   0.914102   3.656408 
   0.0000000000     23.000     50.000   0.895986    0.017944   0.085960   0.000111   0.913930   3.655719 
   0.0000000000     24.000     50.000   0.896369    0.017387   0.086131   0.000113   0.913756   3.655025 
   0.0000000000     25.000     50.000   0.896732    0.016850   0.086304   0.000115   0.913581   3.654326 
   0.0000000000     26.000     50.000   0.897074    0.016331   0.086478   0.000117   0.913405   3.653621 
   0.0000000000     27.000     50.000   0.897396    0.015831   0.086653   0.000119   0.913227   3.652910 
   0.0000000000     28.000     50.000   0.897700    0.015348   0.086830   0.000122   0.913048   3.652192 
   0.0000000000     29.000     50.000   0.897984    0.014882   0.087009   0.000124   0.912867   3.651468 
   0.0000000000     30.000     50.000   0.898251    0.014433   0.087190   0.000127   0.912684   3.650736 
   0.0000000000     31.000     50.000   0.898501    0.013998   0.087372   0.000129   0.912499   3.649996 
   0.0000000000     32.000     50.000   0.898734    0.013578   0.087557   0.000131   0.912312   3.649248 
   0.0000000000     33.000     50.000   0.898950    0.013173   0.087743   0.000134   0.912123   3.648492 
   0.0000000000     34.000     50.000   0.899150    0.012782   0.087932   0.000136   0.911931   3.647726 
   0.0000000000     35.000     50.000   0.899335    0.012403   0.088123   0.000139   0.911738   3.646951 
   0.0000000000     36.000     50.000   0.899504    0.012037   0.088317   0.000141   0.911542   3.646166 
   0.0000000000     37.000     50.000   0.899659    0.011684   0.088513   0.000144   0.911343   3.645371 
   0.0000000000     38.000     50.000   0.899800    0.011342   0.088712   0.000147   0.911141   3.644566 
   0.0000000000     39.000     50.000   0.899926    0.011011   0.088913   0.000149   0.910937   3.643750 
   0.0000000000     40.000     50.000   0.900039    0.010692   0.089117   0.000152   0.910731   3.642922 
   0.0000000000     41.000     50.000   0.900138    0.010383   0.089324   0.000155   0.910521   3.642083 
   0.0000000000     42.000     50.000   0.900225    0.010083   0.089534   0.000158   0.910308   3.641232 
   0.0000000000     43.000     50.000   0.900298    0.009794   0.089747   0.000161   0.910092   3.640368 
   0.0000000000     44.000     50.000   0.900359    0.009514   0.089964   0.000163   0.909873   3.639492 
   0.0000000000     45.000     50.000   0.900408    0.009243   0.090183   0.000166   0.909651   3.638603 
   0.0000000000     46.000     50.000   0.900445    0.008980   0.090406   0.000169   0.909425   3.637700 
   0.0000000000     47.000     50.000   0.900470    0.008726   0.090632   0.000172   0.909196   3.636784 
   0.0000000000     48.000     50.000   0.900483    0.008480   0.090861   0.000175   0.908963   3.635854 
   0.0000000000     49.000     50.000   0.900486    0.008242   0.091094   0.000178   0.908727   3.634909 
   0.0000000000     50.000     50.000   0.900477    0.008011   0.091331   0.000182   0.908487   3.633950 
   0.0000000000     51.000     50.000   0.900457    0.007787   0.091571   0.000185   0.908244   3.632975 
   0.0000000000     52.000     50.000   0.900426    0.007571   0.091816   0.000188   0.907996   3.631985 
   0.0000000000     53.000     50.000   0.900384    0.007361   0.092064   0.000191   0.907745   3.630980 
   0.0000000000     54.000     50.000   0.900332    0.007157   0.092316   0.000194   0.907490   3.629958 
   0.0000000000     55.000     50.000   0.900270    0.006960   0.092572   0.000198   0.907230   3.628920 
   0.0000000000     56.000     50.000   0.900198    0.006769   0.092832   0.000201   0.906966   3.627866 
   0.0000000000     57.000     50.000   0.900115    0.006583   0.093097   0.000205   0.906698   3.626794 
   0.0000000000     58.000     50.000   0.900023    0.006404   0.093366   0.000208   0.906426   3.625705 
   0.0000000000     59.000     50.000   0.899920    0.006229   0.093639   0.000212   0.906149   3.624598 
   0.0000000000     60.000     50.000   0.899808    0.006060   0.093917   0.000215   0.905868   3.623473 
   0.0000000000     61.000     50.000   0.899686    0.005896   0.094199   0.000219   0.905582   3.622330 
   0.0000000000     62.000     50.000   0.899555    0.005737   0.094486   0.000222   0.905292   3.621168 
   0.0000000000     63.000     50.000   0.899414    0.005583   0.094777   0.000226   0.904997   3.619987 
   0.0000000000     64.000     50.000   0.899264    0.005433   0.095073   0.000230   0.904697   3.618786 
   0.0000000000     65.000     50.000   0.899104    0.005287   0.095375   0.000234   0.904392   3.617566 
   0.0000000000     66.000     50.000   0.898935    0.005146   0.095681   0.000238   0.904081   3.616326 
   0.0000000000     67.000     50.000   0.898757    0.005009   0.095992   0.000242   0.903766   3.615065 
   0.0000000000     68.000     50.000   0.898570    0.004876   0.096308   0.000246   0.903446   3.613784 
   0.0000000000     69.000     50.000   0.898374    0.004747   0.096630   0.000250   0.903120   3.612482 
   0.0000000000     70.000     50.000   0.898168    0.004621   0.096957   0.000254   0.902789   3.611158 
   0.0000000000     71.000     50.000   0.897954    0.004499   0.097289   0.000258   0.902453   3.609812 
   0.0000000000     72.000     50.000   0.897730    0.004381   0.097627   0.000262   0.902111   3.608445 
   0.0000000000     73.000     50.000   0.897498    0.004266   0.097970   0.000267   0.901764   3.607055 
   0.0000000000     74.000     50.000   0.897256    0.004154   0.098319   0.000271   0.901410   3.605642 
   0.0000000000     75.000     50.000   0.897006    0.004045   0.098673   0.000275   0.901052   3.604206 
   0.0000000000     76.000     50.000   0.896747    0.003940   0.099034   0.000280   0.900687   3.602747 
   0.0000000000     77.000     50.000   0.896478    0.003837   0.099400   0.000284   0.900316   3.601263 
   0.0000000000     78.000     50.000   0.896201    0.003738   0.099772   0.000289   0.899939   3.599756 
   0.0000000000     79.000     50.000   0.895915    0.003641   0.100151   0.000294   0.899556   3.598224 
   0.0000000000     80.000     50.000   0.895620    0.003546   0.100535   0.000298   0.899167   3.596667 
   0.0000000000     81.000     50.000   0.895316    0.003455   0.100926   0.000303   0.898771   3.595085 
   0.0000000000     82.000     50.000   0.895003    0.003366   0.101323   0.000308   0.898369   3.593477 
   0.0000000000     83.000     50.000   0.894682    0.003279   0.101726   0.000313   0.897961   3.591843 
   0.0000000000     84.000     50.000   0.894351    0.003195   0.102137   0.000318   0.897546   3.590183 
   0.0000000000     85.000     50.000   0.894011    0.003113   0.102553   0.000323   0.897124   3.588496 
   0.0000000000     86.000     50.000   0.893662    0.003033   0.102977   0.000328   0.896695   3.586781 
   0.0000000000     87.000     50.000   0.893305    0.002955   0.103407   0.000333   0.896260   3.585040 
   0.0000000000     88.000     50.000   0.892938    0.002880   0.103844   0.000339   0.895818   3.583270 
   0.0000000000     89.000     50.000   0.892562    0.002806   0.104288   0.000344   0.895368   3.581473 
   0.0000000000     90.000     50.000   0.892177    0.002735   0.104739   0.000349   0.894912   3.579647 
   0.0000000000     91.000     50.000   0.891783    0.002665   0.105197   0.000355   0.894448   3.577791 
   0.0000000000     92.000     50.000   0.891379    0.002598   0.105663   0.000361   0.893977   3.575907 
   0.0000000000     93.000     50.000   0.890966    0.002532   0.106136   0.000366   0.893498   3.573992 
   0.0000000000     94.000     50.000   0.890544    0.002467   0.106616   0.000372   0.893012   3.572047 
   0.0000000000     95.000     50.000   0.890113    0.002405   0.107104   0.000378   0.892518   3.570072 
   0.0000000000     96.000     50.000   0.889672    0.002344   0.107600   0.000384   0.892016   3.568065 
   0.0000000000     97.000     50.000   0.889222    0.002285   0.108103   0.000390   0.891507   3.566028 
   0.0000000000     98.000     50.000   0.888763    0.002227   0.108615   0.000396   0.890989   3.563958 
   0.0000000000     99.000     50.000   0.888293    0.002171   0.109134   0.000402   0.890464   3.561856 
   0.0000000000    100.000     50.000   0.887814    0.002116   0.109661   0.000408   0.889930   3.559722 
   0.0000000000    101.000     50.000   0.887326    0.002063   0.110197   0.000415   0.889389   3.557554 
   0.0000000000    102.000     50.000   0.886828    0.002011   0.110740   0.000421   0.888838   3.555353 
   0.0000000000    103.000     50.000   0.886320    0.001960   0.111293   0.000428   0.888280   3.553118 
   0.0000000000    104.000     50.000   0.885802    0.001911   0.111853   0.000434   0.887712   3.550849 
   0.0000000000    105.000     50.000   0.885274    0.001863   0.112422   0.000441   0.887136   3.548545 
   0.0000000000    106.000     50.000   0.884736    0.001816   0.113000   0.000448   0.886552   3.546206 
   0.0000000000    107.000     50.000   0.884188    0.001770   0.113587   0.000455   0.885958   3.543831 
   0.0000000000    108.000     50.000   0.883630    0.001725   0.114183   0.000462   0.885355   3.541421 
   0.0000000000    109.000     50.000   0.883061    0.001682   0.114787   0.000469   0.884743   3.538973 
   0.0000000000    110.000     50.000   0.882483    0.001640   0.115401   0.000477   0.884122   3.536489 
   0.0000000000    111.000     50.000   0.881893    0.001599   0.116024   0.000484   0.883492   3.533968 
   0.0000000000    112.000     50.000   0.881294    0.001558   0.116656   0.000491   0.882852   3.531409 
   0.0000000000    113.000     50.000   0.880684    0.001519   0.117298   0.000499   0.882203   3.528811 
   0.0000000000    114.000     50.000   0.880063    0.001481   0.117949   0.000507   0.881544   3.526175 
   0.0000000000    115.000     50.000   0.879431    0.001444   0.118611   0.000515   0.880875   3.523500 
   0.0000000000    116.000     50.000   0.878789    0.001407   0.119281   0.000522   0.880196   3.520785 
   0.0000000000    117.000     50.000   0.878136    0.001372   0.119962   0.000531   0.879507   3.518030 
   0.0000000000    118.000     50.000   0.877471    0.001337   0.120653   0.000539   0.878809   3.515234 
   0.0000000000    119.000     50.000   0.876796    0.001304   0.121353   0.000547   0.878100   3.512398 
   0.0000000000    120.000     50.000   0.876109    0.001271   0.122065   0.000555   0.877380   3.509520 
   0.0000000000    121.000     50.000   0.875411    0.001239   0.122786   0.000564   0.876650   3.506600 
   0.0000000000    122.000     50.000   0.874702    0.001207   0.123518   0.000573   0.875910   3.503638 
   0.0000000000    123.000     50.000   0.873982    0.001177   0.124260   0.000581   0.875158   3.500633 
   0.0000000000    124.000     50.000   0.873249    0.001147   0.125013   0.000590   0.874396   3.497585 
   0.0000000000    125.000     50.000   0.872505    0.001118   0.125777   0.000599   0.873623   3.494493 
   0.0000000000    126.000     50.000   0.871750    0.001090   0.126552   0.000609   0.872839   3.491357 
