#solute size.    Temp(C) Press(Mpa)        fHB          fS        fLJ         fO        xHB        nHB 
   0.0000000000   -173.000    200.000   0.001493    0.998371   0.000136   0.000000   0.999864   3.999457 
   0.0000000000   -172.000    200.000   0.001719    0.998124   0.000156   0.000000   0.999844   3.999375 
   0.0000000000   -171.000    200.000   0.001976    0.997845   0.000180   0.000000   0.999820   3.999282 
   0.0000000000   -170.000    200.000   0.002265    0.997529   0.000206   0.000000   0.999794   3.999176 
   0.0000000000   -169.000    200.000   0.002592    0.997172   0.000236   0.000000   0.999764   3.999057 
   0.0000000000   -168.000    200.000   0.002961    0.996770   0.000269   0.000000   0.999731   3.998923 
   0.0000000000   -167.000    200.000   0.003376    0.996318   0.000307   0.000000   0.999693   3.998773 
   0.0000000000   -166.000    200.000   0.003841    0.995809   0.000349   0.000000   0.999651   3.998603 
   0.0000000000   -165.000    200.000   0.004364    0.995239   0.000397   0.000000   0.999603   3.998413 
   0.0000000000   -164.000    200.000   0.004949    0.994601   0.000450   0.000000   0.999550   3.998200 
   0.0000000000   -163.000    200.000   0.005604    0.993887   0.000509   0.000000   0.999491   3.997962 
   0.0000000000   -162.000    200.000   0.006336    0.993088   0.000576   0.000000   0.999424   3.997696 
   0.0000000000   -161.000    200.000   0.007153    0.992197   0.000650   0.000000   0.999350   3.997399 
   0.0000000000   -160.000    200.000   0.008063    0.991204   0.000733   0.000000   0.999267   3.997068 
   0.0000000000   -159.000    200.000   0.009078    0.990097   0.000825   0.000000   0.999175   3.996699 
   0.0000000000   -158.000    200.000   0.010207    0.988865   0.000928   0.000000   0.999072   3.996288 
   0.0000000000   -157.000    200.000   0.011463    0.987495   0.001042   0.000000   0.998958   3.995832 
   0.0000000000   -156.000    200.000   0.012859    0.985972   0.001169   0.000000   0.998831   3.995324 
   0.0000000000   -155.000    200.000   0.014409    0.984281   0.001310   0.000000   0.998690   3.994760 
   0.0000000000   -154.000    200.000   0.016130    0.982404   0.001466   0.000000   0.998534   3.994135 
   0.0000000000   -153.000    200.000   0.018039    0.980321   0.001640   0.000000   0.998360   3.993440 
   0.0000000000   -152.000    200.000   0.020157    0.978010   0.001832   0.000000   0.998168   3.992670 
   0.0000000000   -151.000    200.000   0.022508    0.975446   0.002046   0.000000   0.997954   3.991815 
   0.0000000000   -150.000    200.000   0.025114    0.972603   0.002283   0.000000   0.997717   3.990868 
   0.0000000000   -149.000    200.000   0.028005    0.969450   0.002546   0.000000   0.997454   3.989817 
   0.0000000000   -148.000    200.000   0.031212    0.965951   0.002837   0.000000   0.997163   3.988650 
   0.0000000000   -147.000    200.000   0.034771    0.962068   0.003161   0.000000   0.996839   3.987356 
   0.0000000000   -146.000    200.000   0.038725    0.957754   0.003520   0.000000   0.996480   3.985918 
   0.0000000000   -145.000    200.000   0.043121    0.952959   0.003920   0.000000   0.996080   3.984320 
   0.0000000000   -144.000    200.000   0.048019    0.947616   0.004365   0.000000   0.995635   3.982539 
   0.0000000000   -143.000    200.000   0.053475    0.941663   0.004861   0.000000   0.995139   3.980554 
   0.0000000000   -142.000    200.000   0.059570    0.935014   0.005415   0.000000   0.994585   3.978338 
   0.0000000000   -141.000    200.000   0.066401    0.927562   0.006036   0.000000   0.993963   3.975854 
   0.0000000000   -140.000    200.000   0.074071    0.919196   0.006734   0.000000   0.993266   3.973065 
   0.0000000000   -139.000    200.000   0.082719    0.909762   0.007520   0.000000   0.992480   3.969920 
   0.0000000000   -138.000    200.000   0.092532    0.899056   0.008412   0.000000   0.991588   3.966352 
   0.0000000000   -137.000    200.000   0.103716    0.886855   0.009429   0.000000   0.990571   3.962285 
   0.0000000000   -136.000    200.000   0.116603    0.872797   0.010600   0.000000   0.989400   3.957599 
   0.0000000000   -135.000    200.000   0.131608    0.856427   0.011964   0.000000   0.988036   3.952142 
   0.0000000000   -134.000    200.000   0.149396    0.837023   0.013581   0.000000   0.986419   3.945674 
   0.0000000000   -133.000    200.000   0.170974    0.813482   0.015543   0.000000   0.984457   3.937827 
   0.0000000000   -132.000    200.000   0.198377    0.783589   0.018034   0.000001   0.981966   3.927863 
   0.0000000000   -131.000    200.000   0.236370    0.742142   0.021488   0.000001   0.978512   3.914047 
   0.0000000000   -130.000    200.000   0.310553    0.661215   0.028231   0.000001   0.971768   3.887071 
   0.0000000000   -129.000    200.000   0.850840    0.071811   0.077332   0.000017   0.922651   3.690603 
   0.0000000000   -128.000    200.000   0.853750    0.068636   0.077596   0.000018   0.922386   3.689545 
   0.0000000000   -127.000    200.000   0.856403    0.065742   0.077836   0.000019   0.922145   3.688580 
   0.0000000000   -126.000    200.000   0.858843    0.063080   0.078057   0.000020   0.921923   3.687693 
   0.0000000000   -125.000    200.000   0.861099    0.060619   0.078261   0.000021   0.921718   3.686872 
   0.0000000000   -124.000    200.000   0.863191    0.058337   0.078451   0.000022   0.921528   3.686112 
   0.0000000000   -123.000    200.000   0.865150    0.056200   0.078628   0.000023   0.921350   3.685399 
   0.0000000000   -122.000    200.000   0.866983    0.054200   0.078793   0.000024   0.921183   3.684732 
   0.0000000000   -121.000    200.000   0.868705    0.052321   0.078949   0.000025   0.921027   3.684106 
   0.0000000000   -120.000    200.000   0.870328    0.050551   0.079095   0.000026   0.920879   3.683516 
   0.0000000000   -119.000    200.000   0.871868    0.048871   0.079234   0.000027   0.920739   3.682956 
   0.0000000000   -118.000    200.000   0.873321    0.047285   0.079365   0.000028   0.920607   3.682427 
   0.0000000000   -117.000    200.000   0.874706    0.045775   0.079490   0.000029   0.920481   3.681923 
   0.0000000000   -116.000    200.000   0.876019    0.044342   0.079608   0.000030   0.920361   3.681445 
   0.0000000000   -115.000    200.000   0.877275    0.042972   0.079721   0.000031   0.920247   3.680989 
   0.0000000000   -114.000    200.000   0.878469    0.041669   0.079829   0.000033   0.920138   3.680554 
   0.0000000000   -113.000    200.000   0.879615    0.040419   0.079932   0.000034   0.920034   3.680137 
   0.0000000000   -112.000    200.000   0.880712    0.039223   0.080030   0.000035   0.919934   3.679738 
   0.0000000000   -111.000    200.000   0.881760    0.038079   0.080124   0.000036   0.919839   3.679356 
   0.0000000000   -110.000    200.000   0.882769    0.036978   0.080215   0.000038   0.919747   3.678989 
   0.0000000000   -109.000    200.000   0.883738    0.035921   0.080302   0.000039   0.919659   3.678636 
   0.0000000000   -108.000    200.000   0.884666    0.034909   0.080385   0.000041   0.919575   3.678298 
   0.0000000000   -107.000    200.000   0.885563    0.033930   0.080465   0.000042   0.919493   3.677971 
   0.0000000000   -106.000    200.000   0.886426    0.032988   0.080542   0.000043   0.919414   3.677657 
   0.0000000000   -105.000    200.000   0.887259    0.032080   0.080617   0.000045   0.919338   3.677354 
   0.0000000000   -104.000    200.000   0.888061    0.031204   0.080689   0.000046   0.919265   3.677061 
   0.0000000000   -103.000    200.000   0.888833    0.030361   0.080757   0.000048   0.919195   3.676779 
   0.0000000000   -102.000    200.000   0.889582    0.029545   0.080824   0.000049   0.919127   3.676506 
   0.0000000000   -101.000    200.000   0.890305    0.028756   0.080889   0.000051   0.919061   3.676243 
   0.0000000000   -100.000    200.000   0.891004    0.027993   0.080951   0.000052   0.918997   3.675987 
   0.0000000000    -99.000    200.000   0.891680    0.027255   0.081011   0.000054   0.918935   3.675740 
   0.0000000000    -98.000    200.000   0.892334    0.026541   0.081069   0.000056   0.918875   3.675501 
   0.0000000000    -97.000    200.000   0.892968    0.025850   0.081125   0.000057   0.918817   3.675270 
   0.0000000000    -96.000    200.000   0.893579    0.025182   0.081179   0.000059   0.918762   3.675046 
   0.0000000000    -95.000    200.000   0.894174    0.024533   0.081232   0.000061   0.918707   3.674828 
   0.0000000000    -94.000    200.000   0.894750    0.023904   0.081283   0.000063   0.918654   3.674617 
   0.0000000000    -93.000    200.000   0.895309    0.023294   0.081333   0.000064   0.918603   3.674412 
   0.0000000000    -92.000    200.000   0.895851    0.022703   0.081380   0.000066   0.918553   3.674213 
   0.0000000000    -91.000    200.000   0.896376    0.022129   0.081427   0.000068   0.918505   3.674020 
   0.0000000000    -90.000    200.000   0.896886    0.021572   0.081472   0.000070   0.918458   3.673833 
   0.0000000000    -89.000    200.000   0.897382    0.021031   0.081516   0.000072   0.918413   3.673650 
   0.0000000000    -88.000    200.000   0.897862    0.020506   0.081558   0.000074   0.918368   3.673473 
   0.0000000000    -87.000    200.000   0.898328    0.019997   0.081599   0.000076   0.918325   3.673301 
   0.0000000000    -86.000    200.000   0.898782    0.019502   0.081639   0.000078   0.918283   3.673133 
   0.0000000000    -85.000    200.000   0.899222    0.019020   0.081678   0.000080   0.918243   3.672970 
   0.0000000000    -84.000    200.000   0.899650    0.018552   0.081715   0.000082   0.918203   3.672811 
   0.0000000000    -83.000    200.000   0.900066    0.018098   0.081752   0.000084   0.918164   3.672656 
   0.0000000000    -82.000    200.000   0.900471    0.017656   0.081788   0.000086   0.918126   3.672506 
   0.0000000000    -81.000    200.000   0.900864    0.017226   0.081822   0.000088   0.918090   3.672359 
   0.0000000000    -80.000    200.000   0.901246    0.016807   0.081856   0.000090   0.918054   3.672216 
   0.0000000000    -79.000    200.000   0.901618    0.016401   0.081888   0.000093   0.918019   3.672076 
   0.0000000000    -78.000    200.000   0.901980    0.016005   0.081920   0.000095   0.917985   3.671940 
   0.0000000000    -77.000    200.000   0.902331    0.015620   0.081951   0.000097   0.917952   3.671807 
   0.0000000000    -76.000    200.000   0.902674    0.015246   0.081981   0.000099   0.917919   3.671677 
   0.0000000000    -75.000    200.000   0.903006    0.014881   0.082011   0.000102   0.917888   3.671550 
   0.0000000000    -74.000    200.000   0.903330    0.014526   0.082039   0.000104   0.917857   3.671426 
   0.0000000000    -73.000    200.000   0.903645    0.014181   0.082067   0.000107   0.917826   3.671305 
   0.0000000000    -72.000    200.000   0.903952    0.013845   0.082094   0.000109   0.917797   3.671187 
   0.0000000000    -71.000    200.000   0.904251    0.013517   0.082121   0.000111   0.917768   3.671071 
   0.0000000000    -70.000    200.000   0.904541    0.013199   0.082147   0.000114   0.917739   3.670958 
   0.0000000000    -69.000    200.000   0.904823    0.012888   0.082172   0.000117   0.917712   3.670847 
   0.0000000000    -68.000    200.000   0.905099    0.012586   0.082196   0.000119   0.917685   3.670738 
   0.0000000000    -67.000    200.000   0.905367    0.012291   0.082220   0.000122   0.917658   3.670632 
   0.0000000000    -66.000    200.000   0.905627    0.012004   0.082244   0.000124   0.917632   3.670527 
   0.0000000000    -65.000    200.000   0.905881    0.011725   0.082267   0.000127   0.917606   3.670425 
   0.0000000000    -64.000    200.000   0.906128    0.011453   0.082289   0.000130   0.917581   3.670324 
   0.0000000000    -63.000    200.000   0.906369    0.011187   0.082311   0.000133   0.917556   3.670225 
   0.0000000000    -62.000    200.000   0.906603    0.010929   0.082333   0.000135   0.917532   3.670128 
   0.0000000000    -61.000    200.000   0.906831    0.010677   0.082354   0.000138   0.917508   3.670033 
   0.0000000000    -60.000    200.000   0.907053    0.010431   0.082374   0.000141   0.917485   3.669939 
   0.0000000000    -59.000    200.000   0.907270    0.010192   0.082395   0.000144   0.917462   3.669846 
   0.0000000000    -58.000    200.000   0.907480    0.009959   0.082414   0.000147   0.917439   3.669755 
   0.0000000000    -57.000    200.000   0.907685    0.009731   0.082434   0.000150   0.917416   3.669665 
   0.0000000000    -56.000    200.000   0.907884    0.009510   0.082453   0.000153   0.917394   3.669577 
   0.0000000000    -55.000    200.000   0.908079    0.009294   0.082472   0.000156   0.917372   3.669489 
   0.0000000000    -54.000    200.000   0.908267    0.009083   0.082491   0.000159   0.917351   3.669402 
   0.0000000000    -53.000    200.000   0.908451    0.008878   0.082509   0.000162   0.917329   3.669317 
   0.0000000000    -52.000    200.000   0.908630    0.008678   0.082527   0.000165   0.917308   3.669232 
   0.0000000000    -51.000    200.000   0.908805    0.008482   0.082545   0.000168   0.917287   3.669148 
   0.0000000000    -50.000    200.000   0.908974    0.008292   0.082562   0.000171   0.917266   3.669065 
   0.0000000000    -49.000    200.000   0.909139    0.008106   0.082580   0.000175   0.917246   3.668983 
   0.0000000000    -48.000    200.000   0.909300    0.007925   0.082597   0.000178   0.917225   3.668901 
   0.0000000000    -47.000    200.000   0.909456    0.007749   0.082614   0.000181   0.917205   3.668819 
   0.0000000000    -46.000    200.000   0.909608    0.007576   0.082631   0.000185   0.917185   3.668738 
   0.0000000000    -45.000    200.000   0.909756    0.007408   0.082648   0.000188   0.917164   3.668657 
   0.0000000000    -44.000    200.000   0.909900    0.007245   0.082664   0.000191   0.917144   3.668577 
   0.0000000000    -43.000    200.000   0.910039    0.007085   0.082681   0.000195   0.917124   3.668497 
   0.0000000000    -42.000    200.000   0.910175    0.006929   0.082698   0.000198   0.917104   3.668416 
   0.0000000000    -41.000    200.000   0.910307    0.006777   0.082714   0.000202   0.917084   3.668336 
   0.0000000000    -40.000    200.000   0.910436    0.006628   0.082731   0.000205   0.917064   3.668256 
   0.0000000000    -39.000    200.000   0.910561    0.006483   0.082747   0.000209   0.917044   3.668176 
   0.0000000000    -38.000    200.000   0.910682    0.006342   0.082763   0.000213   0.917024   3.668096 
   0.0000000000    -37.000    200.000   0.910799    0.006204   0.082780   0.000216   0.917004   3.668015 
   0.0000000000    -36.000    200.000   0.910914    0.006070   0.082797   0.000220   0.916984   3.667934 
   0.0000000000    -35.000    200.000   0.911025    0.005938   0.082813   0.000224   0.916963   3.667853 
   0.0000000000    -34.000    200.000   0.911132    0.005810   0.082830   0.000227   0.916943   3.667771 
   0.0000000000    -33.000    200.000   0.911237    0.005685   0.082847   0.000231   0.916922   3.667688 
   0.0000000000    -32.000    200.000   0.911338    0.005563   0.082863   0.000235   0.916901   3.667605 
   0.0000000000    -31.000    200.000   0.911436    0.005444   0.082881   0.000239   0.916880   3.667522 
   0.0000000000    -30.000    200.000   0.911532    0.005328   0.082898   0.000243   0.916859   3.667437 
   0.0000000000    -29.000    200.000   0.911624    0.005214   0.082915   0.000247   0.916838   3.667352 
   0.0000000000    -28.000    200.000   0.911713    0.005103   0.082933   0.000251   0.916816   3.667266 
   0.0000000000    -27.000    200.000   0.911800    0.004995   0.082950   0.000255   0.916795   3.667178 
   0.0000000000    -26.000    200.000   0.911883    0.004889   0.082968   0.000259   0.916773   3.667090 
   0.0000000000    -25.000    200.000   0.911964    0.004786   0.082987   0.000263   0.916750   3.667001 
   0.0000000000    -24.000    200.000   0.912042    0.004686   0.083005   0.000267   0.916728   3.666910 
   0.0000000000    -23.000    200.000   0.912117    0.004587   0.083024   0.000272   0.916705   3.666818 
   0.0000000000    -22.000    200.000   0.912190    0.004491   0.083043   0.000276   0.916681   3.666725 
   0.0000000000    -21.000    200.000   0.912260    0.004397   0.083063   0.000280   0.916657   3.666630 
   0.0000000000    -20.000    200.000   0.912328    0.004306   0.083082   0.000284   0.916633   3.666534 
   0.0000000000    -19.000    200.000   0.912393    0.004216   0.083102   0.000289   0.916609   3.666436 
   0.0000000000    -18.000    200.000   0.912455    0.004129   0.083123   0.000293   0.916584   3.666336 
   0.0000000000    -17.000    200.000   0.912515    0.004044   0.083144   0.000297   0.916559   3.666235 
   0.0000000000    -16.000    200.000   0.912573    0.003960   0.083165   0.000302   0.916533   3.666131 
   0.0000000000    -15.000    200.000   0.912628    0.003879   0.083187   0.000306   0.916507   3.666026 
   0.0000000000    -14.000    200.000   0.912680    0.003799   0.083209   0.000311   0.916480   3.665919 
   0.0000000000    -13.000    200.000   0.912731    0.003722   0.083232   0.000316   0.916452   3.665810 
   0.0000000000    -12.000    200.000   0.912779    0.003646   0.083255   0.000320   0.916425   3.665698 
   0.0000000000    -11.000    200.000   0.912825    0.003571   0.083279   0.000325   0.916396   3.665584 
   0.0000000000    -10.000    200.000   0.912868    0.003499   0.083303   0.000330   0.916367   3.665468 
   0.0000000000     -9.000    200.000   0.912909    0.003428   0.083328   0.000334   0.916337   3.665350 
   0.0000000000     -8.000    200.000   0.912948    0.003359   0.083354   0.000339   0.916307   3.665229 
   0.0000000000     -7.000    200.000   0.912985    0.003291   0.083380   0.000344   0.916276   3.665105 
   0.0000000000     -6.000    200.000   0.913020    0.003225   0.083407   0.000349   0.916245   3.664979 
   0.0000000000     -5.000    200.000   0.913052    0.003161   0.083434   0.000354   0.916213   3.664850 
   0.0000000000     -4.000    200.000   0.913082    0.003097   0.083462   0.000359   0.916180   3.664718 
   0.0000000000     -3.000    200.000   0.913110    0.003036   0.083491   0.000364   0.916146   3.664583 
   0.0000000000     -2.000    200.000   0.913136    0.002975   0.083520   0.000369   0.916111   3.664446 
   0.0000000000     -1.000    200.000   0.913160    0.002916   0.083550   0.000374   0.916076   3.664305 
   0.0000000000      0.000    200.000   0.913181    0.002859   0.083581   0.000379   0.916040   3.664161 
   0.0000000000      1.000    200.000   0.913201    0.002802   0.083613   0.000384   0.916003   3.664013 
   0.0000000000      2.000    200.000   0.913218    0.002747   0.083645   0.000389   0.915966   3.663862 
   0.0000000000      3.000    200.000   0.913234    0.002693   0.083679   0.000394   0.915927   3.663708 
   0.0000000000      4.000    200.000   0.913247    0.002641   0.083713   0.000400   0.915888   3.663550 
   0.0000000000      5.000    200.000   0.913258    0.002589   0.083748   0.000405   0.915847   3.663389 
   0.0000000000      6.000    200.000   0.913267    0.002539   0.083784   0.000410   0.915806   3.663224 
   0.0000000000      7.000    200.000   0.913274    0.002489   0.083821   0.000416   0.915764   3.663055 
   0.0000000000      8.000    200.000   0.913279    0.002441   0.083859   0.000421   0.915720   3.662882 
   0.0000000000      9.000    200.000   0.913282    0.002394   0.083897   0.000427   0.915676   3.662705 
   0.0000000000     10.000    200.000   0.913283    0.002348   0.083937   0.000432   0.915631   3.662524 
   0.0000000000     11.000    200.000   0.913282    0.002303   0.083978   0.000438   0.915585   3.662339 
   0.0000000000     12.000    200.000   0.913279    0.002259   0.084020   0.000443   0.915537   3.662149 
   0.0000000000     13.000    200.000   0.913273    0.002215   0.084062   0.000449   0.915489   3.661955 
   0.0000000000     14.000    200.000   0.913266    0.002173   0.084106   0.000455   0.915439   3.661756 
   0.0000000000     15.000    200.000   0.913256    0.002132   0.084151   0.000460   0.915388   3.661553 
   0.0000000000     16.000    200.000   0.913245    0.002091   0.084198   0.000466   0.915336   3.661345 
   0.0000000000     17.000    200.000   0.913231    0.002052   0.084245   0.000472   0.915283   3.661133 
   0.0000000000     18.000    200.000   0.913216    0.002013   0.084293   0.000478   0.915229   3.660915 
   0.0000000000     19.000    200.000   0.913198    0.001975   0.084343   0.000484   0.915173   3.660693 
   0.0000000000     20.000    200.000   0.913178    0.001938   0.084394   0.000490   0.915116   3.660465 
   0.0000000000     21.000    200.000   0.913156    0.001902   0.084446   0.000496   0.915058   3.660232 
   0.0000000000     22.000    200.000   0.913132    0.001866   0.084500   0.000502   0.914998   3.659994 
   0.0000000000     23.000    200.000   0.913106    0.001831   0.084555   0.000508   0.914938   3.659750 
   0.0000000000     24.000    200.000   0.913078    0.001797   0.084611   0.000514   0.914875   3.659501 
   0.0000000000     25.000    200.000   0.913047    0.001764   0.084668   0.000520   0.914811   3.659246 
   0.0000000000     26.000    200.000   0.913015    0.001731   0.084727   0.000526   0.914746   3.658985 
   0.0000000000     27.000    200.000   0.912980    0.001699   0.084788   0.000533   0.914680   3.658719 
   0.0000000000     28.000    200.000   0.912944    0.001668   0.084849   0.000539   0.914612   3.658447 
   0.0000000000     29.000    200.000   0.912905    0.001637   0.084913   0.000545   0.914542   3.658168 
   0.0000000000     30.000    200.000   0.912863    0.001607   0.084977   0.000552   0.914471   3.657883 
   0.0000000000     31.000    200.000   0.912820    0.001578   0.085043   0.000558   0.914398   3.657592 
   0.0000000000     32.000    200.000   0.912774    0.001549   0.085111   0.000565   0.914324   3.657295 
   0.0000000000     33.000    200.000   0.912727    0.001521   0.085181   0.000572   0.914248   3.656991 
   0.0000000000     34.000    200.000   0.912677    0.001493   0.085252   0.000578   0.914170   3.656681 
   0.0000000000     35.000    200.000   0.912624    0.001466   0.085324   0.000585   0.914091   3.656363 
   0.0000000000     36.000    200.000   0.912570    0.001440   0.085399   0.000592   0.914010   3.656039 
   0.0000000000     37.000    200.000   0.912513    0.001414   0.085475   0.000598   0.913927   3.655708 
   0.0000000000     38.000    200.000   0.912454    0.001389   0.085552   0.000605   0.913842   3.655370 
   0.0000000000     39.000    200.000   0.912392    0.001364   0.085632   0.000612   0.913756   3.655024 
   0.0000000000     40.000    200.000   0.912329    0.001339   0.085713   0.000619   0.913668   3.654671 
   0.0000000000     41.000    200.000   0.912262    0.001315   0.085796   0.000626   0.913578   3.654311 
   0.0000000000     42.000    200.000   0.912194    0.001292   0.085881   0.000633   0.913486   3.653943 
   0.0000000000     43.000    200.000   0.912123    0.001269   0.085968   0.000640   0.913392   3.653568 
   0.0000000000     44.000    200.000   0.912050    0.001246   0.086056   0.000647   0.913296   3.653184 
   0.0000000000     45.000    200.000   0.911974    0.001224   0.086147   0.000655   0.913198   3.652793 
   0.0000000000     46.000    200.000   0.911896    0.001203   0.086240   0.000662   0.913098   3.652394 
   0.0000000000     47.000    200.000   0.911815    0.001181   0.086334   0.000669   0.912996   3.651986 
   0.0000000000     48.000    200.000   0.911732    0.001161   0.086431   0.000677   0.912893   3.651570 
   0.0000000000     49.000    200.000   0.911646    0.001140   0.086529   0.000684   0.912786   3.651146 
   0.0000000000     50.000    200.000   0.911558    0.001120   0.086630   0.000692   0.912678   3.650713 
   0.0000000000     51.000    200.000   0.911467    0.001101   0.086733   0.000699   0.912568   3.650271 
   0.0000000000     52.000    200.000   0.911374    0.001082   0.086838   0.000707   0.912455   3.649820 
   0.0000000000     53.000    200.000   0.911278    0.001063   0.086945   0.000715   0.912340   3.649361 
   0.0000000000     54.000    200.000   0.911179    0.001044   0.087055   0.000722   0.912223   3.648892 
   0.0000000000     55.000    200.000   0.911078    0.001026   0.087166   0.000730   0.912104   3.648415 
   0.0000000000     56.000    200.000   0.910974    0.001008   0.087280   0.000738   0.911982   3.647927 
   0.0000000000     57.000    200.000   0.910867    0.000991   0.087396   0.000746   0.911858   3.647431 
   0.0000000000     58.000    200.000   0.910757    0.000974   0.087515   0.000754   0.911731   3.646924 
   0.0000000000     59.000    200.000   0.910645    0.000957   0.087636   0.000762   0.911602   3.646408 
   0.0000000000     60.000    200.000   0.910530    0.000941   0.087759   0.000770   0.911471   3.645882 
   0.0000000000     61.000    200.000   0.910412    0.000924   0.087885   0.000778   0.911336   3.645346 
   0.0000000000     62.000    200.000   0.910291    0.000909   0.088014   0.000787   0.911200   3.644800 
   0.0000000000     63.000    200.000   0.910168    0.000893   0.088144   0.000795   0.911061   3.644243 
   0.0000000000     64.000    200.000   0.910041    0.000878   0.088278   0.000803   0.910919   3.643676 
   0.0000000000     65.000    200.000   0.909912    0.000863   0.088414   0.000812   0.910775   3.643098 
   0.0000000000     66.000    200.000   0.909779    0.000848   0.088552   0.000820   0.910627   3.642510 
   0.0000000000     67.000    200.000   0.909644    0.000834   0.088694   0.000829   0.910478   3.641910 
   0.0000000000     68.000    200.000   0.909505    0.000820   0.088838   0.000838   0.910325   3.641300 
   0.0000000000     69.000    200.000   0.909364    0.000806   0.088984   0.000846   0.910170   3.640678 
   0.0000000000     70.000    200.000   0.909219    0.000792   0.089134   0.000855   0.910011   3.640045 
   0.0000000000     71.000    200.000   0.909071    0.000779   0.089286   0.000864   0.909850   3.639401 
   0.0000000000     72.000    200.000   0.908920    0.000766   0.089441   0.000873   0.909686   3.638744 
   0.0000000000     73.000    200.000   0.908766    0.000753   0.089599   0.000882   0.909519   3.638076 
   0.0000000000     74.000    200.000   0.908609    0.000740   0.089760   0.000891   0.909349   3.637396 
   0.0000000000     75.000    200.000   0.908448    0.000728   0.089924   0.000900   0.909176   3.636704 
   0.0000000000     76.000    200.000   0.908284    0.000716   0.090091   0.000910   0.909000   3.636000 
   0.0000000000     77.000    200.000   0.908117    0.000704   0.090260   0.000919   0.908821   3.635283 
   0.0000000000     78.000    200.000   0.907946    0.000692   0.090433   0.000928   0.908638   3.634554 
   0.0000000000     79.000    200.000   0.907773    0.000680   0.090609   0.000938   0.908453   3.633812 
   0.0000000000     80.000    200.000   0.907595    0.000669   0.090788   0.000947   0.908264   3.633057 
   0.0000000000     81.000    200.000   0.907414    0.000658   0.090971   0.000957   0.908072   3.632289 
   0.0000000000     82.000    200.000   0.907230    0.000647   0.091156   0.000967   0.907877   3.631507 
   0.0000000000     83.000    200.000   0.907042    0.000636   0.091345   0.000977   0.907678   3.630713 
   0.0000000000     84.000    200.000   0.906850    0.000626   0.091537   0.000987   0.907476   3.629905 
   0.0000000000     85.000    200.000   0.906655    0.000615   0.091733   0.000997   0.907271   3.629083 
   0.0000000000     86.000    200.000   0.906456    0.000605   0.091932   0.001007   0.907062   3.628247 
   0.0000000000     87.000    200.000   0.906254    0.000595   0.092134   0.001017   0.906849   3.627397 
   0.0000000000     88.000    200.000   0.906048    0.000585   0.092340   0.001027   0.906633   3.626533 
   0.0000000000     89.000    200.000   0.905838    0.000576   0.092549   0.001037   0.906414   3.625654 
   0.0000000000     90.000    200.000   0.905624    0.000566   0.092762   0.001048   0.906190   3.624761 
   0.0000000000     91.000    200.000   0.905406    0.000557   0.092978   0.001058   0.905963   3.623853 
   0.0000000000     92.000    200.000   0.905185    0.000548   0.093198   0.001069   0.905733   3.622931 
   0.0000000000     93.000    200.000   0.904959    0.000539   0.093422   0.001080   0.905498   3.621993 
   0.0000000000     94.000    200.000   0.904730    0.000530   0.093649   0.001091   0.905260   3.621040 
   0.0000000000     95.000    200.000   0.904496    0.000521   0.093881   0.001102   0.905018   3.620071 
   0.0000000000     96.000    200.000   0.904259    0.000513   0.094116   0.001113   0.904772   3.619087 
   0.0000000000     97.000    200.000   0.904017    0.000504   0.094354   0.001124   0.904522   3.618087 
   0.0000000000     98.000    200.000   0.903772    0.000496   0.094597   0.001135   0.904268   3.617071 
   0.0000000000     99.000    200.000   0.903522    0.000488   0.094844   0.001146   0.904010   3.616039 
   0.0000000000    100.000    200.000   0.903268    0.000480   0.095095   0.001158   0.903748   3.614990 
   0.0000000000    101.000    200.000   0.903009    0.000472   0.095349   0.001169   0.903481   3.613925 
   0.0000000000    102.000    200.000   0.902746    0.000465   0.095608   0.001181   0.903211   3.612843 
   0.0000000000    103.000    200.000   0.902479    0.000457   0.095871   0.001193   0.902936   3.611745 
   0.0000000000    104.000    200.000   0.902208    0.000450   0.096138   0.001205   0.902657   3.610629 
   0.0000000000    105.000    200.000   0.901932    0.000442   0.096410   0.001217   0.902374   3.609496 
   0.0000000000    106.000    200.000   0.901651    0.000435   0.096685   0.001229   0.902086   3.608345 
   0.0000000000    107.000    200.000   0.901366    0.000428   0.096965   0.001241   0.901794   3.607176 
   0.0000000000    108.000    200.000   0.901077    0.000421   0.097249   0.001253   0.901498   3.605990 
   0.0000000000    109.000    200.000   0.900782    0.000414   0.097538   0.001266   0.901196   3.604786 
   0.0000000000    110.000    200.000   0.900483    0.000407   0.097831   0.001278   0.900891   3.603563 
   0.0000000000    111.000    200.000   0.900180    0.000401   0.098129   0.001291   0.900580   3.602322 
   0.0000000000    112.000    200.000   0.899871    0.000394   0.098431   0.001304   0.900265   3.601062 
   0.0000000000    113.000    200.000   0.899558    0.000388   0.098738   0.001317   0.899946   3.599783 
   0.0000000000    114.000    200.000   0.899240    0.000382   0.099049   0.001330   0.899621   3.598485 
   0.0000000000    115.000    200.000   0.898917    0.000375   0.099365   0.001343   0.899292   3.597168 
   0.0000000000    116.000    200.000   0.898588    0.000369   0.099686   0.001356   0.898958   3.595831 
   0.0000000000    117.000    200.000   0.898255    0.000363   0.100012   0.001369   0.898619   3.594474 
   0.0000000000    118.000    200.000   0.897917    0.000357   0.100343   0.001383   0.898274   3.593098 
   0.0000000000    119.000    200.000   0.897574    0.000352   0.100678   0.001397   0.897925   3.591701 
   0.0000000000    120.000    200.000   0.897225    0.000346   0.101019   0.001410   0.897571   3.590284 
   0.0000000000    121.000    200.000   0.896871    0.000340   0.101364   0.001424   0.897212   3.588846 
   0.0000000000    122.000    200.000   0.896512    0.000335   0.101715   0.001439   0.896847   3.587388 
   0.0000000000    123.000    200.000   0.896148    0.000329   0.102070   0.001453   0.896477   3.585908 
   0.0000000000    124.000    200.000   0.895778    0.000324   0.102431   0.001467   0.896102   3.584407 
   0.0000000000    125.000    200.000   0.895403    0.000319   0.102797   0.001482   0.895721   3.582885 
   0.0000000000    126.000    200.000   0.895022    0.000313   0.103168   0.001496   0.895335   3.581341 
