#solute size.    Temp(C) Press(Mpa)        fHB          fS        fLJ         fO        xHB        nHB 
   0.0000000000   -173.000    290.000   0.916326    0.000371   0.083268   0.000036   0.916697   3.666790 
   0.0000000000   -172.000    290.000   0.916316    0.000383   0.083264   0.000038   0.916699   3.666796 
   0.0000000000   -171.000    290.000   0.916304    0.000396   0.083261   0.000039   0.916700   3.666798 
   0.0000000000   -170.000    290.000   0.916292    0.000409   0.083258   0.000041   0.916701   3.666804 
   0.0000000000   -169.000    290.000   0.916280    0.000422   0.083255   0.000043   0.916702   3.666807 
   0.0000000000   -168.000    290.000   0.916269    0.000434   0.083252   0.000045   0.916703   3.666813 
   0.0000000000   -167.000    290.000   0.916257    0.000447   0.083249   0.000047   0.916704   3.666816 
   0.0000000000   -166.000    290.000   0.916244    0.000461   0.083246   0.000049   0.916705   3.666820 
   0.0000000000   -165.000    290.000   0.916233    0.000474   0.083243   0.000051   0.916706   3.666825 
   0.0000000000   -164.000    290.000   0.916220    0.000487   0.083240   0.000053   0.916707   3.666829 
   0.0000000000   -163.000    290.000   0.916208    0.000500   0.083237   0.000055   0.916708   3.666833 
   0.0000000000   -162.000    290.000   0.916196    0.000513   0.083233   0.000057   0.916709   3.666838 
   0.0000000000   -161.000    290.000   0.916184    0.000527   0.083230   0.000060   0.916711   3.666842 
   0.0000000000   -160.000    290.000   0.916172    0.000540   0.083226   0.000062   0.916712   3.666847 
   0.0000000000   -159.000    290.000   0.916159    0.000553   0.083223   0.000064   0.916713   3.666851 
   0.0000000000   -158.000    290.000   0.916147    0.000567   0.083220   0.000067   0.916714   3.666856 
   0.0000000000   -157.000    290.000   0.916135    0.000580   0.083216   0.000069   0.916715   3.666860 
   0.0000000000   -156.000    290.000   0.916123    0.000593   0.083212   0.000071   0.916716   3.666864 
   0.0000000000   -155.000    290.000   0.916111    0.000607   0.083209   0.000074   0.916717   3.666869 
   0.0000000000   -154.000    290.000   0.916099    0.000620   0.083205   0.000077   0.916718   3.666873 
   0.0000000000   -153.000    290.000   0.916087    0.000633   0.083201   0.000079   0.916719   3.666878 
   0.0000000000   -152.000    290.000   0.916075    0.000646   0.083198   0.000082   0.916720   3.666882 
   0.0000000000   -151.000    290.000   0.916063    0.000659   0.083194   0.000085   0.916722   3.666886 
   0.0000000000   -150.000    290.000   0.916051    0.000672   0.083190   0.000087   0.916723   3.666891 
   0.0000000000   -149.000    290.000   0.916039    0.000684   0.083186   0.000090   0.916724   3.666895 
   0.0000000000   -148.000    290.000   0.916028    0.000697   0.083182   0.000093   0.916725   3.666899 
   0.0000000000   -147.000    290.000   0.916016    0.000710   0.083178   0.000096   0.916726   3.666903 
   0.0000000000   -146.000    290.000   0.916005    0.000722   0.083174   0.000099   0.916727   3.666907 
   0.0000000000   -145.000    290.000   0.915994    0.000734   0.083170   0.000102   0.916728   3.666911 
   0.0000000000   -144.000    290.000   0.915983    0.000746   0.083166   0.000105   0.916729   3.666915 
   0.0000000000   -143.000    290.000   0.915972    0.000758   0.083162   0.000108   0.916730   3.666919 
   0.0000000000   -142.000    290.000   0.915961    0.000770   0.083158   0.000111   0.916731   3.666923 
   0.0000000000   -141.000    290.000   0.915950    0.000782   0.083154   0.000114   0.916732   3.666927 
   0.0000000000   -140.000    290.000   0.915940    0.000793   0.083150   0.000118   0.916733   3.666931 
   0.0000000000   -139.000    290.000   0.915930    0.000804   0.083145   0.000121   0.916734   3.666935 
   0.0000000000   -138.000    290.000   0.915920    0.000815   0.083141   0.000124   0.916735   3.666938 
   0.0000000000   -137.000    290.000   0.915910    0.000826   0.083137   0.000128   0.916735   3.666942 
   0.0000000000   -136.000    290.000   0.915900    0.000836   0.083133   0.000131   0.916736   3.666945 
   0.0000000000   -135.000    290.000   0.915891    0.000847   0.083128   0.000134   0.916737   3.666949 
   0.0000000000   -134.000    290.000   0.915881    0.000857   0.083124   0.000138   0.916738   3.666952 
   0.0000000000   -133.000    290.000   0.915872    0.000866   0.083120   0.000142   0.916739   3.666955 
   0.0000000000   -132.000    290.000   0.915864    0.000876   0.083115   0.000145   0.916740   3.666959 
   0.0000000000   -131.000    290.000   0.915855    0.000885   0.083111   0.000149   0.916740   3.666962 
   0.0000000000   -130.000    290.000   0.915847    0.000894   0.083106   0.000153   0.916741   3.666965 
   0.0000000000   -129.000    290.000   0.915839    0.000903   0.083102   0.000156   0.916742   3.666968 
   0.0000000000   -128.000    290.000   0.915831    0.000912   0.083097   0.000160   0.916743   3.666970 
   0.0000000000   -127.000    290.000   0.915824    0.000920   0.083093   0.000164   0.916743   3.666973 
   0.0000000000   -126.000    290.000   0.915816    0.000928   0.083088   0.000168   0.916744   3.666976 
   0.0000000000   -125.000    290.000   0.915809    0.000935   0.083084   0.000172   0.916745   3.666978 
   0.0000000000   -124.000    290.000   0.915802    0.000943   0.083079   0.000176   0.916745   3.666981 
   0.0000000000   -123.000    290.000   0.915796    0.000950   0.083075   0.000180   0.916746   3.666983 
   0.0000000000   -122.000    290.000   0.915790    0.000957   0.083070   0.000184   0.916746   3.666985 
   0.0000000000   -121.000    290.000   0.915784    0.000963   0.083065   0.000188   0.916747   3.666987 
   0.0000000000   -120.000    290.000   0.915778    0.000969   0.083061   0.000192   0.916747   3.666989 
   0.0000000000   -119.000    290.000   0.915773    0.000975   0.083056   0.000196   0.916748   3.666991 
   0.0000000000   -118.000    290.000   0.915767    0.000981   0.083051   0.000201   0.916748   3.666993 
   0.0000000000   -117.000    290.000   0.915763    0.000986   0.083047   0.000205   0.916749   3.666995 
   0.0000000000   -116.000    290.000   0.915758    0.000991   0.083042   0.000209   0.916749   3.666996 
   0.0000000000   -115.000    290.000   0.915754    0.000996   0.083037   0.000214   0.916749   3.666998 
   0.0000000000   -114.000    290.000   0.915750    0.001000   0.083032   0.000218   0.916750   3.666999 
   0.0000000000   -113.000    290.000   0.915746    0.001004   0.083027   0.000222   0.916750   3.667000 
   0.0000000000   -112.000    290.000   0.915742    0.001008   0.083023   0.000227   0.916750   3.667001 
   0.0000000000   -111.000    290.000   0.915739    0.001012   0.083018   0.000232   0.916751   3.667002 
   0.0000000000   -110.000    290.000   0.915736    0.001015   0.083013   0.000236   0.916751   3.667003 
   0.0000000000   -109.000    290.000   0.915733    0.001018   0.083008   0.000241   0.916751   3.667004 
   0.0000000000   -108.000    290.000   0.915731    0.001020   0.083003   0.000246   0.916751   3.667005 
   0.0000000000   -107.000    290.000   0.915728    0.001023   0.082998   0.000250   0.916751   3.667005 
   0.0000000000   -106.000    290.000   0.915727    0.001025   0.082993   0.000255   0.916751   3.667006 
   0.0000000000   -105.000    290.000   0.915725    0.001027   0.082989   0.000260   0.916751   3.667006 
   0.0000000000   -104.000    290.000   0.915723    0.001028   0.082984   0.000265   0.916752   3.667006 
   0.0000000000   -103.000    290.000   0.915722    0.001029   0.082979   0.000270   0.916752   3.667006 
   0.0000000000   -102.000    290.000   0.915721    0.001030   0.082974   0.000275   0.916751   3.667006 
   0.0000000000   -101.000    290.000   0.915720    0.001031   0.082969   0.000280   0.916751   3.667006 
   0.0000000000   -100.000    290.000   0.915720    0.001031   0.082964   0.000285   0.916751   3.667005 
   0.0000000000    -99.000    290.000   0.915720    0.001032   0.082959   0.000290   0.916751   3.667005 
   0.0000000000    -98.000    290.000   0.915720    0.001032   0.082954   0.000295   0.916751   3.667004 
   0.0000000000    -97.000    290.000   0.915720    0.001031   0.082949   0.000300   0.916751   3.667004 
   0.0000000000    -96.000    290.000   0.915720    0.001031   0.082944   0.000306   0.916751   3.667003 
   0.0000000000    -95.000    290.000   0.915721    0.001030   0.082939   0.000311   0.916750   3.667002 
   0.0000000000    -94.000    290.000   0.915721    0.001029   0.082933   0.000316   0.916750   3.667001 
   0.0000000000    -93.000    290.000   0.915722    0.001027   0.082928   0.000322   0.916750   3.667000 
   0.0000000000    -92.000    290.000   0.915724    0.001026   0.082923   0.000327   0.916750   3.666998 
   0.0000000000    -91.000    290.000   0.915725    0.001024   0.082918   0.000333   0.916749   3.666997 
   0.0000000000    -90.000    290.000   0.915727    0.001022   0.082913   0.000338   0.916749   3.666995 
   0.0000000000    -89.000    290.000   0.915728    0.001020   0.082908   0.000344   0.916748   3.666993 
   0.0000000000    -88.000    290.000   0.915730    0.001018   0.082903   0.000349   0.916748   3.666991 
   0.0000000000    -87.000    290.000   0.915732    0.001015   0.082898   0.000355   0.916747   3.666989 
   0.0000000000    -86.000    290.000   0.915734    0.001012   0.082893   0.000361   0.916747   3.666986 
   0.0000000000    -85.000    290.000   0.915737    0.001009   0.082887   0.000367   0.916746   3.666984 
   0.0000000000    -84.000    290.000   0.915739    0.001006   0.082882   0.000372   0.916745   3.666981 
   0.0000000000    -83.000    290.000   0.915742    0.001003   0.082877   0.000378   0.916745   3.666978 
   0.0000000000    -82.000    290.000   0.915745    0.000999   0.082872   0.000384   0.916744   3.666975 
   0.0000000000    -81.000    290.000   0.915748    0.000996   0.082867   0.000390   0.916743   3.666972 
   0.0000000000    -80.000    290.000   0.915751    0.000992   0.082862   0.000396   0.916742   3.666969 
   0.0000000000    -79.000    290.000   0.915754    0.000988   0.082857   0.000402   0.916741   3.666965 
   0.0000000000    -78.000    290.000   0.915757    0.000983   0.082852   0.000408   0.916740   3.666961 
   0.0000000000    -77.000    290.000   0.915760    0.000979   0.082846   0.000414   0.916739   3.666957 
   0.0000000000    -76.000    290.000   0.915764    0.000975   0.082841   0.000420   0.916738   3.666953 
   0.0000000000    -75.000    290.000   0.915767    0.000970   0.082836   0.000427   0.916737   3.666949 
   0.0000000000    -74.000    290.000   0.915771    0.000965   0.082831   0.000433   0.916736   3.666944 
   0.0000000000    -73.000    290.000   0.915774    0.000960   0.082826   0.000439   0.916735   3.666939 
   0.0000000000    -72.000    290.000   0.915778    0.000956   0.082821   0.000446   0.916733   3.666934 
   0.0000000000    -71.000    290.000   0.915782    0.000950   0.082816   0.000452   0.916732   3.666928 
   0.0000000000    -70.000    290.000   0.915785    0.000945   0.082811   0.000458   0.916731   3.666923 
   0.0000000000    -69.000    290.000   0.915789    0.000940   0.082806   0.000465   0.916729   3.666916 
   0.0000000000    -68.000    290.000   0.915793    0.000934   0.082801   0.000471   0.916728   3.666910 
   0.0000000000    -67.000    290.000   0.915797    0.000929   0.082796   0.000478   0.916726   3.666904 
   0.0000000000    -66.000    290.000   0.915801    0.000923   0.082791   0.000485   0.916724   3.666897 
   0.0000000000    -65.000    290.000   0.915805    0.000918   0.082786   0.000491   0.916722   3.666889 
   0.0000000000    -64.000    290.000   0.915809    0.000912   0.082782   0.000498   0.916720   3.666882 
   0.0000000000    -63.000    290.000   0.915812    0.000906   0.082777   0.000505   0.916718   3.666874 
   0.0000000000    -62.000    290.000   0.915816    0.000900   0.082772   0.000511   0.916716   3.666865 
   0.0000000000    -61.000    290.000   0.915820    0.000894   0.082768   0.000518   0.916714   3.666857 
   0.0000000000    -60.000    290.000   0.915824    0.000888   0.082763   0.000525   0.916712   3.666848 
   0.0000000000    -59.000    290.000   0.915828    0.000882   0.082758   0.000532   0.916710   3.666838 
   0.0000000000    -58.000    290.000   0.915831    0.000876   0.082754   0.000539   0.916707   3.666828 
   0.0000000000    -57.000    290.000   0.915835    0.000869   0.082750   0.000546   0.916704   3.666818 
   0.0000000000    -56.000    290.000   0.915839    0.000863   0.082745   0.000553   0.916702   3.666807 
   0.0000000000    -55.000    290.000   0.915842    0.000857   0.082741   0.000560   0.916699   3.666796 
   0.0000000000    -54.000    290.000   0.915846    0.000850   0.082737   0.000567   0.916696   3.666784 
   0.0000000000    -53.000    290.000   0.915849    0.000844   0.082733   0.000575   0.916693   3.666771 
   0.0000000000    -52.000    290.000   0.915852    0.000837   0.082729   0.000582   0.916690   3.666759 
   0.0000000000    -51.000    290.000   0.915855    0.000831   0.082725   0.000589   0.916686   3.666745 
   0.0000000000    -50.000    290.000   0.915859    0.000824   0.082721   0.000596   0.916683   3.666731 
   0.0000000000    -49.000    290.000   0.915861    0.000818   0.082717   0.000604   0.916679   3.666717 
   0.0000000000    -48.000    290.000   0.915864    0.000811   0.082714   0.000611   0.916675   3.666702 
   0.0000000000    -47.000    290.000   0.915867    0.000805   0.082710   0.000619   0.916671   3.666686 
   0.0000000000    -46.000    290.000   0.915869    0.000798   0.082707   0.000626   0.916667   3.666669 
   0.0000000000    -45.000    290.000   0.915872    0.000791   0.082703   0.000634   0.916663   3.666652 
   0.0000000000    -44.000    290.000   0.915874    0.000785   0.082700   0.000641   0.916659   3.666634 
   0.0000000000    -43.000    290.000   0.915876    0.000778   0.082697   0.000649   0.916654   3.666616 
   0.0000000000    -42.000    290.000   0.915878    0.000771   0.082695   0.000656   0.916649   3.666596 
   0.0000000000    -41.000    290.000   0.915879    0.000765   0.082692   0.000664   0.916644   3.666576 
   0.0000000000    -40.000    290.000   0.915881    0.000758   0.082689   0.000672   0.916639   3.666555 
   0.0000000000    -39.000    290.000   0.915882    0.000751   0.082687   0.000680   0.916633   3.666533 
   0.0000000000    -38.000    290.000   0.915883    0.000745   0.082685   0.000687   0.916628   3.666511 
   0.0000000000    -37.000    290.000   0.915884    0.000738   0.082683   0.000695   0.916622   3.666487 
   0.0000000000    -36.000    290.000   0.915884    0.000731   0.082681   0.000703   0.916616   3.666463 
   0.0000000000    -35.000    290.000   0.915885    0.000725   0.082679   0.000711   0.916609   3.666437 
   0.0000000000    -34.000    290.000   0.915885    0.000718   0.082678   0.000719   0.916603   3.666411 
   0.0000000000    -33.000    290.000   0.915884    0.000712   0.082677   0.000727   0.916596   3.666384 
   0.0000000000    -32.000    290.000   0.915884    0.000705   0.082676   0.000735   0.916589   3.666355 
   0.0000000000    -31.000    290.000   0.915883    0.000698   0.082675   0.000743   0.916581   3.666326 
   0.0000000000    -30.000    290.000   0.915882    0.000692   0.082675   0.000752   0.916574   3.666295 
   0.0000000000    -29.000    290.000   0.915880    0.000685   0.082674   0.000760   0.916566   3.666263 
   0.0000000000    -28.000    290.000   0.915879    0.000679   0.082674   0.000768   0.916558   3.666230 
   0.0000000000    -27.000    290.000   0.915877    0.000672   0.082675   0.000776   0.916549   3.666196 
   0.0000000000    -26.000    290.000   0.915874    0.000666   0.082675   0.000785   0.916540   3.666161 
   0.0000000000    -25.000    290.000   0.915871    0.000660   0.082676   0.000793   0.916531   3.666124 
   0.0000000000    -24.000    290.000   0.915868    0.000653   0.082677   0.000802   0.916521   3.666086 
   0.0000000000    -23.000    290.000   0.915865    0.000647   0.082678   0.000810   0.916512   3.666046 
   0.0000000000    -22.000    290.000   0.915861    0.000641   0.082680   0.000818   0.916501   3.666005 
   0.0000000000    -21.000    290.000   0.915857    0.000634   0.082682   0.000827   0.916491   3.665963 
   0.0000000000    -20.000    290.000   0.915852    0.000628   0.082685   0.000836   0.916480   3.665919 
   0.0000000000    -19.000    290.000   0.915847    0.000622   0.082687   0.000844   0.916468   3.665874 
   0.0000000000    -18.000    290.000   0.915841    0.000616   0.082690   0.000853   0.916457   3.665827 
   0.0000000000    -17.000    290.000   0.915835    0.000609   0.082694   0.000862   0.916445   3.665778 
   0.0000000000    -16.000    290.000   0.915829    0.000603   0.082698   0.000870   0.916432   3.665728 
   0.0000000000    -15.000    290.000   0.915822    0.000597   0.082702   0.000879   0.916419   3.665676 
   0.0000000000    -14.000    290.000   0.915815    0.000591   0.082706   0.000888   0.916406   3.665623 
   0.0000000000    -13.000    290.000   0.915807    0.000585   0.082711   0.000897   0.916392   3.665567 
   0.0000000000    -12.000    290.000   0.915798    0.000579   0.082717   0.000906   0.916377   3.665510 
   0.0000000000    -11.000    290.000   0.915789    0.000573   0.082723   0.000915   0.916363   3.665451 
   0.0000000000    -10.000    290.000   0.915780    0.000567   0.082729   0.000924   0.916347   3.665390 
   0.0000000000     -9.000    290.000   0.915770    0.000562   0.082736   0.000933   0.916332   3.665326 
   0.0000000000     -8.000    290.000   0.915760    0.000556   0.082743   0.000942   0.916315   3.665261 
   0.0000000000     -7.000    290.000   0.915749    0.000550   0.082750   0.000951   0.916299   3.665194 
   0.0000000000     -6.000    290.000   0.915737    0.000544   0.082759   0.000960   0.916281   3.665125 
   0.0000000000     -5.000    290.000   0.915725    0.000539   0.082767   0.000969   0.916263   3.665053 
   0.0000000000     -4.000    290.000   0.915712    0.000533   0.082777   0.000979   0.916245   3.664979 
   0.0000000000     -3.000    290.000   0.915698    0.000527   0.082786   0.000988   0.916226   3.664903 
   0.0000000000     -2.000    290.000   0.915684    0.000522   0.082797   0.000997   0.916206   3.664824 
   0.0000000000     -1.000    290.000   0.915669    0.000516   0.082807   0.001007   0.916186   3.664743 
   0.0000000000      0.000    290.000   0.915654    0.000511   0.082819   0.001016   0.916165   3.664660 
   0.0000000000      1.000    290.000   0.915638    0.000506   0.082831   0.001026   0.916144   3.664574 
   0.0000000000      2.000    290.000   0.915621    0.000500   0.082843   0.001035   0.916121   3.664486 
   0.0000000000      3.000    290.000   0.915604    0.000495   0.082857   0.001045   0.916099   3.664394 
   0.0000000000      4.000    290.000   0.915586    0.000490   0.082871   0.001054   0.916075   3.664301 
   0.0000000000      5.000    290.000   0.915567    0.000484   0.082885   0.001064   0.916051   3.664204 
   0.0000000000      6.000    290.000   0.915547    0.000479   0.082900   0.001074   0.916026   3.664105 
   0.0000000000      7.000    290.000   0.915526    0.000474   0.082916   0.001083   0.916001   3.664002 
   0.0000000000      8.000    290.000   0.915505    0.000469   0.082933   0.001093   0.915974   3.663897 
   0.0000000000      9.000    290.000   0.915483    0.000464   0.082950   0.001103   0.915947   3.663789 
   0.0000000000     10.000    290.000   0.915460    0.000459   0.082968   0.001113   0.915919   3.663677 
   0.0000000000     11.000    290.000   0.915437    0.000454   0.082987   0.001123   0.915891   3.663563 
   0.0000000000     12.000    290.000   0.915412    0.000449   0.083006   0.001133   0.915861   3.663445 
   0.0000000000     13.000    290.000   0.915387    0.000444   0.083026   0.001143   0.915831   3.663324 
   0.0000000000     14.000    290.000   0.915360    0.000440   0.083047   0.001153   0.915800   3.663200 
   0.0000000000     15.000    290.000   0.915333    0.000435   0.083069   0.001163   0.915768   3.663072 
   0.0000000000     16.000    290.000   0.915305    0.000430   0.083092   0.001173   0.915735   3.662941 
   0.0000000000     17.000    290.000   0.915276    0.000425   0.083115   0.001183   0.915702   3.662807 
   0.0000000000     18.000    290.000   0.915246    0.000421   0.083140   0.001193   0.915667   3.662668 
   0.0000000000     19.000    290.000   0.915215    0.000416   0.083165   0.001203   0.915632   3.662526 
   0.0000000000     20.000    290.000   0.915183    0.000412   0.083191   0.001214   0.915595   3.662381 
   0.0000000000     21.000    290.000   0.915151    0.000407   0.083218   0.001224   0.915558   3.662231 
   0.0000000000     22.000    290.000   0.915117    0.000403   0.083246   0.001235   0.915519   3.662078 
   0.0000000000     23.000    290.000   0.915082    0.000398   0.083275   0.001245   0.915480   3.661920 
   0.0000000000     24.000    290.000   0.915046    0.000394   0.083305   0.001256   0.915440   3.661759 
   0.0000000000     25.000    290.000   0.915009    0.000390   0.083336   0.001266   0.915398   3.661593 
   0.0000000000     26.000    290.000   0.914971    0.000385   0.083367   0.001277   0.915356   3.661424 
   0.0000000000     27.000    290.000   0.914931    0.000381   0.083400   0.001287   0.915312   3.661250 
   0.0000000000     28.000    290.000   0.914891    0.000377   0.083434   0.001298   0.915268   3.661071 
   0.0000000000     29.000    290.000   0.914849    0.000373   0.083469   0.001309   0.915222   3.660889 
   0.0000000000     30.000    290.000   0.914807    0.000369   0.083505   0.001320   0.915175   3.660701 
   0.0000000000     31.000    290.000   0.914763    0.000365   0.083542   0.001330   0.915127   3.660510 
   0.0000000000     32.000    290.000   0.914718    0.000361   0.083580   0.001341   0.915078   3.660313 
   0.0000000000     33.000    290.000   0.914671    0.000357   0.083620   0.001352   0.915028   3.660112 
   0.0000000000     34.000    290.000   0.914624    0.000353   0.083660   0.001363   0.914976   3.659906 
   0.0000000000     35.000    290.000   0.914575    0.000349   0.083702   0.001374   0.914924   3.659695 
   0.0000000000     36.000    290.000   0.914525    0.000345   0.083745   0.001385   0.914870   3.659479 
   0.0000000000     37.000    290.000   0.914473    0.000341   0.083789   0.001397   0.914815   3.659258 
   0.0000000000     38.000    290.000   0.914421    0.000337   0.083834   0.001408   0.914758   3.659032 
   0.0000000000     39.000    290.000   0.914367    0.000334   0.083881   0.001419   0.914700   3.658801 
   0.0000000000     40.000    290.000   0.914311    0.000330   0.083929   0.001430   0.914641   3.658564 
   0.0000000000     41.000    290.000   0.914254    0.000326   0.083978   0.001442   0.914581   3.658322 
   0.0000000000     42.000    290.000   0.914196    0.000323   0.084028   0.001453   0.914519   3.658075 
   0.0000000000     43.000    290.000   0.914136    0.000319   0.084080   0.001465   0.914455   3.657821 
   0.0000000000     44.000    290.000   0.914075    0.000316   0.084133   0.001476   0.914391   3.657563 
   0.0000000000     45.000    290.000   0.914012    0.000312   0.084188   0.001488   0.914325   3.657298 
   0.0000000000     46.000    290.000   0.913948    0.000309   0.084244   0.001499   0.914257   3.657028 
   0.0000000000     47.000    290.000   0.913883    0.000305   0.084301   0.001511   0.914188   3.656751 
   0.0000000000     48.000    290.000   0.913815    0.000302   0.084360   0.001523   0.914117   3.656469 
   0.0000000000     49.000    290.000   0.913747    0.000298   0.084420   0.001535   0.914045   3.656181 
   0.0000000000     50.000    290.000   0.913676    0.000295   0.084482   0.001547   0.913972   3.655886 
   0.0000000000     51.000    290.000   0.913604    0.000292   0.084545   0.001558   0.913896   3.655585 
   0.0000000000     52.000    290.000   0.913531    0.000289   0.084610   0.001570   0.913819   3.655278 
   0.0000000000     53.000    290.000   0.913456    0.000285   0.084677   0.001583   0.913741   3.654964 
   0.0000000000     54.000    290.000   0.913379    0.000282   0.084744   0.001595   0.913661   3.654643 
   0.0000000000     55.000    290.000   0.913300    0.000279   0.084814   0.001607   0.913579   3.654316 
   0.0000000000     56.000    290.000   0.913220    0.000276   0.084885   0.001619   0.913496   3.653982 
   0.0000000000     57.000    290.000   0.913137    0.000273   0.084958   0.001631   0.913410   3.653642 
   0.0000000000     58.000    290.000   0.913054    0.000270   0.085033   0.001644   0.913323   3.653294 
   0.0000000000     59.000    290.000   0.912968    0.000267   0.085109   0.001656   0.913235   3.652939 
   0.0000000000     60.000    290.000   0.912880    0.000264   0.085187   0.001669   0.913144   3.652577 
   0.0000000000     61.000    290.000   0.912791    0.000261   0.085267   0.001681   0.913052   3.652208 
   0.0000000000     62.000    290.000   0.912700    0.000258   0.085348   0.001694   0.912958   3.651831 
   0.0000000000     63.000    290.000   0.912607    0.000255   0.085432   0.001707   0.912862   3.651447 
   0.0000000000     64.000    290.000   0.912511    0.000252   0.085517   0.001720   0.912764   3.651055 
   0.0000000000     65.000    290.000   0.912414    0.000250   0.085604   0.001732   0.912664   3.650656 
   0.0000000000     66.000    290.000   0.912315    0.000247   0.085693   0.001745   0.912562   3.650248 
   0.0000000000     67.000    290.000   0.912214    0.000244   0.085783   0.001758   0.912458   3.649833 
   0.0000000000     68.000    290.000   0.912111    0.000241   0.085876   0.001771   0.912353   3.649410 
   0.0000000000     69.000    290.000   0.912006    0.000239   0.085971   0.001785   0.912245   3.648979 
   0.0000000000     70.000    290.000   0.911899    0.000236   0.086067   0.001798   0.912135   3.648539 
   0.0000000000     71.000    290.000   0.911790    0.000233   0.086166   0.001811   0.912023   3.648092 
   0.0000000000     72.000    290.000   0.911678    0.000231   0.086267   0.001825   0.911909   3.647635 
   0.0000000000     73.000    290.000   0.911565    0.000228   0.086369   0.001838   0.911793   3.647171 
   0.0000000000     74.000    290.000   0.911449    0.000225   0.086474   0.001852   0.911674   3.646697 
   0.0000000000     75.000    290.000   0.911331    0.000223   0.086581   0.001865   0.911554   3.646215 
   0.0000000000     76.000    290.000   0.911211    0.000220   0.086690   0.001879   0.911431   3.645724 
   0.0000000000     77.000    290.000   0.911088    0.000218   0.086801   0.001893   0.911306   3.645224 
   0.0000000000     78.000    290.000   0.910963    0.000216   0.086915   0.001907   0.911179   3.644715 
   0.0000000000     79.000    290.000   0.910836    0.000213   0.087030   0.001921   0.911049   3.644196 
   0.0000000000     80.000    290.000   0.910706    0.000211   0.087148   0.001935   0.910917   3.643669 
   0.0000000000     81.000    290.000   0.910574    0.000208   0.087268   0.001949   0.910783   3.643131 
   0.0000000000     82.000    290.000   0.910440    0.000206   0.087391   0.001963   0.910646   3.642585 
   0.0000000000     83.000    290.000   0.910303    0.000204   0.087516   0.001977   0.910507   3.642028 
   0.0000000000     84.000    290.000   0.910164    0.000201   0.087643   0.001992   0.910365   3.641462 
   0.0000000000     85.000    290.000   0.910022    0.000199   0.087772   0.002006   0.910221   3.640886 
   0.0000000000     86.000    290.000   0.909878    0.000197   0.087904   0.002021   0.910075   3.640300 
   0.0000000000     87.000    290.000   0.909731    0.000195   0.088039   0.002035   0.909926   3.639703 
   0.0000000000     88.000    290.000   0.909582    0.000192   0.088176   0.002050   0.909774   3.639096 
   0.0000000000     89.000    290.000   0.909430    0.000190   0.088315   0.002065   0.909620   3.638479 
   0.0000000000     90.000    290.000   0.909275    0.000188   0.088457   0.002080   0.909463   3.637852 
   0.0000000000     91.000    290.000   0.909117    0.000186   0.088602   0.002095   0.909303   3.637214 
   0.0000000000     92.000    290.000   0.908957    0.000184   0.088749   0.002110   0.909141   3.636564 
   0.0000000000     93.000    290.000   0.908794    0.000182   0.088898   0.002126   0.908976   3.635904 
   0.0000000000     94.000    290.000   0.908629    0.000180   0.089051   0.002141   0.908808   3.635233 
   0.0000000000     95.000    290.000   0.908460    0.000178   0.089206   0.002156   0.908638   3.634551 
   0.0000000000     96.000    290.000   0.908289    0.000176   0.089364   0.002172   0.908464   3.633858 
   0.0000000000     97.000    290.000   0.908114    0.000174   0.089524   0.002188   0.908288   3.633153 
   0.0000000000     98.000    290.000   0.907937    0.000172   0.089687   0.002203   0.908109   3.632436 
   0.0000000000     99.000    290.000   0.907757    0.000170   0.089854   0.002219   0.907927   3.631708 
   0.0000000000    100.000    290.000   0.907574    0.000168   0.090023   0.002235   0.907742   3.630968 
   0.0000000000    101.000    290.000   0.907388    0.000166   0.090194   0.002251   0.907554   3.630216 
   0.0000000000    102.000    290.000   0.907199    0.000164   0.090369   0.002268   0.907363   3.629452 
   0.0000000000    103.000    290.000   0.907007    0.000162   0.090547   0.002284   0.907169   3.628676 
   0.0000000000    104.000    290.000   0.906811    0.000160   0.090728   0.002301   0.906972   3.627888 
   0.0000000000    105.000    290.000   0.906613    0.000159   0.090911   0.002317   0.906772   3.627087 
   0.0000000000    106.000    290.000   0.906411    0.000157   0.091098   0.002334   0.906568   3.626273 
   0.0000000000    107.000    290.000   0.906207    0.000155   0.091288   0.002351   0.906362   3.625446 
   0.0000000000    108.000    290.000   0.905999    0.000153   0.091481   0.002368   0.906152   3.624607 
   0.0000000000    109.000    290.000   0.905787    0.000151   0.091677   0.002385   0.905939   3.623755 
   0.0000000000    110.000    290.000   0.905572    0.000150   0.091876   0.002402   0.905722   3.622889 
   0.0000000000    111.000    290.000   0.905354    0.000148   0.092078   0.002419   0.905502   3.622010 
   0.0000000000    112.000    290.000   0.905133    0.000146   0.092284   0.002437   0.905279   3.621118 
   0.0000000000    113.000    290.000   0.904908    0.000145   0.092493   0.002454   0.905053   3.620211 
   0.0000000000    114.000    290.000   0.904680    0.000143   0.092705   0.002472   0.904823   3.619292 
   0.0000000000    115.000    290.000   0.904448    0.000141   0.092921   0.002490   0.904589   3.618358 
   0.0000000000    116.000    290.000   0.904213    0.000140   0.093140   0.002508   0.904353   3.617410 
   0.0000000000    117.000    290.000   0.903974    0.000138   0.093362   0.002526   0.904112   3.616448 
   0.0000000000    118.000    290.000   0.903731    0.000137   0.093588   0.002544   0.903868   3.615472 
   0.0000000000    119.000    290.000   0.903485    0.000135   0.093817   0.002563   0.903620   3.614481 
   0.0000000000    120.000    290.000   0.903235    0.000133   0.094050   0.002581   0.903369   3.613475 
   0.0000000000    121.000    290.000   0.902982    0.000132   0.094286   0.002600   0.903114   3.612455 
   0.0000000000    122.000    290.000   0.902725    0.000130   0.094526   0.002619   0.902855   3.611419 
   0.0000000000    123.000    290.000   0.902463    0.000129   0.094770   0.002638   0.902592   3.610369 
   0.0000000000    124.000    290.000   0.902198    0.000127   0.095017   0.002657   0.902326   3.609303 
   0.0000000000    125.000    290.000   0.901930    0.000126   0.095268   0.002676   0.902055   3.608222 
   0.0000000000    126.000    290.000   0.901657    0.000124   0.095523   0.002696   0.901781   3.607125 
