#solute size.    Temp(C) Press(Mpa)        fHB          fS        fLJ         fO        xHB        nHB 
   0.0000000000   -173.000    210.000   0.002694    0.997061   0.000245   0.000000   0.999755   3.999020 
   0.0000000000   -172.000    210.000   0.003085    0.996635   0.000280   0.000000   0.999720   3.998878 
   0.0000000000   -171.000    210.000   0.003525    0.996155   0.000320   0.000000   0.999680   3.998718 
   0.0000000000   -170.000    210.000   0.004019    0.995615   0.000365   0.000000   0.999635   3.998538 
   0.0000000000   -169.000    210.000   0.004575    0.995009   0.000416   0.000000   0.999584   3.998336 
   0.0000000000   -168.000    210.000   0.005199    0.994328   0.000473   0.000000   0.999527   3.998109 
   0.0000000000   -167.000    210.000   0.005898    0.993565   0.000536   0.000000   0.999464   3.997855 
   0.0000000000   -166.000    210.000   0.006681    0.992712   0.000607   0.000000   0.999393   3.997571 
   0.0000000000   -165.000    210.000   0.007555    0.991758   0.000687   0.000000   0.999313   3.997253 
   0.0000000000   -164.000    210.000   0.008532    0.990692   0.000776   0.000000   0.999224   3.996897 
   0.0000000000   -163.000    210.000   0.009622    0.989503   0.000875   0.000000   0.999125   3.996501 
   0.0000000000   -162.000    210.000   0.010837    0.988178   0.000985   0.000000   0.999015   3.996059 
   0.0000000000   -161.000    210.000   0.012191    0.986701   0.001108   0.000000   0.998892   3.995567 
   0.0000000000   -160.000    210.000   0.013698    0.985057   0.001245   0.000000   0.998755   3.995019 
   0.0000000000   -159.000    210.000   0.015375    0.983227   0.001398   0.000000   0.998602   3.994409 
   0.0000000000   -158.000    210.000   0.017241    0.981192   0.001567   0.000000   0.998433   3.993731 
   0.0000000000   -157.000    210.000   0.019315    0.978929   0.001756   0.000000   0.998244   3.992976 
   0.0000000000   -156.000    210.000   0.021624    0.976410   0.001966   0.000000   0.998034   3.992137 
   0.0000000000   -155.000    210.000   0.024191    0.973610   0.002199   0.000000   0.997801   3.991203 
   0.0000000000   -154.000    210.000   0.027046    0.970496   0.002459   0.000000   0.997541   3.990165 
   0.0000000000   -153.000    210.000   0.030223    0.967030   0.002747   0.000000   0.997252   3.989010 
   0.0000000000   -152.000    210.000   0.033761    0.963170   0.003069   0.000000   0.996931   3.987723 
   0.0000000000   -151.000    210.000   0.037704    0.958868   0.003428   0.000000   0.996572   3.986289 
   0.0000000000   -150.000    210.000   0.042109    0.954063   0.003828   0.000000   0.996172   3.984688 
   0.0000000000   -149.000    210.000   0.047030    0.948695   0.004275   0.000000   0.995725   3.982898 
   0.0000000000   -148.000    210.000   0.052542    0.942681   0.004777   0.000000   0.995223   3.980894 
   0.0000000000   -147.000    210.000   0.058732    0.935929   0.005339   0.000000   0.994661   3.978643 
   0.0000000000   -146.000    210.000   0.065715    0.928311   0.005974   0.000000   0.994026   3.976104 
   0.0000000000   -145.000    210.000   0.073610    0.919698   0.006692   0.000000   0.993308   3.973233 
   0.0000000000   -144.000    210.000   0.082602    0.909889   0.007509   0.000000   0.992491   3.969963 
   0.0000000000   -143.000    210.000   0.092895    0.898660   0.008445   0.000000   0.991555   3.966220 
   0.0000000000   -142.000    210.000   0.104815    0.885656   0.009528   0.000000   0.990471   3.961885 
   0.0000000000   -141.000    210.000   0.118783    0.870418   0.010798   0.000000   0.989202   3.956806 
   0.0000000000   -140.000    210.000   0.135461    0.852224   0.012314   0.000000   0.987685   3.950741 
   0.0000000000   -139.000    210.000   0.155992    0.829827   0.014181   0.000000   0.985819   3.943276 
   0.0000000000   -138.000    210.000   0.182596    0.800804   0.016599   0.000000   0.983400   3.933601 
   0.0000000000   -137.000    210.000   0.221430    0.758440   0.020129   0.000001   0.979870   3.919480 
   0.0000000000   -136.000    210.000   0.874871    0.045596   0.079516   0.000018   0.920466   3.681865 
   0.0000000000   -135.000    210.000   0.876068    0.044289   0.079624   0.000019   0.920357   3.681430 
   0.0000000000   -134.000    210.000   0.877218    0.043035   0.079727   0.000020   0.920253   3.681012 
   0.0000000000   -133.000    210.000   0.878304    0.041850   0.079825   0.000021   0.920154   3.680616 
   0.0000000000   -132.000    210.000   0.879347    0.040712   0.079919   0.000021   0.920059   3.680237 
   0.0000000000   -131.000    210.000   0.880342    0.039627   0.080009   0.000022   0.919969   3.679875 
   0.0000000000   -130.000    210.000   0.881299    0.038583   0.080095   0.000023   0.919882   3.679527 
   0.0000000000   -129.000    210.000   0.882217    0.037581   0.080177   0.000024   0.919798   3.679193 
   0.0000000000   -128.000    210.000   0.883100    0.036619   0.080256   0.000025   0.919718   3.678872 
   0.0000000000   -127.000    210.000   0.883953    0.035688   0.080333   0.000026   0.919641   3.678562 
   0.0000000000   -126.000    210.000   0.884771    0.034795   0.080406   0.000028   0.919566   3.678264 
   0.0000000000   -125.000    210.000   0.885560    0.033934   0.080477   0.000029   0.919494   3.677977 
   0.0000000000   -124.000    210.000   0.886327    0.033098   0.080546   0.000030   0.919425   3.677699 
   0.0000000000   -123.000    210.000   0.887067    0.032290   0.080612   0.000031   0.919357   3.677429 
   0.0000000000   -122.000    210.000   0.887781    0.031512   0.080676   0.000032   0.919292   3.677170 
   0.0000000000   -121.000    210.000   0.888475    0.030755   0.080737   0.000033   0.919229   3.676917 
   0.0000000000   -120.000    210.000   0.889144    0.030025   0.080797   0.000034   0.919168   3.676674 
   0.0000000000   -119.000    210.000   0.889796    0.029313   0.080855   0.000036   0.919109   3.676436 
   0.0000000000   -118.000    210.000   0.890429    0.028623   0.080911   0.000037   0.919052   3.676206 
   0.0000000000   -117.000    210.000   0.891043    0.027953   0.080966   0.000038   0.918996   3.675983 
   0.0000000000   -116.000    210.000   0.891637    0.027305   0.081019   0.000040   0.918942   3.675767 
   0.0000000000   -115.000    210.000   0.892217    0.026672   0.081070   0.000041   0.918889   3.675555 
   0.0000000000   -114.000    210.000   0.892780    0.026057   0.081120   0.000042   0.918838   3.675350 
   0.0000000000   -113.000    210.000   0.893329    0.025459   0.081169   0.000044   0.918788   3.675150 
   0.0000000000   -112.000    210.000   0.893862    0.024877   0.081216   0.000045   0.918739   3.674956 
   0.0000000000   -111.000    210.000   0.894379    0.024313   0.081261   0.000047   0.918692   3.674768 
   0.0000000000   -110.000    210.000   0.894885    0.023761   0.081306   0.000048   0.918646   3.674583 
   0.0000000000   -109.000    210.000   0.895378    0.023223   0.081349   0.000050   0.918601   3.674404 
   0.0000000000   -108.000    210.000   0.895858    0.022699   0.081392   0.000051   0.918557   3.674229 
   0.0000000000   -107.000    210.000   0.896325    0.022189   0.081433   0.000053   0.918515   3.674058 
   0.0000000000   -106.000    210.000   0.896781    0.021692   0.081473   0.000054   0.918473   3.673892 
   0.0000000000   -105.000    210.000   0.897226    0.021207   0.081511   0.000056   0.918432   3.673730 
   0.0000000000   -104.000    210.000   0.897658    0.020735   0.081549   0.000058   0.918393   3.673572 
   0.0000000000   -103.000    210.000   0.898081    0.020274   0.081586   0.000060   0.918354   3.673418 
   0.0000000000   -102.000    210.000   0.898493    0.019824   0.081622   0.000061   0.918317   3.673267 
   0.0000000000   -101.000    210.000   0.898896    0.019384   0.081657   0.000063   0.918280   3.673120 
   0.0000000000   -100.000    210.000   0.899288    0.018955   0.081691   0.000065   0.918244   3.672976 
   0.0000000000    -99.000    210.000   0.899672    0.018537   0.081724   0.000067   0.918209   3.672835 
   0.0000000000    -98.000    210.000   0.900046    0.018129   0.081757   0.000069   0.918175   3.672698 
   0.0000000000    -97.000    210.000   0.900411    0.017730   0.081789   0.000070   0.918141   3.672564 
   0.0000000000    -96.000    210.000   0.900768    0.017340   0.081819   0.000072   0.918108   3.672433 
   0.0000000000    -95.000    210.000   0.901116    0.016960   0.081849   0.000074   0.918076   3.672305 
   0.0000000000    -94.000    210.000   0.901455    0.016590   0.081879   0.000076   0.918045   3.672180 
   0.0000000000    -93.000    210.000   0.901787    0.016227   0.081907   0.000078   0.918015   3.672058 
   0.0000000000    -92.000    210.000   0.902112    0.015873   0.081935   0.000080   0.917985   3.671938 
   0.0000000000    -91.000    210.000   0.902429    0.015527   0.081962   0.000082   0.917955   3.671821 
   0.0000000000    -90.000    210.000   0.902738    0.015188   0.081989   0.000085   0.917927   3.671707 
   0.0000000000    -89.000    210.000   0.903041    0.014858   0.082015   0.000087   0.917899   3.671595 
   0.0000000000    -88.000    210.000   0.903336    0.014535   0.082040   0.000089   0.917871   3.671485 
   0.0000000000    -87.000    210.000   0.903625    0.014220   0.082064   0.000091   0.917844   3.671378 
   0.0000000000    -86.000    210.000   0.903907    0.013912   0.082088   0.000093   0.917818   3.671272 
   0.0000000000    -85.000    210.000   0.904182    0.013610   0.082112   0.000096   0.917792   3.671169 
   0.0000000000    -84.000    210.000   0.904451    0.013316   0.082135   0.000098   0.917767   3.671069 
   0.0000000000    -83.000    210.000   0.904714    0.013029   0.082157   0.000100   0.917742   3.670970 
   0.0000000000    -82.000    210.000   0.904971    0.012747   0.082179   0.000103   0.917718   3.670873 
   0.0000000000    -81.000    210.000   0.905222    0.012473   0.082200   0.000105   0.917694   3.670778 
   0.0000000000    -80.000    210.000   0.905467    0.012204   0.082221   0.000108   0.917671   3.670685 
   0.0000000000    -79.000    210.000   0.905706    0.011942   0.082241   0.000110   0.917648   3.670594 
   0.0000000000    -78.000    210.000   0.905941    0.011685   0.082261   0.000113   0.917626   3.670504 
   0.0000000000    -77.000    210.000   0.906169    0.011435   0.082281   0.000115   0.917604   3.670416 
   0.0000000000    -76.000    210.000   0.906392    0.011190   0.082300   0.000118   0.917582   3.670330 
   0.0000000000    -75.000    210.000   0.906611    0.010951   0.082318   0.000120   0.917561   3.670245 
   0.0000000000    -74.000    210.000   0.906824    0.010716   0.082336   0.000123   0.917540   3.670162 
   0.0000000000    -73.000    210.000   0.907032    0.010488   0.082354   0.000126   0.917520   3.670080 
   0.0000000000    -72.000    210.000   0.907236    0.010264   0.082372   0.000129   0.917500   3.670000 
   0.0000000000    -71.000    210.000   0.907435    0.010045   0.082389   0.000131   0.917480   3.669920 
   0.0000000000    -70.000    210.000   0.907629    0.009831   0.082405   0.000134   0.917461   3.669843 
   0.0000000000    -69.000    210.000   0.907819    0.009622   0.082422   0.000137   0.917441   3.669766 
   0.0000000000    -68.000    210.000   0.908005    0.009418   0.082438   0.000140   0.917423   3.669690 
   0.0000000000    -67.000    210.000   0.908186    0.009218   0.082453   0.000143   0.917404   3.669616 
   0.0000000000    -66.000    210.000   0.908363    0.009023   0.082469   0.000146   0.917386   3.669543 
   0.0000000000    -65.000    210.000   0.908535    0.008832   0.082484   0.000149   0.917368   3.669470 
   0.0000000000    -64.000    210.000   0.908704    0.008645   0.082499   0.000152   0.917350   3.669399 
   0.0000000000    -63.000    210.000   0.908869    0.008463   0.082513   0.000155   0.917332   3.669328 
   0.0000000000    -62.000    210.000   0.909030    0.008285   0.082528   0.000158   0.917315   3.669258 
   0.0000000000    -61.000    210.000   0.909187    0.008110   0.082542   0.000161   0.917297   3.669190 
   0.0000000000    -60.000    210.000   0.909340    0.007940   0.082556   0.000164   0.917280   3.669121 
   0.0000000000    -59.000    210.000   0.909490    0.007773   0.082569   0.000167   0.917263   3.669054 
   0.0000000000    -58.000    210.000   0.909636    0.007610   0.082583   0.000170   0.917247   3.668987 
   0.0000000000    -57.000    210.000   0.909779    0.007451   0.082596   0.000174   0.917230   3.668920 
   0.0000000000    -56.000    210.000   0.909918    0.007295   0.082609   0.000177   0.917214   3.668855 
   0.0000000000    -55.000    210.000   0.910054    0.007143   0.082622   0.000180   0.917197   3.668789 
   0.0000000000    -54.000    210.000   0.910187    0.006994   0.082635   0.000184   0.917181   3.668724 
   0.0000000000    -53.000    210.000   0.910316    0.006849   0.082648   0.000187   0.917165   3.668660 
   0.0000000000    -52.000    210.000   0.910442    0.006706   0.082661   0.000191   0.917149   3.668595 
   0.0000000000    -51.000    210.000   0.910566    0.006567   0.082673   0.000194   0.917133   3.668531 
   0.0000000000    -50.000    210.000   0.910686    0.006431   0.082686   0.000198   0.917117   3.668467 
   0.0000000000    -49.000    210.000   0.910803    0.006298   0.082698   0.000201   0.917101   3.668403 
   0.0000000000    -48.000    210.000   0.910917    0.006168   0.082710   0.000205   0.917085   3.668340 
   0.0000000000    -47.000    210.000   0.911028    0.006041   0.082723   0.000208   0.917069   3.668276 
   0.0000000000    -46.000    210.000   0.911136    0.005917   0.082735   0.000212   0.917053   3.668212 
   0.0000000000    -45.000    210.000   0.911242    0.005795   0.082747   0.000216   0.917037   3.668148 
   0.0000000000    -44.000    210.000   0.911345    0.005676   0.082759   0.000220   0.917021   3.668084 
   0.0000000000    -43.000    210.000   0.911445    0.005560   0.082772   0.000223   0.917005   3.668020 
   0.0000000000    -42.000    210.000   0.911542    0.005447   0.082784   0.000227   0.916989   3.667955 
   0.0000000000    -41.000    210.000   0.911637    0.005335   0.082796   0.000231   0.916973   3.667891 
   0.0000000000    -40.000    210.000   0.911730    0.005227   0.082809   0.000235   0.916956   3.667825 
   0.0000000000    -39.000    210.000   0.911819    0.005120   0.082821   0.000239   0.916940   3.667760 
   0.0000000000    -38.000    210.000   0.911907    0.005017   0.082834   0.000243   0.916923   3.667694 
   0.0000000000    -37.000    210.000   0.911992    0.004915   0.082846   0.000247   0.916907   3.667627 
   0.0000000000    -36.000    210.000   0.912074    0.004816   0.082859   0.000251   0.916890   3.667560 
   0.0000000000    -35.000    210.000   0.912155    0.004718   0.082872   0.000255   0.916873   3.667492 
   0.0000000000    -34.000    210.000   0.912232    0.004623   0.082885   0.000259   0.916856   3.667423 
   0.0000000000    -33.000    210.000   0.912308    0.004530   0.082898   0.000263   0.916838   3.667354 
   0.0000000000    -32.000    210.000   0.912381    0.004439   0.082912   0.000268   0.916821   3.667283 
   0.0000000000    -31.000    210.000   0.912452    0.004350   0.082925   0.000272   0.916803   3.667212 
   0.0000000000    -30.000    210.000   0.912521    0.004263   0.082939   0.000276   0.916785   3.667140 
   0.0000000000    -29.000    210.000   0.912588    0.004178   0.082953   0.000280   0.916767   3.667066 
   0.0000000000    -28.000    210.000   0.912653    0.004095   0.082967   0.000285   0.916748   3.666992 
   0.0000000000    -27.000    210.000   0.912715    0.004014   0.082982   0.000289   0.916729   3.666916 
   0.0000000000    -26.000    210.000   0.912776    0.003934   0.082997   0.000294   0.916710   3.666839 
   0.0000000000    -25.000    210.000   0.912834    0.003856   0.083012   0.000298   0.916690   3.666761 
   0.0000000000    -24.000    210.000   0.912890    0.003780   0.083027   0.000303   0.916670   3.666681 
   0.0000000000    -23.000    210.000   0.912944    0.003706   0.083043   0.000307   0.916650   3.666600 
   0.0000000000    -22.000    210.000   0.912997    0.003633   0.083059   0.000312   0.916629   3.666518 
   0.0000000000    -21.000    210.000   0.913047    0.003561   0.083075   0.000316   0.916608   3.666434 
   0.0000000000    -20.000    210.000   0.913095    0.003492   0.083092   0.000321   0.916587   3.666348 
   0.0000000000    -19.000    210.000   0.913142    0.003423   0.083109   0.000326   0.916565   3.666261 
   0.0000000000    -18.000    210.000   0.913186    0.003357   0.083127   0.000331   0.916543   3.666172 
   0.0000000000    -17.000    210.000   0.913229    0.003291   0.083144   0.000335   0.916520   3.666080 
   0.0000000000    -16.000    210.000   0.913269    0.003227   0.083163   0.000340   0.916497   3.665987 
   0.0000000000    -15.000    210.000   0.913308    0.003165   0.083182   0.000345   0.916473   3.665892 
   0.0000000000    -14.000    210.000   0.913345    0.003104   0.083201   0.000350   0.916449   3.665795 
   0.0000000000    -13.000    210.000   0.913380    0.003044   0.083221   0.000355   0.916424   3.665696 
   0.0000000000    -12.000    210.000   0.913413    0.002985   0.083241   0.000360   0.916399   3.665595 
   0.0000000000    -11.000    210.000   0.913445    0.002928   0.083262   0.000365   0.916373   3.665491 
   0.0000000000    -10.000    210.000   0.913475    0.002872   0.083284   0.000370   0.916346   3.665385 
   0.0000000000     -9.000    210.000   0.913502    0.002817   0.083306   0.000375   0.916319   3.665276 
   0.0000000000     -8.000    210.000   0.913528    0.002763   0.083328   0.000380   0.916291   3.665165 
   0.0000000000     -7.000    210.000   0.913552    0.002710   0.083351   0.000386   0.916263   3.665052 
   0.0000000000     -6.000    210.000   0.913575    0.002659   0.083375   0.000391   0.916234   3.664935 
   0.0000000000     -5.000    210.000   0.913596    0.002609   0.083400   0.000396   0.916204   3.664816 
   0.0000000000     -4.000    210.000   0.913614    0.002559   0.083425   0.000401   0.916174   3.664695 
   0.0000000000     -3.000    210.000   0.913632    0.002511   0.083451   0.000407   0.916142   3.664570 
   0.0000000000     -2.000    210.000   0.913647    0.002464   0.083477   0.000412   0.916110   3.664442 
   0.0000000000     -1.000    210.000   0.913660    0.002417   0.083505   0.000418   0.916078   3.664311 
   0.0000000000      0.000    210.000   0.913672    0.002372   0.083533   0.000423   0.916044   3.664177 
   0.0000000000      1.000    210.000   0.913682    0.002328   0.083561   0.000429   0.916010   3.664040 
   0.0000000000      2.000    210.000   0.913691    0.002284   0.083591   0.000434   0.915975   3.663899 
   0.0000000000      3.000    210.000   0.913697    0.002242   0.083621   0.000440   0.915939   3.663755 
   0.0000000000      4.000    210.000   0.913702    0.002200   0.083652   0.000446   0.915902   3.663608 
   0.0000000000      5.000    210.000   0.913705    0.002159   0.083685   0.000451   0.915864   3.663457 
   0.0000000000      6.000    210.000   0.913706    0.002119   0.083717   0.000457   0.915826   3.663302 
   0.0000000000      7.000    210.000   0.913706    0.002080   0.083751   0.000463   0.915786   3.663144 
   0.0000000000      8.000    210.000   0.913703    0.002042   0.083786   0.000469   0.915745   3.662981 
   0.0000000000      9.000    210.000   0.913699    0.002005   0.083822   0.000475   0.915704   3.662815 
   0.0000000000     10.000    210.000   0.913693    0.001968   0.083858   0.000480   0.915661   3.662645 
   0.0000000000     11.000    210.000   0.913686    0.001932   0.083896   0.000486   0.915618   3.662470 
   0.0000000000     12.000    210.000   0.913676    0.001897   0.083935   0.000492   0.915573   3.662292 
   0.0000000000     13.000    210.000   0.913665    0.001862   0.083974   0.000498   0.915527   3.662109 
   0.0000000000     14.000    210.000   0.913652    0.001828   0.084015   0.000505   0.915480   3.661922 
   0.0000000000     15.000    210.000   0.913637    0.001795   0.084057   0.000511   0.915433   3.661730 
   0.0000000000     16.000    210.000   0.913621    0.001763   0.084100   0.000517   0.915383   3.661534 
   0.0000000000     17.000    210.000   0.913602    0.001731   0.084144   0.000523   0.915333   3.661333 
   0.0000000000     18.000    210.000   0.913582    0.001700   0.084189   0.000529   0.915282   3.661127 
   0.0000000000     19.000    210.000   0.913560    0.001669   0.084235   0.000536   0.915229   3.660916 
   0.0000000000     20.000    210.000   0.913536    0.001639   0.084283   0.000542   0.915175   3.660701 
   0.0000000000     21.000    210.000   0.913510    0.001610   0.084331   0.000549   0.915120   3.660480 
   0.0000000000     22.000    210.000   0.913482    0.001581   0.084381   0.000555   0.915064   3.660255 
   0.0000000000     23.000    210.000   0.913453    0.001553   0.084433   0.000562   0.915006   3.660024 
   0.0000000000     24.000    210.000   0.913421    0.001526   0.084485   0.000568   0.914947   3.659787 
   0.0000000000     25.000    210.000   0.913388    0.001499   0.084539   0.000575   0.914886   3.659545 
   0.0000000000     26.000    210.000   0.913352    0.001472   0.084594   0.000581   0.914824   3.659298 
   0.0000000000     27.000    210.000   0.913315    0.001446   0.084651   0.000588   0.914761   3.659045 
   0.0000000000     28.000    210.000   0.913276    0.001421   0.084709   0.000595   0.914697   3.658786 
   0.0000000000     29.000    210.000   0.913234    0.001396   0.084768   0.000602   0.914630   3.658521 
   0.0000000000     30.000    210.000   0.913191    0.001372   0.084829   0.000608   0.914563   3.658251 
   0.0000000000     31.000    210.000   0.913146    0.001348   0.084891   0.000615   0.914493   3.657974 
   0.0000000000     32.000    210.000   0.913099    0.001324   0.084955   0.000622   0.914423   3.657691 
   0.0000000000     33.000    210.000   0.913049    0.001301   0.085020   0.000629   0.914350   3.657402 
   0.0000000000     34.000    210.000   0.912998    0.001278   0.085087   0.000636   0.914277   3.657106 
   0.0000000000     35.000    210.000   0.912945    0.001256   0.085156   0.000643   0.914201   3.656804 
   0.0000000000     36.000    210.000   0.912889    0.001235   0.085226   0.000651   0.914124   3.656495 
   0.0000000000     37.000    210.000   0.912832    0.001213   0.085297   0.000658   0.914045   3.656180 
   0.0000000000     38.000    210.000   0.912772    0.001192   0.085371   0.000665   0.913964   3.655857 
   0.0000000000     39.000    210.000   0.912710    0.001172   0.085446   0.000672   0.913882   3.655528 
   0.0000000000     40.000    210.000   0.912646    0.001152   0.085522   0.000680   0.913798   3.655191 
   0.0000000000     41.000    210.000   0.912580    0.001132   0.085601   0.000687   0.913712   3.654848 
   0.0000000000     42.000    210.000   0.912511    0.001113   0.085681   0.000695   0.913624   3.654497 
   0.0000000000     43.000    210.000   0.912441    0.001094   0.085763   0.000702   0.913535   3.654138 
   0.0000000000     44.000    210.000   0.912368    0.001075   0.085847   0.000710   0.913443   3.653772 
   0.0000000000     45.000    210.000   0.912293    0.001057   0.085933   0.000718   0.913350   3.653399 
   0.0000000000     46.000    210.000   0.912215    0.001039   0.086020   0.000725   0.913254   3.653017 
   0.0000000000     47.000    210.000   0.912136    0.001021   0.086110   0.000733   0.913157   3.652628 
   0.0000000000     48.000    210.000   0.912053    0.001004   0.086202   0.000741   0.913058   3.652231 
   0.0000000000     49.000    210.000   0.911969    0.000987   0.086295   0.000749   0.912956   3.651825 
   0.0000000000     50.000    210.000   0.911882    0.000971   0.086390   0.000757   0.912853   3.651412 
   0.0000000000     51.000    210.000   0.911793    0.000954   0.086488   0.000765   0.912747   3.650989 
   0.0000000000     52.000    210.000   0.911701    0.000938   0.086588   0.000773   0.912640   3.650559 
   0.0000000000     53.000    210.000   0.911607    0.000923   0.086689   0.000781   0.912530   3.650119 
   0.0000000000     54.000    210.000   0.911511    0.000907   0.086793   0.000789   0.912418   3.649671 
   0.0000000000     55.000    210.000   0.911411    0.000892   0.086899   0.000797   0.912304   3.649214 
   0.0000000000     56.000    210.000   0.911310    0.000877   0.087007   0.000806   0.912187   3.648748 
   0.0000000000     57.000    210.000   0.911206    0.000863   0.087118   0.000814   0.912068   3.648273 
   0.0000000000     58.000    210.000   0.911099    0.000849   0.087230   0.000822   0.911947   3.647789 
   0.0000000000     59.000    210.000   0.910989    0.000834   0.087345   0.000831   0.911824   3.647295 
   0.0000000000     60.000    210.000   0.910877    0.000821   0.087463   0.000839   0.911698   3.646791 
   0.0000000000     61.000    210.000   0.910762    0.000807   0.087582   0.000848   0.911570   3.646278 
   0.0000000000     62.000    210.000   0.910645    0.000794   0.087704   0.000857   0.911439   3.645755 
   0.0000000000     63.000    210.000   0.910525    0.000781   0.087829   0.000865   0.911306   3.645223 
   0.0000000000     64.000    210.000   0.910402    0.000768   0.087956   0.000874   0.911170   3.644680 
   0.0000000000     65.000    210.000   0.910276    0.000755   0.088085   0.000883   0.911032   3.644126 
   0.0000000000     66.000    210.000   0.910148    0.000743   0.088217   0.000892   0.910891   3.643563 
   0.0000000000     67.000    210.000   0.910016    0.000731   0.088352   0.000901   0.910747   3.642989 
   0.0000000000     68.000    210.000   0.909882    0.000719   0.088489   0.000910   0.910601   3.642404 
   0.0000000000     69.000    210.000   0.909745    0.000707   0.088628   0.000920   0.910452   3.641809 
   0.0000000000     70.000    210.000   0.909605    0.000696   0.088771   0.000929   0.910301   3.641202 
   0.0000000000     71.000    210.000   0.909462    0.000685   0.088916   0.000938   0.910146   3.640585 
   0.0000000000     72.000    210.000   0.909316    0.000673   0.089064   0.000947   0.909989   3.639956 
   0.0000000000     73.000    210.000   0.909166    0.000663   0.089214   0.000957   0.909829   3.639316 
   0.0000000000     74.000    210.000   0.909014    0.000652   0.089367   0.000967   0.909666   3.638664 
   0.0000000000     75.000    210.000   0.908859    0.000641   0.089524   0.000976   0.909500   3.638001 
   0.0000000000     76.000    210.000   0.908700    0.000631   0.089683   0.000986   0.909331   3.637326 
   0.0000000000     77.000    210.000   0.908539    0.000621   0.089845   0.000996   0.909160   3.636639 
   0.0000000000     78.000    210.000   0.908374    0.000611   0.090010   0.001006   0.908985   3.635939 
   0.0000000000     79.000    210.000   0.908206    0.000601   0.090177   0.001015   0.908807   3.635228 
   0.0000000000     80.000    210.000   0.908035    0.000591   0.090348   0.001026   0.908626   3.634504 
   0.0000000000     81.000    210.000   0.907860    0.000582   0.090522   0.001036   0.908442   3.633768 
   0.0000000000     82.000    210.000   0.907682    0.000573   0.090700   0.001046   0.908255   3.633019 
   0.0000000000     83.000    210.000   0.907501    0.000563   0.090880   0.001056   0.908064   3.632257 
   0.0000000000     84.000    210.000   0.907316    0.000554   0.091063   0.001067   0.907870   3.631481 
   0.0000000000     85.000    210.000   0.907128    0.000546   0.091250   0.001077   0.907673   3.630693 
   0.0000000000     86.000    210.000   0.906936    0.000537   0.091440   0.001088   0.907473   3.629892 
   0.0000000000     87.000    210.000   0.906741    0.000528   0.091633   0.001098   0.907269   3.629076 
   0.0000000000     88.000    210.000   0.906542    0.000520   0.091829   0.001109   0.907062   3.628247 
   0.0000000000     89.000    210.000   0.906340    0.000512   0.092029   0.001120   0.906851   3.627405 
   0.0000000000     90.000    210.000   0.906133    0.000504   0.092232   0.001131   0.906637   3.626548 
   0.0000000000     91.000    210.000   0.905924    0.000496   0.092439   0.001142   0.906419   3.625677 
   0.0000000000     92.000    210.000   0.905710    0.000488   0.092649   0.001153   0.906198   3.624792 
   0.0000000000     93.000    210.000   0.905493    0.000480   0.092863   0.001164   0.905973   3.623892 
   0.0000000000     94.000    210.000   0.905272    0.000472   0.093080   0.001175   0.905744   3.622978 
   0.0000000000     95.000    210.000   0.905047    0.000465   0.093301   0.001187   0.905512   3.622048 
   0.0000000000     96.000    210.000   0.904818    0.000458   0.093526   0.001198   0.905276   3.621104 
   0.0000000000     97.000    210.000   0.904586    0.000450   0.093754   0.001210   0.905036   3.620144 
   0.0000000000     98.000    210.000   0.904349    0.000443   0.093986   0.001221   0.904792   3.619169 
   0.0000000000     99.000    210.000   0.904108    0.000436   0.094222   0.001233   0.904545   3.618179 
   0.0000000000    100.000    210.000   0.903864    0.000429   0.094462   0.001245   0.904293   3.617172 
   0.0000000000    101.000    210.000   0.903615    0.000423   0.094705   0.001257   0.904038   3.616150 
   0.0000000000    102.000    210.000   0.903362    0.000416   0.094953   0.001269   0.903778   3.615112 
   0.0000000000    103.000    210.000   0.903105    0.000409   0.095204   0.001281   0.903514   3.614057 
   0.0000000000    104.000    210.000   0.902844    0.000403   0.095460   0.001294   0.903247   3.612986 
   0.0000000000    105.000    210.000   0.902578    0.000397   0.095719   0.001306   0.902975   3.611898 
   0.0000000000    106.000    210.000   0.902308    0.000390   0.095983   0.001319   0.902698   3.610794 
   0.0000000000    107.000    210.000   0.902034    0.000384   0.096251   0.001331   0.902418   3.609672 
   0.0000000000    108.000    210.000   0.901755    0.000378   0.096522   0.001344   0.902133   3.608533 
   0.0000000000    109.000    210.000   0.901472    0.000372   0.096799   0.001357   0.901844   3.607377 
   0.0000000000    110.000    210.000   0.901184    0.000366   0.097079   0.001370   0.901551   3.606203 
   0.0000000000    111.000    210.000   0.900892    0.000361   0.097364   0.001383   0.901253   3.605012 
   0.0000000000    112.000    210.000   0.900596    0.000355   0.097653   0.001397   0.900950   3.603802 
   0.0000000000    113.000    210.000   0.900294    0.000349   0.097946   0.001410   0.900644   3.602574 
   0.0000000000    114.000    210.000   0.899988    0.000344   0.098244   0.001424   0.900332   3.601328 
   0.0000000000    115.000    210.000   0.899677    0.000338   0.098547   0.001437   0.900016   3.600063 
   0.0000000000    116.000    210.000   0.899362    0.000333   0.098854   0.001451   0.899695   3.598780 
   0.0000000000    117.000    210.000   0.899041    0.000328   0.099166   0.001465   0.899369   3.597477 
   0.0000000000    118.000    210.000   0.898716    0.000323   0.099482   0.001479   0.899039   3.596155 
   0.0000000000    119.000    210.000   0.898386    0.000318   0.099803   0.001493   0.898704   3.594814 
   0.0000000000    120.000    210.000   0.898051    0.000313   0.100129   0.001507   0.898363   3.593454 
   0.0000000000    121.000    210.000   0.897710    0.000308   0.100460   0.001522   0.898018   3.592073 
   0.0000000000    122.000    210.000   0.897365    0.000303   0.100795   0.001536   0.897668   3.590673 
   0.0000000000    123.000    210.000   0.897015    0.000298   0.101136   0.001551   0.897313   3.589252 
   0.0000000000    124.000    210.000   0.896659    0.000293   0.101481   0.001566   0.896953   3.587811 
   0.0000000000    125.000    210.000   0.896298    0.000289   0.101832   0.001581   0.896587   3.586349 
   0.0000000000    126.000    210.000   0.895932    0.000284   0.102187   0.001596   0.896217   3.584866 
