#solute size.    Temp(C) Press(Mpa)        fHB          fS        fLJ         fO        xHB        nHB 
   0.0000000000   -173.000    220.000   0.004892    0.994664   0.000445   0.000000   0.999555   3.998221 
   0.0000000000   -172.000    220.000   0.005571    0.993923   0.000506   0.000000   0.999494   3.997974 
   0.0000000000   -171.000    220.000   0.006333    0.993091   0.000576   0.000000   0.999424   3.997697 
   0.0000000000   -170.000    220.000   0.007188    0.992159   0.000653   0.000000   0.999347   3.997386 
   0.0000000000   -169.000    220.000   0.008145    0.991114   0.000740   0.000000   0.999260   3.997038 
   0.0000000000   -168.000    220.000   0.009216    0.989946   0.000838   0.000000   0.999162   3.996649 
   0.0000000000   -167.000    220.000   0.010414    0.988639   0.000947   0.000000   0.999053   3.996213 
   0.0000000000   -166.000    220.000   0.011752    0.987180   0.001068   0.000000   0.998932   3.995727 
   0.0000000000   -165.000    220.000   0.013245    0.985551   0.001204   0.000000   0.998796   3.995184 
   0.0000000000   -164.000    220.000   0.014912    0.983733   0.001356   0.000000   0.998644   3.994578 
   0.0000000000   -163.000    220.000   0.016771    0.981705   0.001525   0.000000   0.998475   3.993902 
   0.0000000000   -162.000    220.000   0.018846    0.979441   0.001713   0.000000   0.998287   3.993147 
   0.0000000000   -161.000    220.000   0.021159    0.976918   0.001924   0.000000   0.998076   3.992306 
   0.0000000000   -160.000    220.000   0.023740    0.974102   0.002158   0.000000   0.997842   3.991367 
   0.0000000000   -159.000    220.000   0.026620    0.970960   0.002420   0.000000   0.997580   3.990320 
   0.0000000000   -158.000    220.000   0.029837    0.967450   0.002712   0.000000   0.997288   3.989150 
   0.0000000000   -157.000    220.000   0.033434    0.963527   0.003039   0.000000   0.996961   3.987842 
   0.0000000000   -156.000    220.000   0.037463    0.959132   0.003406   0.000000   0.996594   3.986377 
   0.0000000000   -155.000    220.000   0.041979    0.954205   0.003816   0.000000   0.996184   3.984735 
   0.0000000000   -154.000    220.000   0.047054    0.948669   0.004278   0.000000   0.995722   3.982890 
   0.0000000000   -153.000    220.000   0.052773    0.942430   0.004797   0.000000   0.995202   3.980810 
   0.0000000000   -152.000    220.000   0.059249    0.935364   0.005386   0.000000   0.994614   3.978455 
   0.0000000000   -151.000    220.000   0.066603    0.927342   0.006055   0.000000   0.993945   3.975781 
   0.0000000000   -150.000    220.000   0.075019    0.918162   0.006820   0.000000   0.993180   3.972720 
   0.0000000000   -149.000    220.000   0.084707    0.907592   0.007701   0.000000   0.992299   3.969197 
   0.0000000000   -148.000    220.000   0.096006    0.895266   0.008728   0.000000   0.991272   3.965089 
   0.0000000000   -147.000    220.000   0.109367    0.880691   0.009942   0.000000   0.990058   3.960230 
   0.0000000000   -146.000    220.000   0.125521    0.863068   0.011411   0.000000   0.988589   3.954356 
   0.0000000000   -145.000    220.000   0.145832    0.840911   0.013257   0.000000   0.986743   3.946970 
   0.0000000000   -144.000    220.000   0.173114    0.811148   0.015737   0.000000   0.984262   3.937049 
   0.0000000000   -143.000    220.000   0.217941    0.762246   0.019812   0.000000   0.980187   3.920749 
   0.0000000000   -142.000    220.000   0.891375    0.027591   0.081015   0.000019   0.918966   3.675864 
   0.0000000000   -141.000    220.000   0.891820    0.027106   0.081054   0.000020   0.918925   3.675702 
   0.0000000000   -140.000    220.000   0.892253    0.026633   0.081093   0.000021   0.918886   3.675544 
   0.0000000000   -139.000    220.000   0.892682    0.026165   0.081131   0.000022   0.918847   3.675388 
   0.0000000000   -138.000    220.000   0.893100    0.025709   0.081168   0.000023   0.918809   3.675236 
   0.0000000000   -137.000    220.000   0.893512    0.025260   0.081204   0.000024   0.918772   3.675086 
   0.0000000000   -136.000    220.000   0.893915    0.024820   0.081240   0.000025   0.918735   3.674940 
   0.0000000000   -135.000    220.000   0.894310    0.024389   0.081275   0.000026   0.918699   3.674796 
   0.0000000000   -134.000    220.000   0.894702    0.023962   0.081310   0.000027   0.918663   3.674654 
   0.0000000000   -133.000    220.000   0.895083    0.023546   0.081343   0.000028   0.918629   3.674515 
   0.0000000000   -132.000    220.000   0.895460    0.023135   0.081376   0.000029   0.918595   3.674378 
   0.0000000000   -131.000    220.000   0.895828    0.022733   0.081409   0.000030   0.918561   3.674244 
   0.0000000000   -130.000    220.000   0.896192    0.022336   0.081441   0.000031   0.918528   3.674112 
   0.0000000000   -129.000    220.000   0.896550    0.021946   0.081472   0.000032   0.918495   3.673982 
   0.0000000000   -128.000    220.000   0.896900    0.021564   0.081503   0.000034   0.918464   3.673854 
   0.0000000000   -127.000    220.000   0.897246    0.021186   0.081533   0.000035   0.918432   3.673728 
   0.0000000000   -126.000    220.000   0.897586    0.020815   0.081563   0.000036   0.918401   3.673604 
   0.0000000000   -125.000    220.000   0.897919    0.020452   0.081592   0.000037   0.918371   3.673483 
   0.0000000000   -124.000    220.000   0.898249    0.020092   0.081620   0.000039   0.918341   3.673363 
   0.0000000000   -123.000    220.000   0.898574    0.019738   0.081649   0.000040   0.918311   3.673245 
   0.0000000000   -122.000    220.000   0.898893    0.019389   0.081676   0.000041   0.918282   3.673129 
   0.0000000000   -121.000    220.000   0.899207    0.019047   0.081703   0.000043   0.918254   3.673015 
   0.0000000000   -120.000    220.000   0.899514    0.018711   0.081730   0.000044   0.918226   3.672903 
   0.0000000000   -119.000    220.000   0.899819    0.018379   0.081756   0.000046   0.918198   3.672792 
   0.0000000000   -118.000    220.000   0.900119    0.018052   0.081782   0.000047   0.918171   3.672683 
   0.0000000000   -117.000    220.000   0.900414    0.017730   0.081807   0.000049   0.918144   3.672575 
   0.0000000000   -116.000    220.000   0.900704    0.017414   0.081832   0.000050   0.918117   3.672470 
   0.0000000000   -115.000    220.000   0.900989    0.017102   0.081857   0.000052   0.918091   3.672365 
   0.0000000000   -114.000    220.000   0.901271    0.016795   0.081881   0.000053   0.918066   3.672263 
   0.0000000000   -113.000    220.000   0.901546    0.016495   0.081904   0.000055   0.918041   3.672163 
   0.0000000000   -112.000    220.000   0.901818    0.016198   0.081927   0.000057   0.918016   3.672063 
   0.0000000000   -111.000    220.000   0.902086    0.015905   0.081950   0.000058   0.917991   3.671965 
   0.0000000000   -110.000    220.000   0.902350    0.015617   0.081973   0.000060   0.917967   3.671869 
   0.0000000000   -109.000    220.000   0.902610    0.015334   0.081994   0.000062   0.917944   3.671774 
   0.0000000000   -108.000    220.000   0.902865    0.015055   0.082016   0.000064   0.917920   3.671681 
   0.0000000000   -107.000    220.000   0.903116    0.014781   0.082037   0.000066   0.917897   3.671589 
   0.0000000000   -106.000    220.000   0.903363    0.014511   0.082058   0.000067   0.917875   3.671499 
   0.0000000000   -105.000    220.000   0.903607    0.014246   0.082078   0.000069   0.917852   3.671410 
   0.0000000000   -104.000    220.000   0.903846    0.013985   0.082098   0.000071   0.917831   3.671322 
   0.0000000000   -103.000    220.000   0.904081    0.013728   0.082118   0.000073   0.917809   3.671236 
   0.0000000000   -102.000    220.000   0.904311    0.013476   0.082137   0.000075   0.917788   3.671152 
   0.0000000000   -101.000    220.000   0.904539    0.013228   0.082156   0.000077   0.917767   3.671068 
   0.0000000000   -100.000    220.000   0.904763    0.012984   0.082174   0.000079   0.917746   3.670986 
   0.0000000000    -99.000    220.000   0.904983    0.012743   0.082192   0.000081   0.917726   3.670905 
   0.0000000000    -98.000    220.000   0.905199    0.012507   0.082210   0.000084   0.917706   3.670825 
   0.0000000000    -97.000    220.000   0.905412    0.012275   0.082228   0.000086   0.917687   3.670747 
   0.0000000000    -96.000    220.000   0.905621    0.012046   0.082245   0.000088   0.917667   3.670670 
   0.0000000000    -95.000    220.000   0.905827    0.011822   0.082262   0.000090   0.917648   3.670594 
   0.0000000000    -94.000    220.000   0.906029    0.011601   0.082278   0.000092   0.917630   3.670519 
   0.0000000000    -93.000    220.000   0.906227    0.011384   0.082294   0.000095   0.917611   3.670445 
   0.0000000000    -92.000    220.000   0.906422    0.011171   0.082310   0.000097   0.917593   3.670372 
   0.0000000000    -91.000    220.000   0.906614    0.010961   0.082325   0.000099   0.917575   3.670301 
   0.0000000000    -90.000    220.000   0.906802    0.010755   0.082341   0.000102   0.917558   3.670231 
   0.0000000000    -89.000    220.000   0.906987    0.010553   0.082355   0.000104   0.917540   3.670162 
   0.0000000000    -88.000    220.000   0.907169    0.010354   0.082370   0.000107   0.917523   3.670093 
   0.0000000000    -87.000    220.000   0.907347    0.010159   0.082384   0.000109   0.917507   3.670026 
   0.0000000000    -86.000    220.000   0.907523    0.009967   0.082398   0.000112   0.917490   3.669960 
   0.0000000000    -85.000    220.000   0.907695    0.009779   0.082412   0.000114   0.917474   3.669895 
   0.0000000000    -84.000    220.000   0.907863    0.009594   0.082425   0.000117   0.917458   3.669831 
   0.0000000000    -83.000    220.000   0.908029    0.009413   0.082439   0.000120   0.917442   3.669767 
   0.0000000000    -82.000    220.000   0.908192    0.009234   0.082452   0.000122   0.917426   3.669705 
   0.0000000000    -81.000    220.000   0.908352    0.009059   0.082464   0.000125   0.917411   3.669643 
   0.0000000000    -80.000    220.000   0.908509    0.008887   0.082477   0.000128   0.917396   3.669582 
   0.0000000000    -79.000    220.000   0.908663    0.008718   0.082489   0.000130   0.917381   3.669523 
   0.0000000000    -78.000    220.000   0.908814    0.008552   0.082501   0.000133   0.917366   3.669463 
   0.0000000000    -77.000    220.000   0.908962    0.008389   0.082513   0.000136   0.917351   3.669405 
   0.0000000000    -76.000    220.000   0.909108    0.008229   0.082524   0.000139   0.917337   3.669347 
   0.0000000000    -75.000    220.000   0.909250    0.008072   0.082535   0.000142   0.917323   3.669291 
   0.0000000000    -74.000    220.000   0.909390    0.007918   0.082546   0.000145   0.917309   3.669234 
   0.0000000000    -73.000    220.000   0.909527    0.007767   0.082557   0.000148   0.917295   3.669179 
   0.0000000000    -72.000    220.000   0.909662    0.007619   0.082568   0.000151   0.917281   3.669124 
   0.0000000000    -71.000    220.000   0.909794    0.007474   0.082578   0.000154   0.917267   3.669069 
   0.0000000000    -70.000    220.000   0.909923    0.007331   0.082589   0.000157   0.917254   3.669016 
   0.0000000000    -69.000    220.000   0.910050    0.007191   0.082599   0.000160   0.917241   3.668962 
   0.0000000000    -68.000    220.000   0.910174    0.007053   0.082609   0.000164   0.917227   3.668910 
   0.0000000000    -67.000    220.000   0.910296    0.006918   0.082619   0.000167   0.917214   3.668857 
   0.0000000000    -66.000    220.000   0.910415    0.006786   0.082629   0.000170   0.917201   3.668805 
   0.0000000000    -65.000    220.000   0.910532    0.006656   0.082638   0.000173   0.917188   3.668754 
   0.0000000000    -64.000    220.000   0.910647    0.006529   0.082647   0.000177   0.917176   3.668703 
   0.0000000000    -63.000    220.000   0.910759    0.006404   0.082657   0.000180   0.917163   3.668652 
   0.0000000000    -62.000    220.000   0.910869    0.006282   0.082666   0.000184   0.917150   3.668602 
   0.0000000000    -61.000    220.000   0.910976    0.006162   0.082675   0.000187   0.917138   3.668551 
   0.0000000000    -60.000    220.000   0.911081    0.006044   0.082684   0.000191   0.917125   3.668501 
   0.0000000000    -59.000    220.000   0.911184    0.005929   0.082693   0.000194   0.917113   3.668452 
   0.0000000000    -58.000    220.000   0.911285    0.005815   0.082702   0.000198   0.917101   3.668402 
   0.0000000000    -57.000    220.000   0.911384    0.005704   0.082711   0.000201   0.917088   3.668353 
   0.0000000000    -56.000    220.000   0.911480    0.005595   0.082719   0.000205   0.917076   3.668303 
   0.0000000000    -55.000    220.000   0.911575    0.005489   0.082728   0.000209   0.917063   3.668254 
   0.0000000000    -54.000    220.000   0.911667    0.005384   0.082737   0.000212   0.917051   3.668204 
   0.0000000000    -53.000    220.000   0.911757    0.005281   0.082745   0.000216   0.917039   3.668155 
   0.0000000000    -52.000    220.000   0.911845    0.005181   0.082754   0.000220   0.917026   3.668105 
   0.0000000000    -51.000    220.000   0.911932    0.005082   0.082762   0.000224   0.917014   3.668056 
   0.0000000000    -50.000    220.000   0.912016    0.004986   0.082771   0.000228   0.917002   3.668006 
   0.0000000000    -49.000    220.000   0.912098    0.004891   0.082779   0.000232   0.916989   3.667956 
   0.0000000000    -48.000    220.000   0.912178    0.004798   0.082788   0.000236   0.916976   3.667906 
   0.0000000000    -47.000    220.000   0.912257    0.004707   0.082797   0.000240   0.916964   3.667855 
   0.0000000000    -46.000    220.000   0.912333    0.004618   0.082805   0.000244   0.916951   3.667805 
   0.0000000000    -45.000    220.000   0.912408    0.004530   0.082814   0.000248   0.916938   3.667753 
   0.0000000000    -44.000    220.000   0.912481    0.004444   0.082823   0.000252   0.916925   3.667702 
   0.0000000000    -43.000    220.000   0.912552    0.004360   0.082832   0.000256   0.916912   3.667650 
   0.0000000000    -42.000    220.000   0.912621    0.004278   0.082841   0.000260   0.916899   3.667597 
   0.0000000000    -41.000    220.000   0.912689    0.004197   0.082850   0.000264   0.916886   3.667544 
   0.0000000000    -40.000    220.000   0.912754    0.004118   0.082859   0.000269   0.916872   3.667490 
   0.0000000000    -39.000    220.000   0.912818    0.004040   0.082868   0.000273   0.916859   3.667436 
   0.0000000000    -38.000    220.000   0.912881    0.003964   0.082878   0.000277   0.916845   3.667380 
   0.0000000000    -37.000    220.000   0.912941    0.003890   0.082887   0.000282   0.916831   3.667325 
   0.0000000000    -36.000    220.000   0.913000    0.003817   0.082897   0.000286   0.916817   3.667268 
   0.0000000000    -35.000    220.000   0.913057    0.003745   0.082907   0.000291   0.916803   3.667210 
   0.0000000000    -34.000    220.000   0.913113    0.003675   0.082917   0.000295   0.916788   3.667152 
   0.0000000000    -33.000    220.000   0.913167    0.003606   0.082927   0.000300   0.916773   3.667092 
   0.0000000000    -32.000    220.000   0.913219    0.003539   0.082938   0.000304   0.916758   3.667032 
   0.0000000000    -31.000    220.000   0.913270    0.003473   0.082948   0.000309   0.916743   3.666971 
   0.0000000000    -30.000    220.000   0.913319    0.003408   0.082959   0.000314   0.916727   3.666908 
   0.0000000000    -29.000    220.000   0.913366    0.003345   0.082971   0.000318   0.916711   3.666844 
   0.0000000000    -28.000    220.000   0.913412    0.003283   0.082982   0.000323   0.916695   3.666779 
   0.0000000000    -27.000    220.000   0.913456    0.003222   0.082994   0.000328   0.916678   3.666713 
   0.0000000000    -26.000    220.000   0.913499    0.003162   0.083006   0.000333   0.916661   3.666645 
   0.0000000000    -25.000    220.000   0.913540    0.003104   0.083018   0.000338   0.916644   3.666576 
   0.0000000000    -24.000    220.000   0.913580    0.003046   0.083031   0.000342   0.916626   3.666506 
   0.0000000000    -23.000    220.000   0.913618    0.002990   0.083044   0.000347   0.916608   3.666434 
   0.0000000000    -22.000    220.000   0.913655    0.002935   0.083058   0.000352   0.916590   3.666360 
   0.0000000000    -21.000    220.000   0.913690    0.002881   0.083071   0.000357   0.916571   3.666285 
   0.0000000000    -20.000    220.000   0.913724    0.002828   0.083086   0.000363   0.916552   3.666208 
   0.0000000000    -19.000    220.000   0.913756    0.002776   0.083100   0.000368   0.916532   3.666129 
   0.0000000000    -18.000    220.000   0.913786    0.002726   0.083115   0.000373   0.916512   3.666049 
   0.0000000000    -17.000    220.000   0.913816    0.002676   0.083130   0.000378   0.916492   3.665966 
   0.0000000000    -16.000    220.000   0.913843    0.002627   0.083146   0.000383   0.916470   3.665882 
   0.0000000000    -15.000    220.000   0.913870    0.002579   0.083163   0.000388   0.916449   3.665795 
   0.0000000000    -14.000    220.000   0.913894    0.002532   0.083179   0.000394   0.916427   3.665707 
   0.0000000000    -13.000    220.000   0.913918    0.002486   0.083197   0.000399   0.916404   3.665616 
   0.0000000000    -12.000    220.000   0.913939    0.002441   0.083215   0.000405   0.916381   3.665523 
   0.0000000000    -11.000    220.000   0.913960    0.002397   0.083233   0.000410   0.916357   3.665428 
   0.0000000000    -10.000    220.000   0.913979    0.002354   0.083252   0.000416   0.916333   3.665331 
   0.0000000000     -9.000    220.000   0.913996    0.002312   0.083271   0.000421   0.916308   3.665231 
   0.0000000000     -8.000    220.000   0.914012    0.002270   0.083291   0.000427   0.916282   3.665128 
   0.0000000000     -7.000    220.000   0.914026    0.002229   0.083312   0.000432   0.916256   3.665023 
   0.0000000000     -6.000    220.000   0.914039    0.002189   0.083333   0.000438   0.916229   3.664916 
   0.0000000000     -5.000    220.000   0.914051    0.002150   0.083355   0.000444   0.916201   3.664805 
   0.0000000000     -4.000    220.000   0.914061    0.002112   0.083378   0.000449   0.916173   3.664692 
   0.0000000000     -3.000    220.000   0.914070    0.002074   0.083401   0.000455   0.916144   3.664576 
   0.0000000000     -2.000    220.000   0.914077    0.002037   0.083425   0.000461   0.916114   3.664457 
   0.0000000000     -1.000    220.000   0.914082    0.002001   0.083450   0.000467   0.916084   3.664335 
   0.0000000000      0.000    220.000   0.914087    0.001966   0.083475   0.000473   0.916052   3.664210 
   0.0000000000      1.000    220.000   0.914089    0.001931   0.083501   0.000479   0.916020   3.664082 
   0.0000000000      2.000    220.000   0.914091    0.001897   0.083528   0.000485   0.915988   3.663950 
   0.0000000000      3.000    220.000   0.914090    0.001864   0.083556   0.000491   0.915954   3.663815 
   0.0000000000      4.000    220.000   0.914088    0.001831   0.083584   0.000497   0.915919   3.663677 
   0.0000000000      5.000    220.000   0.914085    0.001799   0.083613   0.000503   0.915884   3.663535 
   0.0000000000      6.000    220.000   0.914080    0.001767   0.083644   0.000509   0.915847   3.663390 
   0.0000000000      7.000    220.000   0.914074    0.001736   0.083675   0.000515   0.915810   3.663241 
   0.0000000000      8.000    220.000   0.914066    0.001706   0.083706   0.000521   0.915772   3.663088 
   0.0000000000      9.000    220.000   0.914057    0.001676   0.083739   0.000528   0.915733   3.662932 
   0.0000000000     10.000    220.000   0.914046    0.001647   0.083773   0.000534   0.915693   3.662771 
   0.0000000000     11.000    220.000   0.914033    0.001619   0.083808   0.000540   0.915652   3.662607 
   0.0000000000     12.000    220.000   0.914019    0.001591   0.083844   0.000547   0.915610   3.662438 
   0.0000000000     13.000    220.000   0.914003    0.001563   0.083880   0.000553   0.915566   3.662266 
   0.0000000000     14.000    220.000   0.913986    0.001536   0.083918   0.000560   0.915522   3.662089 
   0.0000000000     15.000    220.000   0.913967    0.001510   0.083957   0.000567   0.915477   3.661907 
   0.0000000000     16.000    220.000   0.913946    0.001484   0.083996   0.000573   0.915430   3.661722 
   0.0000000000     17.000    220.000   0.913924    0.001459   0.084037   0.000580   0.915383   3.661531 
   0.0000000000     18.000    220.000   0.913901    0.001434   0.084079   0.000586   0.915334   3.661337 
   0.0000000000     19.000    220.000   0.913875    0.001409   0.084123   0.000593   0.915284   3.661137 
   0.0000000000     20.000    220.000   0.913848    0.001385   0.084167   0.000600   0.915233   3.660933 
   0.0000000000     21.000    220.000   0.913819    0.001362   0.084212   0.000607   0.915181   3.660723 
   0.0000000000     22.000    220.000   0.913789    0.001338   0.084259   0.000614   0.915127   3.660509 
   0.0000000000     23.000    220.000   0.913757    0.001316   0.084307   0.000621   0.915072   3.660290 
   0.0000000000     24.000    220.000   0.913723    0.001294   0.084356   0.000628   0.915016   3.660065 
   0.0000000000     25.000    220.000   0.913687    0.001272   0.084406   0.000635   0.914959   3.659835 
   0.0000000000     26.000    220.000   0.913650    0.001250   0.084458   0.000642   0.914900   3.659600 
   0.0000000000     27.000    220.000   0.913611    0.001229   0.084511   0.000649   0.914840   3.659360 
   0.0000000000     28.000    220.000   0.913570    0.001209   0.084565   0.000656   0.914778   3.659113 
   0.0000000000     29.000    220.000   0.913527    0.001189   0.084621   0.000663   0.914715   3.658862 
   0.0000000000     30.000    220.000   0.913482    0.001169   0.084678   0.000671   0.914651   3.658604 
   0.0000000000     31.000    220.000   0.913436    0.001149   0.084737   0.000678   0.914585   3.658340 
   0.0000000000     32.000    220.000   0.913388    0.001130   0.084797   0.000685   0.914518   3.658071 
   0.0000000000     33.000    220.000   0.913338    0.001111   0.084858   0.000693   0.914449   3.657795 
   0.0000000000     34.000    220.000   0.913285    0.001093   0.084921   0.000700   0.914378   3.657514 
   0.0000000000     35.000    220.000   0.913232    0.001075   0.084986   0.000708   0.914306   3.657225 
   0.0000000000     36.000    220.000   0.913176    0.001057   0.085052   0.000716   0.914233   3.656931 
   0.0000000000     37.000    220.000   0.913118    0.001040   0.085119   0.000723   0.914157   3.656630 
   0.0000000000     38.000    220.000   0.913058    0.001023   0.085189   0.000731   0.914081   3.656322 
   0.0000000000     39.000    220.000   0.912996    0.001006   0.085259   0.000739   0.914002   3.656008 
   0.0000000000     40.000    220.000   0.912932    0.000989   0.085332   0.000746   0.913922   3.655687 
   0.0000000000     41.000    220.000   0.912867    0.000973   0.085406   0.000754   0.913840   3.655359 
   0.0000000000     42.000    220.000   0.912799    0.000957   0.085482   0.000762   0.913756   3.655024 
   0.0000000000     43.000    220.000   0.912729    0.000942   0.085559   0.000770   0.913670   3.654681 
   0.0000000000     44.000    220.000   0.912657    0.000926   0.085639   0.000778   0.913583   3.654332 
   0.0000000000     45.000    220.000   0.912583    0.000911   0.085720   0.000786   0.913494   3.653975 
   0.0000000000     46.000    220.000   0.912506    0.000896   0.085803   0.000794   0.913403   3.653610 
   0.0000000000     47.000    220.000   0.912428    0.000882   0.085888   0.000803   0.913310   3.653238 
   0.0000000000     48.000    220.000   0.912347    0.000868   0.085974   0.000811   0.913215   3.652859 
   0.0000000000     49.000    220.000   0.912264    0.000854   0.086063   0.000819   0.913118   3.652471 
   0.0000000000     50.000    220.000   0.912179    0.000840   0.086154   0.000828   0.913019   3.652075 
   0.0000000000     51.000    220.000   0.912091    0.000826   0.086246   0.000836   0.912918   3.651671 
   0.0000000000     52.000    220.000   0.912002    0.000813   0.086340   0.000845   0.912815   3.651260 
   0.0000000000     53.000    220.000   0.911910    0.000800   0.086437   0.000853   0.912710   3.650839 
   0.0000000000     54.000    220.000   0.911815    0.000787   0.086536   0.000862   0.912603   3.650410 
   0.0000000000     55.000    220.000   0.911719    0.000775   0.086636   0.000871   0.912493   3.649973 
   0.0000000000     56.000    220.000   0.911619    0.000762   0.086739   0.000879   0.912382   3.649527 
   0.0000000000     57.000    220.000   0.911518    0.000750   0.086844   0.000888   0.912268   3.649072 
   0.0000000000     58.000    220.000   0.911414    0.000738   0.086951   0.000897   0.912152   3.648609 
   0.0000000000     59.000    220.000   0.911307    0.000727   0.087060   0.000906   0.912034   3.648136 
   0.0000000000     60.000    220.000   0.911198    0.000715   0.087172   0.000915   0.911913   3.647654 
   0.0000000000     61.000    220.000   0.911087    0.000704   0.087285   0.000924   0.911791   3.647162 
   0.0000000000     62.000    220.000   0.910973    0.000693   0.087402   0.000933   0.911665   3.646661 
   0.0000000000     63.000    220.000   0.910856    0.000682   0.087520   0.000942   0.911538   3.646151 
   0.0000000000     64.000    220.000   0.910737    0.000671   0.087641   0.000952   0.911408   3.645631 
   0.0000000000     65.000    220.000   0.910615    0.000660   0.087764   0.000961   0.911275   3.645101 
   0.0000000000     66.000    220.000   0.910490    0.000650   0.087889   0.000970   0.911140   3.644561 
   0.0000000000     67.000    220.000   0.910363    0.000640   0.088017   0.000980   0.911003   3.644010 
   0.0000000000     68.000    220.000   0.910233    0.000630   0.088148   0.000989   0.910862   3.643450 
   0.0000000000     69.000    220.000   0.910100    0.000620   0.088281   0.000999   0.910720   3.642879 
   0.0000000000     70.000    220.000   0.909964    0.000610   0.088417   0.001009   0.910574   3.642298 
   0.0000000000     71.000    220.000   0.909826    0.000601   0.088555   0.001019   0.910426   3.641706 
   0.0000000000     72.000    220.000   0.909684    0.000591   0.088696   0.001028   0.910276   3.641103 
   0.0000000000     73.000    220.000   0.909540    0.000582   0.088839   0.001038   0.910122   3.640489 
   0.0000000000     74.000    220.000   0.909393    0.000573   0.088985   0.001048   0.909966   3.639864 
   0.0000000000     75.000    220.000   0.909243    0.000564   0.089134   0.001059   0.909807   3.639228 
   0.0000000000     76.000    220.000   0.909090    0.000556   0.089286   0.001069   0.909645   3.638581 
   0.0000000000     77.000    220.000   0.908933    0.000547   0.089441   0.001079   0.909480   3.637922 
   0.0000000000     78.000    220.000   0.908774    0.000539   0.089598   0.001089   0.909313   3.637251 
   0.0000000000     79.000    220.000   0.908612    0.000530   0.089758   0.001100   0.909142   3.636569 
   0.0000000000     80.000    220.000   0.908447    0.000522   0.089921   0.001110   0.908969   3.635874 
   0.0000000000     81.000    220.000   0.908278    0.000514   0.090087   0.001121   0.908792   3.635168 
   0.0000000000     82.000    220.000   0.908106    0.000506   0.090256   0.001131   0.908612   3.634449 
   0.0000000000     83.000    220.000   0.907931    0.000498   0.090428   0.001142   0.908429   3.633718 
   0.0000000000     84.000    220.000   0.907753    0.000491   0.090603   0.001153   0.908243   3.632974 
   0.0000000000     85.000    220.000   0.907571    0.000483   0.090782   0.001164   0.908054   3.632217 
   0.0000000000     86.000    220.000   0.907386    0.000476   0.090963   0.001175   0.907862   3.631448 
   0.0000000000     87.000    220.000   0.907198    0.000468   0.091147   0.001186   0.907666   3.630666 
   0.0000000000     88.000    220.000   0.907006    0.000461   0.091335   0.001197   0.907468   3.629870 
   0.0000000000     89.000    220.000   0.906811    0.000454   0.091526   0.001209   0.907265   3.629061 
   0.0000000000     90.000    220.000   0.906613    0.000447   0.091720   0.001220   0.907060   3.628239 
   0.0000000000     91.000    220.000   0.906410    0.000440   0.091918   0.001231   0.906851   3.627403 
   0.0000000000     92.000    220.000   0.906205    0.000434   0.092119   0.001243   0.906638   3.626553 
   0.0000000000     93.000    220.000   0.905995    0.000427   0.092323   0.001255   0.906422   3.625689 
   0.0000000000     94.000    220.000   0.905782    0.000420   0.092531   0.001266   0.906203   3.624811 
   0.0000000000     95.000    220.000   0.905566    0.000414   0.092742   0.001278   0.905980   3.623919 
   0.0000000000     96.000    220.000   0.905345    0.000408   0.092957   0.001290   0.905753   3.623012 
   0.0000000000     97.000    220.000   0.905121    0.000402   0.093175   0.001302   0.905523   3.622090 
   0.0000000000     98.000    220.000   0.904893    0.000395   0.093397   0.001315   0.905289   3.621154 
   0.0000000000     99.000    220.000   0.904661    0.000389   0.093622   0.001327   0.905051   3.620203 
   0.0000000000    100.000    220.000   0.904426    0.000383   0.093852   0.001339   0.904809   3.619237 
   0.0000000000    101.000    220.000   0.904186    0.000378   0.094085   0.001352   0.904564   3.618255 
   0.0000000000    102.000    220.000   0.903943    0.000372   0.094321   0.001364   0.904314   3.617258 
   0.0000000000    103.000    220.000   0.903695    0.000366   0.094562   0.001377   0.904061   3.616245 
   0.0000000000    104.000    220.000   0.903443    0.000361   0.094806   0.001390   0.903804   3.615216 
   0.0000000000    105.000    220.000   0.903188    0.000355   0.095054   0.001403   0.903543   3.614171 
   0.0000000000    106.000    220.000   0.902928    0.000350   0.095307   0.001416   0.903278   3.613110 
   0.0000000000    107.000    220.000   0.902664    0.000344   0.095563   0.001429   0.903008   3.612033 
   0.0000000000    108.000    220.000   0.902395    0.000339   0.095823   0.001442   0.902735   3.610939 
   0.0000000000    109.000    220.000   0.902123    0.000334   0.096087   0.001456   0.902457   3.609828 
   0.0000000000    110.000    220.000   0.901846    0.000329   0.096356   0.001469   0.902175   3.608701 
   0.0000000000    111.000    220.000   0.901565    0.000324   0.096628   0.001483   0.901889   3.607556 
   0.0000000000    112.000    220.000   0.901279    0.000319   0.096905   0.001497   0.901598   3.606394 
   0.0000000000    113.000    220.000   0.900989    0.000314   0.097186   0.001511   0.901304   3.605214 
   0.0000000000    114.000    220.000   0.900695    0.000310   0.097471   0.001525   0.901004   3.604017 
   0.0000000000    115.000    220.000   0.900396    0.000305   0.097761   0.001539   0.900700   3.602802 
   0.0000000000    116.000    220.000   0.900092    0.000300   0.098055   0.001553   0.900392   3.601569 
   0.0000000000    117.000    220.000   0.899784    0.000296   0.098353   0.001567   0.900079   3.600317 
   0.0000000000    118.000    220.000   0.899471    0.000291   0.098656   0.001582   0.899762   3.599047 
   0.0000000000    119.000    220.000   0.899153    0.000287   0.098964   0.001597   0.899440   3.597759 
   0.0000000000    120.000    220.000   0.898830    0.000282   0.099276   0.001611   0.899113   3.596451 
   0.0000000000    121.000    220.000   0.898503    0.000278   0.099592   0.001626   0.898781   3.595125 
   0.0000000000    122.000    220.000   0.898171    0.000274   0.099914   0.001641   0.898445   3.593779 
   0.0000000000    123.000    220.000   0.897834    0.000270   0.100240   0.001657   0.898104   3.592414 
   0.0000000000    124.000    220.000   0.897492    0.000266   0.100571   0.001672   0.897757   3.591029 
   0.0000000000    125.000    220.000   0.897145    0.000262   0.100906   0.001687   0.897406   3.589625 
   0.0000000000    126.000    220.000   0.896792    0.000258   0.101247   0.001703   0.897050   3.588200 
