#solute size.    Temp(C) Press(Mpa)        fHB          fS        fLJ         fO        xHB        nHB 
   0.0000000000   -173.000    180.000   0.000463    0.999495   0.000042   0.000000   0.999958   3.999832 
   0.0000000000   -172.000    180.000   0.000540    0.999411   0.000049   0.000000   0.999951   3.999804 
   0.0000000000   -171.000    180.000   0.000628    0.999315   0.000057   0.000000   0.999943   3.999772 
   0.0000000000   -170.000    180.000   0.000729    0.999205   0.000066   0.000000   0.999934   3.999735 
   0.0000000000   -169.000    180.000   0.000844    0.999079   0.000077   0.000000   0.999923   3.999693 
   0.0000000000   -168.000    180.000   0.000975    0.998936   0.000089   0.000000   0.999911   3.999645 
   0.0000000000   -167.000    180.000   0.001124    0.998774   0.000102   0.000000   0.999898   3.999591 
   0.0000000000   -166.000    180.000   0.001293    0.998589   0.000118   0.000000   0.999882   3.999530 
   0.0000000000   -165.000    180.000   0.001485    0.998381   0.000135   0.000000   0.999865   3.999460 
   0.0000000000   -164.000    180.000   0.001701    0.998144   0.000155   0.000000   0.999845   3.999381 
   0.0000000000   -163.000    180.000   0.001945    0.997878   0.000177   0.000000   0.999823   3.999293 
   0.0000000000   -162.000    180.000   0.002221    0.997578   0.000202   0.000000   0.999798   3.999193 
   0.0000000000   -161.000    180.000   0.002530    0.997240   0.000230   0.000000   0.999770   3.999080 
   0.0000000000   -160.000    180.000   0.002878    0.996860   0.000262   0.000000   0.999738   3.998953 
   0.0000000000   -159.000    180.000   0.003268    0.996435   0.000297   0.000000   0.999703   3.998812 
   0.0000000000   -158.000    180.000   0.003705    0.995958   0.000337   0.000000   0.999663   3.998653 
   0.0000000000   -157.000    180.000   0.004194    0.995425   0.000381   0.000000   0.999619   3.998475 
   0.0000000000   -156.000    180.000   0.004740    0.994829   0.000431   0.000000   0.999569   3.998276 
   0.0000000000   -155.000    180.000   0.005349    0.994164   0.000486   0.000000   0.999514   3.998055 
   0.0000000000   -154.000    180.000   0.006028    0.993424   0.000548   0.000000   0.999452   3.997808 
   0.0000000000   -153.000    180.000   0.006784    0.992599   0.000617   0.000000   0.999383   3.997533 
   0.0000000000   -152.000    180.000   0.007625    0.991682   0.000693   0.000000   0.999307   3.997227 
   0.0000000000   -151.000    180.000   0.008559    0.990663   0.000778   0.000000   0.999222   3.996888 
   0.0000000000   -150.000    180.000   0.009595    0.989533   0.000872   0.000000   0.999128   3.996511 
   0.0000000000   -149.000    180.000   0.010744    0.988279   0.000977   0.000000   0.999023   3.996093 
   0.0000000000   -148.000    180.000   0.012017    0.986890   0.001092   0.000000   0.998908   3.995630 
   0.0000000000   -147.000    180.000   0.013427    0.985352   0.001221   0.000000   0.998779   3.995117 
   0.0000000000   -146.000    180.000   0.014987    0.983650   0.001362   0.000000   0.998638   3.994550 
   0.0000000000   -145.000    180.000   0.016712    0.981769   0.001519   0.000000   0.998481   3.993923 
   0.0000000000   -144.000    180.000   0.018618    0.979689   0.001693   0.000000   0.998307   3.993230 
   0.0000000000   -143.000    180.000   0.020724    0.977392   0.001884   0.000000   0.998116   3.992464 
   0.0000000000   -142.000    180.000   0.023050    0.974855   0.002095   0.000000   0.997905   3.991618 
   0.0000000000   -141.000    180.000   0.025619    0.972052   0.002329   0.000000   0.997671   3.990684 
   0.0000000000   -140.000    180.000   0.028453    0.968960   0.002587   0.000000   0.997413   3.989653 
   0.0000000000   -139.000    180.000   0.031582    0.965547   0.002871   0.000000   0.997129   3.988516 
   0.0000000000   -138.000    180.000   0.035035    0.961780   0.003185   0.000000   0.996815   3.987260 
   0.0000000000   -137.000    180.000   0.038848    0.957621   0.003532   0.000000   0.996468   3.985874 
   0.0000000000   -136.000    180.000   0.043058    0.953027   0.003914   0.000000   0.996086   3.984342 
   0.0000000000   -135.000    180.000   0.047711    0.947951   0.004337   0.000000   0.995663   3.982650 
   0.0000000000   -134.000    180.000   0.052860    0.942335   0.004805   0.000000   0.995195   3.980778 
   0.0000000000   -133.000    180.000   0.058555    0.936121   0.005323   0.000000   0.994677   3.978707 
   0.0000000000   -132.000    180.000   0.064867    0.929236   0.005897   0.000000   0.994103   3.976412 
   0.0000000000   -131.000    180.000   0.071871    0.921596   0.006534   0.000000   0.993466   3.973865 
   0.0000000000   -130.000    180.000   0.079665    0.913093   0.007242   0.000000   0.992758   3.971031 
   0.0000000000   -129.000    180.000   0.088346    0.903623   0.008031   0.000000   0.991969   3.967874 
   0.0000000000   -128.000    180.000   0.098048    0.893039   0.008913   0.000000   0.991087   3.964346 
   0.0000000000   -127.000    180.000   0.108944    0.881152   0.009904   0.000000   0.990096   3.960384 
   0.0000000000   -126.000    180.000   0.121211    0.867770   0.011019   0.000000   0.988981   3.955923 
   0.0000000000   -125.000    180.000   0.135134    0.852581   0.012285   0.000000   0.987715   3.950860 
   0.0000000000   -124.000    180.000   0.151040    0.835229   0.013731   0.000000   0.986269   3.945076 
   0.0000000000   -123.000    180.000   0.169400    0.815199   0.015400   0.000000   0.984600   3.938399 
   0.0000000000   -122.000    180.000   0.190894    0.791752   0.017354   0.000001   0.982646   3.930583 
   0.0000000000   -121.000    180.000   0.216614    0.763694   0.019692   0.000001   0.980308   3.921231 
   0.0000000000   -120.000    180.000   0.248417    0.729000   0.022583   0.000001   0.977416   3.909666 
   0.0000000000   -119.000    180.000   0.290183    0.683437   0.026379   0.000001   0.973619   3.894478 
   0.0000000000   -118.000    180.000   0.353734    0.614108   0.032156   0.000002   0.967842   3.871368 
   0.0000000000   -117.000    180.000   0.716291    0.218591   0.065108   0.000010   0.934882   3.739528 
   0.0000000000   -116.000    180.000   0.751039    0.180685   0.068265   0.000012   0.931723   3.726892 
   0.0000000000   -115.000    180.000   0.770789    0.159138   0.070059   0.000013   0.929927   3.719710 
   0.0000000000   -114.000    180.000   0.784862    0.143786   0.071337   0.000015   0.928648   3.714592 
   0.0000000000   -113.000    180.000   0.795777    0.131879   0.072328   0.000016   0.927656   3.710623 
   0.0000000000   -112.000    180.000   0.804704    0.122140   0.073139   0.000017   0.926844   3.707376 
   0.0000000000   -111.000    180.000   0.812237    0.113923   0.073822   0.000018   0.926159   3.704637 
   0.0000000000   -110.000    180.000   0.818728    0.106841   0.074411   0.000020   0.925569   3.702276 
   0.0000000000   -109.000    180.000   0.824418    0.100633   0.074928   0.000021   0.925052   3.700206 
   0.0000000000   -108.000    180.000   0.829487    0.095104   0.075387   0.000022   0.924591   3.698362 
   0.0000000000   -107.000    180.000   0.834037    0.090139   0.075800   0.000023   0.924177   3.696707 
   0.0000000000   -106.000    180.000   0.838158    0.085644   0.076174   0.000024   0.923802   3.695208 
   0.0000000000   -105.000    180.000   0.841917    0.081544   0.076514   0.000026   0.923460   3.693840 
   0.0000000000   -104.000    180.000   0.845374    0.077772   0.076828   0.000027   0.923146   3.692582 
   0.0000000000   -103.000    180.000   0.848555    0.074301   0.077116   0.000028   0.922856   3.691425 
   0.0000000000   -102.000    180.000   0.851502    0.071086   0.077383   0.000029   0.922588   3.690352 
   0.0000000000   -101.000    180.000   0.854251    0.068087   0.077631   0.000031   0.922338   3.689351 
   0.0000000000   -100.000    180.000   0.856808    0.065297   0.077863   0.000032   0.922105   3.688420 
   0.0000000000    -99.000    180.000   0.859210    0.062676   0.078080   0.000033   0.921886   3.687546 
   0.0000000000    -98.000    180.000   0.861464    0.060218   0.078284   0.000035   0.921681   3.686725 
   0.0000000000    -97.000    180.000   0.863579    0.057909   0.078476   0.000036   0.921489   3.685954 
   0.0000000000    -96.000    180.000   0.865580    0.055727   0.078656   0.000037   0.921306   3.685225 
   0.0000000000    -95.000    180.000   0.867469    0.053665   0.078827   0.000039   0.921134   3.684536 
   0.0000000000    -94.000    180.000   0.869254    0.051718   0.078989   0.000040   0.920971   3.683885 
   0.0000000000    -93.000    180.000   0.870951    0.049866   0.079142   0.000042   0.920817   3.683266 
   0.0000000000    -92.000    180.000   0.872562    0.048108   0.079287   0.000043   0.920670   3.682678 
   0.0000000000    -91.000    180.000   0.874094    0.046436   0.079426   0.000044   0.920530   3.682119 
   0.0000000000    -90.000    180.000   0.875552    0.044844   0.079558   0.000046   0.920397   3.681586 
   0.0000000000    -89.000    180.000   0.876940    0.043330   0.079683   0.000047   0.920270   3.681079 
   0.0000000000    -88.000    180.000   0.878267    0.041881   0.079803   0.000049   0.920148   3.680593 
   0.0000000000    -87.000    180.000   0.879535    0.040497   0.079917   0.000051   0.920032   3.680129 
   0.0000000000    -86.000    180.000   0.880748    0.039174   0.080027   0.000052   0.919921   3.679685 
   0.0000000000    -85.000    180.000   0.881908    0.037907   0.080131   0.000054   0.919815   3.679260 
   0.0000000000    -84.000    180.000   0.883019    0.036694   0.080232   0.000055   0.919713   3.678852 
   0.0000000000    -83.000    180.000   0.884083    0.035533   0.080328   0.000057   0.919615   3.678461 
   0.0000000000    -82.000    180.000   0.885105    0.034416   0.080420   0.000059   0.919521   3.678085 
   0.0000000000    -81.000    180.000   0.886086    0.033345   0.080508   0.000061   0.919431   3.677724 
   0.0000000000    -80.000    180.000   0.887028    0.032316   0.080594   0.000062   0.919344   3.677377 
   0.0000000000    -79.000    180.000   0.887934    0.031326   0.080675   0.000064   0.919261   3.677042 
   0.0000000000    -78.000    180.000   0.888805    0.030375   0.080754   0.000066   0.919180   3.676720 
   0.0000000000    -77.000    180.000   0.889643    0.029460   0.080830   0.000068   0.919102   3.676410 
   0.0000000000    -76.000    180.000   0.890449    0.028578   0.080903   0.000070   0.919028   3.676110 
   0.0000000000    -75.000    180.000   0.891226    0.027729   0.080973   0.000071   0.918955   3.675821 
   0.0000000000    -74.000    180.000   0.891973    0.026913   0.081041   0.000073   0.918886   3.675543 
   0.0000000000    -73.000    180.000   0.892694    0.026124   0.081106   0.000075   0.918818   3.675273 
   0.0000000000    -72.000    180.000   0.893390    0.025363   0.081170   0.000077   0.918753   3.675012 
   0.0000000000    -71.000    180.000   0.894060    0.024630   0.081231   0.000079   0.918690   3.674760 
   0.0000000000    -70.000    180.000   0.894708    0.023921   0.081290   0.000081   0.918629   3.674516 
   0.0000000000    -69.000    180.000   0.895332    0.023238   0.081347   0.000083   0.918570   3.674280 
   0.0000000000    -68.000    180.000   0.895935    0.022577   0.081402   0.000085   0.918513   3.674051 
   0.0000000000    -67.000    180.000   0.896518    0.021939   0.081455   0.000088   0.918457   3.673828 
   0.0000000000    -66.000    180.000   0.897081    0.021323   0.081507   0.000090   0.918403   3.673613 
   0.0000000000    -65.000    180.000   0.897624    0.020727   0.081557   0.000092   0.918351   3.673404 
   0.0000000000    -64.000    180.000   0.898150    0.020150   0.081606   0.000094   0.918300   3.673200 
   0.0000000000    -63.000    180.000   0.898658    0.019593   0.081653   0.000096   0.918251   3.673003 
   0.0000000000    -62.000    180.000   0.899149    0.019054   0.081699   0.000099   0.918203   3.672811 
   0.0000000000    -61.000    180.000   0.899624    0.018532   0.081743   0.000101   0.918156   3.672624 
   0.0000000000    -60.000    180.000   0.900084    0.018027   0.081786   0.000103   0.918110   3.672442 
   0.0000000000    -59.000    180.000   0.900528    0.017539   0.081828   0.000106   0.918066   3.672265 
   0.0000000000    -58.000    180.000   0.900958    0.017065   0.081869   0.000108   0.918023   3.672092 
   0.0000000000    -57.000    180.000   0.901374    0.016606   0.081909   0.000110   0.917981   3.671923 
   0.0000000000    -56.000    180.000   0.901777    0.016162   0.081948   0.000113   0.917939   3.671758 
   0.0000000000    -55.000    180.000   0.902168    0.015732   0.081985   0.000115   0.917899   3.671597 
   0.0000000000    -54.000    180.000   0.902546    0.015314   0.082022   0.000118   0.917860   3.671439 
   0.0000000000    -53.000    180.000   0.902911    0.014910   0.082058   0.000120   0.917821   3.671285 
   0.0000000000    -52.000    180.000   0.903266    0.014518   0.082093   0.000123   0.917784   3.671134 
   0.0000000000    -51.000    180.000   0.903609    0.014138   0.082128   0.000126   0.917747   3.670987 
   0.0000000000    -50.000    180.000   0.903941    0.013769   0.082161   0.000128   0.917710   3.670842 
   0.0000000000    -49.000    180.000   0.904263    0.013412   0.082194   0.000131   0.917675   3.670699 
   0.0000000000    -48.000    180.000   0.904575    0.013065   0.082227   0.000133   0.917640   3.670559 
   0.0000000000    -47.000    180.000   0.904877    0.012728   0.082258   0.000136   0.917605   3.670422 
   0.0000000000    -46.000    180.000   0.905170    0.012402   0.082289   0.000139   0.917572   3.670286 
   0.0000000000    -45.000    180.000   0.905453    0.012085   0.082320   0.000142   0.917538   3.670153 
   0.0000000000    -44.000    180.000   0.905728    0.011777   0.082350   0.000145   0.917505   3.670021 
   0.0000000000    -43.000    180.000   0.905994    0.011479   0.082380   0.000147   0.917473   3.669892 
   0.0000000000    -42.000    180.000   0.906252    0.011189   0.082409   0.000150   0.917441   3.669763 
   0.0000000000    -41.000    180.000   0.906502    0.010907   0.082438   0.000153   0.917409   3.669637 
   0.0000000000    -40.000    180.000   0.906744    0.010634   0.082466   0.000156   0.917378   3.669511 
   0.0000000000    -39.000    180.000   0.906978    0.010368   0.082494   0.000159   0.917347   3.669387 
   0.0000000000    -38.000    180.000   0.907205    0.010111   0.082522   0.000162   0.917316   3.669264 
   0.0000000000    -37.000    180.000   0.907425    0.009860   0.082549   0.000165   0.917285   3.669141 
   0.0000000000    -36.000    180.000   0.907638    0.009616   0.082577   0.000168   0.917255   3.669020 
   0.0000000000    -35.000    180.000   0.907845    0.009380   0.082604   0.000172   0.917225   3.668899 
   0.0000000000    -34.000    180.000   0.908045    0.009150   0.082631   0.000175   0.917195   3.668779 
   0.0000000000    -33.000    180.000   0.908238    0.008926   0.082657   0.000178   0.917165   3.668659 
   0.0000000000    -32.000    180.000   0.908426    0.008709   0.082684   0.000181   0.917135   3.668539 
   0.0000000000    -31.000    180.000   0.908607    0.008498   0.082711   0.000184   0.917105   3.668419 
   0.0000000000    -30.000    180.000   0.908782    0.008293   0.082737   0.000188   0.917075   3.668300 
   0.0000000000    -29.000    180.000   0.908952    0.008093   0.082764   0.000191   0.917045   3.668181 
   0.0000000000    -28.000    180.000   0.909116    0.007899   0.082790   0.000194   0.917015   3.668061 
   0.0000000000    -27.000    180.000   0.909275    0.007710   0.082817   0.000198   0.916985   3.667941 
   0.0000000000    -26.000    180.000   0.909429    0.007526   0.082844   0.000201   0.916955   3.667821 
   0.0000000000    -25.000    180.000   0.909577    0.007348   0.082870   0.000205   0.916925   3.667700 
   0.0000000000    -24.000    180.000   0.909721    0.007174   0.082897   0.000208   0.916895   3.667578 
   0.0000000000    -23.000    180.000   0.909859    0.007005   0.082924   0.000212   0.916864   3.667456 
   0.0000000000    -22.000    180.000   0.909993    0.006840   0.082952   0.000215   0.916833   3.667333 
   0.0000000000    -21.000    180.000   0.910122    0.006680   0.082979   0.000219   0.916802   3.667209 
   0.0000000000    -20.000    180.000   0.910247    0.006524   0.083007   0.000222   0.916771   3.667084 
   0.0000000000    -19.000    180.000   0.910367    0.006372   0.083035   0.000226   0.916739   3.666957 
   0.0000000000    -18.000    180.000   0.910483    0.006225   0.083063   0.000230   0.916707   3.666830 
   0.0000000000    -17.000    180.000   0.910594    0.006081   0.083091   0.000234   0.916675   3.666701 
   0.0000000000    -16.000    180.000   0.910702    0.005941   0.083120   0.000237   0.916643   3.666570 
   0.0000000000    -15.000    180.000   0.910805    0.005804   0.083149   0.000241   0.916610   3.666438 
   0.0000000000    -14.000    180.000   0.910904    0.005672   0.083179   0.000245   0.916576   3.666305 
   0.0000000000    -13.000    180.000   0.911000    0.005542   0.083209   0.000249   0.916542   3.666169 
   0.0000000000    -12.000    180.000   0.911091    0.005417   0.083239   0.000253   0.916508   3.666032 
   0.0000000000    -11.000    180.000   0.911179    0.005294   0.083270   0.000257   0.916473   3.665892 
   0.0000000000    -10.000    180.000   0.911263    0.005174   0.083301   0.000261   0.916438   3.665751 
   0.0000000000     -9.000    180.000   0.911344    0.005058   0.083333   0.000265   0.916402   3.665607 
   0.0000000000     -8.000    180.000   0.911420    0.004945   0.083366   0.000269   0.916365   3.665461 
   0.0000000000     -7.000    180.000   0.911494    0.004834   0.083399   0.000273   0.916328   3.665312 
   0.0000000000     -6.000    180.000   0.911564    0.004727   0.083433   0.000277   0.916290   3.665161 
   0.0000000000     -5.000    180.000   0.911630    0.004622   0.083467   0.000281   0.916252   3.665007 
   0.0000000000     -4.000    180.000   0.911693    0.004519   0.083502   0.000286   0.916213   3.664850 
   0.0000000000     -3.000    180.000   0.911753    0.004420   0.083537   0.000290   0.916173   3.664691 
   0.0000000000     -2.000    180.000   0.911810    0.004323   0.083574   0.000294   0.916132   3.664528 
   0.0000000000     -1.000    180.000   0.911863    0.004228   0.083611   0.000299   0.916091   3.664363 
   0.0000000000      0.000    180.000   0.911913    0.004135   0.083648   0.000303   0.916049   3.664194 
   0.0000000000      1.000    180.000   0.911960    0.004045   0.083687   0.000307   0.916006   3.664022 
   0.0000000000      2.000    180.000   0.912004    0.003958   0.083726   0.000312   0.915962   3.663847 
   0.0000000000      3.000    180.000   0.912045    0.003872   0.083767   0.000316   0.915917   3.663668 
   0.0000000000      4.000    180.000   0.912083    0.003789   0.083808   0.000321   0.915871   3.663485 
   0.0000000000      5.000    180.000   0.912118    0.003707   0.083850   0.000326   0.915825   3.663299 
   0.0000000000      6.000    180.000   0.912150    0.003628   0.083893   0.000330   0.915777   3.663109 
   0.0000000000      7.000    180.000   0.912179    0.003550   0.083936   0.000335   0.915729   3.662915 
   0.0000000000      8.000    180.000   0.912205    0.003475   0.083981   0.000340   0.915679   3.662717 
   0.0000000000      9.000    180.000   0.912228    0.003401   0.084027   0.000344   0.915629   3.662515 
   0.0000000000     10.000    180.000   0.912248    0.003329   0.084074   0.000349   0.915577   3.662308 
   0.0000000000     11.000    180.000   0.912266    0.003259   0.084122   0.000354   0.915524   3.662098 
   0.0000000000     12.000    180.000   0.912280    0.003190   0.084171   0.000359   0.915471   3.661882 
   0.0000000000     13.000    180.000   0.912292    0.003123   0.084221   0.000364   0.915416   3.661662 
   0.0000000000     14.000    180.000   0.912301    0.003058   0.084272   0.000369   0.915359   3.661437 
   0.0000000000     15.000    180.000   0.912308    0.002994   0.084324   0.000374   0.915302   3.661208 
   0.0000000000     16.000    180.000   0.912311    0.002932   0.084378   0.000379   0.915243   3.660973 
   0.0000000000     17.000    180.000   0.912312    0.002871   0.084433   0.000384   0.915183   3.660734 
   0.0000000000     18.000    180.000   0.912310    0.002812   0.084489   0.000389   0.915122   3.660489 
   0.0000000000     19.000    180.000   0.912306    0.002754   0.084546   0.000394   0.915060   3.660239 
   0.0000000000     20.000    180.000   0.912298    0.002697   0.084605   0.000399   0.914996   3.659984 
   0.0000000000     21.000    180.000   0.912288    0.002642   0.084665   0.000405   0.914931   3.659723 
   0.0000000000     22.000    180.000   0.912276    0.002588   0.084726   0.000410   0.914864   3.659456 
   0.0000000000     23.000    180.000   0.912260    0.002536   0.084789   0.000415   0.914796   3.659184 
   0.0000000000     24.000    180.000   0.912242    0.002484   0.084853   0.000421   0.914726   3.658906 
   0.0000000000     25.000    180.000   0.912221    0.002434   0.084919   0.000426   0.914655   3.658621 
   0.0000000000     26.000    180.000   0.912198    0.002385   0.084986   0.000431   0.914583   3.658331 
   0.0000000000     27.000    180.000   0.912172    0.002337   0.085054   0.000437   0.914509   3.658034 
   0.0000000000     28.000    180.000   0.912143    0.002290   0.085125   0.000443   0.914433   3.657731 
   0.0000000000     29.000    180.000   0.912111    0.002244   0.085196   0.000448   0.914355   3.657422 
   0.0000000000     30.000    180.000   0.912077    0.002199   0.085270   0.000454   0.914276   3.657106 
   0.0000000000     31.000    180.000   0.912040    0.002156   0.085345   0.000460   0.914196   3.656783 
   0.0000000000     32.000    180.000   0.912001    0.002113   0.085421   0.000465   0.914113   3.656454 
   0.0000000000     33.000    180.000   0.911958    0.002071   0.085500   0.000471   0.914029   3.656117 
   0.0000000000     34.000    180.000   0.911913    0.002030   0.085580   0.000477   0.913943   3.655773 
   0.0000000000     35.000    180.000   0.911865    0.001990   0.085661   0.000483   0.913856   3.655422 
   0.0000000000     36.000    180.000   0.911815    0.001951   0.085745   0.000489   0.913766   3.655064 
   0.0000000000     37.000    180.000   0.911762    0.001913   0.085831   0.000495   0.913675   3.654698 
   0.0000000000     38.000    180.000   0.911705    0.001876   0.085918   0.000501   0.913581   3.654325 
   0.0000000000     39.000    180.000   0.911647    0.001839   0.086007   0.000507   0.913486   3.653944 
   0.0000000000     40.000    180.000   0.911585    0.001803   0.086098   0.000513   0.913389   3.653554 
   0.0000000000     41.000    180.000   0.911521    0.001769   0.086191   0.000519   0.913289   3.653157 
   0.0000000000     42.000    180.000   0.911454    0.001734   0.086286   0.000526   0.913188   3.652752 
   0.0000000000     43.000    180.000   0.911384    0.001701   0.086383   0.000532   0.913085   3.652339 
   0.0000000000     44.000    180.000   0.911311    0.001668   0.086482   0.000538   0.912979   3.651917 
   0.0000000000     45.000    180.000   0.911235    0.001636   0.086584   0.000545   0.912872   3.651486 
   0.0000000000     46.000    180.000   0.911157    0.001605   0.086687   0.000551   0.912762   3.651047 
   0.0000000000     47.000    180.000   0.911075    0.001574   0.086792   0.000558   0.912650   3.650599 
   0.0000000000     48.000    180.000   0.910991    0.001544   0.086900   0.000565   0.912536   3.650142 
   0.0000000000     49.000    180.000   0.910904    0.001515   0.087010   0.000571   0.912419   3.649676 
   0.0000000000     50.000    180.000   0.910814    0.001486   0.087122   0.000578   0.912300   3.649201 
   0.0000000000     51.000    180.000   0.910721    0.001458   0.087236   0.000585   0.912179   3.648716 
   0.0000000000     52.000    180.000   0.910625    0.001431   0.087353   0.000591   0.912056   3.648222 
   0.0000000000     53.000    180.000   0.910526    0.001404   0.087472   0.000598   0.911930   3.647718 
   0.0000000000     54.000    180.000   0.910424    0.001378   0.087594   0.000605   0.911801   3.647205 
   0.0000000000     55.000    180.000   0.910318    0.001352   0.087717   0.000612   0.911670   3.646681 
   0.0000000000     56.000    180.000   0.910210    0.001327   0.087844   0.000619   0.911537   3.646147 
   0.0000000000     57.000    180.000   0.910099    0.001302   0.087973   0.000626   0.911401   3.645603 
   0.0000000000     58.000    180.000   0.909985    0.001278   0.088104   0.000634   0.911262   3.645049 
   0.0000000000     59.000    180.000   0.909867    0.001254   0.088238   0.000641   0.911121   3.644484 
   0.0000000000     60.000    180.000   0.909746    0.001231   0.088375   0.000648   0.910977   3.643908 
   0.0000000000     61.000    180.000   0.909623    0.001208   0.088514   0.000656   0.910830   3.643322 
   0.0000000000     62.000    180.000   0.909495    0.001186   0.088656   0.000663   0.910681   3.642724 
   0.0000000000     63.000    180.000   0.909365    0.001164   0.088801   0.000670   0.910529   3.642116 
   0.0000000000     64.000    180.000   0.909232    0.001142   0.088948   0.000678   0.910374   3.641496 
   0.0000000000     65.000    180.000   0.909095    0.001121   0.089098   0.000686   0.910216   3.640864 
   0.0000000000     66.000    180.000   0.908954    0.001101   0.089251   0.000693   0.910055   3.640221 
   0.0000000000     67.000    180.000   0.908811    0.001081   0.089407   0.000701   0.909892   3.639566 
   0.0000000000     68.000    180.000   0.908664    0.001061   0.089566   0.000709   0.909725   3.638900 
   0.0000000000     69.000    180.000   0.908513    0.001042   0.089728   0.000717   0.909555   3.638221 
   0.0000000000     70.000    180.000   0.908359    0.001023   0.089893   0.000725   0.909382   3.637530 
   0.0000000000     71.000    180.000   0.908202    0.001004   0.090061   0.000733   0.909207   3.636826 
   0.0000000000     72.000    180.000   0.908041    0.000986   0.090231   0.000741   0.909028   3.636110 
   0.0000000000     73.000    180.000   0.907877    0.000968   0.090405   0.000749   0.908845   3.635381 
   0.0000000000     74.000    180.000   0.907709    0.000951   0.090583   0.000758   0.908660   3.634639 
   0.0000000000     75.000    180.000   0.907537    0.000934   0.090763   0.000766   0.908471   3.633884 
   0.0000000000     76.000    180.000   0.907362    0.000917   0.090947   0.000774   0.908279   3.633116 
   0.0000000000     77.000    180.000   0.907183    0.000901   0.091134   0.000783   0.908084   3.632335 
   0.0000000000     78.000    180.000   0.907000    0.000884   0.091324   0.000791   0.907885   3.631539 
   0.0000000000     79.000    180.000   0.906814    0.000869   0.091517   0.000800   0.907683   3.630730 
   0.0000000000     80.000    180.000   0.906624    0.000853   0.091714   0.000809   0.907477   3.629907 
   0.0000000000     81.000    180.000   0.906430    0.000838   0.091915   0.000818   0.907268   3.629070 
   0.0000000000     82.000    180.000   0.906232    0.000823   0.092119   0.000826   0.907055   3.628219 
   0.0000000000     83.000    180.000   0.906030    0.000808   0.092326   0.000835   0.906838   3.627353 
   0.0000000000     84.000    180.000   0.905824    0.000794   0.092537   0.000844   0.906618   3.626473 
   0.0000000000     85.000    180.000   0.905614    0.000780   0.092752   0.000854   0.906394   3.625577 
   0.0000000000     86.000    180.000   0.905401    0.000766   0.092970   0.000863   0.906167   3.624667 
   0.0000000000     87.000    180.000   0.905183    0.000753   0.093193   0.000872   0.905935   3.623741 
   0.0000000000     88.000    180.000   0.904961    0.000739   0.093418   0.000882   0.905700   3.622800 
   0.0000000000     89.000    180.000   0.904735    0.000726   0.093648   0.000891   0.905461   3.621844 
   0.0000000000     90.000    180.000   0.904504    0.000713   0.093881   0.000901   0.905218   3.620872 
   0.0000000000     91.000    180.000   0.904270    0.000701   0.094119   0.000910   0.904971   3.619883 
   0.0000000000     92.000    180.000   0.904031    0.000689   0.094360   0.000920   0.904720   3.618879 
   0.0000000000     93.000    180.000   0.903788    0.000676   0.094606   0.000930   0.904465   3.617858 
   0.0000000000     94.000    180.000   0.903541    0.000665   0.094855   0.000940   0.904205   3.616821 
   0.0000000000     95.000    180.000   0.903289    0.000653   0.095108   0.000950   0.903942   3.615767 
   0.0000000000     96.000    180.000   0.903032    0.000642   0.095366   0.000960   0.903674   3.614696 
   0.0000000000     97.000    180.000   0.902772    0.000630   0.095628   0.000970   0.903402   3.613608 
   0.0000000000     98.000    180.000   0.902506    0.000619   0.095894   0.000981   0.903126   3.612503 
   0.0000000000     99.000    180.000   0.902236    0.000608   0.096164   0.000991   0.902845   3.611380 
   0.0000000000    100.000    180.000   0.901962    0.000598   0.096439   0.001002   0.902560   3.610239 
   0.0000000000    101.000    180.000   0.901683    0.000587   0.096718   0.001012   0.902270   3.609080 
   0.0000000000    102.000    180.000   0.901399    0.000577   0.097001   0.001023   0.901976   3.607904 
   0.0000000000    103.000    180.000   0.901110    0.000567   0.097289   0.001034   0.901677   3.606709 
   0.0000000000    104.000    180.000   0.900817    0.000557   0.097581   0.001045   0.901374   3.605495 
   0.0000000000    105.000    180.000   0.900518    0.000548   0.097878   0.001056   0.901066   3.604263 
   0.0000000000    106.000    180.000   0.900215    0.000538   0.098180   0.001067   0.900753   3.603011 
   0.0000000000    107.000    180.000   0.899907    0.000529   0.098486   0.001078   0.900435   3.601741 
   0.0000000000    108.000    180.000   0.899593    0.000519   0.098798   0.001090   0.900113   3.600451 
   0.0000000000    109.000    180.000   0.899275    0.000510   0.099113   0.001101   0.899785   3.599141 
   0.0000000000    110.000    180.000   0.898951    0.000502   0.099434   0.001113   0.899453   3.597812 
   0.0000000000    111.000    180.000   0.898623    0.000493   0.099760   0.001125   0.899116   3.596462 
   0.0000000000    112.000    180.000   0.898289    0.000484   0.100090   0.001137   0.898773   3.595093 
   0.0000000000    113.000    180.000   0.897950    0.000476   0.100426   0.001149   0.898426   3.593702 
   0.0000000000    114.000    180.000   0.897605    0.000468   0.100766   0.001161   0.898073   3.592291 
   0.0000000000    115.000    180.000   0.897255    0.000460   0.101112   0.001173   0.897715   3.590859 
   0.0000000000    116.000    180.000   0.896900    0.000452   0.101463   0.001185   0.897352   3.589406 
   0.0000000000    117.000    180.000   0.896539    0.000444   0.101819   0.001198   0.896983   3.587932 
   0.0000000000    118.000    180.000   0.896173    0.000436   0.102181   0.001210   0.896609   3.586435 
   0.0000000000    119.000    180.000   0.895801    0.000429   0.102548   0.001223   0.896229   3.584917 
   0.0000000000    120.000    180.000   0.895423    0.000421   0.102920   0.001236   0.895844   3.583377 
   0.0000000000    121.000    180.000   0.895040    0.000414   0.103297   0.001249   0.895454   3.581815 
   0.0000000000    122.000    180.000   0.894651    0.000407   0.103680   0.001262   0.895057   3.580229 
   0.0000000000    123.000    180.000   0.894256    0.000400   0.104069   0.001275   0.894655   3.578621 
   0.0000000000    124.000    180.000   0.893855    0.000393   0.104463   0.001289   0.894248   3.576990 
   0.0000000000    125.000    180.000   0.893448    0.000386   0.104864   0.001302   0.893834   3.575336 
   0.0000000000    126.000    180.000   0.893035    0.000379   0.105269   0.001316   0.893415   3.573658 
