#solute size.    Temp(C) Press(Mpa)        fHB          fS        fLJ         fO        xHB        nHB 
   0.0000000000   -173.000      5.000   0.000000    1.000000   0.000000   0.000000   1.000000   4.000000 
   0.0000000000   -172.000      5.000   0.000000    1.000000   0.000000   0.000000   1.000000   4.000000 
   0.0000000000   -171.000      5.000   0.000000    1.000000   0.000000   0.000000   1.000000   4.000000 
   0.0000000000   -170.000      5.000   0.000000    1.000000   0.000000   0.000000   1.000000   4.000000 
   0.0000000000   -169.000      5.000   0.000000    1.000000   0.000000   0.000000   1.000000   4.000000 
   0.0000000000   -168.000      5.000   0.000000    1.000000   0.000000   0.000000   1.000000   4.000000 
   0.0000000000   -167.000      5.000   0.000000    1.000000   0.000000   0.000000   1.000000   4.000000 
   0.0000000000   -166.000      5.000   0.000000    1.000000   0.000000   0.000000   1.000000   4.000000 
   0.0000000000   -165.000      5.000   0.000000    1.000000   0.000000   0.000000   1.000000   4.000000 
   0.0000000000   -164.000      5.000   0.000000    1.000000   0.000000   0.000000   1.000000   4.000000 
   0.0000000000   -163.000      5.000   0.000000    1.000000   0.000000   0.000000   1.000000   4.000000 
   0.0000000000   -162.000      5.000   0.000000    1.000000   0.000000   0.000000   1.000000   4.000000 
   0.0000000000   -161.000      5.000   0.000001    0.999999   0.000000   0.000000   1.000000   4.000000 
   0.0000000000   -160.000      5.000   0.000001    0.999999   0.000000   0.000000   1.000000   4.000000 
   0.0000000000   -159.000      5.000   0.000001    0.999999   0.000000   0.000000   1.000000   4.000000 
   0.0000000000   -158.000      5.000   0.000001    0.999999   0.000000   0.000000   1.000000   4.000000 
   0.0000000000   -157.000      5.000   0.000001    0.999999   0.000000   0.000000   1.000000   4.000000 
   0.0000000000   -156.000      5.000   0.000002    0.999998   0.000000   0.000000   1.000000   3.999999 
   0.0000000000   -155.000      5.000   0.000002    0.999998   0.000000   0.000000   1.000000   3.999999 
   0.0000000000   -154.000      5.000   0.000002    0.999997   0.000000   0.000000   1.000000   3.999999 
   0.0000000000   -153.000      5.000   0.000003    0.999997   0.000000   0.000000   1.000000   3.999999 
   0.0000000000   -152.000      5.000   0.000004    0.999996   0.000000   0.000000   1.000000   3.999999 
   0.0000000000   -151.000      5.000   0.000005    0.999995   0.000000   0.000000   1.000000   3.999998 
   0.0000000000   -150.000      5.000   0.000006    0.999994   0.000001   0.000000   0.999999   3.999998 
   0.0000000000   -149.000      5.000   0.000007    0.999993   0.000001   0.000000   0.999999   3.999998 
   0.0000000000   -148.000      5.000   0.000008    0.999991   0.000001   0.000000   0.999999   3.999997 
   0.0000000000   -147.000      5.000   0.000010    0.999989   0.000001   0.000000   0.999999   3.999996 
   0.0000000000   -146.000      5.000   0.000012    0.999987   0.000001   0.000000   0.999999   3.999996 
   0.0000000000   -145.000      5.000   0.000014    0.999985   0.000001   0.000000   0.999999   3.999995 
   0.0000000000   -144.000      5.000   0.000017    0.999982   0.000002   0.000000   0.999998   3.999994 
   0.0000000000   -143.000      5.000   0.000020    0.999978   0.000002   0.000000   0.999998   3.999993 
   0.0000000000   -142.000      5.000   0.000024    0.999974   0.000002   0.000000   0.999998   3.999991 
   0.0000000000   -141.000      5.000   0.000028    0.999969   0.000003   0.000000   0.999997   3.999990 
   0.0000000000   -140.000      5.000   0.000034    0.999963   0.000003   0.000000   0.999997   3.999988 
   0.0000000000   -139.000      5.000   0.000040    0.999957   0.000004   0.000000   0.999996   3.999986 
   0.0000000000   -138.000      5.000   0.000047    0.999949   0.000004   0.000000   0.999996   3.999983 
   0.0000000000   -137.000      5.000   0.000055    0.999940   0.000005   0.000000   0.999995   3.999980 
   0.0000000000   -136.000      5.000   0.000064    0.999930   0.000006   0.000000   0.999994   3.999977 
   0.0000000000   -135.000      5.000   0.000075    0.999918   0.000007   0.000000   0.999993   3.999973 
   0.0000000000   -134.000      5.000   0.000088    0.999904   0.000008   0.000000   0.999992   3.999968 
   0.0000000000   -133.000      5.000   0.000103    0.999888   0.000009   0.000000   0.999991   3.999963 
   0.0000000000   -132.000      5.000   0.000119    0.999870   0.000011   0.000000   0.999989   3.999957 
   0.0000000000   -131.000      5.000   0.000139    0.999849   0.000013   0.000000   0.999987   3.999950 
   0.0000000000   -130.000      5.000   0.000161    0.999825   0.000015   0.000000   0.999985   3.999942 
   0.0000000000   -129.000      5.000   0.000186    0.999797   0.000017   0.000000   0.999983   3.999932 
   0.0000000000   -128.000      5.000   0.000215    0.999766   0.000020   0.000000   0.999980   3.999922 
   0.0000000000   -127.000      5.000   0.000248    0.999730   0.000023   0.000000   0.999977   3.999910 
   0.0000000000   -126.000      5.000   0.000285    0.999689   0.000026   0.000000   0.999974   3.999896 
   0.0000000000   -125.000      5.000   0.000328    0.999643   0.000030   0.000000   0.999970   3.999881 
   0.0000000000   -124.000      5.000   0.000376    0.999590   0.000034   0.000000   0.999966   3.999863 
   0.0000000000   -123.000      5.000   0.000430    0.999531   0.000039   0.000000   0.999961   3.999844 
   0.0000000000   -122.000      5.000   0.000492    0.999463   0.000045   0.000000   0.999955   3.999821 
   0.0000000000   -121.000      5.000   0.000561    0.999388   0.000051   0.000000   0.999949   3.999796 
   0.0000000000   -120.000      5.000   0.000640    0.999302   0.000058   0.000000   0.999942   3.999767 
   0.0000000000   -119.000      5.000   0.000728    0.999206   0.000066   0.000000   0.999934   3.999735 
   0.0000000000   -118.000      5.000   0.000827    0.999098   0.000075   0.000000   0.999925   3.999699 
   0.0000000000   -117.000      5.000   0.000938    0.998977   0.000085   0.000000   0.999915   3.999659 
   0.0000000000   -116.000      5.000   0.001062    0.998841   0.000097   0.000000   0.999903   3.999614 
   0.0000000000   -115.000      5.000   0.001201    0.998690   0.000109   0.000000   0.999891   3.999563 
   0.0000000000   -114.000      5.000   0.001357    0.998520   0.000123   0.000000   0.999877   3.999507 
   0.0000000000   -113.000      5.000   0.001530    0.998331   0.000139   0.000000   0.999861   3.999444 
   0.0000000000   -112.000      5.000   0.001723    0.998120   0.000157   0.000000   0.999843   3.999373 
   0.0000000000   -111.000      5.000   0.001938    0.997885   0.000176   0.000000   0.999824   3.999295 
   0.0000000000   -110.000      5.000   0.002177    0.997625   0.000198   0.000000   0.999802   3.999208 
   0.0000000000   -109.000      5.000   0.002443    0.997335   0.000222   0.000000   0.999778   3.999112 
   0.0000000000   -108.000      5.000   0.002737    0.997014   0.000249   0.000000   0.999751   3.999005 
   0.0000000000   -107.000      5.000   0.003062    0.996659   0.000278   0.000000   0.999722   3.998886 
   0.0000000000   -106.000      5.000   0.003423    0.996266   0.000311   0.000000   0.999689   3.998755 
   0.0000000000   -105.000      5.000   0.003821    0.995832   0.000347   0.000000   0.999653   3.998610 
   0.0000000000   -104.000      5.000   0.004260    0.995353   0.000387   0.000000   0.999613   3.998451 
   0.0000000000   -103.000      5.000   0.004744    0.994825   0.000431   0.000000   0.999569   3.998274 
   0.0000000000   -102.000      5.000   0.005277    0.994243   0.000480   0.000000   0.999520   3.998081 
   0.0000000000   -101.000      5.000   0.005863    0.993604   0.000533   0.000000   0.999467   3.997867 
   0.0000000000   -100.000      5.000   0.006507    0.992901   0.000592   0.000000   0.999408   3.997633 
   0.0000000000    -99.000      5.000   0.007214    0.992130   0.000656   0.000000   0.999344   3.997376 
   0.0000000000    -98.000      5.000   0.007988    0.991285   0.000727   0.000000   0.999273   3.997094 
   0.0000000000    -97.000      5.000   0.008837    0.990359   0.000804   0.000000   0.999196   3.996785 
   0.0000000000    -96.000      5.000   0.009765    0.989346   0.000888   0.000000   0.999112   3.996447 
   0.0000000000    -95.000      5.000   0.010780    0.988239   0.000980   0.000000   0.999019   3.996078 
   0.0000000000    -94.000      5.000   0.011888    0.987031   0.001081   0.000000   0.998919   3.995675 
   0.0000000000    -93.000      5.000   0.013096    0.985712   0.001191   0.000000   0.998809   3.995235 
   0.0000000000    -92.000      5.000   0.014413    0.984276   0.001311   0.000000   0.998689   3.994755 
   0.0000000000    -91.000      5.000   0.015847    0.982711   0.001442   0.000000   0.998558   3.994234 
   0.0000000000    -90.000      5.000   0.017406    0.981010   0.001584   0.000000   0.998416   3.993666 
   0.0000000000    -89.000      5.000   0.019101    0.979162   0.001738   0.000000   0.998262   3.993049 
   0.0000000000    -88.000      5.000   0.020940    0.977155   0.001905   0.000000   0.998095   3.992379 
   0.0000000000    -87.000      5.000   0.022935    0.974979   0.002087   0.000000   0.997913   3.991653 
   0.0000000000    -86.000      5.000   0.025096    0.972621   0.002284   0.000000   0.997716   3.990866 
   0.0000000000    -85.000      5.000   0.027435    0.970068   0.002497   0.000000   0.997503   3.990013 
   0.0000000000    -84.000      5.000   0.029965    0.967308   0.002727   0.000000   0.997273   3.989092 
   0.0000000000    -83.000      5.000   0.032699    0.964325   0.002976   0.000000   0.997024   3.988096 
   0.0000000000    -82.000      5.000   0.035649    0.961106   0.003245   0.000000   0.996755   3.987021 
   0.0000000000    -81.000      5.000   0.038831    0.957634   0.003535   0.000000   0.996465   3.985861 
   0.0000000000    -80.000      5.000   0.042259    0.953894   0.003847   0.000000   0.996153   3.984612 
   0.0000000000    -79.000      5.000   0.045948    0.949869   0.004183   0.000000   0.995817   3.983267 
   0.0000000000    -78.000      5.000   0.049914    0.945541   0.004545   0.000000   0.995455   3.981820 
   0.0000000000    -77.000      5.000   0.054175    0.940892   0.004933   0.000000   0.995067   3.980267 
   0.0000000000    -76.000      5.000   0.058747    0.935903   0.005350   0.000000   0.994650   3.978599 
   0.0000000000    -75.000      5.000   0.063648    0.930555   0.005797   0.000000   0.994203   3.976812 
   0.0000000000    -74.000      5.000   0.068895    0.924829   0.006276   0.000000   0.993724   3.974897 
   0.0000000000    -73.000      5.000   0.074508    0.918704   0.006788   0.000000   0.993212   3.972848 
   0.0000000000    -72.000      5.000   0.080505    0.912160   0.007335   0.000000   0.992665   3.970659 
   0.0000000000    -71.000      5.000   0.086906    0.905175   0.007919   0.000000   0.992081   3.968323 
   0.0000000000    -70.000      5.000   0.093728    0.897730   0.008542   0.000000   0.991458   3.965831 
   0.0000000000    -69.000      5.000   0.100991    0.889804   0.009205   0.000000   0.990795   3.963179 
   0.0000000000    -68.000      5.000   0.108713    0.881376   0.009910   0.000000   0.990089   3.960357 
   0.0000000000    -67.000      5.000   0.116913    0.872428   0.010659   0.000000   0.989340   3.957361 
   0.0000000000    -66.000      5.000   0.125606    0.862939   0.011454   0.000000   0.988546   3.954183 
   0.0000000000    -65.000      5.000   0.134811    0.852894   0.012295   0.000000   0.987704   3.950818 
   0.0000000000    -64.000      5.000   0.144541    0.842274   0.013185   0.000000   0.986815   3.947259 
   0.0000000000    -63.000      5.000   0.154810    0.831066   0.014124   0.000001   0.985876   3.943502 
   0.0000000000    -62.000      5.000   0.165631    0.819255   0.015114   0.000001   0.984886   3.939542 
   0.0000000000    -61.000      5.000   0.177009    0.806836   0.016155   0.000001   0.983844   3.935377 
   0.0000000000    -60.000      5.000   0.188951    0.793800   0.017248   0.000001   0.982751   3.931004 
   0.0000000000    -59.000      5.000   0.201460    0.780146   0.018394   0.000001   0.981605   3.926422 
   0.0000000000    -58.000      5.000   0.214533    0.765874   0.019591   0.000001   0.980408   3.921631 
   0.0000000000    -57.000      5.000   0.228166    0.750993   0.020840   0.000001   0.979158   3.916634 
   0.0000000000    -56.000      5.000   0.242346    0.735512   0.022140   0.000001   0.977858   3.911433 
   0.0000000000    -55.000      5.000   0.257060    0.719448   0.023490   0.000001   0.976509   3.906035 
   0.0000000000    -54.000      5.000   0.272281    0.702831   0.024886   0.000002   0.975112   3.900448 
   0.0000000000    -53.000      5.000   0.287983    0.685688   0.026328   0.000002   0.973671   3.894683 
   0.0000000000    -52.000      5.000   0.304130    0.668058   0.027810   0.000002   0.972188   3.888751 
   0.0000000000    -51.000      5.000   0.320681    0.649986   0.029331   0.000002   0.970667   3.882667 
   0.0000000000    -50.000      5.000   0.337589    0.631523   0.030885   0.000002   0.969112   3.876449 
   0.0000000000    -49.000      5.000   0.354800    0.612729   0.032468   0.000003   0.967529   3.870116 
   0.0000000000    -48.000      5.000   0.372259    0.593663   0.034075   0.000003   0.965922   3.863688 
   0.0000000000    -47.000      5.000   0.389895    0.574402   0.035699   0.000003   0.964298   3.857191 
   0.0000000000    -46.000      5.000   0.407644    0.555018   0.037335   0.000003   0.962662   3.850648 
   0.0000000000    -45.000      5.000   0.425436    0.535585   0.038975   0.000004   0.961021   3.844084 
   0.0000000000    -44.000      5.000   0.443199    0.516182   0.040615   0.000004   0.959381   3.837525 
   0.0000000000    -43.000      5.000   0.460865    0.496884   0.042246   0.000005   0.957749   3.830997 
   0.0000000000    -42.000      5.000   0.478363    0.477768   0.043864   0.000005   0.956131   3.824524 
   0.0000000000    -41.000      5.000   0.495630    0.458903   0.045462   0.000005   0.954533   3.818131 
   0.0000000000    -40.000      5.000   0.512603    0.440357   0.047034   0.000006   0.952960   3.811840 
   0.0000000000    -39.000      5.000   0.529229    0.422189   0.048576   0.000006   0.951417   3.805670 
   0.0000000000    -38.000      5.000   0.545457    0.404452   0.050083   0.000007   0.949910   3.799639 
   0.0000000000    -37.000      5.000   0.561248    0.387193   0.051552   0.000007   0.948441   3.793763 
   0.0000000000    -36.000      5.000   0.576566    0.370447   0.052979   0.000008   0.947013   3.788053 
   0.0000000000    -35.000      5.000   0.591384    0.354246   0.054361   0.000008   0.945630   3.782521 
   0.0000000000    -34.000      5.000   0.605683    0.338610   0.055698   0.000009   0.944293   3.777172 
   0.0000000000    -33.000      5.000   0.619448    0.323555   0.056987   0.000010   0.943003   3.772012 
   0.0000000000    -32.000      5.000   0.632673    0.309088   0.058229   0.000010   0.941761   3.767043 
   0.0000000000    -31.000      5.000   0.645355    0.295211   0.059422   0.000011   0.940567   3.762266 
   0.0000000000    -30.000      5.000   0.657498    0.281922   0.060568   0.000012   0.939420   3.757681 
   0.0000000000    -29.000      5.000   0.669107    0.269214   0.061667   0.000012   0.938321   3.753284 
   0.0000000000    -28.000      5.000   0.680194    0.257074   0.062719   0.000013   0.937268   3.749071 
   0.0000000000    -27.000      5.000   0.690770    0.245490   0.063727   0.000014   0.936260   3.745039 
   0.0000000000    -26.000      5.000   0.700851    0.234445   0.064690   0.000014   0.935295   3.741180 
   0.0000000000    -25.000      5.000   0.710452    0.223921   0.065612   0.000015   0.934373   3.737490 
   0.0000000000    -24.000      5.000   0.719592    0.213899   0.066493   0.000016   0.933491   3.733962 
   0.0000000000    -23.000      5.000   0.728288    0.204359   0.067336   0.000017   0.932647   3.730589 
   0.0000000000    -22.000      5.000   0.736560    0.195282   0.068141   0.000018   0.931841   3.727364 
   0.0000000000    -21.000      5.000   0.744425    0.186646   0.068912   0.000018   0.931070   3.724281 
   0.0000000000    -20.000      5.000   0.751899    0.178434   0.069648   0.000019   0.930333   3.721332 
   0.0000000000    -19.000      5.000   0.759007    0.170620   0.070352   0.000020   0.929628   3.718510 
   0.0000000000    -18.000      5.000   0.765763    0.163189   0.071027   0.000021   0.928952   3.715809 
   0.0000000000    -17.000      5.000   0.772185    0.156120   0.071673   0.000022   0.928306   3.713222 
   0.0000000000    -16.000      5.000   0.778289    0.149397   0.072291   0.000023   0.927686   3.710744 
   0.0000000000    -15.000      5.000   0.784092    0.143000   0.072885   0.000023   0.927092   3.708367 
   0.0000000000    -14.000      5.000   0.789608    0.136914   0.073454   0.000024   0.926522   3.706087 
   0.0000000000    -13.000      5.000   0.794853    0.131122   0.074000   0.000025   0.925974   3.703898 
   0.0000000000    -12.000      5.000   0.799840    0.125609   0.074525   0.000026   0.925448   3.701794 
   0.0000000000    -11.000      5.000   0.804583    0.120360   0.075030   0.000027   0.924943   3.699770 
   0.0000000000    -10.000      5.000   0.809095    0.115361   0.075516   0.000028   0.924456   3.697823 
   0.0000000000     -9.000      5.000   0.813387    0.110600   0.075984   0.000029   0.923986   3.695946 
   0.0000000000     -8.000      5.000   0.817471    0.106063   0.076436   0.000030   0.923534   3.694136 
   0.0000000000     -7.000      5.000   0.821358    0.101739   0.076872   0.000031   0.923097   3.692389 
   0.0000000000     -6.000      5.000   0.825058    0.097617   0.077293   0.000032   0.922675   3.690700 
   0.0000000000     -5.000      5.000   0.828581    0.093686   0.077700   0.000033   0.922267   3.689067 
   0.0000000000     -4.000      5.000   0.831934    0.089938   0.078094   0.000034   0.921871   3.687485 
   0.0000000000     -3.000      5.000   0.835128    0.086360   0.078477   0.000035   0.921488   3.685951 
   0.0000000000     -2.000      5.000   0.838170    0.082945   0.078848   0.000036   0.921116   3.684462 
   0.0000000000     -1.000      5.000   0.841069    0.079685   0.079208   0.000038   0.920754   3.683016 
   0.0000000000      0.000      5.000   0.843831    0.076572   0.079559   0.000039   0.920402   3.681608 
   0.0000000000      1.000      5.000   0.846462    0.073597   0.079901   0.000040   0.920059   3.680238 
   0.0000000000      2.000      5.000   0.848970    0.070756   0.080234   0.000041   0.919725   3.678901 
   0.0000000000      3.000      5.000   0.851360    0.068039   0.080559   0.000042   0.919399   3.677596 
   0.0000000000      4.000      5.000   0.853638    0.065442   0.080877   0.000043   0.919080   3.676320 
   0.0000000000      5.000      5.000   0.855810    0.062958   0.081187   0.000045   0.918768   3.675072 
   0.0000000000      6.000      5.000   0.857880    0.060582   0.081492   0.000046   0.918462   3.673848 
   0.0000000000      7.000      5.000   0.859854    0.058308   0.081791   0.000047   0.918162   3.672648 
   0.0000000000      8.000      5.000   0.861735    0.056132   0.082084   0.000048   0.917867   3.671469 
   0.0000000000      9.000      5.000   0.863529    0.054048   0.082373   0.000050   0.917577   3.670309 
   0.0000000000     10.000      5.000   0.865239    0.052053   0.082657   0.000051   0.917292   3.669168 
   0.0000000000     11.000      5.000   0.866869    0.050141   0.082937   0.000052   0.917010   3.668042 
   0.0000000000     12.000      5.000   0.868423    0.048310   0.083214   0.000054   0.916733   3.666931 
   0.0000000000     13.000      5.000   0.869904    0.046554   0.083487   0.000055   0.916458   3.665833 
   0.0000000000     14.000      5.000   0.871315    0.044872   0.083757   0.000056   0.916187   3.664746 
   0.0000000000     15.000      5.000   0.872660    0.043258   0.084025   0.000058   0.915918   3.663670 
   0.0000000000     16.000      5.000   0.873941    0.041710   0.084290   0.000059   0.915651   3.662604 
   0.0000000000     17.000      5.000   0.875161    0.040225   0.084553   0.000061   0.915386   3.661544 
   0.0000000000     18.000      5.000   0.876323    0.038800   0.084815   0.000062   0.915123   3.660492 
   0.0000000000     19.000      5.000   0.877429    0.037432   0.085075   0.000064   0.914861   3.659445 
   0.0000000000     20.000      5.000   0.878481    0.036119   0.085334   0.000065   0.914601   3.658402 
   0.0000000000     21.000      5.000   0.879482    0.034858   0.085593   0.000067   0.914341   3.657363 
   0.0000000000     22.000      5.000   0.880434    0.033647   0.085850   0.000068   0.914081   3.656326 
   0.0000000000     23.000      5.000   0.881339    0.032484   0.086108   0.000070   0.913822   3.655290 
   0.0000000000     24.000      5.000   0.882198    0.031366   0.086365   0.000072   0.913564   3.654255 
   0.0000000000     25.000      5.000   0.883014    0.030291   0.086622   0.000073   0.913305   3.653219 
   0.0000000000     26.000      5.000   0.883787    0.029258   0.086880   0.000075   0.913045   3.652181 
   0.0000000000     27.000      5.000   0.884521    0.028265   0.087138   0.000077   0.912785   3.651141 
   0.0000000000     28.000      5.000   0.885216    0.027309   0.087397   0.000078   0.912525   3.650099 
   0.0000000000     29.000      5.000   0.885873    0.026390   0.087657   0.000080   0.912263   3.649052 
   0.0000000000     30.000      5.000   0.886494    0.025506   0.087918   0.000082   0.912000   3.648001 
   0.0000000000     31.000      5.000   0.887081    0.024655   0.088180   0.000084   0.911736   3.646944 
   0.0000000000     32.000      5.000   0.887634    0.023836   0.088444   0.000085   0.911470   3.645881 
   0.0000000000     33.000      5.000   0.888155    0.023047   0.088710   0.000087   0.911203   3.644811 
   0.0000000000     34.000      5.000   0.888645    0.022288   0.088978   0.000089   0.910933   3.643733 
   0.0000000000     35.000      5.000   0.889105    0.021557   0.089247   0.000091   0.910662   3.642647 
   0.0000000000     36.000      5.000   0.889536    0.020852   0.089519   0.000093   0.910388   3.641553 
   0.0000000000     37.000      5.000   0.889939    0.020174   0.089793   0.000095   0.910112   3.640448 
   0.0000000000     38.000      5.000   0.890314    0.019520   0.090069   0.000097   0.909833   3.639334 
   0.0000000000     39.000      5.000   0.890663    0.018889   0.090349   0.000099   0.909552   3.638209 
   0.0000000000     40.000      5.000   0.890986    0.018282   0.090631   0.000101   0.909268   3.637072 
   0.0000000000     41.000      5.000   0.891285    0.017696   0.090916   0.000103   0.908981   3.635923 
   0.0000000000     42.000      5.000   0.891560    0.017131   0.091204   0.000105   0.908690   3.634762 
   0.0000000000     43.000      5.000   0.891811    0.016586   0.091496   0.000108   0.908397   3.633587 
   0.0000000000     44.000      5.000   0.892040    0.016060   0.091791   0.000110   0.908100   3.632399 
   0.0000000000     45.000      5.000   0.892246    0.015553   0.092089   0.000112   0.907799   3.631196 
   0.0000000000     46.000      5.000   0.892431    0.015063   0.092391   0.000114   0.907495   3.629978 
   0.0000000000     47.000      5.000   0.892595    0.014591   0.092697   0.000117   0.907186   3.628745 
   0.0000000000     48.000      5.000   0.892739    0.014135   0.093007   0.000119   0.906874   3.627496 
   0.0000000000     49.000      5.000   0.892863    0.013695   0.093321   0.000121   0.906558   3.626231 
   0.0000000000     50.000      5.000   0.892968    0.013270   0.093639   0.000124   0.906237   3.624949 
   0.0000000000     51.000      5.000   0.893053    0.012859   0.093962   0.000126   0.905912   3.623649 
   0.0000000000     52.000      5.000   0.893120    0.012462   0.094289   0.000129   0.905583   3.622331 
   0.0000000000     53.000      5.000   0.893169    0.012079   0.094620   0.000131   0.905249   3.620994 
   0.0000000000     54.000      5.000   0.893201    0.011709   0.094956   0.000134   0.904910   3.619639 
   0.0000000000     55.000      5.000   0.893215    0.011351   0.095298   0.000137   0.904566   3.618264 
   0.0000000000     56.000      5.000   0.893212    0.011005   0.095644   0.000139   0.904217   3.616869 
   0.0000000000     57.000      5.000   0.893192    0.010671   0.095995   0.000142   0.903863   3.615453 
   0.0000000000     58.000      5.000   0.893156    0.010348   0.096351   0.000145   0.903504   3.614017 
   0.0000000000     59.000      5.000   0.893104    0.010035   0.096713   0.000147   0.903140   3.612559 
   0.0000000000     60.000      5.000   0.893036    0.009733   0.097080   0.000150   0.902770   3.611078 
   0.0000000000     61.000      5.000   0.892953    0.009441   0.097453   0.000153   0.902394   3.609576 
   0.0000000000     62.000      5.000   0.892855    0.009158   0.097831   0.000156   0.902013   3.608050 
   0.0000000000     63.000      5.000   0.892741    0.008884   0.098216   0.000159   0.901625   3.606501 
   0.0000000000     64.000      5.000   0.892612    0.008620   0.098606   0.000162   0.901232   3.604928 
   0.0000000000     65.000      5.000   0.892469    0.008363   0.099002   0.000165   0.900833   3.603331 
   0.0000000000     66.000      5.000   0.892312    0.008115   0.099404   0.000168   0.900427   3.601709 
   0.0000000000     67.000      5.000   0.892140    0.007875   0.099813   0.000172   0.900015   3.600061 
   0.0000000000     68.000      5.000   0.891954    0.007643   0.100228   0.000175   0.899597   3.598388 
   0.0000000000     69.000      5.000   0.891754    0.007418   0.100650   0.000178   0.899172   3.596688 
   0.0000000000     70.000      5.000   0.891540    0.007200   0.101078   0.000181   0.898740   3.594961 
   0.0000000000     71.000      5.000   0.891313    0.006989   0.101513   0.000185   0.898302   3.593207 
   0.0000000000     72.000      5.000   0.891072    0.006784   0.101955   0.000188   0.897856   3.591425 
   0.0000000000     73.000      5.000   0.890818    0.006586   0.102404   0.000192   0.897404   3.589615 
   0.0000000000     74.000      5.000   0.890550    0.006394   0.102861   0.000195   0.896944   3.587776 
   0.0000000000     75.000      5.000   0.890269    0.006208   0.103324   0.000199   0.896477   3.585908 
   0.0000000000     76.000      5.000   0.889975    0.006028   0.103795   0.000203   0.896003   3.584010 
   0.0000000000     77.000      5.000   0.889667    0.005853   0.104273   0.000206   0.895520   3.582082 
   0.0000000000     78.000      5.000   0.889347    0.005684   0.104759   0.000210   0.895031   3.580123 
   0.0000000000     79.000      5.000   0.889013    0.005520   0.105253   0.000214   0.894533   3.578133 
   0.0000000000     80.000      5.000   0.888667    0.005361   0.105754   0.000218   0.894028   3.576110 
   0.0000000000     81.000      5.000   0.888308    0.005206   0.106264   0.000222   0.893514   3.574056 
   0.0000000000     82.000      5.000   0.887936    0.005056   0.106782   0.000226   0.892992   3.571969 
   0.0000000000     83.000      5.000   0.887551    0.004911   0.107308   0.000230   0.892462   3.569849 
   0.0000000000     84.000      5.000   0.887153    0.004770   0.107842   0.000234   0.891924   3.567694 
   0.0000000000     85.000      5.000   0.886743    0.004634   0.108385   0.000239   0.891376   3.565506 
   0.0000000000     86.000      5.000   0.886319    0.004501   0.108936   0.000243   0.890821   3.563282 
   0.0000000000     87.000      5.000   0.885883    0.004373   0.109497   0.000247   0.890256   3.561024 
   0.0000000000     88.000      5.000   0.885435    0.004248   0.110066   0.000252   0.889682   3.558729 
   0.0000000000     89.000      5.000   0.884973    0.004127   0.110644   0.000256   0.889100   3.556398 
   0.0000000000     90.000      5.000   0.884498    0.004009   0.111231   0.000261   0.888508   3.554030 
   0.0000000000     91.000      5.000   0.884011    0.003895   0.111828   0.000266   0.887906   3.551625 
   0.0000000000     92.000      5.000   0.883511    0.003784   0.112434   0.000271   0.887295   3.549181 
   0.0000000000     93.000      5.000   0.882998    0.003677   0.113050   0.000275   0.886675   3.546699 
   0.0000000000     94.000      5.000   0.882472    0.003572   0.113675   0.000280   0.886045   3.544178 
   0.0000000000     95.000      5.000   0.881934    0.003471   0.114310   0.000285   0.885404   3.541618 
   0.0000000000     96.000      5.000   0.881382    0.003372   0.114955   0.000290   0.884754   3.539017 
   0.0000000000     97.000      5.000   0.880817    0.003277   0.115611   0.000296   0.884094   3.536375 
   0.0000000000     98.000      5.000   0.880239    0.003184   0.116276   0.000301   0.883423   3.533692 
   0.0000000000     99.000      5.000   0.879649    0.003093   0.116952   0.000306   0.882742   3.530968 
   0.0000000000    100.000      5.000   0.879044    0.003006   0.117638   0.000312   0.882050   3.528200 
   0.0000000000    101.000      5.000   0.878427    0.002920   0.118335   0.000317   0.881348   3.525390 
   0.0000000000    102.000      5.000   0.877797    0.002838   0.119043   0.000323   0.880634   3.522537 
   0.0000000000    103.000      5.000   0.877153    0.002757   0.119761   0.000329   0.879910   3.519639 
   0.0000000000    104.000      5.000   0.876495    0.002679   0.120491   0.000335   0.879174   3.516697 
   0.0000000000    105.000      5.000   0.875824    0.002603   0.121232   0.000341   0.878427   3.513709 
   0.0000000000    106.000      5.000   0.875140    0.002529   0.121985   0.000347   0.877669   3.510676 
   0.0000000000    107.000      5.000   0.874441    0.002458   0.122748   0.000353   0.876899   3.507596 
   0.0000000000    108.000      5.000   0.873729    0.002388   0.123524   0.000359   0.876117   3.504469 
   0.0000000000    109.000      5.000   0.873004    0.002320   0.124311   0.000365   0.875324   3.501295 
   0.0000000000    110.000      5.000   0.872264    0.002254   0.125110   0.000372   0.874518   3.498073 
   0.0000000000    111.000      5.000   0.871510    0.002190   0.125921   0.000378   0.873700   3.494801 
   0.0000000000    112.000      5.000   0.870743    0.002128   0.126745   0.000385   0.872870   3.491481 
   0.0000000000    113.000      5.000   0.869960    0.002067   0.127581   0.000392   0.872028   3.488110 
   0.0000000000    114.000      5.000   0.869164    0.002008   0.128429   0.000399   0.871172   3.484689 
   0.0000000000    115.000      5.000   0.868353    0.001951   0.129290   0.000406   0.870304   3.481217 
   0.0000000000    116.000      5.000   0.867528    0.001895   0.130164   0.000413   0.869423   3.477693 
   0.0000000000    117.000      5.000   0.866688    0.001841   0.131051   0.000420   0.868529   3.474117 
   0.0000000000    118.000      5.000   0.865834    0.001788   0.131950   0.000428   0.867622   3.470488 
   0.0000000000    119.000      5.000   0.864964    0.001737   0.132864   0.000435   0.866701   3.466806 
   0.0000000000    120.000      5.000   0.864080    0.001687   0.133790   0.000443   0.865767   3.463069 
   0.0000000000    121.000      5.000   0.863181    0.001639   0.134730   0.000450   0.864819   3.459278 
   0.0000000000    122.000      5.000   0.862266    0.001591   0.135684   0.000458   0.863858   3.455431 
   0.0000000000    123.000      5.000   0.861337    0.001546   0.136651   0.000466   0.862882   3.451529 
   0.0000000000    124.000      5.000   0.860392    0.001501   0.137633   0.000475   0.861893   3.447571 
   0.0000000000    125.000      5.000   0.859431    0.001457   0.138628   0.000483   0.860889   3.443555 
   0.0000000000    126.000      5.000   0.858455    0.001415   0.139638   0.000491   0.859870   3.439482 
