  #sigma_s    Temp(C) Press(Mpa) p_meanfield density (kg/m^3)      kappa      alpha Cp(J/molK) Cv(J/molK)  mu(J/mol)
   0.0000000000   -173.000      260.000000   0.339060        992.1678    0.0001974461   -0.0021980216   70.3410186976   80.7998879318   -1.9696315531 
   0.0000000000   -172.000      260.000000   0.339929        994.7690    0.0002599362   -0.0031325130   71.3815517126   84.2743948454   -1.9677872764 
   0.0000000000   -171.000      260.000000   0.341243        998.6823    0.0003850151   -0.0049667921   72.7052821696   88.7717443291   -1.9656615784 
   0.0000000000   -170.000      260.000000   0.343744       1006.0973    0.0008899426   -0.0122282150   74.7112554523   95.8146526044   -1.9628138988 
   0.0000000000   -169.000      260.000000   0.438658       1255.3623    0.0000201253    0.0009860140   73.9028148110   66.1537282196   -1.9339777494 
   0.0000000000   -168.000      260.000000   0.438134       1254.1233    0.0000204951    0.0009880715   73.6689306180   65.9259612922   -1.9326350169 
   0.0000000000   -167.000      260.000000   0.437612       1252.8852    0.0000206442    0.0009873575   73.4530768076   65.7232189673   -1.9312927331 
   0.0000000000   -166.000      260.000000   0.437090       1251.6483    0.0000207823    0.0009865704   73.2257238300   65.5087512972   -1.9299515301 
   0.0000000000   -165.000      260.000000   0.436570       1250.4129    0.0000210088    0.0009869403   73.0012055474   65.2937696623   -1.9286109501 
   0.0000000000   -164.000      260.000000   0.436050       1249.1789    0.0000212088    0.0009872336   72.7908438097   65.0917271828   -1.9272714565 
   0.0000000000   -163.000      260.000000   0.435531       1247.9464    0.0000214558    0.0009868332   72.5960213775   64.9135747511   -1.9259334583 
   0.0000000000   -162.000      260.000000   0.435015       1246.7159    0.0000215568    0.0009858590   72.3970254069   64.7261850238   -1.9245949571 
   0.0000000000   -161.000      260.000000   0.434500       1245.4872    0.0000217927    0.0009861713   72.1996115281   64.5389597923   -1.9232579914 
   0.0000000000   -160.000      260.000000   0.433985       1244.2598    0.0000220089    0.0009859179   72.0083660315   64.3609397328   -1.9219227893 
   0.0000000000   -159.000      260.000000   0.433472       1243.0347    0.0000221156    0.0009848539   71.8287275712   64.1937779190   -1.9205878897 
   0.0000000000   -158.000      260.000000   0.432961       1241.8115    0.0000223324    0.0009844777   71.6464256880   64.0254982532   -1.9192542043 
   0.0000000000   -157.000      260.000000   0.432449       1240.5901    0.0000224509    0.0009833272   71.4717012759   63.8645429613   -1.9179225275 
   0.0000000000   -156.000      260.000000   0.431941       1239.3712    0.0000226358    0.0009827285   71.2992106379   63.7056185785   -1.9165909312 
   0.0000000000   -155.000      260.000000   0.431433       1238.1545    0.0000227841    0.0009818150   71.1283383209   63.5483844370   -1.9152606493 
   0.0000000000   -154.000      260.000000   0.430928       1236.9402    0.0000229312    0.0009807907   70.9642073230   63.3986114327   -1.9139316523 
   0.0000000000   -153.000      260.000000   0.430423       1235.7282    0.0000230996    0.0009798756   70.8017130806   63.2508666651   -1.9126039445 
   0.0000000000   -152.000      260.000000   0.429919       1234.5183    0.0000232443    0.0009786993   70.6439016322   63.1083165365   -1.9112785710 
   0.0000000000   -151.000      260.000000   0.429418       1233.3114    0.0000233747    0.0009775331   70.4878472684   62.9664842384   -1.9099532554 
   0.0000000000   -150.000      260.000000   0.428918       1232.1072    0.0000235251    0.0009763255   70.3351698066   62.8294952259   -1.9086293440 
   0.0000000000   -149.000      260.000000   0.428420       1230.9057    0.0000236652    0.0009750263   70.1853839805   62.6954177574   -1.9073068575 
   0.0000000000   -148.000      260.000000   0.427923       1229.7069    0.0000238042    0.0009736634   70.0387829460   62.5648863706   -1.9059857972 
   0.0000000000   -147.000      260.000000   0.427429       1228.5111    0.0000239399    0.0009722203   69.8950377225   62.4375680234   -1.9046661885 
   0.0000000000   -146.000      260.000000   0.426935       1227.3182    0.0000240715    0.0009707277   69.7534973574   62.3125281761   -1.9033480551 
   0.0000000000   -145.000      260.000000   0.426444       1226.1284    0.0000241979    0.0009691402   69.6147878426   62.1906883612   -1.9020314183 
   0.0000000000   -144.000      260.000000   0.425954       1224.9417    0.0000243241    0.0009675201   69.4784514567   62.0714024181   -1.9007163068 
   0.0000000000   -143.000      260.000000   0.425466       1223.7582    0.0000244470    0.0009658161   69.3444196809   61.9548173495   -1.8994027442 
   0.0000000000   -142.000      260.000000   0.424979       1222.5774    0.0000245635    0.0009640327   69.2126934822   61.8407412443   -1.8980918072 
   0.0000000000   -141.000      260.000000   0.424495       1221.4006    0.0000246797    0.0009622052   69.0832167118   61.7291704764   -1.8967812956 
   0.0000000000   -140.000      260.000000   0.424013       1220.2271    0.0000247922    0.0009603091   68.9557563657   61.6198773975   -1.8954724358 
   0.0000000000   -139.000      260.000000   0.423532       1219.0571    0.0000249014    0.0009583460   68.8304731649   61.5130451711   -1.8941652468 
   0.0000000000   -138.000      260.000000   0.423054       1217.8906    0.0000250071    0.0009563230   68.7070562994   61.4082960723   -1.8928597538 
   0.0000000000   -137.000      260.000000   0.422577       1216.7278    0.0000251108    0.0009542426   68.5856662038   61.3058609747   -1.8915559782 
   0.0000000000   -136.000      260.000000   0.422102       1215.5686    0.0000252111    0.0009521065   68.4660794234   61.2054220090   -1.8902539437 
   0.0000000000   -135.000      260.000000   0.421630       1214.4132    0.0000253082    0.0009499064   68.3483095570   61.1070720150   -1.8889536736 
   0.0000000000   -134.000      260.000000   0.421159       1213.2615    0.0000254035    0.0009476536   68.2322864570   61.0107435618   -1.8876551903 
   0.0000000000   -133.000      260.000000   0.420690       1212.1137    0.0000254940    0.0009453356   68.1179764145   60.9163261891   -1.8863585173 
   0.0000000000   -132.000      260.000000   0.420224       1210.9699    0.0000255829    0.0009429724   68.0052735436   60.8237406652   -1.8850636762 
   0.0000000000   -131.000      260.000000   0.419759       1209.8300    0.0000256683    0.0009405529   67.8941510354   60.7329529296   -1.8837706902 
   0.0000000000   -130.000      260.000000   0.419297       1208.6941    0.0000257509    0.0009380789   67.7845941090   60.6439638241   -1.8824795805 
   0.0000000000   -129.000      260.000000   0.418836       1207.5623    0.0000258313    0.0009355564   67.6765295714   60.5566953031   -1.8811903685 
   0.0000000000   -128.000      260.000000   0.418378       1206.4347    0.0000259080    0.0009329811   67.5699085367   60.4710548082   -1.8799030753 
   0.0000000000   -127.000      260.000000   0.417922       1205.3112    0.0000259828    0.0009303604   67.4646915756   60.3870420018   -1.8786177210 
   0.0000000000   -126.000      260.000000   0.417468       1204.1919    0.0000260542    0.0009276888   67.3608594099   60.3046099840   -1.8773343256 
   0.0000000000   -125.000      260.000000   0.417016       1203.0770    0.0000261233    0.0009249723   67.2583456595   60.2236938249   -1.8760529083 
   0.0000000000   -124.000      260.000000   0.416566       1201.9663    0.0000261898    0.0009222120   67.1571270859   60.1442584597   -1.8747734878 
   0.0000000000   -123.000      260.000000   0.416119       1200.8601    0.0000262538    0.0009194081   67.0571663945   60.0662746915   -1.8734960824 
   0.0000000000   -122.000      260.000000   0.415672       1199.7577    0.0000263155    0.0009165618   66.9584272773   59.9897195331   -1.8722218252 
   0.0000000000   -121.000      260.000000   0.415229       1198.6603    0.0000263745    0.0009136746   66.8608928932   59.9145158342   -1.8709484381 
   0.0000000000   -120.000      260.000000   0.414788       1197.5674    0.0000264309    0.0009107467   66.7645232483   59.8406493353   -1.8696771227 
   0.0000000000   -119.000      260.000000   0.414349       1196.4790    0.0000264851    0.0009077813   66.6692890503   59.7680845053   -1.8684078941 
   0.0000000000   -118.000      260.000000   0.413913       1195.3952    0.0000265368    0.0009047783   66.5751597935   59.6967854524   -1.8671407672 
   0.0000000000   -117.000      260.000000   0.413479       1194.3160    0.0000265864    0.0009017396   66.4821121563   59.6267264999   -1.8658757561 
   0.0000000000   -116.000      260.000000   0.413047       1193.2413    0.0000266336    0.0008986662   66.3901199428   59.5578739733   -1.8646128746 
   0.0000000000   -115.000      260.000000   0.412617       1192.1714    0.0000266787    0.0008955596   66.2991542999   59.4901922607   -1.8633521357 
   0.0000000000   -114.000      260.000000   0.412190       1191.1061    0.0000267216    0.0008924206   66.2092004683   59.4236660676   -1.8620935521 
   0.0000000000   -113.000      260.000000   0.411765       1190.0455    0.0000267624    0.0008892514   66.1202283847   59.3582567118   -1.8608371356 
   0.0000000000   -112.000      260.000000   0.411342       1188.9896    0.0000268012    0.0008860523   66.0322192231   59.2939413193   -1.8595828979 
   0.0000000000   -111.000      260.000000   0.410921       1187.9385    0.0000268379    0.0008828245   65.9451539740   59.2306962519   -1.8583308496 
   0.0000000000   -110.000      260.000000   0.410503       1186.8922    0.0000268727    0.0008795698   65.8590116506   59.1684955079   -1.8570810011 
   0.0000000000   -109.000      260.000000   0.410087       1185.8506    0.0000269055    0.0008762892   65.7737742565   59.1073149750   -1.8558333622 
   0.0000000000   -108.000      260.000000   0.409673       1184.8139    0.0000269365    0.0008729836   65.6894227348   59.0471311264   -1.8545879419 
   0.0000000000   -107.000      260.000000   0.409261       1183.7820    0.0000269656    0.0008696545   65.6059415087   58.9879238514   -1.8533447488 
   0.0000000000   -106.000      260.000000   0.408852       1182.7550    0.0000269930    0.0008663027   65.5233140140   58.9296715771   -1.8521037910 
   0.0000000000   -105.000      260.000000   0.408445       1181.7328    0.0000270186    0.0008629298   65.4415232140   58.8723508182   -1.8508650757 
   0.0000000000   -104.000      260.000000   0.408041       1180.7155    0.0000270425    0.0008595367   65.3605549598   58.8159440726   -1.8496286099 
   0.0000000000   -103.000      260.000000   0.407638       1179.7031    0.0000270648    0.0008561243   65.2803951000   58.7604312918   -1.8483943999 
   0.0000000000   -102.000      260.000000   0.407238       1178.6956    0.0000270854    0.0008526940   65.2010298096   58.7057943543   -1.8471624513 
   0.0000000000   -101.000      260.000000   0.406841       1177.6930    0.0000271045    0.0008492467   65.1224463236   58.6520154223   -1.8459327693 
   0.0000000000   -100.000      260.000000   0.406445       1176.6953    0.0000271220    0.0008457835   65.0446320251   58.5990771583   -1.8447053585 
   0.0000000000    -99.000      260.000000   0.406052       1175.7025    0.0000271381    0.0008423055   64.9675744913   58.5469620497   -1.8434802230 
   0.0000000000    -98.000      260.000000   0.405661       1174.7147    0.0000271527    0.0008388136   64.8912632169   58.4956549923   -1.8422573661 
   0.0000000000    -97.000      260.000000   0.405272       1173.7318    0.0000271658    0.0008353089   64.8156862741   58.4451391815   -1.8410367909 
   0.0000000000    -96.000      260.000000   0.404886       1172.7539    0.0000271776    0.0008317924   64.7408338850   58.3954004051   -1.8398184998 
   0.0000000000    -95.000      260.000000   0.404502       1171.7808    0.0000271880    0.0008282649   64.6666963335   58.3464242146   -1.8386024947 
   0.0000000000    -94.000      260.000000   0.404120       1170.8128    0.0000271972    0.0008247276   64.5932635037   58.2981956029   -1.8373887768 
   0.0000000000    -93.000      260.000000   0.403741       1169.8497    0.0000272051    0.0008211813   64.5205268750   58.2507016725   -1.8361773471 
   0.0000000000    -92.000      260.000000   0.403363       1168.8915    0.0000272117    0.0008176269   64.4484773684   58.2039287218   -1.8349682058 
   0.0000000000    -91.000      260.000000   0.402988       1167.9382    0.0000272171    0.0008140653   64.3771071664   58.1578647222   -1.8337613527 
   0.0000000000    -90.000      260.000000   0.402616       1166.9899    0.0000272214    0.0008104975   64.3064077975   58.1124962786   -1.8325567872 
   0.0000000000    -89.000      260.000000   0.402245       1166.0466    0.0000272246    0.0008069243   64.2363723045   58.0678125366   -1.8313545079 
   0.0000000000    -88.000      260.000000   0.401877       1165.1081    0.0000272266    0.0008033465   64.1669931815   58.0238012538   -1.8301545133 
   0.0000000000    -87.000      260.000000   0.401511       1164.1746    0.0000272276    0.0007997649   64.0982637795   57.9804516805   -1.8289568010 
   0.0000000000    -86.000      260.000000   0.401147       1163.2460    0.0000272275    0.0007961805   64.0301775714   57.9377529907   -1.8277613685 
   0.0000000000    -85.000      260.000000   0.400785       1162.3223    0.0000272264    0.0007925939   63.9627281555   57.8956944196   -1.8265682127 
   0.0000000000    -84.000      260.000000   0.400426       1161.4035    0.0000272244    0.0007890060   63.8959097856   57.8542662271   -1.8253773298 
   0.0000000000    -83.000      260.000000   0.400068       1160.4896    0.0000272214    0.0007854176   63.8297167700   57.8134584869   -1.8241887159 
   0.0000000000    -82.000      260.000000   0.399713       1159.5806    0.0000272174    0.0007818293   63.7641439218   57.7732621116   -1.8230023663 
   0.0000000000    -81.000      260.000000   0.399360       1158.6764    0.0000272126    0.0007782419   63.6991858564   57.7336675379   -1.8218182762 
   0.0000000000    -80.000      260.000000   0.399010       1157.7771    0.0000272069    0.0007746562   63.6348378818   57.6946661295   -1.8206364401 
   0.0000000000    -79.000      260.000000   0.398661       1156.8826    0.0000272004    0.0007710728   63.5710954797   57.6562495332   -1.8194568522 
   0.0000000000    -78.000      260.000000   0.398315       1155.9930    0.0000271930    0.0007674925   63.5079541767   57.6184092894   -1.8182795061 
   0.0000000000    -77.000      260.000000   0.397970       1155.1082    0.0000271848    0.0007639158   63.4454097612   57.5811374558   -1.8171043951 
   0.0000000000    -76.000      260.000000   0.397628       1154.2282    0.0000271759    0.0007603435   63.3834584844   57.5444264828   -1.8159315122 
   0.0000000000    -75.000      260.000000   0.397288       1153.3530    0.0000271662    0.0007567762   63.3220965358   57.5082688624   -1.8147608497 
   0.0000000000    -74.000      260.000000   0.396950       1152.4826    0.0000271558    0.0007532146   63.2613203599   57.4726573479   -1.8135923998 
   0.0000000000    -73.000      260.000000   0.396613       1151.6164    0.0000271449    0.0007496590   63.2011130523   57.4375931703   -1.8124272400 
   0.0000000000    -72.000      260.000000   0.396279       1150.7555    0.0000271331    0.0007461105   63.1414990444   57.4030529991   -1.8112631592 
   0.0000000000    -71.000      260.000000   0.395948       1149.8992    0.0000271206    0.0007425694   63.0824614191   57.3690389102   -1.8101012655 
   0.0000000000    -70.000      260.000000   0.395618       1149.0477    0.0000271075    0.0007390363   63.0239974095   57.3355446388   -1.8089415494 
   0.0000000000    -69.000      260.000000   0.395291       1148.2009    0.0000270938    0.0007355117   62.9661043256   57.3025641312   -1.8077840011 
   0.0000000000    -68.000      260.000000   0.394965       1147.3587    0.0000270795    0.0007319963   62.9087797858   57.2700916049   -1.8066286101 
   0.0000000000    -67.000      260.000000   0.394642       1146.5212    0.0000270646    0.0007284906   62.8520213810   57.2381213360   -1.8054753659 
   0.0000000000    -66.000      260.000000   0.394320       1145.6883    0.0000270491    0.0007249951   62.7958270181   57.2066480025   -1.8043242574 
   0.0000000000    -65.000      260.000000   0.394001       1144.8600    0.0000270331    0.0007215102   62.7401946702   57.1756663275   -1.8031752732 
   0.0000000000    -64.000      260.000000   0.393684       1144.0362    0.0000270166    0.0007180366   62.6851224590   57.1451712970   -1.8020284016 
   0.0000000000    -63.000      260.000000   0.393368       1143.2171    0.0000269995    0.0007145746   62.6306086681   57.1151580806   -1.8008836305 
   0.0000000000    -62.000      260.000000   0.393055       1142.4024    0.0000269820    0.0007111248   62.5766516542   57.0856219505   -1.7997409475 
   0.0000000000    -61.000      260.000000   0.392743       1141.5923    0.0000269640    0.0007076876   62.5232499465   57.0565584418   -1.7986003399 
   0.0000000000    -60.000      260.000000   0.392434       1140.7867    0.0000269455    0.0007042635   62.4704021856   57.0279632135   -1.7974617946 
   0.0000000000    -59.000      260.000000   0.392126       1139.9855    0.0000269266    0.0007008529   62.4181071334   56.9998321044   -1.7963252982 
   0.0000000000    -58.000      260.000000   0.391820       1139.1887    0.0000269072    0.0006974563   62.3663636492   56.9721611121   -1.7951908369 
   0.0000000000    -57.000      260.000000   0.391516       1138.3964    0.0000268874    0.0006940741   62.3151707328   56.9449463961   -1.7940583968 
   0.0000000000    -56.000      260.000000   0.391215       1137.6085    0.0000268673    0.0006907067   62.2645274481   56.9181842394   -1.7929279635 
   0.0000000000    -55.000      260.000000   0.390914       1136.8249    0.0000268467    0.0006873545   62.2144330004   56.8918711205   -1.7917995223 
   0.0000000000    -54.000      260.000000   0.390616       1136.0457    0.0000268258    0.0006840178   62.1648866802   56.8660036249   -1.7906730583 
   0.0000000000    -53.000      260.000000   0.390320       1135.2708    0.0000268045    0.0006806972   62.1158878889   56.8405785203   -1.7895485562 
   0.0000000000    -52.000      260.000000   0.390026       1134.5002    0.0000267829    0.0006773929   62.0674360894   56.8155926518   -1.7884260004 
   0.0000000000    -51.000      260.000000   0.389733       1133.7338    0.0000267609    0.0006741053   62.0195308665   56.7910430602   -1.7873053752 
   0.0000000000    -50.000      260.000000   0.389442       1132.9717    0.0000267386    0.0006708348   61.9721718849   56.7669268830   -1.7861866645 
   0.0000000000    -49.000      260.000000   0.389153       1132.2137    0.0000267160    0.0006675817   61.9253588961   56.7432414044   -1.7850698517 
   0.0000000000    -48.000      260.000000   0.388866       1131.4600    0.0000266931    0.0006643465   61.8790917224   56.7199840010   -1.7839549203 
   0.0000000000    -47.000      260.000000   0.388580       1130.7104    0.0000266699    0.0006611293   61.8333702959   56.6971522295   -1.7828418532 
   0.0000000000    -46.000      260.000000   0.388296       1129.9649    0.0000266465    0.0006579305   61.7881945894   56.6747436953   -1.7817306333 
   0.0000000000    -45.000      260.000000   0.388014       1129.2235    0.0000266228    0.0006547505   61.7435646849   56.6527561800   -1.7806212430 
   0.0000000000    -44.000      260.000000   0.387734       1128.4862    0.0000265988    0.0006515895   61.6994807189   56.6311875481   -1.7795136646 
   0.0000000000    -43.000      260.000000   0.387456       1127.7529    0.0000265746    0.0006484479   61.6559429019   56.6100357601   -1.7784078800 
   0.0000000000    -42.000      260.000000   0.387179       1127.0236    0.0000265502    0.0006453259   61.6129515153   56.5892989134   -1.7773038710 
   0.0000000000    -41.000      260.000000   0.386904       1126.2983    0.0000265256    0.0006422239   61.5705069152   56.5689752057   -1.7762016191 
   0.0000000000    -40.000      260.000000   0.386630       1125.5769    0.0000265008    0.0006391421   61.5286095141   56.5490629212   -1.7751011054 
   0.0000000000    -39.000      260.000000   0.386358       1124.8595    0.0000264757    0.0006360808   61.4872597887   56.5295604527   -1.7740023110 
   0.0000000000    -38.000      260.000000   0.386088       1124.1459    0.0000264505    0.0006330403   61.4464582792   56.5104662842   -1.7729052165 
   0.0000000000    -37.000      260.000000   0.385820       1123.4362    0.0000264251    0.0006300208   61.4062055833   56.4917790059   -1.7718098025 
   0.0000000000    -36.000      260.000000   0.385553       1122.7303    0.0000263996    0.0006270226   61.3665023649   56.4734972875   -1.7707160493 
   0.0000000000    -35.000      260.000000   0.385287       1122.0283    0.0000263739    0.0006240459   61.3273493316   56.4556198926   -1.7696239367 
   0.0000000000    -34.000      260.000000   0.385024       1121.3299    0.0000263480    0.0006210910   61.2887472476   56.4381456670   -1.7685334447 
   0.0000000000    -33.000      260.000000   0.384761       1120.6354    0.0000263221    0.0006181581   61.2506969400   56.4210735563   -1.7674445527 
   0.0000000000    -32.000      260.000000   0.384501       1119.9445    0.0000262959    0.0006152474   61.2131992768   56.4044025686   -1.7663572402 
   0.0000000000    -31.000      260.000000   0.384242       1119.2573    0.0000262697    0.0006123592   61.1762551801   56.3881318094   -1.7652714862 
   0.0000000000    -30.000      260.000000   0.383984       1118.5737    0.0000262434    0.0006094937   61.1398656180   56.3722604498   -1.7641872696 
   0.0000000000    -29.000      260.000000   0.383728       1117.8938    0.0000262170    0.0006066512   61.1040316047   56.3567877429   -1.7631045691 
   0.0000000000    -28.000      260.000000   0.383474       1117.2174    0.0000261905    0.0006038317   61.0687542033   56.3417130178   -1.7620233631 
   0.0000000000    -27.000      260.000000   0.383221       1116.5445    0.0000261639    0.0006010356   61.0340345131   56.3270356655   -1.7609436299 
   0.0000000000    -26.000      260.000000   0.382969       1115.8752    0.0000261372    0.0005982631   60.9998736871   56.3127551624   -1.7598653476 
   0.0000000000    -25.000      260.000000   0.382719       1115.2093    0.0000261105    0.0005955142   60.9662729066   56.2988710376   -1.7587884939 
   0.0000000000    -24.000      260.000000   0.382470       1114.5469    0.0000260837    0.0005927893   60.9332334029   56.2853828979   -1.7577130466 
   0.0000000000    -23.000      260.000000   0.382223       1113.8880    0.0000260569    0.0005900885   60.9007564360   56.2722904043   -1.7566389829 
   0.0000000000    -22.000      260.000000   0.381977       1113.2324    0.0000260301    0.0005874120   60.8688433128   56.2595932877   -1.7555662803 
   0.0000000000    -21.000      260.000000   0.381733       1112.5801    0.0000260032    0.0005847600   60.8374953703   56.2472913362   -1.7544949155 
   0.0000000000    -20.000      260.000000   0.381490       1111.9312    0.0000259763    0.0005821327   60.8067139780   56.2353843950   -1.7534248657 
   0.0000000000    -19.000      260.000000   0.381248       1111.2855    0.0000259494    0.0005795302   60.7765005455   56.2238723714   -1.7523561072 
   0.0000000000    -18.000      260.000000   0.381008       1110.6431    0.0000259225    0.0005769527   60.7468565107   56.2127552235   -1.7512886167 
   0.0000000000    -17.000      260.000000   0.380769       1110.0039    0.0000258957    0.0005744003   60.7177833422   56.2020329627   -1.7502223703 
   0.0000000000    -16.000      260.000000   0.380531       1109.3679    0.0000258688    0.0005718733   60.6892825409   56.1917056553   -1.7491573442 
   0.0000000000    -15.000      260.000000   0.380295       1108.7351    0.0000258419    0.0005693718   60.6613556354   56.1817734154   -1.7480935142 
   0.0000000000    -14.000      260.000000   0.380060       1108.1054    0.0000258151    0.0005668960   60.6340041838   56.1722364078   -1.7470308560 
   0.0000000000    -13.000      260.000000   0.379826       1107.4787    0.0000257883    0.0005644459   60.6072297688   56.1630948424   -1.7459693452 
   0.0000000000    -12.000      260.000000   0.379593       1106.8551    0.0000257616    0.0005620218   60.5810340015   56.1543489760   -1.7449089572 
   0.0000000000    -11.000      260.000000   0.379362       1106.2346    0.0000257350    0.0005596238   60.5554185190   56.1459991111   -1.7438496670 
   0.0000000000    -10.000      260.000000   0.379132       1105.6170    0.0000257084    0.0005572521   60.5303849795   56.1380455894   -1.7427914497 
   0.0000000000     -9.000      260.000000   0.378903       1105.0023    0.0000256818    0.0005549067   60.5059350664   56.1304887970   -1.7417342802 
   0.0000000000     -8.000      260.000000   0.378676       1104.3906    0.0000256554    0.0005525879   60.4820704865   56.1233291587   -1.7406781330 
   0.0000000000     -7.000      260.000000   0.378450       1103.7818    0.0000256290    0.0005502957   60.4587929659   56.1165671373   -1.7396229827 
   0.0000000000     -6.000      260.000000   0.378224       1103.1758    0.0000256028    0.0005480304   60.4361042546   56.1102032353   -1.7385688035 
   0.0000000000     -5.000      260.000000   0.378000       1102.5726    0.0000255766    0.0005457919   60.4140061209   56.1042379908   -1.7375155697 
   0.0000000000     -4.000      260.000000   0.377778       1101.9722    0.0000255506    0.0005435805   60.3925003505   56.0986719727   -1.7364632552 
   0.0000000000     -3.000      260.000000   0.377556       1101.3746    0.0000255247    0.0005413963   60.3715887529   56.0935057905   -1.7354118339 
   0.0000000000     -2.000      260.000000   0.377335       1100.7797    0.0000254989    0.0005392395   60.3512731506   56.0887400802   -1.7343612794 
   0.0000000000     -1.000      260.000000   0.377116       1100.1874    0.0000254732    0.0005371100   60.3315553850   56.0843755126   -1.7333115651 
   0.0000000000      0.000      260.000000   0.376897       1099.5978    0.0000254477    0.0005350081   60.3124373148   56.0804127874   -1.7322626646 
   0.0000000000      1.000      260.000000   0.376680       1099.0108    0.0000254223    0.0005329339   60.2939208129   56.0768526325   -1.7312145509 
   0.0000000000      2.000      260.000000   0.376464       1098.4264    0.0000253971    0.0005308874   60.2760077695   56.0736958069   -1.7301671970 
   0.0000000000      3.000      260.000000   0.376249       1097.8445    0.0000253721    0.0005288689   60.2587000871   56.0709430939   -1.7291205760 
   0.0000000000      4.000      260.000000   0.376035       1097.2652    0.0000253473    0.0005268784   60.2419996851   56.0685953048   -1.7280746604 
   0.0000000000      5.000      260.000000   0.375822       1096.6883    0.0000253226    0.0005249160   60.2259084934   56.0666532743   -1.7270294229 
   0.0000000000      6.000      260.000000   0.375609       1096.1138    0.0000252981    0.0005229819   60.2104284571   56.0651178613   -1.7259848360 
   0.0000000000      7.000      260.000000   0.375398       1095.5418    0.0000252738    0.0005210761   60.1955615332   56.0639899516   -1.7249408718 
   0.0000000000      8.000      260.000000   0.375188       1094.9721    0.0000252498    0.0005191988   60.1813096901   56.0632704478   -1.7238975025 
   0.0000000000      9.000      260.000000   0.374979       1094.4048    0.0000252259    0.0005173500   60.1676749090   56.0629602789   -1.7228547002 
   0.0000000000     10.000      260.000000   0.374771       1093.8397    0.0000252023    0.0005155300   60.1546591818   56.0630603925   -1.7218124366 
   0.0000000000     11.000      260.000000   0.374564       1093.2769    0.0000251789    0.0005137387   60.1422645098   56.0635717557   -1.7207706835 
   0.0000000000     12.000      260.000000   0.374357       1092.7164    0.0000251557    0.0005119763   60.1304929069   56.0644953565   -1.7197294124 
   0.0000000000     13.000      260.000000   0.374152       1092.1580    0.0000251328    0.0005102428   60.1193463960   56.0658322011   -1.7186885947 
   0.0000000000     14.000      260.000000   0.373948       1091.6018    0.0000251101    0.0005085385   60.1088270086   56.0675833115   -1.7176482018 
   0.0000000000     15.000      260.000000   0.373744       1091.0478    0.0000250877    0.0005068633   60.0989367877   56.0697497302   -1.7166082048 
   0.0000000000     16.000      260.000000   0.373541       1090.4958    0.0000250656    0.0005052174   60.0896777843   56.0723325144   -1.7155685746 
   0.0000000000     17.000      260.000000   0.373339       1089.9459    0.0000250438    0.0005036009   60.0810520572   56.0753327362   -1.7145292822 
   0.0000000000     18.000      260.000000   0.373138       1089.3980    0.0000250222    0.0005020139   60.0730616751   56.0787514845   -1.7134902982 
   0.0000000000     19.000      260.000000   0.372938       1088.8521    0.0000250009    0.0005004565   60.0657087149   56.0825898633   -1.7124515934 
   0.0000000000     20.000      260.000000   0.372739       1088.3081    0.0000249799    0.0004989287   60.0589952607   56.0868489895   -1.7114131380 
   0.0000000000     21.000      260.000000   0.372540       1087.7661    0.0000249593    0.0004974307   60.0529234048   56.0915299939   -1.7103749026 
   0.0000000000     22.000      260.000000   0.372342       1087.2260    0.0000249389    0.0004959626   60.0474952482   56.0966340221   -1.7093368572 
   0.0000000000     23.000      260.000000   0.372145       1086.6877    0.0000249189    0.0004945244   60.0427128982   56.1021622303   -1.7082989720 
   0.0000000000     24.000      260.000000   0.371949       1086.1512    0.0000248992    0.0004931163   60.0385784697   56.1081157879   -1.7072612168 
   0.0000000000     25.000      260.000000   0.371753       1085.6161    0.0000248799    0.0004917381   60.0350876053   56.1145009261   -1.7062245290 
   0.0000000000     26.000      260.000000   0.371558       1085.0831    0.0000248609    0.0004903904   60.0322556039   56.1213087618   -1.7051869332 
   0.0000000000     27.000      260.000000   0.371364       1084.5519    0.0000248423    0.0004890730   60.0300779102   56.1285455263   -1.7041493767 
   0.0000000000     28.000      260.000000   0.371170       1084.0223    0.0000248240    0.0004877860   60.0285566680   56.1362124345   -1.7031118290 
   0.0000000000     29.000      260.000000   0.370978       1083.4943    0.0000248061    0.0004865296   60.0276940284   56.1443107110   -1.7020742595 
   0.0000000000     30.000      260.000000   0.370786       1082.9680    0.0000247886    0.0004853038   60.0274921491   56.1528415916   -1.7010366372 
   0.0000000000     31.000      260.000000   0.370594       1082.4432    0.0000247715    0.0004841086   60.0279531951   56.1618063208   -1.6999989312 
   0.0000000000     32.000      260.000000   0.370404       1081.9199    0.0000247547    0.0004829443   60.0290793379   56.1712061530   -1.6989611105 
   0.0000000000     33.000      260.000000   0.370214       1081.3982    0.0000247384    0.0004818109   60.0308727564   56.1810423517   -1.6979231437 
   0.0000000000     34.000      260.000000   0.370024       1080.8779    0.0000247225    0.0004807085   60.0333356366   56.1913161907   -1.6968849997 
   0.0000000000     35.000      260.000000   0.369835       1080.3590    0.0000247070    0.0004796371   60.0364701708   56.2020289504   -1.6958466469 
   0.0000000000     36.000      260.000000   0.369647       1079.8415    0.0000246920    0.0004785969   60.0402785591   56.2131819219   -1.6948080538 
   0.0000000000     37.000      260.000000   0.369460       1079.3254    0.0000246774    0.0004775880   60.0447630084   56.2247764032   -1.6937691887 
   0.0000000000     38.000      260.000000   0.369273       1078.8106    0.0000246632    0.0004766105   60.0499257329   56.2368137015   -1.6927300197 
   0.0000000000     39.000      260.000000   0.369086       1078.2970    0.0000246495    0.0004756644   60.0557689542   56.2492951319   -1.6916905149 
   0.0000000000     40.000      260.000000   0.368900       1077.7847    0.0000246362    0.0004747498   60.0622949009   56.2622220172   -1.6906506422 
   0.0000000000     41.000      260.000000   0.368715       1077.2737    0.0000246235    0.0004738669   60.0695058099   56.2755956883   -1.6896103695 
   0.0000000000     42.000      260.000000   0.368530       1076.7638    0.0000246112    0.0004730157   60.0774039248   56.2894174835   -1.6885696645 
   0.0000000000     43.000      260.000000   0.368345       1076.2550    0.0000245994    0.0004721963   60.0859914978   56.3036887492   -1.6875284947 
   0.0000000000     44.000      260.000000   0.368161       1075.7474    0.0000245881    0.0004714089   60.0952707883   56.3184108389   -1.6864868275 
   0.0000000000     45.000      260.000000   0.367978       1075.2408    0.0000245773    0.0004706535   60.1052440641   56.3335851138   -1.6854446304 
   0.0000000000     46.000      260.000000   0.367795       1074.7352    0.0000245670    0.0004699302   60.1159136014   56.3492129425   -1.6844018704 
   0.0000000000     47.000      260.000000   0.367612       1074.2307    0.0000245572    0.0004692391   60.1272816842   56.3652957006   -1.6833585148 
   0.0000000000     48.000      260.000000   0.367430       1073.7271    0.0000245480    0.0004685804   60.1393506051   56.3818347712   -1.6823145304 
   0.0000000000     49.000      260.000000   0.367249       1073.2244    0.0000245393    0.0004679540   60.1521226657   56.3988315447   -1.6812698841 
   0.0000000000     50.000      260.000000   0.367067       1072.7226    0.0000245312    0.0004673602   60.1656001760   56.4162874184   -1.6802245426 
   0.0000000000     51.000      260.000000   0.366886       1072.2217    0.0000245236    0.0004667990   60.1797854553   56.4342037971   -1.6791784726 
   0.0000000000     52.000      260.000000   0.366706       1071.7216    0.0000245166    0.0004662705   60.1946808316   56.4525820924   -1.6781316405 
   0.0000000000     53.000      260.000000   0.366526       1071.2223    0.0000245102    0.0004657748   60.2102886427   56.4714237235   -1.6770840126 
   0.0000000000     54.000      260.000000   0.366346       1070.7237    0.0000245044    0.0004653120   60.2266112355   56.4907301161   -1.6760355552 
   0.0000000000     55.000      260.000000   0.366166       1070.2258    0.0000244991    0.0004648823   60.2436509666   56.5105027033   -1.6749862345 
   0.0000000000     56.000      260.000000   0.365987       1069.7286    0.0000244945    0.0004644857   60.2614102026   56.5307429256   -1.6739360163 
   0.0000000000     57.000      260.000000   0.365809       1069.2321    0.0000244905    0.0004641223   60.2798913198   56.5514522300   -1.6728848666 
   0.0000000000     58.000      260.000000   0.365630       1068.7361    0.0000244871    0.0004637922   60.2990967045   56.5726320707   -1.6718327511 
   0.0000000000     59.000      260.000000   0.365452       1068.2407    0.0000244843    0.0004634956   60.3190287537   56.5942839093   -1.6707796355 
   0.0000000000     60.000      260.000000   0.365274       1067.7458    0.0000244822    0.0004632325   60.3396898744   56.6164092144   -1.6697254851 
   0.0000000000     61.000      260.000000   0.365096       1067.2515    0.0000244808    0.0004630031   60.3610824842   56.6390094614   -1.6686702655 
   0.0000000000     62.000      260.000000   0.364919       1066.7576    0.0000244800    0.0004628075   60.3832090116   56.6620861331   -1.6676139417 
   0.0000000000     63.000      260.000000   0.364741       1066.2641    0.0000244798    0.0004626457   60.4060718957   56.6856407190   -1.6665564790 
   0.0000000000     64.000      260.000000   0.364564       1065.7709    0.0000244804    0.0004625179   60.4296735863   56.7096747160   -1.6654978424 
   0.0000000000     65.000      260.000000   0.364388       1065.2782    0.0000244816    0.0004624243   60.4540165446   56.7341896276   -1.6644379966 
   0.0000000000     66.000      260.000000   0.364211       1064.7857    0.0000244836    0.0004623648   60.4791032427   56.7591869648   -1.6633769065 
   0.0000000000     67.000      260.000000   0.364035       1064.2935    0.0000244862    0.0004623397   60.5049361637   56.7846682453   -1.6623145366 
   0.0000000000     68.000      260.000000   0.363858       1063.8016    0.0000244896    0.0004623491   60.5315178021   56.8106349938   -1.6612508514 
   0.0000000000     69.000      260.000000   0.363682       1063.3098    0.0000244937    0.0004623930   60.5588506639   56.8370887419   -1.6601858153 
   0.0000000000     70.000      260.000000   0.363506       1062.8182    0.0000244985    0.0004624717   60.5869372658   56.8640310279   -1.6591193924 
   0.0000000000     71.000      260.000000   0.363330       1062.3268    0.0000245041    0.0004625851   60.6157801365   56.8914633973   -1.6580515469 
   0.0000000000     72.000      260.000000   0.363155       1061.8354    0.0000245105    0.0004627335   60.6453818154   56.9193874018   -1.6569822426 
   0.0000000000     73.000      260.000000   0.362979       1061.3441    0.0000245176    0.0004629169   60.6757448537   56.9478046002   -1.6559114435 
   0.0000000000     74.000      260.000000   0.362803       1060.8528    0.0000245255    0.0004631355   60.7068718135   56.9767165575   -1.6548391132 
   0.0000000000     75.000      260.000000   0.362628       1060.3614    0.0000245342    0.0004633895   60.7387652683   57.0061248455   -1.6537652152 
   0.0000000000     76.000      260.000000   0.362453       1059.8700    0.0000245437    0.0004636788   60.7714278027   57.0360310419   -1.6526897130 
   0.0000000000     77.000      260.000000   0.362277       1059.3785    0.0000245540    0.0004640038   60.8048620121   57.0664367310   -1.6516125698 
   0.0000000000     78.000      260.000000   0.362102       1058.8869    0.0000245651    0.0004643644   60.8390705030   57.0973435029   -1.6505337488 
   0.0000000000     79.000      260.000000   0.361927       1058.3951    0.0000245770    0.0004647609   60.8740558925   57.1287529537   -1.6494532129 
   0.0000000000     80.000      260.000000   0.361751       1057.9031    0.0000245898    0.0004651933   60.9098208082   57.1606666850   -1.6483709250 
   0.0000000000     81.000      260.000000   0.361576       1057.4108    0.0000246035    0.0004656618   60.9463678880   57.1930863042   -1.6472868478 
   0.0000000000     82.000      260.000000   0.361401       1056.9183    0.0000246180    0.0004661666   60.9836997801   57.2260134239   -1.6462009439 
   0.0000000000     83.000      260.000000   0.361225       1056.4254    0.0000246334    0.0004667077   61.0218191421   57.2594496615   -1.6451131758 
   0.0000000000     84.000      260.000000   0.361050       1055.9322    0.0000246497    0.0004672854   61.0607286414   57.2933966395   -1.6440235057 
   0.0000000000     85.000      260.000000   0.360874       1055.4386    0.0000246669    0.0004678997   61.1004309544   57.3278559846   -1.6429318957 
   0.0000000000     86.000      260.000000   0.360699       1054.9445    0.0000246850    0.0004685508   61.1409287664   57.3628293281   -1.6418383078 
   0.0000000000     87.000      260.000000   0.360523       1054.4500    0.0000247040    0.0004692388   61.1822247711   57.3983183048   -1.6407427040 
   0.0000000000     88.000      260.000000   0.360347       1053.9549    0.0000247240    0.0004699639   61.2243216699   57.4343245532   -1.6396450458 
   0.0000000000     89.000      260.000000   0.360172       1053.4593    0.0000247449    0.0004707262   61.2672221719   57.4708497149   -1.6385452948 
   0.0000000000     90.000      260.000000   0.359996       1052.9631    0.0000247667    0.0004715260   61.3109289931   57.5078954345   -1.6374434125 
   0.0000000000     91.000      260.000000   0.359819       1052.4663    0.0000247895    0.0004723632   61.3554448560   57.5454633584   -1.6363393601 
   0.0000000000     92.000      260.000000   0.359643       1051.9688    0.0000248133    0.0004732381   61.4007724886   57.5835551355   -1.6352330986 
   0.0000000000     93.000      260.000000   0.359467       1051.4706    0.0000248381    0.0004741509   61.4469146244   57.6221724157   -1.6341245891 
   0.0000000000     94.000      260.000000   0.359290       1050.9717    0.0000248639    0.0004751016   61.4938740012   57.6613168499   -1.6330137923 
   0.0000000000     95.000      260.000000   0.359113       1050.4720    0.0000248907    0.0004760905   61.5416533606   57.7009900892   -1.6319006687 
   0.0000000000     96.000      260.000000   0.358936       1049.9714    0.0000249185    0.0004771177   61.5902554472   57.7411937847   -1.6307851790 
   0.0000000000     97.000      260.000000   0.358759       1049.4700    0.0000249474    0.0004781833   61.6396830076   57.7819295865   -1.6296672835 
   0.0000000000     98.000      260.000000   0.358582       1048.9678    0.0000249773    0.0004792875   61.6899387900   57.8231991432   -1.6285469422 
   0.0000000000     99.000      260.000000   0.358404       1048.4645    0.0000250083    0.0004804305   61.7410255429   57.8650041015   -1.6274241151 
   0.0000000000    100.000      260.000000   0.358226       1047.9603    0.0000250403    0.0004816125   61.7929460139   57.9073461049   -1.6262987622 
   0.0000000000    101.000      260.000000   0.358048       1047.4551    0.0000250735    0.0004828335   61.8457029495   57.9502267936   -1.6251708431 
   0.0000000000    102.000      260.000000   0.357869       1046.9488    0.0000251077    0.0004840938   61.8992990932   57.9936478032   -1.6240403173 
   0.0000000000    103.000      260.000000   0.357690       1046.4414    0.0000251431    0.0004853936   61.9537371849   58.0376107642   -1.6229071441 
   0.0000000000    104.000      260.000000   0.357511       1045.9329    0.0000251796    0.0004867329   62.0090199593   58.0821173011   -1.6217712828 
   0.0000000000    105.000      260.000000   0.357332       1045.4232    0.0000252172    0.0004881120   62.0651501452   58.1271690315   -1.6206326924 
   0.0000000000    106.000      260.000000   0.357152       1044.9123    0.0000252560    0.0004895310   62.1221304636   58.1727675649   -1.6194913316 
   0.0000000000    107.000      260.000000   0.356972       1044.4002    0.0000252959    0.0004909902   62.1799636268   58.2189145022   -1.6183471593 
   0.0000000000    108.000      260.000000   0.356791       1043.8867    0.0000253371    0.0004924896   62.2386523369   58.2656114344   -1.6172001340 
   0.0000000000    109.000      260.000000   0.356610       1043.3720    0.0000253794    0.0004940294   62.2981992842   58.3128599415   -1.6160502139 
   0.0000000000    110.000      260.000000   0.356429       1042.8558    0.0000254229    0.0004956099   62.3586071456   58.3606615916   -1.6148973573 
   0.0000000000    111.000      260.000000   0.356247       1042.3383    0.0000254677    0.0004972312   62.4198785833   58.4090179395   -1.6137415222 
   0.0000000000    112.000      260.000000   0.356065       1041.8192    0.0000255136    0.0004988935   62.4820162429   58.4579305257   -1.6125826665 
   0.0000000000    113.000      260.000000   0.355883       1041.2987    0.0000255609    0.0005005969   62.5450227518   58.5074008754   -1.6114207478 
   0.0000000000    114.000      260.000000   0.355700       1040.7767    0.0000256093    0.0005023416   62.6089007171   58.5574304965   -1.6102557237 
   0.0000000000    115.000      260.000000   0.355516       1040.2531    0.0000256591    0.0005041278   62.6736527243   58.6080208790   -1.6090875515 
   0.0000000000    116.000      260.000000   0.355332       1039.7278    0.0000257102    0.0005059558   62.7392813348   58.6591734933   -1.6079161883 
   0.0000000000    117.000      260.000000   0.355148       1039.2009    0.0000257625    0.0005078255   62.8057890841   58.7108897887   -1.6067415913 
   0.0000000000    118.000      260.000000   0.354963       1038.6723    0.0000258162    0.0005097374   62.8731784800   58.7631711922   -1.6055637171 
   0.0000000000    119.000      260.000000   0.354777       1038.1420    0.0000258712    0.0005116914   62.9414519998   58.8160191068   -1.6043825225 
   0.0000000000    120.000      260.000000   0.354591       1037.6099    0.0000259275    0.0005136879   63.0106120889   58.8694349098   -1.6031979640 
   0.0000000000    121.000      260.000000   0.354405       1037.0760    0.0000259852    0.0005157269   63.0806611577   58.9234199515   -1.6020099980 
   0.0000000000    122.000      260.000000   0.354218       1036.5402    0.0000260443    0.0005178087   63.1516015799   58.9779755532   -1.6008185804 
   0.0000000000    123.000      260.000000   0.354030       1036.0025    0.0000261048    0.0005199334   63.2234356897   59.0331030057   -1.5996236674 
   0.0000000000    124.000      260.000000   0.353842       1035.4629    0.0000261666    0.0005221013   63.2961657790   59.0888035675   -1.5984252148 
   0.0000000000    125.000      260.000000   0.353653       1034.9213    0.0000262299    0.0005243124   63.3697940956   59.1450784627   -1.5972231782 
   0.0000000000    126.000      260.000000   0.353464       1034.3776    0.0000262946    0.0005265671   63.4443228397   59.2019288796   -1.5960175131 
