  #sigma_s    Temp(C) Press(Mpa) p_meanfield density (kg/m^3)      kappa      alpha Cp(J/molK) Cv(J/molK)  mu(J/mol)
   0.0000000000   -173.000      340.000000   0.500097       1274.4056    0.0000116160    0.0008673180   75.2407412488   66.9250976588   -1.8850230991 
   0.0000000000   -172.000      340.000000   0.499631       1273.3122    0.0000107447    0.0008551765   75.0859224814   66.8259789472   -1.8836709521 
   0.0000000000   -171.000      340.000000   0.499162       1272.2227    0.0000084712    0.0008290660   74.8044715476   66.6423004249   -1.8823186272 
   0.0000000000   -170.000      340.000000   0.498695       1271.1297    0.0000106449    0.0008463962   74.5134985967   66.3291904946   -1.8809671038 
   0.0000000000   -169.000      340.000000   0.498229       1270.0411    0.0000116089    0.0008484559   74.3634614682   66.2227394613   -1.8796155722 
   0.0000000000   -168.000      340.000000   0.497764       1268.9517    0.0000118635    0.0008530101   74.0795032267   65.9106906224   -1.8782648909 
   0.0000000000   -167.000      340.000000   0.497298       1267.8637    0.0000126670    0.0008580268   73.8406871279   65.6757991427   -1.8769146005 
   0.0000000000   -166.000      340.000000   0.496834       1266.7752    0.0000124522    0.0008610489   73.6018732674   65.3924556032   -1.8755654231 
   0.0000000000   -165.000      340.000000   0.496370       1265.6871    0.0000121620    0.0008569167   73.4330184651   65.2423401048   -1.8742166181 
   0.0000000000   -164.000      340.000000   0.495907       1264.5997    0.0000125812    0.0008614048   73.1933057455   64.9859740554   -1.8728682307 
   0.0000000000   -163.000      340.000000   0.495444       1263.5130    0.0000128007    0.0008596103   73.0119332330   64.8345532824   -1.8715204555 
   0.0000000000   -162.000      340.000000   0.494982       1262.4266    0.0000129505    0.0008605161   72.8034263726   64.6256344581   -1.8701733530 
   0.0000000000   -161.000      340.000000   0.494521       1261.3413    0.0000130186    0.0008606475   72.6249832028   64.4487765279   -1.8688268931 
   0.0000000000   -160.000      340.000000   0.494061       1260.2564    0.0000131127    0.0008610587   72.4461931279   64.2705733986   -1.8674810099 
   0.0000000000   -159.000      340.000000   0.493601       1259.1725    0.0000131849    0.0008607351   72.2623291248   64.0928245530   -1.8661358531 
   0.0000000000   -158.000      340.000000   0.493142       1258.0892    0.0000133835    0.0008609444   72.0851563891   63.9248050995   -1.8647914978 
   0.0000000000   -157.000      340.000000   0.492683       1257.0067    0.0000134988    0.0008605047   71.9192182392   63.7687501219   -1.8634478001 
   0.0000000000   -156.000      340.000000   0.492226       1255.9252    0.0000136331    0.0008606618   71.7499563604   63.6048825893   -1.8621048873 
   0.0000000000   -155.000      340.000000   0.491769       1254.8446    0.0000137758    0.0008609536   71.5849539694   63.4444753045   -1.8607627786 
   0.0000000000   -154.000      340.000000   0.491313       1253.7649    0.0000138892    0.0008607923   71.4271409082   63.2936336731   -1.8594214406 
   0.0000000000   -153.000      340.000000   0.490858       1252.6862    0.0000140302    0.0008607278   71.2711151158   63.1453566041   -1.8580810035 
   0.0000000000   -152.000      340.000000   0.490403       1251.6086    0.0000141553    0.0008605018   71.1175424920   63.0000014751   -1.8567413911 
   0.0000000000   -151.000      340.000000   0.489950       1250.5321    0.0000142937    0.0008604314   70.9690417625   62.8590247890   -1.8554026827 
   0.0000000000   -150.000      340.000000   0.489497       1249.4567    0.0000144131    0.0008601249   70.8229303651   62.7214269272   -1.8540648745 
   0.0000000000   -149.000      340.000000   0.489045       1248.3825    0.0000145389    0.0008599915   70.6775961024   62.5833203285   -1.8527280075 
   0.0000000000   -148.000      340.000000   0.488594       1247.3096    0.0000146570    0.0008596718   70.5376813363   62.4518608529   -1.8513920867 
   0.0000000000   -147.000      340.000000   0.488145       1246.2380    0.0000147946    0.0008593877   70.3998326082   62.3232759917   -1.8500571566 
   0.0000000000   -146.000      340.000000   0.487696       1245.1677    0.0000149172    0.0008589694   70.2644727144   62.1974692383   -1.8487232210 
   0.0000000000   -145.000      340.000000   0.487248       1244.0988    0.0000150396    0.0008586042   70.1314834908   62.0734722175   -1.8473903278 
   0.0000000000   -144.000      340.000000   0.486801       1243.0314    0.0000151610    0.0008581549   70.0011231745   61.9527765643   -1.8460584897 
   0.0000000000   -143.000      340.000000   0.486355       1241.9655    0.0000152811    0.0008576210   69.8735176444   61.8355042056   -1.8447277267 
   0.0000000000   -142.000      340.000000   0.485910       1240.9011    0.0000154032    0.0008570952   69.7479239533   61.7202325427   -1.8433980710 
   0.0000000000   -141.000      340.000000   0.485466       1239.8383    0.0000155281    0.0008565399   69.6245070211   61.6075355506   -1.8420695379 
   0.0000000000   -140.000      340.000000   0.485023       1238.7771    0.0000156464    0.0008559045   69.5033029664   61.4973530381   -1.8407421603 
   0.0000000000   -139.000      340.000000   0.484581       1237.7177    0.0000157680    0.0008552563   69.3839482391   61.3892850840   -1.8394159528 
   0.0000000000   -138.000      340.000000   0.484140       1236.6600    0.0000158875    0.0008545559   69.2667780101   61.2837147844   -1.8380909463 
   0.0000000000   -137.000      340.000000   0.483701       1235.6041    0.0000160047    0.0008538043   69.1515881604   61.1804163227   -1.8367671610 
   0.0000000000   -136.000      340.000000   0.483263       1234.5501    0.0000161222    0.0008530171   69.0381573681   61.0791804382   -1.8354446211 
   0.0000000000   -135.000      340.000000   0.482825       1233.4979    0.0000162387    0.0008521799   68.9265710513   60.9801477266   -1.8341233489 
   0.0000000000   -134.000      340.000000   0.482389       1232.4478    0.0000163532    0.0008512997   68.8167187766   60.8830851030   -1.8328033676 
   0.0000000000   -133.000      340.000000   0.481955       1231.3996    0.0000164684    0.0008503827   68.7084654364   60.7879596118   -1.8314846995 
   0.0000000000   -132.000      340.000000   0.481521       1230.3535    0.0000165818    0.0008494126   68.6019745450   60.6949414877   -1.8301673682 
   0.0000000000   -131.000      340.000000   0.481089       1229.3095    0.0000166935    0.0008484004   68.4969840902   60.6036673280   -1.8288513953 
   0.0000000000   -130.000      340.000000   0.480658       1228.2676    0.0000168054    0.0008473486   68.3935389589   60.5142735306   -1.8275368025 
   0.0000000000   -129.000      340.000000   0.480228       1227.2279    0.0000169152    0.0008462502   68.2915097112   60.4265679876   -1.8262236120 
   0.0000000000   -128.000      340.000000   0.479799       1226.1905    0.0000170241    0.0008451073   68.1909501043   60.3406483375   -1.8249118448 
   0.0000000000   -127.000      340.000000   0.479372       1225.1554    0.0000171326    0.0008439263   68.0917819618   60.2564090751   -1.8236015225 
   0.0000000000   -126.000      340.000000   0.478946       1224.1227    0.0000172394    0.0008427015   67.9939386493   60.1737619969   -1.8222926658 
   0.0000000000   -125.000      340.000000   0.478521       1223.0923    0.0000173456    0.0008414351   67.8974041908   60.0927296040   -1.8209852954 
   0.0000000000   -124.000      340.000000   0.478098       1222.0644    0.0000174507    0.0008401278   67.8021181388   60.0132259420   -1.8196794316 
   0.0000000000   -123.000      340.000000   0.477676       1221.0389    0.0000175544    0.0008387777   67.7080663302   59.9352345355   -1.8183750943 
   0.0000000000   -122.000      340.000000   0.477256       1220.0160    0.0000176568    0.0008373858   67.6151969638   59.8587023438   -1.8170723034 
   0.0000000000   -121.000      340.000000   0.476837       1218.9957    0.0000177580    0.0008359525   67.5234849695   59.7836082905   -1.8157710780 
   0.0000000000   -120.000      340.000000   0.476420       1217.9780    0.0000178582    0.0008344811   67.4328824574   59.7098785498   -1.8144714373 
   0.0000000000   -119.000      340.000000   0.476003       1216.9629    0.0000179571    0.0008329685   67.3433771180   59.6375250625   -1.8131733996 
   0.0000000000   -118.000      340.000000   0.475589       1215.9506    0.0000180548    0.0008314168   67.2549222199   59.5664778135   -1.8118769832 
   0.0000000000   -117.000      340.000000   0.475175       1214.9410    0.0000181512    0.0008298257   67.1675032368   59.4967283592   -1.8105822064 
   0.0000000000   -116.000      340.000000   0.474764       1213.9342    0.0000182465    0.0008281969   67.0810833727   59.4282298075   -1.8092890862 
   0.0000000000   -115.000      340.000000   0.474354       1212.9303    0.0000183405    0.0008265298   66.9956352819   59.3609566111   -1.8079976401 
   0.0000000000   -114.000      340.000000   0.473945       1211.9292    0.0000184332    0.0008248252   66.9111364383   59.2948749151   -1.8067078846 
   0.0000000000   -113.000      340.000000   0.473538       1210.9310    0.0000185245    0.0008230832   66.8275633945   59.2299623247   -1.8054198361 
   0.0000000000   -112.000      340.000000   0.473132       1209.9358    0.0000186148    0.0008213061   66.7448890034   59.1661839858   -1.8041335107 
   0.0000000000   -111.000      340.000000   0.472728       1208.9436    0.0000187036    0.0008194923   66.6630939791   59.1035187042   -1.8028489237 
   0.0000000000   -110.000      340.000000   0.472325       1207.9544    0.0000187913    0.0008176441   66.5821534497   59.0419334583   -1.8015660904 
   0.0000000000   -109.000      340.000000   0.471924       1206.9683    0.0000188775    0.0008157612   66.5020459378   58.9814021264   -1.8002850254 
   0.0000000000   -108.000      340.000000   0.471525       1205.9852    0.0000189625    0.0008138442   66.4227588766   58.9219127445   -1.7990057430 
   0.0000000000   -107.000      340.000000   0.471127       1205.0053    0.0000190462    0.0008118944   66.3442667251   58.8634277639   -1.7977282572 
   0.0000000000   -106.000      340.000000   0.470731       1204.0286    0.0000191285    0.0008099118   66.2665537928   58.8059314291   -1.7964525813 
   0.0000000000   -105.000      340.000000   0.470337       1203.0550    0.0000192096    0.0008078973   66.1896011695   58.7493970806   -1.7951787283 
   0.0000000000   -104.000      340.000000   0.469944       1202.0847    0.0000192893    0.0008058519   66.1133913009   58.6938025607   -1.7939067108 
   0.0000000000   -103.000      340.000000   0.469552       1201.1176    0.0000193677    0.0008037757   66.0379117533   58.6391315127   -1.7926365410 
   0.0000000000   -102.000      340.000000   0.469163       1200.1538    0.0000194448    0.0008016697   65.9631453788   58.5853604443   -1.7913682306 
   0.0000000000   -101.000      340.000000   0.468775       1199.1934    0.0000195206    0.0007995346   65.8890779234   58.5324702734   -1.7901017907 
   0.0000000000   -100.000      340.000000   0.468388       1198.2362    0.0000195950    0.0007973711   65.8156940196   58.4804396526   -1.7888372324 
   0.0000000000    -99.000      340.000000   0.468004       1197.2825    0.0000196682    0.0007951799   65.7429819603   58.4292531169   -1.7875745658 
   0.0000000000    -98.000      340.000000   0.467621       1196.3321    0.0000197400    0.0007929617   65.6709277499   58.3788901641   -1.7863138010 
   0.0000000000    -97.000      340.000000   0.467239       1195.3852    0.0000198105    0.0007907172   65.5995200416   58.3293338886   -1.7850549475 
   0.0000000000    -96.000      340.000000   0.466860       1194.4417    0.0000198797    0.0007884471   65.5287467396   58.2805681184   -1.7837980144 
   0.0000000000    -95.000      340.000000   0.466482       1193.5017    0.0000199475    0.0007861523   65.4585970082   58.2325759105   -1.7825430101 
   0.0000000000    -94.000      340.000000   0.466106       1192.5652    0.0000200141    0.0007838333   65.3890596738   58.1853410988   -1.7812899430 
   0.0000000000    -93.000      340.000000   0.465731       1191.6322    0.0000200794    0.0007814910   65.3201248910   58.1388480854   -1.7800388207 
   0.0000000000    -92.000      340.000000   0.465358       1190.7027    0.0000201433    0.0007791260   65.2517830206   58.0930825560   -1.7787896505 
   0.0000000000    -91.000      340.000000   0.464987       1189.7768    0.0000202060    0.0007767391   65.1840245822   58.0480293832   -1.7775424393 
   0.0000000000    -90.000      340.000000   0.464618       1188.8544    0.0000202673    0.0007743310   65.1168406219   58.0036743686   -1.7762971934 
   0.0000000000    -89.000      340.000000   0.464250       1187.9356    0.0000203274    0.0007719026   65.0502230440   57.9600042236   -1.7750539189 
   0.0000000000    -88.000      340.000000   0.463884       1187.0205    0.0000203863    0.0007694544   64.9841633382   57.9170047897   -1.7738126212 
   0.0000000000    -87.000      340.000000   0.463520       1186.1089    0.0000204438    0.0007669872   64.9186543984   57.8746643782   -1.7725733055 
   0.0000000000    -86.000      340.000000   0.463157       1185.2010    0.0000205001    0.0007645018   64.8536885169   57.8329696232   -1.7713359764 
   0.0000000000    -85.000      340.000000   0.462797       1184.2968    0.0000205551    0.0007619988   64.7892590021   57.7919088365   -1.7701006381 
   0.0000000000    -84.000      340.000000   0.462438       1183.3962    0.0000206089    0.0007594791   64.7253589298   57.7514696375   -1.7688672944 
   0.0000000000    -83.000      340.000000   0.462080       1182.4992    0.0000206615    0.0007569433   64.6619824111   57.7116416385   -1.7676359487 
   0.0000000000    -82.000      340.000000   0.461725       1181.6060    0.0000207128    0.0007543921   64.5991232797   57.6724131203   -1.7664066039 
   0.0000000000    -81.000      340.000000   0.461371       1180.7165    0.0000207629    0.0007518263   64.5367760171   57.6337737635   -1.7651792625 
   0.0000000000    -80.000      340.000000   0.461019       1179.8306    0.0000208118    0.0007492465   64.4749350774   57.5957128960   -1.7639539266 
   0.0000000000    -79.000      340.000000   0.460669       1178.9485    0.0000208595    0.0007466534   64.4135955887   57.5582207335   -1.7627305979 
   0.0000000000    -78.000      340.000000   0.460320       1178.0701    0.0000209060    0.0007440478   64.3527524891   57.5212872370   -1.7615092777 
   0.0000000000    -77.000      340.000000   0.459973       1177.1954    0.0000209513    0.0007414304   64.2924013449   57.4849031616   -1.7602899668 
   0.0000000000    -76.000      340.000000   0.459628       1176.3245    0.0000209955    0.0007388017   64.2325380657   57.4490595328   -1.7590726656 
   0.0000000000    -75.000      340.000000   0.459285       1175.4573    0.0000210385    0.0007361626   64.1731583589   57.4137473925   -1.7578573741 
   0.0000000000    -74.000      340.000000   0.458943       1174.5938    0.0000210804    0.0007335136   64.1142585015   57.3789581520   -1.7566440920 
   0.0000000000    -73.000      340.000000   0.458603       1173.7341    0.0000211211    0.0007308555   64.0558349008   57.3446835699   -1.7554328184 
   0.0000000000    -72.000      340.000000   0.458265       1172.8782    0.0000211607    0.0007281888   63.9978841385   57.3109155488   -1.7542235523 
   0.0000000000    -71.000      340.000000   0.457929       1172.0260    0.0000211992    0.0007255143   63.9404030402   57.2776464315   -1.7530162919 
   0.0000000000    -70.000      340.000000   0.457594       1171.1775    0.0000212366    0.0007228326   63.8833887428   57.2448686674   -1.7518110354 
   0.0000000000    -69.000      340.000000   0.457261       1170.3329    0.0000212729    0.0007201443   63.8268384015   57.2125751143   -1.7506077804 
   0.0000000000    -68.000      340.000000   0.456930       1169.4919    0.0000213082    0.0007174501   63.7707494988   57.1807586521   -1.7494065241 
   0.0000000000    -67.000      340.000000   0.456600       1168.6548    0.0000213423    0.0007147506   63.7151195492   57.1494124782   -1.7482072635 
   0.0000000000    -66.000      340.000000   0.456272       1167.8213    0.0000213755    0.0007120463   63.6599463892   57.1185301372   -1.7470099949 
   0.0000000000    -65.000      340.000000   0.455946       1166.9917    0.0000214076    0.0007093380   63.6052279556   57.0881052308   -1.7458147146 
   0.0000000000    -64.000      340.000000   0.455622       1166.1658    0.0000214386    0.0007066261   63.5509623515   57.0581316812   -1.7446214182 
   0.0000000000    -63.000      340.000000   0.455299       1165.3436    0.0000214687    0.0007039113   63.4971478688   57.0286036048   -1.7434301012 
   0.0000000000    -62.000      340.000000   0.454978       1164.5252    0.0000214978    0.0007011942   63.4437828821   56.9995152721   -1.7422407585 
   0.0000000000    -61.000      340.000000   0.454658       1163.7105    0.0000215259    0.0006984754   63.3908659849   56.9708612416   -1.7410533848 
   0.0000000000    -60.000      340.000000   0.454341       1162.8995    0.0000215530    0.0006957553   63.3383958658   56.9426361767   -1.7398679745 
   0.0000000000    -59.000      340.000000   0.454025       1162.0923    0.0000215792    0.0006930346   63.2863713551   56.9148349725   -1.7386845213 
   0.0000000000    -58.000      340.000000   0.453710       1161.2888    0.0000216044    0.0006903138   63.2347914361   56.8874527080   -1.7375030190 
   0.0000000000    -57.000      340.000000   0.453398       1160.4890    0.0000216287    0.0006875935   63.1836552335   56.8604847156   -1.7363234608 
   0.0000000000    -56.000      340.000000   0.453087       1159.6929    0.0000216521    0.0006848742   63.1329619344   56.8339263592   -1.7351458395 
   0.0000000000    -55.000      340.000000   0.452777       1158.9005    0.0000216745    0.0006821564   63.0827108921   56.8077733015   -1.7339701477 
   0.0000000000    -54.000      340.000000   0.452470       1158.1118    0.0000216961    0.0006794406   63.0329015319   56.7820212683   -1.7327963777 
   0.0000000000    -53.000      340.000000   0.452164       1157.3268    0.0000217169    0.0006767273   62.9835334549   56.7566662860   -1.7316245213 
   0.0000000000    -52.000      340.000000   0.451859       1156.5454    0.0000217367    0.0006740171   62.9346063055   56.7317043840   -1.7304545701 
   0.0000000000    -51.000      340.000000   0.451557       1155.7677    0.0000217557    0.0006713104   62.8861198651   56.7071318875   -1.7292865152 
   0.0000000000    -50.000      340.000000   0.451255       1154.9936    0.0000217739    0.0006686077   62.8380739972   56.6829451745   -1.7281203477 
   0.0000000000    -49.000      340.000000   0.450956       1154.2232    0.0000217913    0.0006659095   62.7904686606   56.6591408313   -1.7269560581 
   0.0000000000    -48.000      340.000000   0.450658       1153.4564    0.0000218079    0.0006632162   62.7433039437   56.6357155735   -1.7257936367 
   0.0000000000    -47.000      340.000000   0.450362       1152.6932    0.0000218236    0.0006605283   62.6965799469   56.6126661968   -1.7246330734 
   0.0000000000    -46.000      340.000000   0.450067       1151.9336    0.0000218386    0.0006578463   62.6502969333   56.5899897443   -1.7234743579 
   0.0000000000    -45.000      340.000000   0.449774       1151.1776    0.0000218529    0.0006551706   62.6044552185   56.5676833242   -1.7223174796 
   0.0000000000    -44.000      340.000000   0.449482       1150.4252    0.0000218664    0.0006525016   62.5590551754   56.5457441697   -1.7211624274 
   0.0000000000    -43.000      340.000000   0.449192       1149.6763    0.0000218791    0.0006498398   62.5140972937   56.5241696706   -1.7200091901 
   0.0000000000    -42.000      340.000000   0.448904       1148.9310    0.0000218911    0.0006471855   62.4695821108   56.5029573243   -1.7188577563 
   0.0000000000    -41.000      340.000000   0.448617       1148.1892    0.0000219025    0.0006445393   62.4255102467   56.4821047618   -1.7177081139 
   0.0000000000    -40.000      340.000000   0.448331       1147.4509    0.0000219131    0.0006419014   62.3818823876   56.4616097061   -1.7165602510 
   0.0000000000    -39.000      340.000000   0.448048       1146.7161    0.0000219230    0.0006392723   62.3386992895   56.4414700309   -1.7154141550 
   0.0000000000    -38.000      340.000000   0.447765       1145.9847    0.0000219323    0.0006366524   62.2959617648   56.4216836813   -1.7142698133 
   0.0000000000    -37.000      340.000000   0.447485       1145.2569    0.0000219409    0.0006340421   62.2536706956   56.4022487401   -1.7131272130 
   0.0000000000    -36.000      340.000000   0.447205       1144.5325    0.0000219489    0.0006314416   62.2118270154   56.3831633773   -1.7119863406 
   0.0000000000    -35.000      340.000000   0.446927       1143.8115    0.0000219563    0.0006288515   62.1704317242   56.3644258754   -1.7108471828 
   0.0000000000    -34.000      340.000000   0.446651       1143.0939    0.0000219630    0.0006262720   62.1294858773   56.3460346224   -1.7097097257 
   0.0000000000    -33.000      340.000000   0.446376       1142.3797    0.0000219692    0.0006237036   62.0889905678   56.3279880886   -1.7085739553 
   0.0000000000    -32.000      340.000000   0.446103       1141.6689    0.0000219747    0.0006211465   62.0489469538   56.3102848367   -1.7074398571 
   0.0000000000    -31.000      340.000000   0.445830       1140.9610    0.0000219798    0.0006186011   62.0093436036   56.2929241817   -1.7063084869 
   0.0000000000    -30.000      340.000000   0.445560       1140.2569    0.0000219842    0.0006160677   61.9702072516   56.2759036207   -1.7051776756 
   0.0000000000    -29.000      340.000000   0.445291       1139.5561    0.0000219880    0.0006135467   61.9315263459   56.2592225998   -1.7040484924 
   0.0000000000    -28.000      340.000000   0.445023       1138.8586    0.0000219914    0.0006110383   61.8933022260   56.2428800371   -1.7029209219 
   0.0000000000    -27.000      340.000000   0.444757       1138.1643    0.0000219942    0.0006085429   61.8555362782   56.2268749363   -1.7017949485 
   0.0000000000    -26.000      340.000000   0.444492       1137.4733    0.0000219965    0.0006060608   61.8182299257   56.2112063854   -1.7006705563 
   0.0000000000    -25.000      340.000000   0.444229       1136.7856    0.0000219983    0.0006035923   61.7813846252   56.1958735355   -1.6995477292 
   0.0000000000    -24.000      340.000000   0.443967       1136.1010    0.0000219996    0.0006011377   61.7450018794   56.1808756254   -1.6984264509 
   0.0000000000    -23.000      340.000000   0.443706       1135.4197    0.0000220004    0.0005986973   61.7090832224   56.1662119627   -1.6973067047 
   0.0000000000    -22.000      340.000000   0.443447       1134.7415    0.0000220008    0.0005962713   61.6736302185   56.1518819182   -1.6961884739 
   0.0000000000    -21.000      340.000000   0.443189       1134.0664    0.0000220007    0.0005938600   61.6386444671   56.1378849351   -1.6950717413 
   0.0000000000    -20.000      340.000000   0.442933       1133.3945    0.0000220002    0.0005914638   61.6041276056   56.1242205332   -1.6939564897 
   0.0000000000    -19.000      340.000000   0.442678       1132.7257    0.0000219993    0.0005890829   61.5700812862   56.1108882762   -1.6928427016 
   0.0000000000    -18.000      340.000000   0.442424       1132.0600    0.0000219979    0.0005867174   61.5365072043   56.0978878070   -1.6917303592 
   0.0000000000    -17.000      340.000000   0.442171       1131.3973    0.0000219962    0.0005843678   61.5034070696   56.0852188133   -1.6906194445 
   0.0000000000    -16.000      340.000000   0.441920       1130.7377    0.0000219940    0.0005820343   61.4707826298   56.0728810585   -1.6895099394 
   0.0000000000    -15.000      340.000000   0.441670       1130.0811    0.0000219915    0.0005797170   61.4386356468   56.0608743453   -1.6884018255 
   0.0000000000    -14.000      340.000000   0.441421       1129.4274    0.0000219886    0.0005774162   61.4069679106   56.0491985400   -1.6872950841 
   0.0000000000    -13.000      340.000000   0.441174       1128.7768    0.0000219854    0.0005751322   61.3757812327   56.0378535607   -1.6861896964 
   0.0000000000    -12.000      340.000000   0.440928       1128.1290    0.0000219818    0.0005728653   61.3450774440   56.0268393712   -1.6850856434 
   0.0000000000    -11.000      340.000000   0.440683       1127.4842    0.0000219779    0.0005706155   61.3148583974   56.0161559885   -1.6839829058 
   0.0000000000    -10.000      340.000000   0.440439       1126.8423    0.0000219737    0.0005683832   61.2851259644   56.0058034794   -1.6828814642 
   0.0000000000     -9.000      340.000000   0.440197       1126.2033    0.0000219691    0.0005661686   61.2558820316   55.9957819481   -1.6817812988 
   0.0000000000     -8.000      340.000000   0.439956       1125.5671    0.0000219643    0.0005639718   61.2271285057   55.9860915499   -1.6806823899 
   0.0000000000     -7.000      340.000000   0.439716       1124.9337    0.0000219592    0.0005617931   61.1988673063   55.9767324813   -1.6795847174 
   0.0000000000     -6.000      340.000000   0.439477       1124.3031    0.0000219538    0.0005596327   61.1711003702   55.9677049766   -1.6784882610 
   0.0000000000     -5.000      340.000000   0.439239       1123.6753    0.0000219481    0.0005574909   61.1438296445   55.9590093111   -1.6773930003 
   0.0000000000     -4.000      340.000000   0.439003       1123.0502    0.0000219422    0.0005553677   61.1170570947   55.9506457997   -1.6762989146 
   0.0000000000     -3.000      340.000000   0.438768       1122.4279    0.0000219360    0.0005532634   61.0907846942   55.9426147930   -1.6752059831 
   0.0000000000     -2.000      340.000000   0.438534       1121.8082    0.0000219296    0.0005511781   61.0650144292   55.9349166751   -1.6741141848 
   0.0000000000     -1.000      340.000000   0.438301       1121.1913    0.0000219230    0.0005491122   61.0397482967   55.9275518665   -1.6730234985 
   0.0000000000      0.000      340.000000   0.438069       1120.5769    0.0000219162    0.0005470657   61.0149883017   55.9205208182   -1.6719339028 
   0.0000000000      1.000      340.000000   0.437838       1119.9652    0.0000219091    0.0005450388   60.9907364607   55.9138240123   -1.6708453761 
   0.0000000000      2.000      340.000000   0.437608       1119.3561    0.0000219019    0.0005430317   60.9669947965   55.9074619624   -1.6697578967 
   0.0000000000      3.000      340.000000   0.437380       1118.7495    0.0000218945    0.0005410445   60.9437653408   55.9014352089   -1.6686714426 
   0.0000000000      4.000      340.000000   0.437152       1118.1455    0.0000218869    0.0005390775   60.9210501308   55.8957443204   -1.6675859918 
   0.0000000000      5.000      340.000000   0.436926       1117.5440    0.0000218792    0.0005371309   60.8988512117   55.8903898931   -1.6665015220 
   0.0000000000      6.000      340.000000   0.436700       1116.9449    0.0000218713    0.0005352046   60.8771706326   55.8853725475   -1.6654180107 
   0.0000000000      7.000      340.000000   0.436476       1116.3484    0.0000218633    0.0005332991   60.8560104494   55.8806929267   -1.6643354353 
   0.0000000000      8.000      340.000000   0.436253       1115.7542    0.0000218551    0.0005314142   60.8353727216   55.8763517002   -1.6632537731 
   0.0000000000      9.000      340.000000   0.436031       1115.1625    0.0000218468    0.0005295504   60.8152595121   55.8723495568   -1.6621730011 
   0.0000000000     10.000      340.000000   0.435809       1114.5732    0.0000218384    0.0005277076   60.7956728883   55.8686872067   -1.6610930962 
   0.0000000000     11.000      340.000000   0.435589       1113.9862    0.0000218299    0.0005258861   60.7766149197   55.8653653822   -1.6600140351 
   0.0000000000     12.000      340.000000   0.435370       1113.4015    0.0000218213    0.0005240859   60.7580876786   55.8623848321   -1.6589357944 
   0.0000000000     13.000      340.000000   0.435152       1112.8191    0.0000218126    0.0005223073   60.7400932399   55.8597463255   -1.6578583505 
   0.0000000000     14.000      340.000000   0.434934       1112.2390    0.0000218039    0.0005205504   60.7226336787   55.8574506472   -1.6567816796 
   0.0000000000     15.000      340.000000   0.434718       1111.6612    0.0000217951    0.0005188152   60.7057110729   55.8554985998   -1.6557057579 
   0.0000000000     16.000      340.000000   0.434502       1111.0855    0.0000217862    0.0005171020   60.6893275000   55.8538910014   -1.6546305613 
   0.0000000000     17.000      340.000000   0.434288       1110.5121    0.0000217773    0.0005154109   60.6734850391   55.8526286856   -1.6535560657 
   0.0000000000     18.000      340.000000   0.434074       1109.9408    0.0000217683    0.0005137420   60.6581857669   55.8517124970   -1.6524822466 
   0.0000000000     19.000      340.000000   0.433862       1109.3716    0.0000217594    0.0005120954   60.6434317634   55.8511432981   -1.6514090795 
   0.0000000000     20.000      340.000000   0.433650       1108.8046    0.0000217504    0.0005104713   60.6292251062   55.8509219618   -1.6503365398 
   0.0000000000     21.000      340.000000   0.433439       1108.2396    0.0000217414    0.0005088699   60.6155678714   55.8510493723   -1.6492646028 
   0.0000000000     22.000      340.000000   0.433229       1107.6767    0.0000217323    0.0005072911   60.6024621360   55.8515264273   -1.6481932435 
   0.0000000000     23.000      340.000000   0.433020       1107.1158    0.0000217233    0.0005057351   60.5899099734   55.8523540323   -1.6471224368 
   0.0000000000     24.000      340.000000   0.432812       1106.5569    0.0000217144    0.0005042022   60.5779134580   55.8535331066   -1.6460521574 
   0.0000000000     25.000      340.000000   0.432604       1105.9999    0.0000217054    0.0005026923   60.5664746604   55.8550645760   -1.6449823801 
   0.0000000000     26.000      340.000000   0.432397       1105.4449    0.0000216965    0.0005012056   60.5555956504   55.8569493764   -1.6439130794 
   0.0000000000     27.000      340.000000   0.432192       1104.8918    0.0000216876    0.0004997423   60.5452784960   55.8591884528   -1.6428442296 
   0.0000000000     28.000      340.000000   0.431987       1104.3406    0.0000216788    0.0004983023   60.5355252623   55.8617827568   -1.6417758050 
   0.0000000000     29.000      340.000000   0.431782       1103.7912    0.0000216700    0.0004968859   60.5263380124   55.8647332485   -1.6407077797 
   0.0000000000     30.000      340.000000   0.431579       1103.2436    0.0000216613    0.0004954932   60.5177188066   55.8680408943   -1.6396401276 
   0.0000000000     31.000      340.000000   0.431376       1102.6979    0.0000216527    0.0004941242   60.5096697039   55.8717066677   -1.6385728226 
   0.0000000000     32.000      340.000000   0.431174       1102.1539    0.0000216442    0.0004927791   60.5021927594   55.8757315482   -1.6375058385 
   0.0000000000     33.000      340.000000   0.430973       1101.6117    0.0000216357    0.0004914580   60.4952900262   55.8801165206   -1.6364391487 
   0.0000000000     34.000      340.000000   0.430773       1101.0711    0.0000216274    0.0004901610   60.4889635549   55.8848625754   -1.6353727269 
   0.0000000000     35.000      340.000000   0.430573       1100.5322    0.0000216192    0.0004888881   60.4832153926   55.8899707083   -1.6343065462 
   0.0000000000     36.000      340.000000   0.430374       1099.9950    0.0000216110    0.0004876396   60.4780475848   55.8954419190   -1.6332405800 
   0.0000000000     37.000      340.000000   0.430176       1099.4594    0.0000216031    0.0004864155   60.4734621736   55.9012772122   -1.6321748013 
   0.0000000000     38.000      340.000000   0.429978       1098.9254    0.0000215952    0.0004852158   60.4694611980   55.9074775956   -1.6311091831 
   0.0000000000     39.000      340.000000   0.429781       1098.3930    0.0000215875    0.0004840408   60.4660466957   55.9140440820   -1.6300436982 
   0.0000000000     40.000      340.000000   0.429585       1097.8621    0.0000215800    0.0004828905   60.4632207006   55.9209776866   -1.6289783194 
   0.0000000000     41.000      340.000000   0.429389       1097.3327    0.0000215726    0.0004817649   60.4609852446   55.9282794280   -1.6279130193 
   0.0000000000     42.000      340.000000   0.429194       1096.8048    0.0000215654    0.0004806643   60.4593423569   55.9359503283   -1.6268477704 
   0.0000000000     43.000      340.000000   0.429000       1096.2783    0.0000215584    0.0004795887   60.4582940643   55.9439914118   -1.6257825450 
   0.0000000000     44.000      340.000000   0.428806       1095.7532    0.0000215515    0.0004785382   60.4578423915   55.9524037053   -1.6247173154 
   0.0000000000     45.000      340.000000   0.428613       1095.2296    0.0000215449    0.0004775129   60.4579893607   55.9611882386   -1.6236520538 
   0.0000000000     46.000      340.000000   0.428420       1094.7073    0.0000215384    0.0004765128   60.4587369923   55.9703460430   -1.6225867322 
   0.0000000000     47.000      340.000000   0.428228       1094.1863    0.0000215322    0.0004755382   60.4600873047   55.9798781519   -1.6215213224 
   0.0000000000     48.000      340.000000   0.428037       1093.6666    0.0000215262    0.0004745890   60.4620423143   55.9897856012   -1.6204557964 
   0.0000000000     49.000      340.000000   0.427846       1093.1482    0.0000215204    0.0004736654   60.4646040360   56.0000694280   -1.6193901258 
   0.0000000000     50.000      340.000000   0.427655       1092.6310    0.0000215148    0.0004727675   60.4677744829   56.0107306710   -1.6183242822 
   0.0000000000     51.000      340.000000   0.427466       1092.1151    0.0000215095    0.0004718954   60.4715556669   56.0217703708   -1.6172582371 
   0.0000000000     52.000      340.000000   0.427276       1091.6003    0.0000215044    0.0004710491   60.4759495990   56.0331895693   -1.6161919618 
   0.0000000000     53.000      340.000000   0.427088       1091.0867    0.0000214996    0.0004702288   60.4809582885   56.0449893095   -1.6151254276 
   0.0000000000     54.000      340.000000   0.426899       1090.5742    0.0000214950    0.0004694345   60.4865837443   56.0571706358   -1.6140586056 
   0.0000000000     55.000      340.000000   0.426712       1090.0628    0.0000214908    0.0004686663   60.4928279746   56.0697345940   -1.6129914669 
   0.0000000000     56.000      340.000000   0.426524       1089.5524    0.0000214868    0.0004679244   60.4996929870   56.0826822311   -1.6119239823 
   0.0000000000     57.000      340.000000   0.426337       1089.0431    0.0000214831    0.0004672088   60.5071807890   56.0960145946   -1.6108561228 
   0.0000000000     58.000      340.000000   0.426151       1088.5348    0.0000214796    0.0004665196   60.5152933877   56.1097327338   -1.6097878591 
   0.0000000000     59.000      340.000000   0.425965       1088.0274    0.0000214765    0.0004658569   60.5240327904   56.1238376986   -1.6087191617 
   0.0000000000     60.000      340.000000   0.425780       1087.5210    0.0000214738    0.0004652209   60.5334010050   56.1383305400   -1.6076500012 
   0.0000000000     61.000      340.000000   0.425595       1087.0156    0.0000214713    0.0004646115   60.5434000396   56.1532123100   -1.6065803479 
   0.0000000000     62.000      340.000000   0.425410       1086.5109    0.0000214691    0.0004640289   60.5540319032   56.1684840617   -1.6055101722 
   0.0000000000     63.000      340.000000   0.425226       1086.0072    0.0000214673    0.0004634732   60.5652986056   56.1841468488   -1.6044394442 
   0.0000000000     64.000      340.000000   0.425042       1085.5043    0.0000214659    0.0004629444   60.5772021580   56.2002017265   -1.6033681341 
   0.0000000000     65.000      340.000000   0.424858       1085.0021    0.0000214648    0.0004624427   60.5897445727   56.2166497506   -1.6022962119 
   0.0000000000     66.000      340.000000   0.424675       1084.5008    0.0000214640    0.0004619682   60.6029278637   56.2334919780   -1.6012236473 
   0.0000000000     67.000      340.000000   0.424492       1084.0001    0.0000214637    0.0004615209   60.6167540466   56.2507294665   -1.6001504102 
   0.0000000000     68.000      340.000000   0.424310       1083.5002    0.0000214637    0.0004611010   60.6312251392   56.2683632749   -1.5990764703 
   0.0000000000     69.000      340.000000   0.424128       1083.0009    0.0000214640    0.0004607085   60.6463431614   56.2863944633   -1.5980017971 
   0.0000000000     70.000      340.000000   0.423946       1082.5023    0.0000214648    0.0004603435   60.6621101354   56.3048240923   -1.5969263601 
   0.0000000000     71.000      340.000000   0.423765       1082.0043    0.0000214660    0.0004600061   60.6785280861   56.3236532241   -1.5958501287 
   0.0000000000     72.000      340.000000   0.423583       1081.5068    0.0000214676    0.0004596965   60.6955990409   56.3428829213   -1.5947730721 
   0.0000000000     73.000      340.000000   0.423402       1081.0099    0.0000214696    0.0004594147   60.7133250305   56.3625142485   -1.5936951595 
   0.0000000000     74.000      340.000000   0.423222       1080.5135    0.0000214720    0.0004591607   60.7317080883   56.3825482704   -1.5926163599 
   0.0000000000     75.000      340.000000   0.423041       1080.0176    0.0000214749    0.0004589348   60.7507502514   56.4029860534   -1.5915366423 
   0.0000000000     76.000      340.000000   0.422861       1079.5222    0.0000214782    0.0004587370   60.7704535600   56.4238286648   -1.5904559756 
   0.0000000000     77.000      340.000000   0.422681       1079.0272    0.0000214819    0.0004585674   60.7908200580   56.4450771732   -1.5893743284 
   0.0000000000     78.000      340.000000   0.422502       1078.5326    0.0000214861    0.0004584260   60.8118517932   56.4667326480   -1.5882916695 
   0.0000000000     79.000      340.000000   0.422322       1078.0383    0.0000214908    0.0004583131   60.8335508169   56.4887961600   -1.5872079674 
   0.0000000000     80.000      340.000000   0.422143       1077.5444    0.0000214959    0.0004582286   60.8559191847   56.5112687810   -1.5861231905 
   0.0000000000     81.000      340.000000   0.421964       1077.0508    0.0000215015    0.0004581727   60.8789589564   56.5341515839   -1.5850373071 
   0.0000000000     82.000      340.000000   0.421785       1076.5575    0.0000215077    0.0004581455   60.9026721955   56.5574456427   -1.5839502855 
   0.0000000000     83.000      340.000000   0.421606       1076.0644    0.0000215143    0.0004581471   60.9270609702   56.5811520326   -1.5828620938 
   0.0000000000     84.000      340.000000   0.421428       1075.5715    0.0000215214    0.0004581776   60.9521273531   56.6052718297   -1.5817727000 
   0.0000000000     85.000      340.000000   0.421249       1075.0787    0.0000215290    0.0004582370   60.9778734210   56.6298061110   -1.5806820721 
   0.0000000000     86.000      340.000000   0.421071       1074.5862    0.0000215371    0.0004583256   61.0043012551   56.6547559548   -1.5795901778 
   0.0000000000     87.000      340.000000   0.420893       1074.0937    0.0000215458    0.0004584433   61.0314129414   56.6801224401   -1.5784969849 
   0.0000000000     88.000      340.000000   0.420715       1073.6013    0.0000215550    0.0004585903   61.0592105702   56.7059066468   -1.5774024609 
   0.0000000000     89.000      340.000000   0.420537       1073.1090    0.0000215648    0.0004587667   61.0876962362   56.7321096555   -1.5763065734 
   0.0000000000     90.000      340.000000   0.420359       1072.6167    0.0000215751    0.0004589726   61.1168720389   56.7587325476   -1.5752092897 
   0.0000000000     91.000      340.000000   0.420181       1072.1244    0.0000215860    0.0004592081   61.1467400820   56.7857764051   -1.5741105771 
   0.0000000000     92.000      340.000000   0.420004       1071.6321    0.0000215974    0.0004594733   61.1773024735   56.8132423106   -1.5730104029 
   0.0000000000     93.000      340.000000   0.419826       1071.1396    0.0000216094    0.0004597683   61.2085613258   56.8411313469   -1.5719087339 
   0.0000000000     94.000      340.000000   0.419648       1070.6471    0.0000216220    0.0004600933   61.2405187554   56.8694445972   -1.5708055374 
   0.0000000000     95.000      340.000000   0.419471       1070.1544    0.0000216352    0.0004604483   61.2731768831   56.8981831449   -1.5697007799 
   0.0000000000     96.000      340.000000   0.419293       1069.6616    0.0000216491    0.0004608334   61.3065378333   56.9273480731   -1.5685944284 
   0.0000000000     97.000      340.000000   0.419116       1069.1685    0.0000216635    0.0004612487   61.3406037344   56.9569404651   -1.5674864494 
   0.0000000000     98.000      340.000000   0.418938       1068.6753    0.0000216785    0.0004616944   61.3753767180   56.9869614034   -1.5663768095 
   0.0000000000     99.000      340.000000   0.418761       1068.1817    0.0000216942    0.0004621706   61.4108589193   57.0174119703   -1.5652654751 
   0.0000000000    100.000      340.000000   0.418583       1067.6879    0.0000217105    0.0004626774   61.4470524766   57.0482932471   -1.5641524125 
   0.0000000000    101.000      340.000000   0.418405       1067.1937    0.0000217275    0.0004632149   61.4839595307   57.0796063141   -1.5630375878 
   0.0000000000    102.000      340.000000   0.418228       1066.6992    0.0000217451    0.0004637831   61.5215822253   57.1113522504   -1.5619209672 
   0.0000000000    103.000      340.000000   0.418050       1066.2043    0.0000217634    0.0004643823   61.5599227059   57.1435321334   -1.5608025166 
   0.0000000000    104.000      340.000000   0.417872       1065.7089    0.0000217824    0.0004650125   61.5989831200   57.1761470389   -1.5596822019 
   0.0000000000    105.000      340.000000   0.417694       1065.2131    0.0000218020    0.0004656739   61.6387656165   57.2091980405   -1.5585599889 
   0.0000000000    106.000      340.000000   0.417516       1064.7169    0.0000218224    0.0004663665   61.6792723454   57.2426862093   -1.5574358430 
   0.0000000000    107.000      340.000000   0.417338       1064.2200    0.0000218434    0.0004670905   61.7205054570   57.2766126135   -1.5563097300 
   0.0000000000    108.000      340.000000   0.417160       1063.7227    0.0000218652    0.0004678460   61.7624671019   57.3109783185   -1.5551816151 
   0.0000000000    109.000      340.000000   0.416982       1063.2247    0.0000218876    0.0004686331   61.8051594302   57.3457843857   -1.5540514637 
   0.0000000000    110.000      340.000000   0.416803       1062.7261    0.0000219108    0.0004694520   61.8485845910   57.3810318730   -1.5529192409 
   0.0000000000    111.000      340.000000   0.416625       1062.2269    0.0000219348    0.0004703027   61.8927447318   57.4167218335   -1.5517849118 
   0.0000000000    112.000      340.000000   0.416446       1061.7270    0.0000219595    0.0004711854   61.9376419980   57.4528553159   -1.5506484413 
   0.0000000000    113.000      340.000000   0.416267       1061.2264    0.0000219849    0.0004721001   61.9832785319   57.4894333632   -1.5495097943 
   0.0000000000    114.000      340.000000   0.416088       1060.7250    0.0000220111    0.0004730472   62.0296564726   57.5264570129   -1.5483689355 
   0.0000000000    115.000      340.000000   0.415908       1060.2228    0.0000220381    0.0004740265   62.0767779548   57.5639272960   -1.5472258294 
   0.0000000000    116.000      340.000000   0.415729       1059.7198    0.0000220659    0.0004750383   62.1246451082   57.6018452368   -1.5460804405 
   0.0000000000    117.000      340.000000   0.415549       1059.2160    0.0000220944    0.0004760827   62.1732600564   57.6402118519   -1.5449327332 
   0.0000000000    118.000      340.000000   0.415369       1058.7113    0.0000221238    0.0004771598   62.2226249168   57.6790281501   -1.5437826717 
   0.0000000000    119.000      340.000000   0.415189       1058.2056    0.0000221540    0.0004782698   62.2727417988   57.7182951315   -1.5426302202 
   0.0000000000    120.000      340.000000   0.415008       1057.6990    0.0000221850    0.0004794127   62.3236128034   57.7580137866   -1.5414753427 
   0.0000000000    121.000      340.000000   0.414828       1057.1915    0.0000222168    0.0004805887   62.3752400223   57.7981850964   -1.5403180029 
   0.0000000000    122.000      340.000000   0.414647       1056.6829    0.0000222495    0.0004817980   62.4276255366   57.8388100308   -1.5391581648 
   0.0000000000    123.000      340.000000   0.414465       1056.1732    0.0000222830    0.0004830405   62.4807714158   57.8798895484   -1.5379957919 
   0.0000000000    124.000      340.000000   0.414284       1055.6625    0.0000223174    0.0004843166   62.5346797168   57.9214245956   -1.5368308478 
   0.0000000000    125.000      340.000000   0.414102       1055.1507    0.0000223527    0.0004856262   62.5893524826   57.9634161057   -1.5356632959 
   0.0000000000    126.000      340.000000   0.413920       1054.6377    0.0000223888    0.0004869696   62.6447917416   58.0058649983   -1.5344930995 
