  #sigma_s    Temp(C) Press(Mpa) p_meanfield density (kg/m^3)      kappa      alpha Cp(J/molK) Cv(J/molK)  mu(J/mol)
   0.0000000000   -173.000      -20.000000   0.128971        919.3435    0.0000269623    0.0005208562   56.7915099949   55.2679728041   -2.2337323185 
   0.0000000000   -172.000      -20.000000   0.128824        918.8695    0.0000267350    0.0005107780   56.7266410903   55.2298222908   -2.2329120697 
   0.0000000000   -171.000      -20.000000   0.128680        918.4048    0.0000265105    0.0005009698   56.6640804543   55.1933278202   -2.2320938809 
   0.0000000000   -170.000      -20.000000   0.128539        917.9492    0.0000262886    0.0004914231   56.6037185382   55.1583992526   -2.2312776946 
   0.0000000000   -169.000      -20.000000   0.128401        917.5025    0.0000260695    0.0004821292   56.5454523540   55.1249523824   -2.2304634551 
   0.0000000000   -168.000      -20.000000   0.128266        917.0644    0.0000258531    0.0004730802   56.4891850174   55.0929085018   -2.2296511085 
   0.0000000000   -167.000      -20.000000   0.128133        916.6347    0.0000256394    0.0004642682   56.4348253297   55.0621940044   -2.2288406028 
   0.0000000000   -166.000      -20.000000   0.128003        916.2132    0.0000254283    0.0004556857   56.3822873958   55.0327400248   -2.2280318878 
   0.0000000000   -165.000      -20.000000   0.127876        915.7997    0.0000252200    0.0004473252   56.3314902765   55.0044821111   -2.2272249149 
   0.0000000000   -164.000      -20.000000   0.127751        915.3939    0.0000250142    0.0004391799   56.2823576705   54.9773599286   -2.2264196370 
   0.0000000000   -163.000      -20.000000   0.127628        914.9956    0.0000248111    0.0004312428   56.2348176252   54.9513169913   -2.2256160088 
   0.0000000000   -162.000      -20.000000   0.127507        914.6046    0.0000246106    0.0004235073   56.1888022740   54.9263004200   -2.2248139861 
   0.0000000000   -161.000      -20.000000   0.127389        914.2208    0.0000244126    0.0004159671   56.1442475981   54.9022607247   -2.2240135265 
   0.0000000000   -160.000      -20.000000   0.127273        913.8440    0.0000242173    0.0004086159   56.1010932108   54.8791516104   -2.2232145886 
   0.0000000000   -159.000      -20.000000   0.127159        913.4739    0.0000240244    0.0004014480   56.0592821643   54.8569298050   -2.2224171325 
   0.0000000000   -158.000      -20.000000   0.127048        913.1105    0.0000238341    0.0003944574   56.0187607762   54.8355549065   -2.2216211195 
   0.0000000000   -157.000      -20.000000   0.126938        912.7535    0.0000236462    0.0003876385   55.9794784766   54.8149892523   -2.2208265119 
   0.0000000000   -156.000      -20.000000   0.126830        912.4028    0.0000234608    0.0003809861   55.9413876727   54.7951978055   -2.2200332733 
   0.0000000000   -155.000      -20.000000   0.126724        912.0583    0.0000232778    0.0003744947   55.9044436332   54.7761480620   -2.2192413681 
   0.0000000000   -154.000      -20.000000   0.126620        911.7197    0.0000230972    0.0003681594   55.8686043889   54.7578099736   -2.2184507620 
   0.0000000000   -153.000      -20.000000   0.126518        911.3869    0.0000229189    0.0003619752   55.8338306518   54.7401558910   -2.2176614214 
   0.0000000000   -152.000      -20.000000   0.126418        911.0598    0.0000227430    0.0003559372   55.8000857506   54.7231605241   -2.2168733134 
   0.0000000000   -151.000      -20.000000   0.126319        910.7383    0.0000225695    0.0003500409   55.7673355838   54.7068009195   -2.2160864063 
   0.0000000000   -150.000      -20.000000   0.126222        910.4222    0.0000223982    0.0003442815   55.7355485896   54.6910564571   -2.2153006686 
   0.0000000000   -149.000      -20.000000   0.126127        910.1114    0.0000222292    0.0003386547   55.7046957332   54.6759088646   -2.2145160698 
   0.0000000000   -148.000      -20.000000   0.126033        909.8057    0.0000220624    0.0003331561   55.6747505106   54.6613422503   -2.2137325798 
   0.0000000000   -147.000      -20.000000   0.125941        909.5051    0.0000218979    0.0003277814   55.6456889718   54.6473431551   -2.2129501690 
   0.0000000000   -146.000      -20.000000   0.125851        909.2095    0.0000217356    0.0003225263   55.6174897605   54.6339006247   -2.2121688082 
   0.0000000000   -145.000      -20.000000   0.125762        908.9186    0.0000215754    0.0003173868   55.5901341729   54.6210063010   -2.2113884685 
   0.0000000000   -144.000      -20.000000   0.125674        908.6325    0.0000214174    0.0003123587   55.5636062358   54.6086545349   -2.2106091211 
   0.0000000000   -143.000      -20.000000   0.125588        908.3509    0.0000212616    0.0003074379   55.5378928044   54.5968425205   -2.2098307374 
   0.0000000000   -142.000      -20.000000   0.125503        908.0739    0.0000211079    0.0003026204   55.5129836799   54.5855704525   -2.2090532886 
   0.0000000000   -141.000      -20.000000   0.125420        907.8013    0.0000209563    0.0002979022   55.4888717495   54.5748417056   -2.2082767460 
   0.0000000000   -140.000      -20.000000   0.125338        907.5330    0.0000208069    0.0002932792   55.4655531467   54.5646630396   -2.2075010804 
   0.0000000000   -139.000      -20.000000   0.125257        907.2689    0.0000206596    0.0002887472   55.4430274362   54.5550448291   -2.2067262622 
   0.0000000000   -138.000      -20.000000   0.125178        907.0090    0.0000205144    0.0002843023   55.4212978213   54.5460013197   -2.2059522612 
   0.0000000000   -137.000      -20.000000   0.125100        906.7532    0.0000203713    0.0002799402   55.4003713763   54.5375509122   -2.2051790465 
   0.0000000000   -136.000      -20.000000   0.125023        906.5013    0.0000202303    0.0002756566   55.3802593054   54.5297164745   -2.2044065861 
   0.0000000000   -135.000      -20.000000   0.124947        906.2534    0.0000200915    0.0002714473   55.3609772273   54.5225256848   -2.2036348470 
   0.0000000000   -134.000      -20.000000   0.124873        906.0093    0.0000199548    0.0002673078   55.3425454882   54.5160114047   -2.2028637946 
   0.0000000000   -133.000      -20.000000   0.124800        905.7690    0.0000198203    0.0002632335   55.3249895036   54.5102120847   -2.2020933929 
   0.0000000000   -132.000      -20.000000   0.124727        905.5324    0.0000196879    0.0002592197   55.3083401303   54.5051722042   -2.2013236039 
   0.0000000000   -131.000      -20.000000   0.124656        905.2995    0.0000195579    0.0002552615   55.2926340696   54.5009427456   -2.2005543873 
   0.0000000000   -130.000      -20.000000   0.124586        905.0703    0.0000194300    0.0002513537   55.2779143023   54.4975817042   -2.1997857005 
   0.0000000000   -129.000      -20.000000   0.124518        904.8445    0.0000193045    0.0002474910   55.2642305577   54.4951546361   -2.1990174981 
   0.0000000000   -128.000      -20.000000   0.124450        904.6224    0.0000191814    0.0002436679   55.2516398171   54.4937352444   -2.1982497314 
   0.0000000000   -127.000      -20.000000   0.124383        904.4037    0.0000190608    0.0002398784   55.2402068521   54.4934060046   -2.1974823481 
   0.0000000000   -126.000      -20.000000   0.124318        904.1885    0.0000189426    0.0002361163   55.2300048011   54.4942588314   -2.1967152920 
   0.0000000000   -125.000      -20.000000   0.124253        903.9767    0.0000188270    0.0002323752   55.2211157823   54.4963957874   -2.1959485024 
   0.0000000000   -124.000      -20.000000   0.124190        903.7683    0.0000187142    0.0002286482   55.2136315452   54.4999298337   -2.1951819138 
   0.0000000000   -123.000      -20.000000   0.124128        903.5634    0.0000186041    0.0002249280   55.2076541630   54.5049856259   -2.1944154550 
   0.0000000000   -122.000      -20.000000   0.124066        903.3619    0.0000184970    0.0002212068   55.2032967642   54.5117003527   -2.1936490489 
   0.0000000000   -121.000      -20.000000   0.124006        903.1637    0.0000183929    0.0002174765   55.2006843056   54.5202246214   -2.1928826118 
   0.0000000000   -120.000      -20.000000   0.123947        902.9690    0.0000182920    0.0002137283   55.1999543871   54.5307233879   -2.1921160525 
   0.0000000000   -119.000      -20.000000   0.123889        902.7778    0.0000181944    0.0002099529   55.2012581083   54.5433769327   -2.1913492719 
   0.0000000000   -118.000      -20.000000   0.123832        902.5900    0.0000181004    0.0002061406   55.2047609676   54.5583818831   -2.1905821622 
   0.0000000000   -117.000      -20.000000   0.123776        902.4057    0.0000180102    0.0002022809   55.2106438044   54.5759522821   -2.1898146059 
   0.0000000000   -116.000      -20.000000   0.123721        902.2249    0.0000179239    0.0001983625   55.2191037811   54.5963206992   -2.1890464753 
   0.0000000000   -115.000      -20.000000   0.123667        902.0477    0.0000178418    0.0001943735   55.2303554103   54.6197393902   -2.1882776310 
   0.0000000000   -114.000      -20.000000   0.123614        901.8742    0.0000177641    0.0001903014   55.2446316196   54.6464814953   -2.1875079214 
   0.0000000000   -113.000      -20.000000   0.123563        901.7045    0.0000176911    0.0001861327   55.2621848585   54.6768422826   -2.1867371818 
   0.0000000000   -112.000      -20.000000   0.123512        901.5386    0.0000176232    0.0001818529   55.2832882414   54.7111404265   -2.1859652327 
   0.0000000000   -111.000      -20.000000   0.123463        901.3766    0.0000175607    0.0001774468   55.3082367290   54.7497193259   -2.1851918790 
   0.0000000000   -110.000      -20.000000   0.123415        901.2188    0.0000175038    0.0001728983   55.3373483400   54.7929484513   -2.1844169088 
   0.0000000000   -109.000      -20.000000   0.123369        901.0651    0.0000174531    0.0001681899   55.3709653962   54.8412247225   -2.1836400920 
   0.0000000000   -108.000      -20.000000   0.123323        900.9157    0.0000174088    0.0001633034   55.4094557897   54.8949739065   -2.1828611788 
   0.0000000000   -107.000      -20.000000   0.123279        900.7709    0.0000173716    0.0001582192   55.4532142745   54.9546520333   -2.1820798984 
   0.0000000000   -106.000      -20.000000   0.123237        900.6307    0.0000173418    0.0001529167   55.5026637707   55.0207468186   -2.1812959572 
   0.0000000000   -105.000      -20.000000   0.123196        900.4955    0.0000173199    0.0001473738   55.5582566788   55.0937790873   -2.1805090377 
   0.0000000000   -104.000      -20.000000   0.123156        900.3654    0.0000173066    0.0001415672   55.6204761909   55.1743041840   -2.1797187959 
   0.0000000000   -103.000      -20.000000   0.123119        900.2407    0.0000173024    0.0001354722   55.6898375956   55.2629133633   -2.1789248606 
   0.0000000000   -102.000      -20.000000   0.123082        900.1216    0.0000173079    0.0001290627   55.7668895586   55.3602351395   -2.1781268304 
   0.0000000000   -101.000      -20.000000   0.123048        900.0084    0.0000173239    0.0001223111   55.8522153716   55.4669365849   -2.1773242726 
   0.0000000000   -100.000      -20.000000   0.123016        899.9015    0.0000173511    0.0001151880   55.9464341503   55.5837245553   -2.1765167207 
   0.0000000000    -99.000      -20.000000   0.122985        899.8012    0.0000173902    0.0001076626   56.0502019679   55.7113468229   -2.1757036722 
   0.0000000000    -98.000      -20.000000   0.122957        899.7079    0.0000174421    0.0000997023   56.1642129005   55.8505930899   -2.1748845868 
   0.0000000000    -97.000      -20.000000   0.122931        899.6219    0.0000175077    0.0000912726   56.2891999654   56.0022958580   -2.1740588836 
   0.0000000000    -96.000      -20.000000   0.122907        899.5438    0.0000175878    0.0000823376   56.4259359259   56.1673311231   -2.1732259387 
   0.0000000000    -95.000      -20.000000   0.122886        899.4740    0.0000176836    0.0000728589   56.5752339317   56.3466188563   -2.1723850834 
   0.0000000000    -94.000      -20.000000   0.122868        899.4129    0.0000177960    0.0000627968   56.7379479651   56.5411232364   -2.1715356008 
   0.0000000000    -93.000      -20.000000   0.122852        899.3612    0.0000179261    0.0000521090   56.9149730542   56.7518525865   -2.1706767236 
   0.0000000000    -92.000      -20.000000   0.122839        899.3194    0.0000180753    0.0000407517   57.1072452148   56.9798589691   -2.1698076314 
   0.0000000000    -91.000      -20.000000   0.122830        899.2881    0.0000182446    0.0000286787   57.3157410703   57.2262373795   -2.1689274482 
   0.0000000000    -90.000      -20.000000   0.122824        899.2680    0.0000184355    0.0000158419   57.5414771052   57.4921244848   -2.1680352390 
   0.0000000000    -89.000      -20.000000   0.122821        899.2598    0.0000186493    0.0000021909   57.7855084900   57.7786968346   -2.1671300079 
   0.0000000000    -88.000      -20.000000   0.122823        899.2643    0.0000188875   -0.0000123268   58.0489274170   58.0871684736   -2.1662106946 
   0.0000000000    -87.000      -20.000000   0.122828        899.2823    0.0000191517   -0.0000277655   58.3328608797   58.4187878766   -2.1652761721 
   0.0000000000    -86.000      -20.000000   0.122838        899.3145    0.0000194435   -0.0000441821   58.6384678180   58.7748341159   -2.1643252438 
   0.0000000000    -85.000      -20.000000   0.122852        899.3620    0.0000197646   -0.0000616351   58.9669355501   59.1566121709   -2.1633566409 
   0.0000000000    -84.000      -20.000000   0.122872        899.4257    0.0000201167   -0.0000801852   59.3194753994   59.5654472739   -2.1623690200 
   0.0000000000    -83.000      -20.000000   0.122896        899.5066    0.0000205019   -0.0000998951   59.6973174226   60.0026781873   -2.1613609606 
   0.0000000000    -82.000      -20.000000   0.122926        899.6058    0.0000209219   -0.0001208290   60.1017041358   60.4696492948   -2.1603309631 
   0.0000000000    -81.000      -20.000000   0.122962        899.7244    0.0000213789   -0.0001430528   60.5338831295   60.9677013882   -2.1592774467 
   0.0000000000    -80.000      -20.000000   0.123004        899.8636    0.0000218749   -0.0001666340   60.9950984591   61.4981610232   -2.1581987479 
   0.0000000000    -79.000      -20.000000   0.123053        900.0247    0.0000224122   -0.0001916410   61.4865806883   62.0623283135   -2.1570931194 
   0.0000000000    -78.000      -20.000000   0.123109        900.2090    0.0000229931   -0.0002181432   62.0095354670   62.6614630393   -2.1559587289 
   0.0000000000    -77.000      -20.000000   0.123172        900.4179    0.0000236198   -0.0002462104   62.5651305114   63.2967689319   -2.1547936594 
   0.0000000000    -76.000      -20.000000   0.123243        900.6529    0.0000242949   -0.0002759124   63.1544808712   63.9693760227   -2.1535959093 
   0.0000000000    -75.000      -20.000000   0.123323        900.9154    0.0000250207   -0.0003073187   63.7786323521   64.6803209280   -2.1523633935 
   0.0000000000    -74.000      -20.000000   0.123412        901.2071    0.0000257998   -0.0003404975   64.4385429888   65.4305249813   -2.1510939458 
   0.0000000000    -73.000      -20.000000   0.123509        901.5296    0.0000266348   -0.0003755153   65.1350624598   66.2207701218   -2.1497853215 
   0.0000000000    -72.000      -20.000000   0.123617        901.8847    0.0000275282   -0.0004124357   65.8689093635   67.0516724939   -2.1484352018 
   0.0000000000    -71.000      -20.000000   0.123736        902.2742    0.0000284826   -0.0004513190   66.6406462957   67.9236537397   -2.1470411997 
   0.0000000000    -70.000      -20.000000   0.123865        902.6998    0.0000295005   -0.0004922203   67.4506526977   68.8369100130   -2.1456008664 
   0.0000000000    -69.000      -20.000000   0.124006        903.1634    0.0000305846   -0.0005351889   68.2990954995   69.7913788157   -2.1441117005 
   0.0000000000    -68.000      -20.000000   0.124159        903.6671    0.0000317372   -0.0005802666   69.1858976196   70.7867038130   -2.1425711586 
   0.0000000000    -67.000      -20.000000   0.124325        904.2128    0.0000329608   -0.0006274856   70.1107044685   71.8221978936   -2.1409766683 
   0.0000000000    -66.000      -20.000000   0.124505        904.8026    0.0000342576   -0.0006768729   71.0729364867   72.8969095804   -2.1393251296 
   0.0000000000    -65.000      -20.000000   0.124699        905.4384    0.0000356293   -0.0007284269   72.0714221148   74.0091896907   -2.1376148811 
   0.0000000000    -64.000      -20.000000   0.124907        906.1224    0.0000370779   -0.0007821445   73.1048290590   75.1572115048   -2.1358429330 
   0.0000000000    -63.000      -20.000000   0.125131        906.8565    0.0000386048   -0.0008380000   74.1713288235   76.3385769924   -2.1340067700 
   0.0000000000    -62.000      -20.000000   0.125372        907.6429    0.0000402108   -0.0008959470   75.2686297840   77.5503640364   -2.1321039511 
   0.0000000000    -61.000      -20.000000   0.125629        908.4835    0.0000418967   -0.0009559145   76.3939405484   78.7890916983   -2.1301321395 
   0.0000000000    -60.000      -20.000000   0.125903        909.3804    0.0000436624   -0.0010178046   77.5439356506   80.0506895926   -2.1280891372 
   0.0000000000    -59.000      -20.000000   0.126196        910.3352    0.0000455072   -0.0010814883   78.7147249138   81.3304729790   -2.1259729220 
   0.0000000000    -58.000      -20.000000   0.126507        911.3499    0.0000474296   -0.0011468021   79.9018280387   82.6231254103   -2.1237816886 
   0.0000000000    -57.000      -20.000000   0.126837        912.4259    0.0000494271   -0.0012135449   81.1001562035   83.9226909574   -2.1215138939 
   0.0000000000    -56.000      -20.000000   0.127187        913.5648    0.0000514965   -0.0012814736   82.3040026804   85.2225781949   -2.1191683043 
   0.0000000000    -55.000      -20.000000   0.127557        914.7676    0.0000536332   -0.0013503007   83.5070446670   86.5155782222   -2.1167440468 
   0.0000000000    -54.000      -20.000000   0.127949        916.0357    0.0000558319   -0.0014197064   84.7025448643   87.7941165216   -2.1142396604 
   0.0000000000    -53.000      -20.000000   0.128360        917.3690    0.0000580843   -0.0014892783   85.8826785181   89.0494823156   -2.1116569046 
   0.0000000000    -52.000      -20.000000   0.128793        918.7681    0.0000603821   -0.0015585924   87.0395844741   90.2730735074   -2.1089954987 
   0.0000000000    -51.000      -20.000000   0.129246        920.2328    0.0000627150   -0.0016271615   88.1648001422   91.4557482206   -2.1062565323 
   0.0000000000    -50.000      -20.000000   0.129720        921.7625    0.0000650710   -0.0016944485   89.2495051011   92.5881197435   -2.1034417144 
   0.0000000000    -49.000      -20.000000   0.130215        923.3560    0.0000674362   -0.0017598699   90.2846366678   93.6606966469   -2.1005534164 
   0.0000000000    -48.000      -20.000000   0.130731        925.0117    0.0000697955   -0.0018228021   91.2610290967   94.6640441939   -2.0975947063 
   0.0000000000    -47.000      -20.000000   0.131265        926.7272    0.0000721317   -0.0018825888   92.1695755014   95.5889644292   -2.0945693727 
   0.0000000000    -46.000      -20.000000   0.131820        928.5003    0.0000744274   -0.0019385700   93.0015529351   96.4268546798   -2.0914806993 
   0.0000000000    -45.000      -20.000000   0.132391        930.3263    0.0000766616   -0.0019900270   93.7482597736   97.1692669044   -2.0883361361 
   0.0000000000    -44.000      -20.000000   0.132979        932.2015    0.0000788148   -0.0020362970   94.4020465726   97.8090559826   -2.0851406211 
   0.0000000000    -43.000      -20.000000   0.133582        934.1210    0.0000808663   -0.0020767286   94.9559956467   98.3399664431   -2.0819007575 
   0.0000000000    -42.000      -20.000000   0.134199        936.0793    0.0000827954   -0.0021107164   95.4042564337   98.7569632013   -2.0786237429 
   0.0000000000    -41.000      -20.000000   0.134827        938.0704    0.0000845823   -0.0021377214   95.7422348144   99.0563877788   -2.0753172840 
   0.0000000000    -40.000      -20.000000   0.135465        940.0876    0.0000862084   -0.0021572913   95.9667547899   99.2360792438   -2.0719894914 
   0.0000000000    -39.000      -20.000000   0.136110        942.1240    0.0000876569   -0.0021690786   96.0761818588   99.2954518489   -2.0686487588 
   0.0000000000    -38.000      -20.000000   0.136760        944.1721    0.0000889135   -0.0021728554   96.0704988849   99.2355233858   -2.0653036273 
   0.0000000000    -37.000      -20.000000   0.137413        946.2244    0.0000899666   -0.0021685247   95.9513275605   99.0588910529   -2.0619626431 
   0.0000000000    -36.000      -20.000000   0.138068        948.2740    0.0000908090   -0.0021561331   95.7218097874   98.7695765327   -2.0586327078 
   0.0000000000    -35.000      -20.000000   0.138719        950.3118    0.0000914348   -0.0021358416   95.3868060174   98.3731772308   -2.0553248247 
   0.0000000000    -34.000      -20.000000   0.139366        952.3310    0.0000918437   -0.0021079653   94.9523607603   97.8763359493   -2.0520453427 
   0.0000000000    -33.000      -20.000000   0.140006        954.3244    0.0000920386   -0.0020729307   94.4257369861   97.2867495698   -2.0488014451 
   0.0000000000    -32.000      -20.000000   0.140637        956.2853    0.0000920259   -0.0020312677   93.8151398828   96.6129005099   -2.0455996866 
   0.0000000000    -31.000      -20.000000   0.141256        958.2074    0.0000918150   -0.0019835901   93.1294698338   95.8638232731   -2.0424459179 
   0.0000000000    -30.000      -20.000000   0.141863        960.0849    0.0000914179   -0.0019305734   92.3780685401   95.0488722798   -2.0393452353 
   0.0000000000    -29.000      -20.000000   0.142454        961.9128    0.0000908490   -0.0018729326   91.5704715432   94.1775013514   -2.0363019544 
   0.0000000000    -28.000      -20.000000   0.143029        963.6868    0.0000901240   -0.0018113997   90.7161785763   93.2590633562   -2.0333196058 
   0.0000000000    -27.000      -20.000000   0.143587        965.4030    0.0000892598   -0.0017467038   89.8244506599   92.3026362095   -2.0304009528 
   0.0000000000    -26.000      -20.000000   0.144125        967.0585    0.0000882739   -0.0016795534   88.9041399610   91.3168790104   -2.0275480255 
   0.0000000000    -25.000      -20.000000   0.144644        968.6508    0.0000871837   -0.0016106213   87.9635554188   90.3099197669   -2.0247621688 
   0.0000000000    -24.000      -20.000000   0.145143        970.1783    0.0000860064   -0.0015405340   87.0103645051   89.2892741883   -2.0220441003 
   0.0000000000    -23.000      -20.000000   0.145621        971.6397    0.0000847581   -0.0014698634   86.0515292649   88.2617934504   -2.0193939751 
   0.0000000000    -22.000      -20.000000   0.146077        973.0346    0.0000834544   -0.0013991220   85.0932731873   87.2336377368   -2.0168114525 
   0.0000000000    -21.000      -20.000000   0.146513        974.3626    0.0000821095   -0.0013287610   84.1410744694   86.2102717390   -2.0142957648 
   0.0000000000    -20.000      -20.000000   0.146927        975.6241    0.0000807363   -0.0012591704   83.1996807601   85.1964780286   -2.0118457824 
   0.0000000000    -19.000      -20.000000   0.147320        976.8199    0.0000793465   -0.0011906809   82.2731404729   84.1963842947   -2.0094600769 
   0.0000000000    -18.000      -20.000000   0.147692        977.9507    0.0000779504   -0.0011235672   81.3648460775   83.2135007121   -2.0071369786 
   0.0000000000    -17.000      -20.000000   0.148043        979.0173    0.0000765572   -0.0010580642   80.4778351948   82.2510210090   -2.0048757694 
   0.0000000000    -16.000      -20.000000   0.148375        980.0224    0.0000751744   -0.0009943232   79.6138258693   81.3108227124   -2.0026720796 
   0.0000000000    -15.000      -20.000000   0.148687        980.9669    0.0000738086   -0.0009324908   78.7748359422   80.3951205533   -2.0005250405 
   0.0000000000    -14.000      -20.000000   0.148979        981.8525    0.0000724656   -0.0008726639   77.9621771191   79.5054264007   -1.9984324845 
   0.0000000000    -13.000      -20.000000   0.149254        982.6812    0.0000711498   -0.0008149073   77.1767804699   78.6428754402   -1.9963922080 
   0.0000000000    -12.000      -20.000000   0.149510        983.4548    0.0000698648   -0.0007592579   76.4192478673   77.8082723678   -1.9944019961 
   0.0000000000    -11.000      -20.000000   0.149748        984.1753    0.0000686137   -0.0007057294   75.6898995393   77.0021345831   -1.9924596439 
   0.0000000000    -10.000      -20.000000   0.149970        984.8447    0.0000673987   -0.0006543161   74.9888173533   76.2247319993   -1.9905629730 
   0.0000000000     -9.000      -20.000000   0.150176        985.4648    0.0000662214   -0.0006049960   74.3158837169   75.4761232958   -1.9887098452 
   0.0000000000     -8.000      -20.000000   0.150366        986.0378    0.0000650830   -0.0005577342   73.6708161452   74.7561885890   -1.9868981727 
   0.0000000000     -7.000      -20.000000   0.150542        986.5654    0.0000639841   -0.0005124851   73.0531976754   74.0646586059   -1.9851259263 
   0.0000000000     -6.000      -20.000000   0.150703        987.0496    0.0000629250   -0.0004691953   72.4625033977   73.4011405318   -1.9833911410 
   0.0000000000     -5.000      -20.000000   0.150850        987.4923    0.0000619059   -0.0004278051   71.8981234044   72.7651407395   -1.9816919201 
   0.0000000000     -4.000      -20.000000   0.150984        987.8951    0.0000609264   -0.0003882504   71.3593824968   72.1560846489   -1.9800264378 
   0.0000000000     -3.000      -20.000000   0.151105        988.2599    0.0000599862   -0.0003504639   70.8455569833   71.5733339676   -1.9783929405 
   0.0000000000     -2.000      -20.000000   0.151214        988.5884    0.0000590845   -0.0003143764   70.3558888979   71.0162015702   -1.9767897469 
   0.0000000000     -1.000      -20.000000   0.151312        988.8821    0.0000582207   -0.0002799178   69.8895979466   70.4839642653   -1.9752152481 
   0.0000000000      0.000      -20.000000   0.151399        989.1425    0.0000573939   -0.0002470177   69.4458914748   69.9758736856   -1.9736679059 
   0.0000000000      1.000      -20.000000   0.151475        989.3712    0.0000566031   -0.0002156063   69.0239727114   69.4911655205   -1.9721462516 
   0.0000000000      2.000      -20.000000   0.151541        989.5696    0.0000558474   -0.0001856147   68.6230475333   69.0290672954   -1.9706488843 
   0.0000000000      3.000      -20.000000   0.151598        989.7390    0.0000551257   -0.0001569753   68.2423299538   68.5888048786   -1.9691744683 
   0.0000000000      4.000      -20.000000   0.151645        989.8807    0.0000544369   -0.0001296223   67.8810465290   68.1696078850   -1.9677217311 
   0.0000000000      5.000      -20.000000   0.151683        989.9960    0.0000537800   -0.0001034917   67.5384398384   67.7707141211   -1.9662894605 
   0.0000000000      6.000      -20.000000   0.151714        990.0860    0.0000531538   -0.0000785216   67.2137711880   67.3913732050   -1.9648765026 
   0.0000000000      7.000      -20.000000   0.151735        990.1519    0.0000525574   -0.0000546523   66.9063226558   67.0308494769   -1.9634817590 
   0.0000000000      8.000      -20.000000   0.151750        990.1946    0.0000519895   -0.0000318263   66.6153985882   66.6884243017   -1.9621041842 
   0.0000000000      9.000      -20.000000   0.151757        990.2152    0.0000514493   -0.0000099885   66.3403266388   66.3633978538   -1.9607427829 
   0.0000000000     10.000      -20.000000   0.151756        990.2143    0.0000509358    0.0000109104   66.0805415724   66.0551821021   -1.9593973361 
   0.0000000000     11.000      -20.000000   0.151749        990.1935    0.0000504477    0.0000309285   65.8352469515   65.7629287075   -1.9580654537 
   0.0000000000     12.000      -20.000000   0.151736        990.1533    0.0000499843    0.0000501101   65.6039329171   65.4860996702   -1.9567470399 
   0.0000000000     13.000      -20.000000   0.151716        990.0946    0.0000495445    0.0000685014   65.3860240305   65.2240803413   -1.9554412769 
   0.0000000000     14.000      -20.000000   0.151690        990.0180    0.0000491276    0.0000861463   65.1809688637   64.9762784316   -1.9541473856 
   0.0000000000     15.000      -20.000000   0.151659        989.9242    0.0000487325    0.0001030868   64.9882395824   64.7421240032   -1.9528646236 
   0.0000000000     16.000      -20.000000   0.151623        989.8141    0.0000483586    0.0001193627   64.8073314271   64.5210693139   -1.9515922833 
   0.0000000000     17.000      -20.000000   0.151581        989.6882    0.0000480049    0.0001350119   64.6377621138   64.3125885371   -1.9503296898 
   0.0000000000     18.000      -20.000000   0.151534        989.5471    0.0000476708    0.0001500705   64.4790711768   64.1161773863   -1.9490761992 
   0.0000000000     19.000      -20.000000   0.151482        989.3914    0.0000473555    0.0001645727   64.3308192681   63.9313526594   -1.9478311972 
   0.0000000000     20.000      -20.000000   0.151425        989.2216    0.0000470582    0.0001785511   64.1925874278   63.7576517220   -1.9465940971 
   0.0000000000     21.000      -20.000000   0.151364        989.0383    0.0000467785    0.0001920367   64.0639763390   63.5946319457   -1.9453643381 
   0.0000000000     22.000      -20.000000   0.151299        988.8419    0.0000465155    0.0002050589   63.9446055720   63.4418701097   -1.9441413846 
   0.0000000000     23.000      -20.000000   0.151229        988.6329    0.0000462687    0.0002176455   63.8341128312   63.2989617798   -1.9429247240 
   0.0000000000     24.000      -20.000000   0.151156        988.4117    0.0000460375    0.0002298230   63.7321532047   63.1655206711   -1.9417138660 
   0.0000000000     25.000      -20.000000   0.151078        988.1787    0.0000458214    0.0002416166   63.6383984263   63.0411780021   -1.9405083409 
   0.0000000000     26.000      -20.000000   0.150997        987.9343    0.0000456199    0.0002530502   63.5525361510   62.9255818466   -1.9393076989 
   0.0000000000     27.000      -20.000000   0.150912        987.6788    0.0000454325    0.0002641465   63.4742692480   62.8183964878   -1.9381115087 
   0.0000000000     28.000      -20.000000   0.150823        987.4126    0.0000452587    0.0002749270   63.4033151128   62.7193017786   -1.9369193564 
   0.0000000000     29.000      -20.000000   0.150731        987.1360    0.0000450981    0.0002854122   63.3394050006   62.6279925117   -1.9357308449 
   0.0000000000     30.000      -20.000000   0.150636        986.8492    0.0000449502    0.0002956215   63.2822833827   62.5441778016   -1.9345455927 
   0.0000000000     31.000      -20.000000   0.150537        986.5526    0.0000448147    0.0003055734   63.2317073245   62.4675804811   -1.9333632329 
   0.0000000000     32.000      -20.000000   0.150436        986.2464    0.0000446912    0.0003152854   63.1874458873   62.3979365130   -1.9321834128 
   0.0000000000     33.000      -20.000000   0.150331        985.9308    0.0000445794    0.0003247742   63.1492795549   62.3349944198   -1.9310057927 
   0.0000000000     34.000      -20.000000   0.150223        985.6060    0.0000444789    0.0003340557   63.1169996817   62.2785147298   -1.9298300455 
   0.0000000000     35.000      -20.000000   0.150112        985.2723    0.0000443894    0.0003431450   63.0904079657   62.2282694425   -1.9286558558 
   0.0000000000     36.000      -20.000000   0.149999        984.9299    0.0000443106    0.0003520565   63.0693159423   62.1840415129   -1.9274829193 
   0.0000000000     37.000      -20.000000   0.149882        984.5789    0.0000442422    0.0003608037   63.0535445027   62.1456243535   -1.9263109422 
   0.0000000000     38.000      -20.000000   0.149763        984.2195    0.0000441841    0.0003693997   63.0429234320   62.1128213561   -1.9251396406 
   0.0000000000     39.000      -20.000000   0.149641        983.8518    0.0000441359    0.0003778569   63.0372909693   62.0854454324   -1.9239687400 
   0.0000000000     40.000      -20.000000   0.149517        983.4760    0.0000440974    0.0003861870   63.0364933880   62.0633185721   -1.9227979746 
   0.0000000000     41.000      -20.000000   0.149390        983.0922    0.0000440684    0.0003944014   63.0403845952   62.0462714198   -1.9216270873 
   0.0000000000     42.000      -20.000000   0.149260        982.7006    0.0000440487    0.0004025108   63.0488257503   62.0341428698   -1.9204558284 
   0.0000000000     43.000      -20.000000   0.149128        982.3012    0.0000440382    0.0004105253   63.0616849019   62.0267796772   -1.9192839561 
   0.0000000000     44.000      -20.000000   0.148993        981.8941    0.0000440366    0.0004184547   63.0788366414   62.0240360868   -1.9181112353 
   0.0000000000     45.000      -20.000000   0.148856        981.4794    0.0000440438    0.0004263084   63.1001617733   62.0257734775   -1.9169374377 
   0.0000000000     46.000      -20.000000   0.148717        981.0573    0.0000440597    0.0004340953   63.1255470017   62.0318600223   -1.9157623411 
   0.0000000000     47.000      -20.000000   0.148575        980.6277    0.0000440840    0.0004418238   63.1548846314   62.0421703645   -1.9145857295 
   0.0000000000     48.000      -20.000000   0.148431        980.1908    0.0000441168    0.0004495021   63.1880722836   62.0565853067   -1.9134073923 
   0.0000000000     49.000      -20.000000   0.148284        979.7465    0.0000441577    0.0004571380   63.2250126249   62.0749915152   -1.9122271240 
   0.0000000000     50.000      -20.000000   0.148135        979.2950    0.0000442069    0.0004647389   63.2656131099   62.0972812368   -1.9110447242 
   0.0000000000     51.000      -20.000000   0.147984        978.8363    0.0000442641    0.0004723119   63.3097857355   62.1233520296   -1.9098599974 
   0.0000000000     52.000      -20.000000   0.147830        978.3704    0.0000443293    0.0004798640   63.3574468075   62.1531065043   -1.9086727521 
   0.0000000000     53.000      -20.000000   0.147675        977.8973    0.0000444023    0.0004874015   63.4085167175   62.1864520791   -1.9074828012 
   0.0000000000     54.000      -20.000000   0.147517        977.4171    0.0000444832    0.0004949309   63.4629197310   62.2233007444   -1.9062899614 
   0.0000000000     55.000      -20.000000   0.147356        976.9298    0.0000445718    0.0005024582   63.5205837858   62.2635688389   -1.9050940532 
   0.0000000000     56.000      -20.000000   0.147194        976.4354    0.0000446682    0.0005099891   63.5814402983   62.3071768354   -1.9038949003 
   0.0000000000     57.000      -20.000000   0.147029        975.9339    0.0000447721    0.0005175293   63.6454239803   62.3540491368   -1.9026923300 
   0.0000000000     58.000      -20.000000   0.146862        975.4252    0.0000448837    0.0005250840   63.7124726640   62.4041138807   -1.9014861723 
   0.0000000000     59.000      -20.000000   0.146692        974.9095    0.0000450028    0.0005326584   63.7825271340   62.4573027531   -1.9002762603 
   0.0000000000     60.000      -20.000000   0.146521        974.3866    0.0000451294    0.0005402576   63.8555309679   62.5135508105   -1.8990624297 
   0.0000000000     61.000      -20.000000   0.146347        973.8566    0.0000452635    0.0005478862   63.9314303836   62.5727963094   -1.8978445188 
   0.0000000000     62.000      -20.000000   0.146171        973.3195    0.0000454052    0.0005555488   64.0101740934   62.6349805438   -1.8966223682 
   0.0000000000     63.000      -20.000000   0.145992        972.7752    0.0000455542    0.0005632499   64.0917131644   62.7000476892   -1.8953958206 
   0.0000000000     64.000      -20.000000   0.145812        972.2236    0.0000457108    0.0005709939   64.1760008848   62.7679446543   -1.8941647209 
   0.0000000000     65.000      -20.000000   0.145629        971.6649    0.0000458748    0.0005787847   64.2629926362   62.8386209376   -1.8929289160 
   0.0000000000     66.000      -20.000000   0.145444        971.0988    0.0000460462    0.0005866265   64.3526457709   62.9120284913   -1.8916882544 
   0.0000000000     67.000      -20.000000   0.145256        970.5255    0.0000462251    0.0005945230   64.4449194941   62.9881215904   -1.8904425865 
   0.0000000000     68.000      -20.000000   0.145066        969.9448    0.0000464115    0.0006024780   64.5397747515   63.0668567065   -1.8891917640 
   0.0000000000     69.000      -20.000000   0.144874        969.3567    0.0000466053    0.0006104951   64.6371741205   63.1481923881   -1.8879356403 
   0.0000000000     70.000      -20.000000   0.144680        968.7612    0.0000468067    0.0006185778   64.7370817063   63.2320891445   -1.8866740701 
   0.0000000000     71.000      -20.000000   0.144483        968.1582    0.0000470156    0.0006267295   64.8394630412   63.3185093342   -1.8854069092 
   0.0000000000     72.000      -20.000000   0.144284        967.5476    0.0000472320    0.0006349535   64.9442849885   63.4074170586   -1.8841340147 
   0.0000000000     73.000      -20.000000   0.144083        966.9295    0.0000474560    0.0006432529   65.0515156489   63.4987780583   -1.8828552448 
   0.0000000000     74.000      -20.000000   0.143879        966.3036    0.0000476876    0.0006516308   65.1611242714   63.5925596144   -1.8815704585 
   0.0000000000     75.000      -20.000000   0.143673        965.6701    0.0000479268    0.0006600902   65.2730811656   63.6887304523   -1.8802795159 
   0.0000000000     76.000      -20.000000   0.143465        965.0290    0.0000481737    0.0006686323   65.3873254595   63.7872234163   -1.8789817383 
   0.0000000000     77.000      -20.000000   0.143254        964.3799    0.0000484283    0.0006772631   65.5038925608   63.8880830523   -1.8776780544 
   0.0000000000     78.000      -20.000000   0.143041        963.7227    0.0000486908    0.0006859839   65.6227243432   63.9912458321   -1.8763677986 
   0.0000000000     79.000      -20.000000   0.142825        963.0576    0.0000489610    0.0006947971   65.7437945459   64.0966853618   -1.8750508339 
   0.0000000000     80.000      -20.000000   0.142607        962.3845    0.0000492392    0.0007037055   65.8670775755   64.2043762588   -1.8737270238 
   0.0000000000     81.000      -20.000000   0.142386        961.7031    0.0000495252    0.0007127114   65.9925484340   64.3142940730   -1.8723962325 
   0.0000000000     82.000      -20.000000   0.142163        961.0136    0.0000498192    0.0007218172   66.1201826485   64.4264152109   -1.8710583246 
   0.0000000000     83.000      -20.000000   0.141937        960.3157    0.0000501213    0.0007310254   66.2499562040   64.5407168603   -1.8697131653 
   0.0000000000     84.000      -20.000000   0.141709        959.6095    0.0000504315    0.0007403381   66.3818454764   64.6571769184   -1.8683606200 
   0.0000000000     85.000      -20.000000   0.141478        958.8948    0.0000507498    0.0007497574   66.5158271681   64.7757739210   -1.8670005546 
   0.0000000000     86.000      -20.000000   0.141245        958.1716    0.0000510763    0.0007592856   66.6518782447   64.8964869734   -1.8656328354 
   0.0000000000     87.000      -20.000000   0.141009        957.4398    0.0000514112    0.0007689247   66.7899758738   65.0192956829   -1.8642573288 
   0.0000000000     88.000      -20.000000   0.140770        956.6992    0.0000517543    0.0007786766   66.9300973640   65.1441800929   -1.8628739019 
   0.0000000000     89.000      -20.000000   0.140529        955.9498    0.0000521059    0.0007885431   67.0722201065   65.2711206182   -1.8614824217 
   0.0000000000     90.000      -20.000000   0.140285        955.1915    0.0000524660    0.0007985262   67.2163215171   65.4000979815   -1.8600827556 
   0.0000000000     91.000      -20.000000   0.140038        954.4243    0.0000528347    0.0008086276   67.3623789791   65.5310931510   -1.8586747713 
   0.0000000000     92.000      -20.000000   0.139789        953.6479    0.0000532119    0.0008188489   67.5103697885   65.6640872795   -1.8572583367 
   0.0000000000     93.000      -20.000000   0.139537        952.8625    0.0000535979    0.0008291918   67.6602710991   65.7990616436   -1.8558333201 
   0.0000000000     94.000      -20.000000   0.139282        952.0677    0.0000539926    0.0008396578   67.8120598689   65.9359975848   -1.8543995897 
   0.0000000000     95.000      -20.000000   0.139024        951.2636    0.0000543962    0.0008502483   67.9657128079   66.0748764508   -1.8529570142 
   0.0000000000     96.000      -20.000000   0.138763        950.4500    0.0000548087    0.0008609647   68.1212063262   66.2156795375   -1.8515054626 
   0.0000000000     97.000      -20.000000   0.138500        949.6269    0.0000552303    0.0008718084   68.2785164837   66.3583880326   -1.8500448039 
   0.0000000000     98.000      -20.000000   0.138234        948.7942    0.0000556608    0.0008827805   68.4376189396   66.5029829582   -1.8485749078 
   0.0000000000     99.000      -20.000000   0.137965        947.9517    0.0000561006    0.0008938821   68.5984889042   66.6494451161   -1.8470956438 
   0.0000000000    100.000      -20.000000   0.137693        947.0994    0.0000565495    0.0009051144   68.7611010906   66.7977550317   -1.8456068821 
   0.0000000000    101.000      -20.000000   0.137418        946.2372    0.0000570077    0.0009164783   68.9254296672   66.9478929001   -1.8441084930 
   0.0000000000    102.000      -20.000000   0.137140        945.3650    0.0000574753    0.0009279746   69.0914482117   67.0998385315   -1.8426003475 
   0.0000000000    103.000      -20.000000   0.136859        944.4826    0.0000579523    0.0009396042   69.2591296657   67.2535712974   -1.8410823167 
   0.0000000000    104.000      -20.000000   0.136576        943.5901    0.0000584388    0.0009513677   69.4284462894   67.4090700783   -1.8395542722 
   0.0000000000    105.000      -20.000000   0.136289        942.6872    0.0000589349    0.0009632657   69.5993696189   67.5663132100   -1.8380160863 
   0.0000000000    106.000      -20.000000   0.135999        941.7739    0.0000594406    0.0009752987   69.7718704225   67.7252784320   -1.8364676318 
   0.0000000000    107.000      -20.000000   0.135706        940.8501    0.0000599560    0.0009874672   69.9459186597   67.8859428358   -1.8349087818 
   0.0000000000    108.000      -20.000000   0.135410        939.9157    0.0000604812    0.0009997713   70.1214834394   68.0482828131   -1.8333394105 
   0.0000000000    109.000      -20.000000   0.135111        938.9707    0.0000610162    0.0010122112   70.2985329808   68.2122740058   -1.8317593926 
   0.0000000000    110.000      -20.000000   0.134809        938.0148    0.0000615611    0.0010247870   70.4770345745   68.3778912550   -1.8301686035 
   0.0000000000    111.000      -20.000000   0.134504        937.0481    0.0000621160    0.0010374986   70.6569545445   68.5451085519   -1.8285669197 
   0.0000000000    112.000      -20.000000   0.134196        936.0704    0.0000626808    0.0010503458   70.8382582122   68.7138989882   -1.8269542185 
   0.0000000000    113.000      -20.000000   0.133884        935.0816    0.0000632556    0.0010633282   71.0209098607   68.8842347081   -1.8253303782 
   0.0000000000    114.000      -20.000000   0.133570        934.0817    0.0000638406    0.0010764455   71.2048727010   69.0560868601   -1.8236952783 
   0.0000000000    115.000      -20.000000   0.133252        933.0706    0.0000644357    0.0010896969   71.3901088393   69.2294255499   -1.8220487995 
   0.0000000000    116.000      -20.000000   0.132931        932.0481    0.0000650409    0.0011030817   71.5765792463   69.4042197944   -1.8203908237 
   0.0000000000    117.000      -20.000000   0.132606        931.0143    0.0000656564    0.0011165991   71.7642437264   69.5804374759   -1.8187212342 
   0.0000000000    118.000      -20.000000   0.132279        929.9689    0.0000662821    0.0011302480   71.9530608910   69.7580452978   -1.8170399160 
   0.0000000000    119.000      -20.000000   0.131948        928.9120    0.0000669180    0.0011440272   72.1429881308   69.9370087410   -1.8153467555 
   0.0000000000    120.000      -20.000000   0.131614        927.8435    0.0000675642    0.0011579352   72.3339815916   70.1172920215   -1.8136416409 
   0.0000000000    121.000      -20.000000   0.131277        926.7632    0.0000682207    0.0011719706   72.5259961517   70.2988580494   -1.8119244625 
   0.0000000000    122.000      -20.000000   0.130936        925.6711    0.0000688874    0.0011861316   72.7189854009   70.4816683886   -1.8101951121 
   0.0000000000    123.000      -20.000000   0.130593        924.5676    0.0000695642    0.0012004116   72.9128492835   70.6656198576   -1.8084530267 
   0.0000000000    124.000      -20.000000   0.130245        923.4518    0.0000702515    0.0012148177   73.1076409067   70.8507947221   -1.8066990021 
   0.0000000000    125.000      -20.000000   0.129895        922.3239    0.0000709491    0.0012293431   73.3032599760   71.0370899947   -1.8049324949 
   0.0000000000    126.000      -20.000000   0.129541        921.1840    0.0000716569    0.0012439854   73.4996547578   71.2244614836   -1.8031534065 
