  #sigma_s    Temp(C) Press(Mpa) p_meanfield density (kg/m^3)      kappa      alpha Cp(J/molK) Cv(J/molK)  mu(J/mol)
   0.0000000000   -173.000      -60.000000   0.099193        909.2316    0.0000282810    0.0004201899   56.1388271942   55.2679668058   -2.2732878566 
   0.0000000000   -172.000      -60.000000   0.099077        908.8536    0.0000280098    0.0004115657   56.0853888197   55.2298144123   -2.2725059864 
   0.0000000000   -171.000      -60.000000   0.098964        908.4834    0.0000277431    0.0004031949   56.0339850484   55.1933175261   -2.2717254801 
   0.0000000000   -170.000      -60.000000   0.098853        908.1208    0.0000274808    0.0003950673   55.9845104051   55.1583858701   -2.2709465641 
   0.0000000000   -169.000      -60.000000   0.098744        907.7657    0.0000272229    0.0003871755   55.9368764433   55.1249350703   -2.2701686491 
   0.0000000000   -168.000      -60.000000   0.098638        907.4178    0.0000269692    0.0003795099   55.8909896073   55.0928862131   -2.2693919790 
   0.0000000000   -167.000      -60.000000   0.098534        907.0769    0.0000267196    0.0003720625   55.8467655310   55.0621654422   -2.2686165171 
   0.0000000000   -166.000      -60.000000   0.098432        906.7428    0.0000264741    0.0003648253   55.8041249038   55.0327035889   -2.2678422278 
   0.0000000000   -165.000      -60.000000   0.098332        906.4153    0.0000262326    0.0003577908   55.7629931196   55.0044358360   -2.2670690768 
   0.0000000000   -164.000      -60.000000   0.098234        906.0941    0.0000259950    0.0003509518   55.7232999538   54.9773014097   -2.2662970312 
   0.0000000000   -163.000      -60.000000   0.098138        905.7792    0.0000257613    0.0003443013   55.6849792697   54.9512432985   -2.2655260593 
   0.0000000000   -162.000      -60.000000   0.098044        905.4703    0.0000255313    0.0003378326   55.6479687473   54.9262079969   -2.2647561304 
   0.0000000000   -161.000      -60.000000   0.097951        905.1674    0.0000253050    0.0003315395   55.6122096374   54.9021452712   -2.2639872152 
   0.0000000000   -160.000      -60.000000   0.097861        904.8701    0.0000250823    0.0003254157   55.5776465347   54.8790079463   -2.2632192852 
   0.0000000000   -159.000      -60.000000   0.097772        904.5784    0.0000248631    0.0003194555   55.5442271723   54.8567517118   -2.2624523130 
   0.0000000000   -158.000      -60.000000   0.097685        904.2921    0.0000246474    0.0003136533   55.5119022335   54.8353349462   -2.2616862721 
   0.0000000000   -157.000      -60.000000   0.097599        904.0111    0.0000244351    0.0003080035   55.4806251808   54.8147185582   -2.2609211369 
   0.0000000000   -156.000      -60.000000   0.097515        903.7352    0.0000242262    0.0003025011   55.4503521014   54.7948658430   -2.2601568828 
   0.0000000000   -155.000      -60.000000   0.097433        903.4643    0.0000240205    0.0002971410   55.4210415673   54.7757423553   -2.2593934858 
   0.0000000000   -154.000      -60.000000   0.097352        903.1982    0.0000238180    0.0002919185   55.3926545107   54.7573157948   -2.2586309229 
   0.0000000000   -153.000      -60.000000   0.097272        902.9369    0.0000236186    0.0002868290   55.3651541124   54.7395559076   -2.2578691717 
   0.0000000000   -152.000      -60.000000   0.097194        902.6802    0.0000234223    0.0002818679   55.3385057041   54.7224343990   -2.2571082105 
   0.0000000000   -151.000      -60.000000   0.097118        902.4280    0.0000232290    0.0002770310   55.3126766836   54.7059248607   -2.2563480182 
   0.0000000000   -150.000      -60.000000   0.097042        902.1802    0.0000230387    0.0002723142   55.2876364427   54.6900027106   -2.2555885744 
   0.0000000000   -149.000      -60.000000   0.096968        901.9366    0.0000228512    0.0002677135   55.2633563073   54.6746451446   -2.2548298592 
   0.0000000000   -148.000      -60.000000   0.096896        901.6972    0.0000226666    0.0002632250   55.2398094905   54.6598311021   -2.2540718533 
   0.0000000000   -147.000      -60.000000   0.096824        901.4619    0.0000224847    0.0002588451   55.2169710575   54.6455412438   -2.2533145378 
   0.0000000000   -146.000      -60.000000   0.096754        901.2305    0.0000223056    0.0002545700   55.1948179035   54.6317579416   -2.2525578941 
   0.0000000000   -145.000      -60.000000   0.096685        901.0030    0.0000221292    0.0002503963   55.1733287438   54.6184652830   -2.2518019041 
   0.0000000000   -144.000      -60.000000   0.096617        900.7793    0.0000219554    0.0002463206   55.1524841168   54.6056490878   -2.2510465501 
   0.0000000000   -143.000      -60.000000   0.096550        900.5592    0.0000217841    0.0002423395   55.1322664006   54.5932969389   -2.2502918145 
   0.0000000000   -142.000      -60.000000   0.096485        900.3428    0.0000216155    0.0002384498   55.1126598426   54.5813982272   -2.2495376800 
   0.0000000000   -141.000      -60.000000   0.096420        900.1298    0.0000214493    0.0002346483   55.0936506033   54.5699442114   -2.2487841293 
   0.0000000000   -140.000      -60.000000   0.096357        899.9203    0.0000212855    0.0002309320   55.0752268141   54.5589280929   -2.2480311452 
   0.0000000000   -139.000      -60.000000   0.096294        899.7142    0.0000211242    0.0002272976   55.0573786512   54.5483451066   -2.2472787107 
   0.0000000000   -138.000      -60.000000   0.096233        899.5113    0.0000209652    0.0002237423   55.0400984236   54.5381926280   -2.2465268085 
   0.0000000000   -137.000      -60.000000   0.096172        899.3116    0.0000208085    0.0002202630   55.0233806787   54.5284702984   -2.2457754211 
   0.0000000000   -136.000      -60.000000   0.096113        899.1151    0.0000206542    0.0002168567   55.0072223237   54.5191801677   -2.2450245308 
   0.0000000000   -135.000      -60.000000   0.096054        898.9217    0.0000205022    0.0002135206   54.9916227662   54.5103268562   -2.2442741195 
   0.0000000000   -134.000      -60.000000   0.095996        898.7312    0.0000203524    0.0002102515   54.9765840718   54.5019177362   -2.2435241686 
   0.0000000000   -133.000      -60.000000   0.095940        898.5437    0.0000202048    0.0002070465   54.9621111423   54.4939631351   -2.2427746589 
   0.0000000000   -132.000      -60.000000   0.095884        898.3591    0.0000200594    0.0002039027   54.9482119135   54.4864765597   -2.2420255705 
   0.0000000000   -131.000      -60.000000   0.095829        898.1773    0.0000199162    0.0002008169   54.9348975749   54.4794749435   -2.2412768824 
   0.0000000000   -130.000      -60.000000   0.095775        897.9984    0.0000197751    0.0001977861   54.9221828109   54.4729789180   -2.2405285727 
   0.0000000000   -129.000      -60.000000   0.095721        897.8221    0.0000196363    0.0001948071   54.9100860657   54.4670131090   -2.2397806182 
   0.0000000000   -128.000      -60.000000   0.095669        897.6485    0.0000194995    0.0001918766   54.8986298323   54.4616064588   -2.2390329943 
   0.0000000000   -127.000      -60.000000   0.095617        897.4776    0.0000193650    0.0001889912   54.8878409668   54.4567925759   -2.2382856748 
   0.0000000000   -126.000      -60.000000   0.095567        897.3093    0.0000192325    0.0001861476   54.8777510286   54.4526101131   -2.2375386314 
   0.0000000000   -125.000      -60.000000   0.095516        897.1435    0.0000191022    0.0001833421   54.8683966492   54.4491031744   -2.2367918339 
   0.0000000000   -124.000      -60.000000   0.095467        896.9803    0.0000189741    0.0001805709   54.8598199274   54.4463217535   -2.2360452498 
   0.0000000000   -123.000      -60.000000   0.095419        896.8196    0.0000188482    0.0001778301   54.8520688563   54.4443222035   -2.2352988435 
   0.0000000000   -122.000      -60.000000   0.095371        896.6613    0.0000187244    0.0001751157   54.8451977789   54.4431677396   -2.2345525769 
   0.0000000000   -121.000      -60.000000   0.095324        896.5055    0.0000186029    0.0001724232   54.8392678768   54.4429289756   -2.2338064082 
   0.0000000000   -120.000      -60.000000   0.095277        896.3522    0.0000184837    0.0001697482   54.8343476906   54.4436844958   -2.2330602919 
   0.0000000000   -119.000      -60.000000   0.095232        896.2012    0.0000183668    0.0001670858   54.8305136741   54.4455214629   -2.2323141787 
   0.0000000000   -118.000      -60.000000   0.095187        896.0527    0.0000182522    0.0001644309   54.8278507834   54.4485362625   -2.2315680143 
   0.0000000000   -117.000      -60.000000   0.095143        895.9066    0.0000181401    0.0001617782   54.8264531006   54.4528351858   -2.2308217397 
   0.0000000000   -116.000      -60.000000   0.095100        895.7628    0.0000180304    0.0001591219   54.8264244949   54.4585351510   -2.2300752904 
   0.0000000000   -115.000      -60.000000   0.095057        895.6215    0.0000179234    0.0001564560   54.8278793192   54.4657644640   -2.2293285955 
   0.0000000000   -114.000      -60.000000   0.095015        895.4826    0.0000178189    0.0001537739   54.8309431454   54.4746636188   -2.2285815778 
   0.0000000000   -113.000      -60.000000   0.094974        895.3461    0.0000177173    0.0001510688   54.8357535371   54.4853861387   -2.2278341526 
   0.0000000000   -112.000      -60.000000   0.094934        895.2121    0.0000176185    0.0001483334   54.8424608606   54.4980994575   -2.2270862275 
   0.0000000000   -111.000      -60.000000   0.094894        895.0805    0.0000175226    0.0001455598   54.8512291350   54.5129858416   -2.2263377013 
   0.0000000000   -110.000      -60.000000   0.094855        894.9515    0.0000174299    0.0001427398   54.8622369194   54.5302433521   -2.2255884633 
   0.0000000000   -109.000      -60.000000   0.094817        894.8250    0.0000173405    0.0001398645   54.8756782405   54.5500868475   -2.2248383928 
   0.0000000000   -108.000      -60.000000   0.094780        894.7012    0.0000172545    0.0001369244   54.8917635550   54.5727490244   -2.2240873579 
   0.0000000000   -107.000      -60.000000   0.094743        894.5801    0.0000171721    0.0001339095   54.9107207515   54.5984814970   -2.2233352146 
   0.0000000000   -106.000      -60.000000   0.094707        894.4617    0.0000170935    0.0001308090   54.9327961856   54.6275559118   -2.2225818060 
   0.0000000000   -105.000      -60.000000   0.094673        894.3461    0.0000170190    0.0001276116   54.9582557508   54.6602650972   -2.2218269613 
   0.0000000000   -104.000      -60.000000   0.094639        894.2334    0.0000169487    0.0001243051   54.9873859796   54.6969242446   -2.2210704943 
   0.0000000000   -103.000      -60.000000   0.094606        894.1238    0.0000168829    0.0001208765   55.0204951744   54.7378721168   -2.2203122027 
   0.0000000000   -102.000      -60.000000   0.094574        894.0173    0.0000168219    0.0001173122   55.0579145643   54.7834722812   -2.2195518666 
   0.0000000000   -101.000      -60.000000   0.094543        893.9141    0.0000167660    0.0001135975   55.0999994833   54.8341143628   -2.2187892473 
   0.0000000000   -100.000      -60.000000   0.094513        893.8143    0.0000167155    0.0001097169   55.1471305656   54.8902153090   -2.2180240859 
   0.0000000000    -99.000      -60.000000   0.094484        893.7180    0.0000166707    0.0001056539   55.1997149516   54.9522206631   -2.2172561017 
   0.0000000000    -98.000      -60.000000   0.094456        893.6255    0.0000166321    0.0001013912   55.2581875000   55.0206058356   -2.2164849912 
   0.0000000000    -97.000      -60.000000   0.094429        893.5369    0.0000165999    0.0000969101   55.3230119940   55.0958773646   -2.2157104258 
   0.0000000000    -96.000      -60.000000   0.094404        893.4524    0.0000165747    0.0000921912   55.3946823377   55.1785741565   -2.2149320507 
   0.0000000000    -95.000      -60.000000   0.094380        893.3722    0.0000165569    0.0000872136   55.4737237266   55.2692686908   -2.2141494827 
   0.0000000000    -94.000      -60.000000   0.094357        893.2966    0.0000165470    0.0000819556   55.5606937843   55.3685681783   -2.2133623091 
   0.0000000000    -93.000      -60.000000   0.094335        893.2259    0.0000165455    0.0000763940   55.6561836492   55.4771156554   -2.2125700848 
   0.0000000000    -92.000      -60.000000   0.094316        893.1602    0.0000165530    0.0000705044   55.7608189950   55.5955909943   -2.2117723313 
   0.0000000000    -91.000      -60.000000   0.094298        893.1000    0.0000165700    0.0000642613   55.8752609672   55.7247118101   -2.2109685341 
   0.0000000000    -90.000      -60.000000   0.094281        893.0455    0.0000165972    0.0000576375   56.0002070156   55.8652342402   -2.2101581408 
   0.0000000000    -89.000      -60.000000   0.094267        892.9972    0.0000166352    0.0000506048   56.1363915969   56.0179535689   -2.2093405588 
   0.0000000000    -88.000      -60.000000   0.094254        892.9553    0.0000166848    0.0000431332   56.2845867245   56.1837046680   -2.2085151535 
   0.0000000000    -87.000      -60.000000   0.094244        892.9203    0.0000167468    0.0000351916   56.4456023315   56.3633622185   -2.2076812453 
   0.0000000000    -86.000      -60.000000   0.094235        892.8926    0.0000168218    0.0000267473   56.6202864179   56.5578406774   -2.2068381079 
   0.0000000000    -85.000      -60.000000   0.094229        892.8727    0.0000169108    0.0000177662   56.8095249431   56.7680939477   -2.2059849659 
   0.0000000000    -84.000      -60.000000   0.094226        892.8610    0.0000170146    0.0000082124   57.0142414213   56.9951147039   -2.2051209920 
   0.0000000000    -83.000      -60.000000   0.094225        892.8582    0.0000171341   -0.0000019510   57.2353961783   57.2399333263   -2.2042453051 
   0.0000000000    -82.000      -60.000000   0.094227        892.8647    0.0000172704   -0.0000127628   57.4739852159   57.5036163845   -2.2033569675 
   0.0000000000    -81.000      -60.000000   0.094232        892.8812    0.0000174245   -0.0000242630   57.7310386326   57.7872646132   -2.2024549832 
   0.0000000000    -80.000      -60.000000   0.094240        892.9082    0.0000175975   -0.0000364931   58.0076185387   58.0920103127   -2.2015382947 
   0.0000000000    -79.000      -60.000000   0.094252        892.9466    0.0000177904   -0.0000494962   58.3048164031   58.4190141052   -2.2006057815 
   0.0000000000    -78.000      -60.000000   0.094267        892.9969    0.0000180045   -0.0000633165   58.6237497602   58.7694609680   -2.1996562576 
   0.0000000000    -77.000      -60.000000   0.094286        893.0599    0.0000182411   -0.0000779993   58.9655582055   59.1445554689   -2.1986884697 
   0.0000000000    -76.000      -60.000000   0.094309        893.1364    0.0000185013   -0.0000935914   59.3313985969   59.5455161114   -2.1977010953 
   0.0000000000    -75.000      -60.000000   0.094336        893.2273    0.0000187865   -0.0001101403   59.7224393812   59.9735687074   -2.1966927410 
   0.0000000000    -74.000      -60.000000   0.094368        893.3335    0.0000190981   -0.0001276945   60.1398539546   60.4299386791   -2.1956619412 
   0.0000000000    -73.000      -60.000000   0.094405        893.4558    0.0000194376   -0.0001463030   60.5848129710   60.9158422008   -2.1946071573 
   0.0000000000    -72.000      -60.000000   0.094447        893.5952    0.0000198064   -0.0001660152   61.0584755015   61.4324760822   -2.1935267766 
   0.0000000000    -71.000      -60.000000   0.094494        893.7528    0.0000202061   -0.0001868809   61.5619789536   61.9810063005   -2.1924191125 
   0.0000000000    -70.000      -60.000000   0.094547        893.9296    0.0000206381   -0.0002089493   62.0964276589   62.5625550915   -2.1912824044 
   0.0000000000    -69.000      -60.000000   0.094607        894.1268    0.0000211041   -0.0002322694   62.6628800384   63.1781865133   -2.1901148189 
   0.0000000000    -68.000      -60.000000   0.094672        894.3454    0.0000216057   -0.0002568889   63.2623342670   63.8288904108   -2.1889144514 
   0.0000000000    -67.000      -60.000000   0.094745        894.5866    0.0000221445   -0.0002828543   63.8957123631   64.5155647195   -2.1876793281 
   0.0000000000    -66.000      -60.000000   0.094825        894.8518    0.0000227221   -0.0003102098   64.5638426431   65.2389960640   -2.1864074096 
   0.0000000000    -65.000      -60.000000   0.094912        895.1422    0.0000233402   -0.0003389971   65.2674405073   65.9998386378   -2.1850965950 
   0.0000000000    -64.000      -60.000000   0.095008        895.4592    0.0000240005   -0.0003692544   66.0070875372   66.7985913746   -2.1837447272 
   0.0000000000    -63.000      -60.000000   0.095112        895.8040    0.0000247044   -0.0004010158   66.7832089194   67.6355734609   -2.1823495996 
   0.0000000000    -62.000      -60.000000   0.095225        896.1781    0.0000254536   -0.0004343102   67.5960492564   68.5108982902   -2.1809089639 
   0.0000000000    -61.000      -60.000000   0.095347        896.5829    0.0000262495   -0.0004691605   68.4456468572   69.4244460077   -2.1794205401 
   0.0000000000    -60.000      -60.000000   0.095479        897.0198    0.0000270935   -0.0005055825   69.3318066690   70.3758348648   -2.1778820268 
   0.0000000000    -59.000      -60.000000   0.095621        897.4904    0.0000279869   -0.0005435833   70.2540720665   71.3643916713   -2.1762911149 
   0.0000000000    -58.000      -60.000000   0.095774        897.9960    0.0000289309   -0.0005831607   71.2116957982   72.3891217258   -2.1746455021 
   0.0000000000    -57.000      -60.000000   0.095938        898.5382    0.0000299265   -0.0006243013   72.2036104679   73.4486786903   -2.1729429096 
   0.0000000000    -56.000      -60.000000   0.096114        899.1184    0.0000309743   -0.0006669791   73.2283990283   74.5413349881   -2.1711811017 
   0.0000000000    -55.000      -60.000000   0.096301        899.7380    0.0000320750   -0.0007111538   74.2842658718   75.6649534087   -2.1693579065 
   0.0000000000    -54.000      -60.000000   0.096502        900.3986    0.0000332289   -0.0007567732   75.3690742686   76.8170352150   -2.1674708340 
   0.0000000000    -53.000      -60.000000   0.096715        901.1013    0.0000344357   -0.0008037572   76.4800743737   77.9944144613   -2.1655186456 
   0.0000000000    -52.000      -60.000000   0.096941        901.8475    0.0000356952   -0.0008520159   77.6142325103   79.1936413425   -2.1634991691 
   0.0000000000    -51.000      -60.000000   0.097182        902.6385    0.0000370063   -0.0009014355   78.7679888276   80.4107113600   -2.1614107438 
   0.0000000000    -50.000      -60.000000   0.097436        903.4752    0.0000383677   -0.0009518796   79.9372977559   81.6411186946   -2.1592519128 
   0.0000000000    -49.000      -60.000000   0.097705        904.3588    0.0000397776   -0.0010031872   81.1176213459   82.8798558154   -2.1570214566 
   0.0000000000    -48.000      -60.000000   0.097989        905.2899    0.0000412336   -0.0010551721   82.3039304151   84.1214220465   -2.1547184288 
   0.0000000000    -47.000      -60.000000   0.098287        906.2694    0.0000427324   -0.0011076212   83.4907148683   85.3598424066   -2.1523421927 
   0.0000000000    -46.000      -60.000000   0.098601        907.2976    0.0000442704   -0.0011602940   84.6720045078   86.5886979367   -2.1498924571 
   0.0000000000    -45.000      -60.000000   0.098931        908.3749    0.0000458430   -0.0012129222   85.8414015909   87.8011685807   -2.1473693135 
   0.0000000000    -44.000      -60.000000   0.099275        909.5012    0.0000474450   -0.0012652100   86.9921262128   88.9900894535   -2.1447732704 
   0.0000000000    -43.000      -60.000000   0.099635        910.6761    0.0000490703   -0.0013168352   88.1170753674   90.1480209843   -2.1421052866 
   0.0000000000    -42.000      -60.000000   0.100010        911.8993    0.0000507122   -0.0013674509   89.2088961647   91.2673330006   -2.1393668000 
   0.0000000000    -41.000      -60.000000   0.100401        913.1699    0.0000523634   -0.0014166961   90.2601695693   92.3404123977   -2.1365590319 
   0.0000000000    -40.000      -60.000000   0.100806        914.4864    0.0000540149   -0.0014641685   91.2631388910   93.3593473567   -2.1336857414 
   0.0000000000    -39.000      -60.000000   0.101226        915.8473    0.0000556581   -0.0015094733   92.2103628264   94.3166640835   -2.1307493314 
   0.0000000000    -38.000      -60.000000   0.101659        917.2506    0.0000572833   -0.0015522009   93.0944925250   95.2050591030   -2.1277533380 
   0.0000000000    -37.000      -60.000000   0.102105        918.6939    0.0000588804   -0.0015919403   93.9084875634   96.0176286628   -2.1247018297 
   0.0000000000    -36.000      -60.000000   0.102563        920.1746    0.0000604388   -0.0016282864   94.6457526185   96.7480035579   -2.1215993907 
   0.0000000000    -35.000      -60.000000   0.103033        921.6894    0.0000619480   -0.0016608485   95.3002745145   97.3904806989   -2.1184510932 
   0.0000000000    -34.000      -60.000000   0.103513        923.2349    0.0000633973   -0.0016892591   95.8667549341   97.9401466648   -2.1152624582 
   0.0000000000    -33.000      -60.000000   0.104002        924.8072    0.0000647761   -0.0017131831   96.3407336845   98.3929883628   -2.1120394046 
   0.0000000000    -32.000      -60.000000   0.104499        926.4022    0.0000660745   -0.0017323263   96.7186973013   98.7459860552   -2.1087881882 
   0.0000000000    -31.000      -60.000000   0.105003        928.0153    0.0000672830   -0.0017464437   96.9981679883   98.9971844796   -2.1055153304 
   0.0000000000    -30.000      -60.000000   0.105512        929.6424    0.0000683934   -0.0017553531   97.1777702465   99.1457488288   -2.1022266564 
   0.0000000000    -29.000      -60.000000   0.106024        931.2778    0.0000693977   -0.0017589167   97.2572462417   99.1919275645   -2.0989306312 
   0.0000000000    -28.000      -60.000000   0.106539        932.9168    0.0000702899   -0.0017570812   97.2375135970   99.1371411090   -2.0956333020 
   0.0000000000    -27.000      -60.000000   0.107054        934.5545    0.0000710653   -0.0017498564   97.1205977067   98.9838656935   -2.0923414167 
   0.0000000000    -26.000      -60.000000   0.107568        936.1858    0.0000717207   -0.0017373210   96.9095903368   98.7355867520   -2.0890615595 
   0.0000000000    -25.000      -60.000000   0.108079        937.8058    0.0000722543   -0.0017196205   96.6085671460   98.3967070672   -2.0858000678 
   0.0000000000    -24.000      -60.000000   0.108586        939.4096    0.0000726661   -0.0016969631   96.2224807271   97.9724346068   -2.0825629567 
   0.0000000000    -23.000      -60.000000   0.109087        940.9926    0.0000729576   -0.0016696136   95.7570340279   97.4686549658   -2.0793558529 
   0.0000000000    -22.000      -60.000000   0.109581        942.5504    0.0000731316   -0.0016378858   95.2185398294   96.8917938257   -2.0761839391 
   0.0000000000    -21.000      -60.000000   0.110066        944.0789    0.0000731924   -0.0016021337   94.6137723667   96.2486749785   -2.0730519111 
   0.0000000000    -20.000      -60.000000   0.110542        945.5743    0.0000731456   -0.0015627420   93.9498171953   95.5463792416   -2.0699639474 
   0.0000000000    -19.000      -60.000000   0.111007        947.0332    0.0000729974   -0.0015201168   93.2339249567   94.7921090654   -2.0669236913 
   0.0000000000    -18.000      -60.000000   0.111460        948.4526    0.0000727551   -0.0014746757   92.4733740151   93.9930628725   -2.0639342450 
   0.0000000000    -17.000      -60.000000   0.111900        949.8297    0.0000724266   -0.0014268390   91.6753459301   93.1563222689   -2.0609981750 
   0.0000000000    -16.000      -60.000000   0.112327        951.1624    0.0000720200   -0.0013770215   90.8468166596   92.2887542836   -2.0581175269 
   0.0000000000    -15.000      -60.000000   0.112739        952.4487    0.0000715438   -0.0013256254   89.9944652622   91.3969298587   -2.0552938483 
   0.0000000000    -14.000      -60.000000   0.113136        953.6872    0.0000710064   -0.0012730347   89.1246008286   90.4870589249   -2.0525282187 
   0.0000000000    -13.000      -60.000000   0.113519        954.8766    0.0000704161   -0.0012196101   88.2431074364   89.5649416692   -2.0498212836 
   0.0000000000    -12.000      -60.000000   0.113885        956.0161    0.0000697810   -0.0011656859   87.3554061729   88.6359350017   -2.0471732926 
   0.0000000000    -11.000      -60.000000   0.114236        957.1053    0.0000691088   -0.0011115675   86.4664327254   87.7049328044   -2.0445841385 
   0.0000000000    -10.000      -60.000000   0.114571        958.1439    0.0000684069   -0.0010575301   85.5806286511   86.7763582744   -2.0420533976 
   0.0000000000     -9.000      -60.000000   0.114890        959.1319    0.0000676820   -0.0010038184   84.7019442690   85.8541665330   -2.0395803697 
   0.0000000000     -8.000      -60.000000   0.115193        960.0696    0.0000669405   -0.0009506471   83.8338510340   84.9418556570   -2.0371641160 
   0.0000000000     -7.000      -60.000000   0.115480        960.9575    0.0000661881   -0.0008982016   82.9793613542   84.0424843526   -2.0348034958 
   0.0000000000     -6.000      -60.000000   0.115752        961.7961    0.0000654300   -0.0008466395   82.1410539346   83.1586946320   -2.0324972006 
   0.0000000000     -5.000      -60.000000   0.116008        962.5863    0.0000646709   -0.0007960926   81.3211029492   82.2927380168   -2.0302437850 
   0.0000000000     -4.000      -60.000000   0.116248        963.3291    0.0000639148   -0.0007466686   80.5213095765   81.4465039984   -2.0280416955 
   0.0000000000     -3.000      -60.000000   0.116474        964.0253    0.0000631655   -0.0006984531   79.7431346547   80.6215496757   -2.0258892960 
   0.0000000000     -2.000      -60.000000   0.116686        964.6761    0.0000624260   -0.0006515123   78.9877314776   79.8191296958   -2.0237848901 
   0.0000000000     -1.000      -60.000000   0.116883        965.2827    0.0000616992   -0.0006058945   78.2559779384   79.0402257955   -2.0217267411 
   0.0000000000      0.000      -60.000000   0.117066        965.8462    0.0000609872   -0.0005616323   77.5485074448   78.2855754132   -2.0197130894 
   0.0000000000      1.000      -60.000000   0.117236        966.3680    0.0000602921   -0.0005187450   76.8657381827   77.5556989762   -2.0177421668 
   0.0000000000      2.000      -60.000000   0.117392        966.8492    0.0000596155   -0.0004772396   76.2079004551   76.8509255953   -2.0158122096 
   0.0000000000      3.000      -60.000000   0.117536        967.2912    0.0000589587   -0.0004371134   75.5750619350   76.1714169936   -2.0139214688 
   0.0000000000      4.000      -60.000000   0.117668        967.6953    0.0000583226   -0.0003983547   74.9671507573   75.5171895800   -2.0120682186 
   0.0000000000      5.000      -60.000000   0.117788        968.0626    0.0000577082   -0.0003609447   74.3839764590   74.8881346435   -2.0102507641 
   0.0000000000      6.000      -60.000000   0.117896        968.3945    0.0000571159   -0.0003248588   73.8252488128   74.2840366872   -2.0084674464 
   0.0000000000      7.000      -60.000000   0.117993        968.6922    0.0000565463   -0.0002900670   73.2905946516   73.7045899647   -2.0067166475 
   0.0000000000      8.000      -60.000000   0.118079        968.9569    0.0000559995   -0.0002565359   72.7795727965   73.1494133010   -2.0049967933 
   0.0000000000      9.000      -60.000000   0.118155        969.1897    0.0000554757   -0.0002242288   72.2916872231   72.6180633002   -2.0033063565 
   0.0000000000     10.000      -60.000000   0.118221        969.3919    0.0000549749   -0.0001931065   71.8263986044   72.1100460511   -2.0016438578 
   0.0000000000     11.000      -60.000000   0.118278        969.5644    0.0000544970   -0.0001631285   71.3831343756   71.6248274493   -2.0000078675 
   0.0000000000     12.000      -60.000000   0.118325        969.7085    0.0000540418   -0.0001342526   70.9612974573   71.1618422506   -1.9983970054 
   0.0000000000     13.000      -60.000000   0.118363        969.8251    0.0000536090   -0.0001064364   70.5602737757   70.7205019729   -1.9968099415 
   0.0000000000     14.000      -60.000000   0.118392        969.9153    0.0000531983   -0.0000796371   70.1794387062   70.3002017574   -1.9952453949 
   0.0000000000     15.000      -60.000000   0.118413        969.9799    0.0000528095   -0.0000538116   69.8181625604   69.9003262938   -1.9937021338 
   0.0000000000     16.000      -60.000000   0.118427        970.0200    0.0000524421   -0.0000289176   69.4758152270   69.5202549098   -1.9921789741 
   0.0000000000     17.000      -60.000000   0.118432        970.0363    0.0000520956   -0.0000049129   69.1517700671   69.1593659134   -1.9906747786 
   0.0000000000     18.000      -60.000000   0.118430        970.0298    0.0000517698    0.0000182437   68.8454071570   68.8170402765   -1.9891884558 
   0.0000000000     19.000      -60.000000   0.118420        970.0012    0.0000514640    0.0000405926   68.5561159592   68.4926647327   -1.9877189581 
   0.0000000000     20.000      -60.000000   0.118404        969.9512    0.0000511780    0.0000621734   68.2832974974   68.1856343614   -1.9862652809 
   0.0000000000     21.000      -60.000000   0.118381        969.8808    0.0000509111    0.0000830243   68.0263661014   67.8953547209   -1.9848264608 
   0.0000000000     22.000      -60.000000   0.118352        969.7904    0.0000506630    0.0001031827   67.7847507794   67.6212435865   -1.9834015739 
   0.0000000000     23.000      -60.000000   0.118315        969.6806    0.0000504332    0.0001226835   67.5579586286   67.3627978508   -1.9819902843 
   0.0000000000     24.000      -60.000000   0.118274        969.5524    0.0000502212    0.0001415640   67.3453237004   67.1193301191   -1.9805906341 
   0.0000000000     25.000      -60.000000   0.118226        969.4062    0.0000500267    0.0001598566   67.1463893485   66.8903702177   -1.9792023696 
   0.0000000000     26.000      -60.000000   0.118172        969.2426    0.0000498490    0.0001775937   66.9606512699   66.6753959311   -1.9778247101 
   0.0000000000     27.000      -60.000000   0.118114        969.0621    0.0000496880    0.0001948066   66.7876227455   66.4739016272   -1.9764569074 
   0.0000000000     28.000      -60.000000   0.118049        968.8652    0.0000495431    0.0002115252   66.6268346789   66.2853985177   -1.9750982435 
   0.0000000000     29.000      -60.000000   0.117980        968.6524    0.0000494140    0.0002277785   66.4778355166   66.1094147786   -1.9737480298 
   0.0000000000     30.000      -60.000000   0.117905        968.4241    0.0000493002    0.0002435940   66.3401910724   65.9454955532   -1.9724056055 
   0.0000000000     31.000      -60.000000   0.117826        968.1807    0.0000492014    0.0002589983   66.2134842699   65.7932028563   -1.9710703360 
   0.0000000000     32.000      -60.000000   0.117742        967.9227    0.0000491173    0.0002740168   66.0973148216   65.6521153953   -1.9697416122 
   0.0000000000     33.000      -60.000000   0.117653        967.6504    0.0000490476    0.0002886739   65.9912988549   65.5218283236   -1.9684188488 
   0.0000000000     34.000      -60.000000   0.117560        967.3641    0.0000489918    0.0003029929   65.8950684983   65.4019529378   -1.9671014834 
   0.0000000000     35.000      -60.000000   0.117462        967.0643    0.0000489498    0.0003169962   65.8082714348   65.2921163292   -1.9657889750 
   0.0000000000     36.000      -60.000000   0.117360        966.7511    0.0000489212    0.0003307051   65.7305704329   65.1919610002   -1.9644808033 
   0.0000000000     37.000      -60.000000   0.117254        966.4249    0.0000489058    0.0003441401   65.6616428609   65.1011444517   -1.9631764675 
   0.0000000000     38.000      -60.000000   0.117144        966.0860    0.0000489032    0.0003573207   65.6011801899   65.0193387503   -1.9618754853 
   0.0000000000     39.000      -60.000000   0.117030        965.7346    0.0000489134    0.0003702657   65.5488874914   64.9462300797   -1.9605773920 
   0.0000000000     40.000      -60.000000   0.116911        965.3709    0.0000489359    0.0003829929   65.5044829328   64.8815182822   -1.9592817393 
   0.0000000000     41.000      -60.000000   0.116790        964.9955    0.0000489707    0.0003955194   65.4676571687   64.8248725347   -1.9579876024 
   0.0000000000     42.000      -60.000000   0.116664        964.6079    0.0000490175    0.0004078617   65.4382335149   64.7761064905   -1.9566955463 
   0.0000000000     43.000      -60.000000   0.116534        964.2087    0.0000490762    0.0004200355   65.4159259979   64.7349140592   -1.9554046773 
   0.0000000000     44.000      -60.000000   0.116401        963.7979    0.0000491466    0.0004320558   65.4005001955   64.7010450626   -1.9541146057 
   0.0000000000     45.000      -60.000000   0.116264        963.3759    0.0000492284    0.0004439368   65.3917323311   64.6742606614   -1.9528249544 
   0.0000000000     46.000      -60.000000   0.116123        962.9426    0.0000493217    0.0004556925   65.3894088098   64.6543329043   -1.9515353583 
   0.0000000000     47.000      -60.000000   0.115979        962.4983    0.0000494262    0.0004673358   65.3933257692   64.6410442852   -1.9502454636 
   0.0000000000     48.000      -60.000000   0.115832        962.0430    0.0000495419    0.0004788794   65.4032886404   64.6341873101   -1.9489549276 
   0.0000000000     49.000      -60.000000   0.115681        961.5769    0.0000496685    0.0004903354   65.4191117232   64.6335640744   -1.9476634174 
   0.0000000000     50.000      -60.000000   0.115526        961.1001    0.0000498061    0.0005017154   65.4406177749   64.6389858505   -1.9463706100 
   0.0000000000     51.000      -60.000000   0.115369        960.6125    0.0000499545    0.0005130304   65.4676376110   64.6502726879   -1.9450761914 
   0.0000000000     52.000      -60.000000   0.115208        960.1144    0.0000501137    0.0005242910   65.5000097217   64.6672530238   -1.9437798561 
   0.0000000000     53.000      -60.000000   0.115043        959.6058    0.0000502835    0.0005355075   65.5375798994   64.6897633067   -1.9424813070 
   0.0000000000     54.000      -60.000000   0.114875        959.0867    0.0000504640    0.0005466897   65.5802008810   64.7176476316   -1.9411802544 
   0.0000000000     55.000      -60.000000   0.114704        958.5572    0.0000506550    0.0005578468   65.6277320026   64.7507573868   -1.9398764160 
   0.0000000000     56.000      -60.000000   0.114530        958.0172    0.0000508566    0.0005689880   65.6800388675   64.7889509133   -1.9385695164 
   0.0000000000     57.000      -60.000000   0.114353        957.4670    0.0000510687    0.0005801219   65.7369930253   64.8320931755   -1.9372592866 
   0.0000000000     58.000      -60.000000   0.114172        956.9063    0.0000512913    0.0005912568   65.7984716651   64.8800554435   -1.9359454637 
   0.0000000000     59.000      -60.000000   0.113988        956.3354    0.0000515244    0.0006024008   65.8643573188   64.9327149870   -1.9346277904 
   0.0000000000     60.000      -60.000000   0.113801        955.7541    0.0000517679    0.0006135614   65.9345375764   64.9899547799   -1.9333060151 
   0.0000000000     61.000      -60.000000   0.113611        955.1626    0.0000520219    0.0006247462   66.0089048122   65.0516632153   -1.9319798911 
   0.0000000000     62.000      -60.000000   0.113417        954.5607    0.0000522863    0.0006359622   66.0873559215   65.1177338319   -1.9306491766 
   0.0000000000     63.000      -60.000000   0.113220        953.9484    0.0000525613    0.0006472163   66.1697920678   65.1880650491   -1.9293136343 
   0.0000000000     64.000      -60.000000   0.113020        953.3258    0.0000528467    0.0006585150   66.2561184387   65.2625599127   -1.9279730313 
   0.0000000000     65.000      -60.000000   0.112817        952.6928    0.0000531427    0.0006698649   66.3462440126   65.3411258497   -1.9266271385 
   0.0000000000     66.000      -60.000000   0.112611        952.0495    0.0000534492    0.0006812718   66.4400813333   65.4236744316   -1.9252757306 
   0.0000000000     67.000      -60.000000   0.112401        951.3956    0.0000537663    0.0006927419   66.5375462930   65.5101211465   -1.9239185862 
   0.0000000000     68.000      -60.000000   0.112189        950.7313    0.0000540940    0.0007042807   66.6385579252   65.6003851796   -1.9225554868 
   0.0000000000     69.000      -60.000000   0.111973        950.0564    0.0000544325    0.0007158938   66.7430382023   65.6943892010   -1.9211862174 
   0.0000000000     70.000      -60.000000   0.111753        949.3710    0.0000547817    0.0007275863   66.8509118443   65.7920591616   -1.9198105657 
   0.0000000000     71.000      -60.000000   0.111531        948.6749    0.0000551416    0.0007393635   66.9621061312   65.8933240953   -1.9184283224 
   0.0000000000     72.000      -60.000000   0.111305        947.9681    0.0000555125    0.0007512301   67.0765507252   65.9981159283   -1.9170392808 
   0.0000000000     73.000      -60.000000   0.111076        947.2506    0.0000558942    0.0007631910   67.1941774967   66.1063692952   -1.9156432365 
   0.0000000000     74.000      -60.000000   0.110844        946.5222    0.0000562870    0.0007752507   67.3149203586   66.2180213602   -1.9142399876 
   0.0000000000     75.000      -60.000000   0.110609        945.7830    0.0000566908    0.0007874135   67.4387151044   66.3330116452   -1.9128293343 
   0.0000000000     76.000      -60.000000   0.110370        945.0327    0.0000571058    0.0007996838   67.5654992541   66.4512818623   -1.9114110791 
   0.0000000000     77.000      -60.000000   0.110128        944.2715    0.0000575320    0.0008120654   67.6952119042   66.5727757520   -1.9099850262 
   0.0000000000     78.000      -60.000000   0.109882        943.4991    0.0000579695    0.0008245624   67.8277935822   66.6974389263   -1.9085509817 
   0.0000000000     79.000      -60.000000   0.109633        942.7155    0.0000584184    0.0008371784   67.9631861072   66.8252187159   -1.9071087537 
   0.0000000000     80.000      -60.000000   0.109381        941.9206    0.0000588788    0.0008499171   68.1013324547   66.9560640223   -1.9056581517 
   0.0000000000     81.000      -60.000000   0.109125        941.1143    0.0000593508    0.0008627818   68.2421766253   67.0899251738   -1.9041989869 
   0.0000000000     82.000      -60.000000   0.108866        940.2966    0.0000598345    0.0008757759   68.3856635190   67.2267537848   -1.9027310721 
   0.0000000000     83.000      -60.000000   0.108604        939.4673    0.0000603299    0.0008889025   68.5317388111   67.3665026197   -1.9012542214 
   0.0000000000     84.000      -60.000000   0.108338        938.6264    0.0000608372    0.0009021646   68.6803488354   67.5091254593   -1.8997682506 
   0.0000000000     85.000      -60.000000   0.108068        937.7737    0.0000613564    0.0009155649   68.8314404681   67.6545769710   -1.8982729767 
   0.0000000000     86.000      -60.000000   0.107796        936.9091    0.0000618877    0.0009291062   68.9849610170   67.8028125817   -1.8967682180 
   0.0000000000     87.000      -60.000000   0.107519        936.0326    0.0000624312    0.0009427909   69.1408581140   67.9537883537   -1.8952537943 
   0.0000000000     88.000      -60.000000   0.107239        935.1441    0.0000629869    0.0009566215   69.2990796106   68.1074608632   -1.8937295264 
   0.0000000000     89.000      -60.000000   0.106956        934.2434    0.0000635549    0.0009706002   69.4595734775   68.2637870818   -1.8921952368 
   0.0000000000     90.000      -60.000000   0.106669        933.3305    0.0000641354    0.0009847289   69.6222877058   68.4227242591   -1.8906507489 
   0.0000000000     91.000      -60.000000   0.106378        932.4052    0.0000647285    0.0009990096   69.7871702143   68.5842298098   -1.8890958876 
   0.0000000000     92.000      -60.000000   0.106084        931.4674    0.0000653342    0.0010134441   69.9541687564   68.7482612005   -1.8875304791 
   0.0000000000     93.000      -60.000000   0.105786        930.5171    0.0000659527    0.0010280337   70.1232308330   68.9147758408   -1.8859543510 
   0.0000000000     94.000      -60.000000   0.105484        929.5542    0.0000665840    0.0010427800   70.2943036069   69.0837309748   -1.8843673320 
   0.0000000000     95.000      -60.000000   0.105179        928.5788    0.0000672280    0.0010576805   70.4672923181   69.2550320496   -1.8827688516 
   0.0000000000     96.000      -60.000000   0.104870        927.5902    0.0000678852    0.0010727432   70.6422240158   69.4287358154   -1.8811595276 
   0.0000000000     97.000      -60.000000   0.104558        926.5886    0.0000685556    0.0010879655   70.8190049473   69.6047495972   -1.8795388074 
   0.0000000000     98.000      -60.000000   0.104241        925.5739    0.0000692391    0.0011033481   70.9975801283   69.7830289303   -1.8779065259 
   0.0000000000     99.000      -60.000000   0.103921        924.5461    0.0000699358    0.0011188914   71.1778938568   69.9635286737   -1.8762625194 
   0.0000000000    100.000      -60.000000   0.103597        923.5050    0.0000706459    0.0011345957   71.3598896459   70.1462029138   -1.8746066262 
   0.0000000000    101.000      -60.000000   0.103269        922.4504    0.0000713695    0.0011504609   71.5435101614   70.3310048701   -1.8729386863 
   0.0000000000    102.000      -60.000000   0.102938        921.3824    0.0000721064    0.0011664868   71.7286971602   70.5178868023   -1.8712585415 
   0.0000000000    103.000      -60.000000   0.102602        920.3008    0.0000728569    0.0011826730   71.9153914351   70.7067999192   -1.8695660359 
   0.0000000000    104.000      -60.000000   0.102263        919.2055    0.0000736210    0.0011990188   72.1035327597   70.8976942910   -1.8678610156 
   0.0000000000    105.000      -60.000000   0.101920        918.0965    0.0000743987    0.0012155234   72.2930598390   71.0905187616   -1.8661433289 
   0.0000000000    106.000      -60.000000   0.101573        916.9736    0.0000751900    0.0012321855   72.4839102633   71.2852208654   -1.8644128268 
   0.0000000000    107.000      -60.000000   0.101222        915.8367    0.0000759951    0.0012490038   72.6760204648   71.4817467444   -1.8626693625 
   0.0000000000    108.000      -60.000000   0.100868        914.6857    0.0000768138    0.0012659766   72.8693256782   71.6800410696   -1.8609127922 
   0.0000000000    109.000      -60.000000   0.100509        913.5207    0.0000776463    0.0012831018   73.0637599064   71.8800469636   -1.8591429748 
   0.0000000000    110.000      -60.000000   0.100146        912.3414    0.0000784925    0.0013003774   73.2592558883   72.0817059267   -1.8573597724 
   0.0000000000    111.000      -60.000000   0.099780        911.1478    0.0000793524    0.0013178007   73.4557450720   72.2849577660   -1.8555630503 
   0.0000000000    112.000      -60.000000   0.099410        909.9399    0.0000802259    0.0013353689   73.6531575912   72.4897405273   -1.8537526771 
   0.0000000000    113.000      -60.000000   0.099035        908.7176    0.0000811132    0.0013530790   73.8514222469   72.6959904311   -1.8519285252 
   0.0000000000    114.000      -60.000000   0.098657        907.4807    0.0000820140    0.0013709274   74.0504664920   72.9036418109   -1.8500904707 
   0.0000000000    115.000      -60.000000   0.098275        906.2294    0.0000829284    0.0013889103   74.2502164229   73.1126270570   -1.8482383939 
   0.0000000000    116.000      -60.000000   0.097889        904.9633    0.0000838563    0.0014070238   74.4505967726   73.3228765630   -1.8463721792 
   0.0000000000    117.000      -60.000000   0.097499        903.6827    0.0000847976    0.0014252633   74.6515309105   73.5343186776   -1.8444917158 
   0.0000000000    118.000      -60.000000   0.097105        902.3873    0.0000857522    0.0014436241   74.8529408461   73.7468796602   -1.8425968973 
   0.0000000000    119.000      -60.000000   0.096707        901.0772    0.0000867199    0.0014621010   75.0547472385   73.9604836425   -1.8406876225 
   0.0000000000    120.000      -60.000000   0.096305        899.7523    0.0000877008    0.0014806886   75.2568694104   74.1750525943   -1.8387637955 
   0.0000000000    121.000      -60.000000   0.095900        898.4127    0.0000886945    0.0014993809   75.4592253653   74.3905062953   -1.8368253259 
   0.0000000000    122.000      -60.000000   0.095490        897.0582    0.0000897010    0.0015181718   75.6617318138   74.6067623128   -1.8348721291 
   0.0000000000    123.000      -60.000000   0.095077        895.6888    0.0000907200    0.0015370546   75.8643042003   74.8237359854   -1.8329041264 
   0.0000000000    124.000      -60.000000   0.094660        894.3047    0.0000917514    0.0015560224   76.0668567384   75.0413404130   -1.8309212457 
   0.0000000000    125.000      -60.000000   0.094239        892.9056    0.0000927949    0.0015750678   76.2693024503   75.2594864541   -1.8289234215 
   0.0000000000    126.000      -60.000000   0.093814        891.4923    0.0000938500    0.0015941768   76.4715033450   75.4780121398   -1.8269102776 
