  #sigma_s    Temp(C) Press(Mpa) p_meanfield density (kg/m^3)      kappa      alpha Cp(J/molK) Cv(J/molK)  mu(J/mol)
   0.0000000000   -173.000      -40.000000   0.114092        914.3340    0.0000276647    0.0004727705   56.4497402600   55.2679684691   -2.2534013027 
   0.0000000000   -172.000      -40.000000   0.113960        913.9061    0.0000274145    0.0004633275   56.3906968621   55.2298166187   -2.2526012746 
   0.0000000000   -171.000      -40.000000   0.113831        913.4870    0.0000271680    0.0004541513   56.3338338275   55.1933204370   -2.2518026371 
   0.0000000000   -170.000      -40.000000   0.113705        913.0763    0.0000269250    0.0004452318   56.2790398766   55.1583896901   -2.2510056617 
   0.0000000000   -169.000      -40.000000   0.113581        912.6738    0.0000266856    0.0004365601   56.2262152135   55.1249400573   -2.2502103000 
   0.0000000000   -168.000      -40.000000   0.113460        912.2794    0.0000264496    0.0004281276   56.1752660555   55.0928926912   -2.2494165053 
   0.0000000000   -167.000      -40.000000   0.113341        911.8926    0.0000262171    0.0004199262   56.1261042100   55.0621738158   -2.2486242329 
   0.0000000000   -166.000      -40.000000   0.113225        911.5134    0.0000259880    0.0004119478   56.0786466891   55.0327143613   -2.2478334394 
   0.0000000000   -165.000      -40.000000   0.113111        911.1416    0.0000257623    0.0004041851   56.0328153550   55.0044496301   -2.2470440831 
   0.0000000000   -164.000      -40.000000   0.112999        910.7768    0.0000255398    0.0003966305   55.9885365978   54.9773189935   -2.2462561238 
   0.0000000000   -163.000      -40.000000   0.112889        910.4190    0.0000253206    0.0003892772   55.9457410389   54.9512656149   -2.2454695224 
   0.0000000000   -162.000      -40.000000   0.112781        910.0680    0.0000251046    0.0003821183   55.9043632625   54.9262361985   -2.2446842415 
   0.0000000000   -161.000      -40.000000   0.112676        909.7235    0.0000248917    0.0003751474   55.8643415683   54.9021807617   -2.2439002449 
   0.0000000000   -160.000      -40.000000   0.112572        909.3854    0.0000246819    0.0003683582   55.8256177478   54.8790524283   -2.2431174975 
   0.0000000000   -159.000      -40.000000   0.112471        909.0535    0.0000244752    0.0003617447   55.7881368809   54.8568072429   -2.2423359655 
   0.0000000000   -158.000      -40.000000   0.112371        908.7276    0.0000242714    0.0003553010   55.7518471513   54.8354040037   -2.2415556162 
   0.0000000000   -157.000      -40.000000   0.112273        908.4077    0.0000240707    0.0003490217   55.7166996808   54.8148041140   -2.2407764178 
   0.0000000000   -156.000      -40.000000   0.112177        908.0935    0.0000238728    0.0003429012   55.6826483801   54.7949714502   -2.2399983397 
   0.0000000000   -155.000      -40.000000   0.112083        907.7849    0.0000236778    0.0003369345   55.6496498170   54.7758722471   -2.2392213522 
   0.0000000000   -154.000      -40.000000   0.111990        907.4817    0.0000234856    0.0003311165   55.6176630999   54.7574749986   -2.2384454264 
   0.0000000000   -153.000      -40.000000   0.111899        907.1838    0.0000232961    0.0003254423   55.5866497766   54.7397503737   -2.2376705344 
   0.0000000000   -152.000      -40.000000   0.111810        906.8912    0.0000231094    0.0003199073   55.5565737489   54.7226711488   -2.2368966491 
   0.0000000000   -151.000      -40.000000   0.111722        906.6036    0.0000229254    0.0003145069   55.5274012007   54.7062121537   -2.2361237439 
   0.0000000000   -150.000      -40.000000   0.111635        906.3209    0.0000227439    0.0003092368   55.4991005417   54.6903502335   -2.2353517932 
   0.0000000000   -149.000      -40.000000   0.111551        906.0430    0.0000225651    0.0003040926   55.4716423654   54.6750642252   -2.2345807718 
   0.0000000000   -148.000      -40.000000   0.111467        905.7698    0.0000223888    0.0002990702   55.4449994213   54.6603349490   -2.2338106553 
   0.0000000000   -147.000      -40.000000   0.111385        905.5012    0.0000222150    0.0002941657   55.4191466021   54.6461452161   -2.2330414194 
   0.0000000000   -146.000      -40.000000   0.111305        905.2370    0.0000220437    0.0002893750   55.3940609455   54.6324798505   -2.2322730407 
   0.0000000000   -145.000      -40.000000   0.111226        904.9772    0.0000218749    0.0002846944   55.3697216519   54.6193257286   -2.2315054959 
   0.0000000000   -144.000      -40.000000   0.111148        904.7217    0.0000217084    0.0002801200   55.3461101168   54.6066718338   -2.2307387621 
   0.0000000000   -143.000      -40.000000   0.111071        904.4704    0.0000215443    0.0002756482   55.3232099797   54.5945093295   -2.2299728165 
   0.0000000000   -142.000      -40.000000   0.110996        904.2231    0.0000213825    0.0002712754   55.3010071892   54.5828316486   -2.2292076367 
   0.0000000000   -141.000      -40.000000   0.110922        903.9797    0.0000212230    0.0002669980   55.2794900861   54.5716346023   -2.2284432002 
   0.0000000000   -140.000      -40.000000   0.110849        903.7403    0.0000210658    0.0002628124   55.2586495027   54.5609165079   -2.2276794842 
   0.0000000000   -139.000      -40.000000   0.110777        903.5047    0.0000209109    0.0002587152   55.2384788820   54.5506783359   -2.2269164663 
   0.0000000000   -138.000      -40.000000   0.110707        903.2728    0.0000207581    0.0002547027   55.2189744159   54.5409238792   -2.2261541233 
   0.0000000000   -137.000      -40.000000   0.110637        903.0445    0.0000206076    0.0002507716   55.2001352022   54.5316599428   -2.2253924320 
   0.0000000000   -136.000      -40.000000   0.110569        902.8198    0.0000204593    0.0002469183   55.1819634243   54.5228965571   -2.2246313683 
   0.0000000000   -135.000      -40.000000   0.110502        902.5987    0.0000203132    0.0002431392   55.1644645513   54.5146472150   -2.2238709079 
   0.0000000000   -134.000      -40.000000   0.110436        902.3809    0.0000201692    0.0002394308   55.1476475617   54.5069291333   -2.2231110253 
   0.0000000000   -133.000      -40.000000   0.110371        902.1665    0.0000200274    0.0002357893   55.1315251904   54.4997635405   -2.2223516941 
   0.0000000000   -132.000      -40.000000   0.110306        901.9554    0.0000198878    0.0002322111   55.1161142006   54.4931759915   -2.2215928869 
   0.0000000000   -131.000      -40.000000   0.110243        901.7476    0.0000197503    0.0002286924   55.1014356811   54.4871967109   -2.2208345745 
   0.0000000000   -130.000      -40.000000   0.110181        901.5430    0.0000196150    0.0002252291   55.0875153717   54.4818609654   -2.2200767265 
   0.0000000000   -129.000      -40.000000   0.110120        901.3415    0.0000194819    0.0002218173   55.0743840148   54.4772094670   -2.2193193105 
   0.0000000000   -128.000      -40.000000   0.110060        901.1431    0.0000193509    0.0002184528   55.0620777373   54.4732888075   -2.2185622919 
   0.0000000000   -127.000      -40.000000   0.110001        900.9478    0.0000192222    0.0002151310   55.0506384621   54.4701519270   -2.2178056338 
   0.0000000000   -126.000      -40.000000   0.109942        900.7554    0.0000190958    0.0002118476   55.0401143511   54.4678586157   -2.2170492965 
   0.0000000000   -125.000      -40.000000   0.109885        900.5661    0.0000189716    0.0002085976   55.0305602803   54.4664760516   -2.2162932373 
   0.0000000000   -124.000      -40.000000   0.109828        900.3797    0.0000188498    0.0002053761   55.0220383481   54.4660793742   -2.2155374101 
   0.0000000000   -123.000      -40.000000   0.109773        900.1963    0.0000187303    0.0002021777   55.0146184188   54.4667522965   -2.2147817650 
   0.0000000000   -122.000      -40.000000   0.109718        900.0157    0.0000186133    0.0001989970   55.0083787005   54.4685877550   -2.2140262478 
   0.0000000000   -121.000      -40.000000   0.109664        899.8381    0.0000184988    0.0001958279   55.0034063600   54.4716885995   -2.2132707998 
   0.0000000000   -120.000      -40.000000   0.109611        899.6633    0.0000183869    0.0001926643   54.9997981751   54.4761683238   -2.2125153569 
   0.0000000000   -119.000      -40.000000   0.109559        899.4914    0.0000182777    0.0001894995   54.9976612244   54.4821518367   -2.2117598494 
   0.0000000000   -118.000      -40.000000   0.109508        899.3224    0.0000181712    0.0001863265   54.9971136161   54.4897762766   -2.2110042013 
   0.0000000000   -117.000      -40.000000   0.109458        899.1563    0.0000180677    0.0001831378   54.9982852566   54.4991918668   -2.2102483297 
   0.0000000000   -116.000      -40.000000   0.109408        898.9931    0.0000179671    0.0001799256   55.0013186585   54.5105628150   -2.2094921443 
   0.0000000000   -115.000      -40.000000   0.109360        898.8328    0.0000178698    0.0001766813   55.0063697887   54.5240682554   -2.2087355464 
   0.0000000000   -114.000      -40.000000   0.109312        898.6755    0.0000177757    0.0001733959   55.0136089574   54.5399032334   -2.2079784283 
   0.0000000000   -113.000      -40.000000   0.109265        898.5211    0.0000176851    0.0001700600   55.0232217467   54.5582797339   -2.2072206726 
   0.0000000000   -112.000      -40.000000   0.109220        898.3699    0.0000175982    0.0001666632   55.0354099791   54.5794277502   -2.2064621511 
   0.0000000000   -111.000      -40.000000   0.109175        898.2217    0.0000175151    0.0001631948   55.0503927252   54.6035963952   -2.2057027241 
   0.0000000000   -110.000      -40.000000   0.109131        898.0767    0.0000174362    0.0001596431   55.0684073503   54.6310550516   -2.2049422395 
   0.0000000000   -109.000      -40.000000   0.109088        897.9350    0.0000173615    0.0001559959   55.0897105969   54.6620945595   -2.2041805314 
   0.0000000000   -108.000      -40.000000   0.109046        897.7966    0.0000172915    0.0001522400   55.1145797023   54.6970284397   -2.2034174194 
   0.0000000000   -107.000      -40.000000   0.109005        897.6617    0.0000172264    0.0001483615   55.1433135494   54.7361941491   -2.2026527073 
   0.0000000000   -106.000      -40.000000   0.108966        897.5303    0.0000171664    0.0001443455   55.1762338472   54.7799543641   -2.2018861815 
   0.0000000000   -105.000      -40.000000   0.108927        897.4026    0.0000171120    0.0001401763   55.2136863365   54.8286982887   -2.2011176106 
   0.0000000000   -104.000      -40.000000   0.108890        897.2787    0.0000170634    0.0001358372   55.2560420188   54.8828429802   -2.2003467429 
   0.0000000000   -103.000      -40.000000   0.108853        897.1589    0.0000170212    0.0001313102   55.3036984003   54.9428346870   -2.1995733060 
   0.0000000000   -102.000      -40.000000   0.108819        897.0432    0.0000169856    0.0001265766   55.3570807470   55.0091501910   -2.1987970044 
   0.0000000000   -101.000      -40.000000   0.108785        896.9319    0.0000169572    0.0001216163   55.4166433429   55.0822981447   -2.1980175187 
   0.0000000000   -100.000      -40.000000   0.108753        896.8251    0.0000169364    0.0001164081   55.4828707415   55.1628203934   -2.1972345033 
   0.0000000000    -99.000      -40.000000   0.108722        896.7231    0.0000169238    0.0001109295   55.5562790032   55.2512932699   -2.1964475847 
   0.0000000000    -98.000      -40.000000   0.108693        896.6262    0.0000169198    0.0001051568   55.6374169041   55.3483288487   -2.1956563602 
   0.0000000000    -97.000      -40.000000   0.108665        896.5347    0.0000169252    0.0000990648   55.7268671046   55.4545761411   -2.1948603953 
   0.0000000000    -96.000      -40.000000   0.108639        896.4487    0.0000169404    0.0000926270   55.8252472629   55.5707222172   -2.1940592223 
   0.0000000000    -95.000      -40.000000   0.108615        896.3687    0.0000169663    0.0000858155   55.9332110736   55.6974932292   -2.1932523376 
   0.0000000000    -94.000      -40.000000   0.108593        896.2950    0.0000170035    0.0000786007   56.0514492140   55.8356553164   -2.1924392001 
   0.0000000000    -93.000      -40.000000   0.108572        896.2279    0.0000170527    0.0000709516   56.1806901731   55.9860153613   -2.1916192287 
   0.0000000000    -92.000      -40.000000   0.108554        896.1679    0.0000171149    0.0000628356   56.3217009407   56.1494215719   -2.1907918001 
   0.0000000000    -91.000      -40.000000   0.108538        896.1154    0.0000171907    0.0000542184   56.4752875234   56.3267638500   -2.1899562463 
   0.0000000000    -90.000      -40.000000   0.108525        896.0709    0.0000172812    0.0000450640   56.6422952595   56.5189739129   -2.1891118525 
   0.0000000000    -89.000      -40.000000   0.108514        896.0349    0.0000173874    0.0000353349   56.8236088930   56.7270251240   -2.1882578541 
   0.0000000000    -88.000      -40.000000   0.108506        896.0078    0.0000175101    0.0000249915   57.0201523689   56.9519319859   -2.1873934348 
   0.0000000000    -87.000      -40.000000   0.108501        895.9903    0.0000176505    0.0000139927   57.2328883018   57.1947492435   -2.1865177236 
   0.0000000000    -86.000      -40.000000   0.108498        895.9829    0.0000178098    0.0000022956   57.4628170717   57.4565705424   -2.1856297924 
   0.0000000000    -85.000      -40.000000   0.108499        895.9864    0.0000179891   -0.0000101444   57.7109754883   57.7385265766   -2.1847286538 
   0.0000000000    -84.000      -40.000000   0.108504        896.0013    0.0000181897   -0.0000233738   57.9784349660   58.0417826600   -2.1838132578 
   0.0000000000    -83.000      -40.000000   0.108512        896.0285    0.0000184129   -0.0000374408   58.2662991435   58.3675356459   -2.1828824902 
   0.0000000000    -82.000      -40.000000   0.108524        896.0687    0.0000186600   -0.0000523952   58.5757008753   58.7170101154   -2.1819351695 
   0.0000000000    -81.000      -40.000000   0.108541        896.1226    0.0000189325   -0.0000682883   58.9077985177   59.0914537465   -2.1809700451 
   0.0000000000    -80.000      -40.000000   0.108561        896.1913    0.0000192319   -0.0000851733   59.2637714293   59.4921317754   -2.1799857947 
   0.0000000000    -79.000      -40.000000   0.108587        896.2756    0.0000195598   -0.0001031043   59.6448145915   59.9203204491   -2.1789810227 
   0.0000000000    -78.000      -40.000000   0.108617        896.3765    0.0000199179   -0.0001221371   60.0521322604   60.3772993698   -2.1779542583 
   0.0000000000    -77.000      -40.000000   0.108653        896.4949    0.0000203077   -0.0001423282   60.4869305488   60.8643426245   -2.1769039539 
   0.0000000000    -76.000      -40.000000   0.108694        896.6320    0.0000207311   -0.0001637354   60.9504088347   61.3827085902   -2.1758284842 
   0.0000000000    -75.000      -40.000000   0.108742        896.7889    0.0000211898   -0.0001864167   61.4437498954   61.9336283082   -2.1747261453 
   0.0000000000    -74.000      -40.000000   0.108795        896.9668    0.0000216858   -0.0002104306   61.9681086549   62.5182923161   -2.1735951545 
   0.0000000000    -73.000      -40.000000   0.108856        897.1668    0.0000222209   -0.0002358355   62.5245994440   63.1378358340   -2.1724336506 
   0.0000000000    -72.000      -40.000000   0.108923        897.3903    0.0000227971   -0.0002626892   63.1142816691   63.7933222090   -2.1712396948 
   0.0000000000    -71.000      -40.000000   0.108998        897.6387    0.0000234165   -0.0002910485   63.7381437944   64.4857245303   -2.1700112725 
   0.0000000000    -70.000      -40.000000   0.109081        897.9133    0.0000240809   -0.0003209687   64.3970855531   65.2159053454   -2.1687462961 
   0.0000000000    -69.000      -40.000000   0.109173        898.2156    0.0000247925   -0.0003525027   65.0918983175   65.9845944301   -2.1674426081 
   0.0000000000    -68.000      -40.000000   0.109273        898.5470    0.0000255532   -0.0003857004   65.8232435807   66.7923645928   -2.1660979862 
   0.0000000000    -67.000      -40.000000   0.109383        898.9092    0.0000263652   -0.0004206077   66.5916295262   67.6396055320   -2.1647101492 
   0.0000000000    -66.000      -40.000000   0.109502        899.3037    0.0000272303   -0.0004572658   67.3973857080   68.5264958124   -2.1632767643 
   0.0000000000    -65.000      -40.000000   0.109632        899.7322    0.0000281505   -0.0004957096   68.2406358853   69.4529730759   -2.1617954561 
   0.0000000000    -64.000      -40.000000   0.109773        900.1963    0.0000291277   -0.0005359668   69.1212691421   70.4187026831   -2.1602638176 
   0.0000000000    -63.000      -40.000000   0.109925        900.6977    0.0000301636   -0.0005780565   70.0389094581   71.4230450475   -2.1586794226 
   0.0000000000    -62.000      -40.000000   0.110088        901.2381    0.0000312597   -0.0006219874   70.9928839945   72.4650220325   -2.1570398405 
   0.0000000000    -61.000      -40.000000   0.110265        901.8193    0.0000324176   -0.0006677564   71.9821904433   73.5432828751   -2.1553426534 
   0.0000000000    -60.000      -40.000000   0.110455        902.4431    0.0000336384   -0.0007153510   73.0055386156   74.6561574359   -2.1535850266 
   0.0000000000    -59.000      -40.000000   0.110658        903.1111    0.0000349229   -0.0007647307   74.0610353727   75.8012939109   -2.1517654371 
   0.0000000000    -58.000      -40.000000   0.110875        903.8250    0.0000362717   -0.0008158482   75.1465537829   76.9760960188   -2.1498812540 
   0.0000000000    -57.000      -40.000000   0.111107        904.5864    0.0000376852   -0.0008686328   76.2594475543   78.1773966934   -2.1479303275 
   0.0000000000    -56.000      -40.000000   0.111354        905.3970    0.0000391628   -0.0009229911   77.3965840064   79.4015044745   -2.1459106442 
   0.0000000000    -55.000      -40.000000   0.111616        906.2582    0.0000407040   -0.0009788045   78.5543199159   80.6441839972   -2.1438203600 
   0.0000000000    -54.000      -40.000000   0.111895        907.1715    0.0000423074   -0.0010359273   79.7284824927   81.9006431908   -2.1416578362 
   0.0000000000    -53.000      -40.000000   0.112191        908.1381    0.0000439707   -0.0010941836   80.9143569512   83.1655287695   -2.1394216775 
   0.0000000000    -52.000      -40.000000   0.112503        909.1591    0.0000456914   -0.0011533658   82.1066822794   84.4329316850   -2.1371107729 
   0.0000000000    -51.000      -40.000000   0.112833        910.2355    0.0000474656   -0.0012132320   83.2996569035   85.6964042377   -2.1347243374 
   0.0000000000    -50.000      -40.000000   0.113180        911.3679    0.0000492888   -0.0012735051   84.4869559803   86.9489904980   -2.1322619558 
   0.0000000000    -49.000      -40.000000   0.113545        912.5568    0.0000511556   -0.0013338710   85.6617620519   88.1832715671   -2.1297236258 
   0.0000000000    -48.000      -40.000000   0.113928        913.8026    0.0000530595   -0.0013939889   86.8169358469   89.3915711815   -2.1271090414 
   0.0000000000    -47.000      -40.000000   0.114329        915.1045    0.0000549924   -0.0014534535   87.9446006991   90.5654837975   -2.1244204982 
   0.0000000000    -46.000      -40.000000   0.114748        916.4624    0.0000569457   -0.0015118506   89.0369052668   91.6967582610   -2.1216588616 
   0.0000000000    -45.000      -40.000000   0.115184        917.8753    0.0000589094   -0.0015687261   90.0856849227   92.7769082979   -2.1188261791 
   0.0000000000    -44.000      -40.000000   0.115638        919.3417    0.0000608725   -0.0016235979   91.0826808788   93.7974618915   -2.1159250915 
   0.0000000000    -43.000      -40.000000   0.116108        920.8598    0.0000628229   -0.0016759623   92.0196716566   94.7501044213   -2.1129588508 
   0.0000000000    -42.000      -40.000000   0.116594        922.4274    0.0000647477   -0.0017253008   92.8886192299   95.6268329472   -2.1099313278 
   0.0000000000    -41.000      -40.000000   0.117096        924.0417    0.0000666331   -0.0017710899   93.6818268242   96.4201176380   -2.1068470081 
   0.0000000000    -40.000      -40.000000   0.117612        925.6993    0.0000684648   -0.0018128109   94.3921040943   97.1230653395   -2.1037109746 
   0.0000000000    -39.000      -40.000000   0.118142        927.3965    0.0000702281   -0.0018499625   95.0129344103   97.7295794554   -2.1005288759 
   0.0000000000    -38.000      -40.000000   0.118684        929.1295    0.0000719089   -0.0018820845   95.5387027684   98.2345875344   -2.0973057889 
   0.0000000000    -37.000      -40.000000   0.119236        930.8927    0.0000734920   -0.0019087264   95.9645799724   98.6338551090   -2.0940503333 
   0.0000000000    -36.000      -40.000000   0.119797        932.6813    0.0000749640   -0.0019295259   96.2870643904   98.9245795337   -2.0907685915 
   0.0000000000    -35.000      -40.000000   0.120366        934.4900    0.0000763122   -0.0019441787   96.5038161558   99.1051470210   -2.0874678610 
   0.0000000000    -34.000      -40.000000   0.120940        936.3130    0.0000775255   -0.0019524595   96.6138014535   99.1752597335   -2.0841556317 
   0.0000000000    -33.000      -40.000000   0.121518        938.1442    0.0000785942   -0.0019542303   96.6173313842   99.1359452213   -2.0808394781 
   0.0000000000    -32.000      -40.000000   0.122098        939.9776    0.0000795106   -0.0019494464   96.5160604734   98.9895274953   -2.0775269486 
   0.0000000000    -31.000      -40.000000   0.122677        941.8071    0.0000802693   -0.0019381585   96.3129438112   98.7395605806   -2.0742254539 
   0.0000000000    -30.000      -40.000000   0.123255        943.6264    0.0000808672   -0.0019205119   96.0121541992   98.3907275077   -2.0709421590 
   0.0000000000    -29.000      -40.000000   0.123828        945.4296    0.0000813036   -0.0018967419   95.6189630999   97.9487095913   -2.0676838835 
   0.0000000000    -28.000      -40.000000   0.124396        947.2109    0.0000815801   -0.0018671664   95.1395913426   97.4200323972   -2.0644570133 
   0.0000000000    -27.000      -40.000000   0.124956        948.9650    0.0000817005   -0.0018321749   94.5810371689   96.8118958056   -2.0612674253 
   0.0000000000    -26.000      -40.000000   0.125506        950.6866    0.0000816708   -0.0017922169   93.9508902460   96.1319960317   -2.0581204287 
   0.0000000000    -25.000      -40.000000   0.126046        952.3712    0.0000814986   -0.0017477874   93.2571405439   95.3883473182   -2.0550207235 
   0.0000000000    -24.000      -40.000000   0.126574        954.0144    0.0000811932   -0.0016994126   92.5079906260   94.5891103286   -2.0519723753 
   0.0000000000    -23.000      -40.000000   0.127087        955.6125    0.0000807649   -0.0016476361   91.7116788628   93.7424331915   -2.0489788075 
   0.0000000000    -22.000      -40.000000   0.127587        957.1624    0.0000802250   -0.0015930046   90.8763196817   92.8563097850   -2.0460428075 
   0.0000000000    -21.000      -40.000000   0.128070        958.6613    0.0000795852   -0.0015360568   90.0097652298   91.9384583648   -2.0431665471 
   0.0000000000    -20.000      -40.000000   0.128537        960.1069    0.0000788576   -0.0014773122   89.1194911074   90.9962221936   -2.0403516130 
   0.0000000000    -19.000      -40.000000   0.128987        961.4976    0.0000780540   -0.0014172632   88.2125071382   90.0364925012   -2.0375990461 
   0.0000000000    -18.000      -40.000000   0.129419        962.8320    0.0000771861   -0.0013563682   87.2952927194   89.0656530049   -2.0349093871 
   0.0000000000    -17.000      -40.000000   0.129834        964.1093    0.0000762653   -0.0012950474   86.3737551521   88.0895443690   -2.0322827252 
   0.0000000000    -16.000      -40.000000   0.130230        965.3291    0.0000753019   -0.0012336795   85.4532085262   87.1134463913   -2.0297187495 
   0.0000000000    -15.000      -40.000000   0.130608        966.4912    0.0000743061   -0.0011726012   84.5383702628   86.1420753798   -2.0272167998 
   0.0000000000    -14.000      -40.000000   0.130968        967.5958    0.0000732867   -0.0011121066   83.6333721793   85.1795940437   -2.0247759166 
   0.0000000000    -13.000      -40.000000   0.131309        968.6436    0.0000722521   -0.0010524487   82.7417829708   84.2296312810   -2.0223948882 
   0.0000000000    -12.000      -40.000000   0.131633        969.6351    0.0000712098   -0.0009938416   81.8666391893   83.2953094098   -2.0200722954 
   0.0000000000    -11.000      -40.000000   0.131939        970.5713    0.0000701662   -0.0009364623   81.0104820859   82.3792766374   -2.0178065513 
   0.0000000000    -10.000      -40.000000   0.132227        971.4533    0.0000691272   -0.0008804546   80.1753980589   81.4837428692   -2.0155959387 
   0.0000000000     -9.000      -40.000000   0.132499        972.2824    0.0000680977   -0.0008259314   79.3630608145   80.6105172558   -2.0134386425 
   0.0000000000     -8.000      -40.000000   0.132753        973.0599    0.0000670822   -0.0007729784   78.5747737460   79.7610461903   -2.0113327783 
   0.0000000000     -7.000      -40.000000   0.132992        973.7872    0.0000660841   -0.0007216570   77.8115113662   78.9364507494   -2.0092764174 
   0.0000000000     -6.000      -40.000000   0.133214        974.4659    0.0000651067   -0.0006720074   77.0739589437   78.1375628154   -2.0072676078 
   0.0000000000     -5.000      -40.000000   0.133422        975.0974    0.0000641523   -0.0006240516   76.3625497622   77.3649593447   -2.0053043928 
   0.0000000000     -4.000      -40.000000   0.133614        975.6834    0.0000632230   -0.0005777958   75.6774996315   76.6189944217   -2.0033848256 
   0.0000000000     -3.000      -40.000000   0.133792        976.2254    0.0000623204   -0.0005332332   75.0188384584   75.8998288841   -2.0015069821 
   0.0000000000     -2.000      -40.000000   0.133957        976.7251    0.0000614457   -0.0004903456   74.3864388163   75.2074574285   -1.9996689704 
   0.0000000000     -1.000      -40.000000   0.134107        977.1838    0.0000605996   -0.0004491060   73.7800415581   74.5417331873   -1.9978689395 
   0.0000000000      0.000      -40.000000   0.134246        977.6033    0.0000597829   -0.0004094799   73.1992785828   73.9023898368   -1.9961050848 
   0.0000000000      1.000      -40.000000   0.134371        977.9849    0.0000589959   -0.0003714268   72.6436929169   73.2890613434   -1.9943756536 
   0.0000000000      2.000      -40.000000   0.134485        978.3303    0.0000582386   -0.0003349017   72.1127563062   72.7012994875   -1.9926789475 
   0.0000000000      3.000      -40.000000   0.134587        978.6407    0.0000575111   -0.0002998562   71.6058845197   72.1385893167   -1.9910133256 
   0.0000000000      4.000      -40.000000   0.134679        978.9176    0.0000568131   -0.0002662394   71.1224505820   71.6003627010   -1.9893772055 
   0.0000000000      5.000      -40.000000   0.134759        979.1624    0.0000561443   -0.0002339987   70.6617961420   71.0860101535   -1.9877690638 
   0.0000000000      6.000      -40.000000   0.134830        979.3763    0.0000555042   -0.0002030804   70.2232411780   70.5948910850   -1.9861874363 
   0.0000000000      7.000      -40.000000   0.134891        979.5606    0.0000548924   -0.0001734306   69.8060922326   70.1263426521   -1.9846309174 
   0.0000000000      8.000      -40.000000   0.134942        979.7164    0.0000543084   -0.0001449953   69.4096493482   69.6796873476   -1.9830981593 
   0.0000000000      9.000      -40.000000   0.134984        979.8450    0.0000537514   -0.0001177211   69.0332118689   69.2542394762   -1.9815878707 
   0.0000000000     10.000      -40.000000   0.135018        979.9475    0.0000532208   -0.0000915551   68.6760832511   68.8493106416   -1.9800988153 
   0.0000000000     11.000      -40.000000   0.135044        980.0248    0.0000527159   -0.0000664458   68.3375750167   68.4642143680   -1.9786298103 
   0.0000000000     12.000      -40.000000   0.135061        980.0780    0.0000522361   -0.0000423425   68.0170099642   68.0982699572   -1.9771797245 
   0.0000000000     13.000      -40.000000   0.135071        980.1081    0.0000517806   -0.0000191961   67.7137247424   67.7508056832   -1.9757474765 
   0.0000000000     14.000      -40.000000   0.135074        980.1159    0.0000513487    0.0000030409   67.4270718775   67.4211614066   -1.9743320327 
   0.0000000000     15.000      -40.000000   0.135069        980.1021    0.0000509398    0.0000244123   67.1564976176   67.1087721581   -1.9729330503 
   0.0000000000     16.000      -40.000000   0.135058        980.0680    0.0000505530    0.0000449678   66.9012333938   66.8128392077   -1.9715482742 
   0.0000000000     17.000      -40.000000   0.135040        980.0142    0.0000501877    0.0000647475   66.6607684645   66.5328347831   -1.9701774711 
   0.0000000000     18.000      -40.000000   0.135016        979.9414    0.0000498432    0.0000837926   66.4345307870   66.2681621464   -1.9688197793 
   0.0000000000     19.000      -40.000000   0.134986        979.8502    0.0000495189    0.0001021427   66.2219686226   66.0182429472   -1.9674743754 
   0.0000000000     20.000      -40.000000   0.134950        979.7414    0.0000492141    0.0001198359   66.0225506537   65.7825177023   -1.9661404725 
   0.0000000000     21.000      -40.000000   0.134908        979.6156    0.0000489283    0.0001369083   65.8357659405   65.5604460786   -1.9648173183 
   0.0000000000     22.000      -40.000000   0.134862        979.4734    0.0000486607    0.0001533949   65.6611237439   65.3515070098   -1.9635041934 
   0.0000000000     23.000      -40.000000   0.134809        979.3153    0.0000484108    0.0001693290   65.4981532407   65.1551986740   -1.9622004099 
   0.0000000000     24.000      -40.000000   0.134752        979.1419    0.0000481782    0.0001847422   65.3464031530   64.9710383563   -1.9609053094 
   0.0000000000     25.000      -40.000000   0.134690        978.9537    0.0000479621    0.0001996650   65.2054413084   64.7985622158   -1.9596182620 
   0.0000000000     26.000      -40.000000   0.134623        978.7511    0.0000477622    0.0002141264   65.0748541474   64.6373249746   -1.9583386645 
   0.0000000000     27.000      -40.000000   0.134552        978.5347    0.0000475779    0.0002281540   64.9542461911   64.4868995447   -1.9570659388 
   0.0000000000     28.000      -40.000000   0.134476        978.3047    0.0000474087    0.0002417741   64.8432394787   64.3468766042   -1.9557995312 
   0.0000000000     29.000      -40.000000   0.134396        978.0617    0.0000472543    0.0002550120   64.7414729866   64.2168641361   -1.9545389107 
   0.0000000000     30.000      -40.000000   0.134312        977.8060    0.0000471141    0.0002678916   64.6486020334   64.0964869358   -1.9532835679 
   0.0000000000     31.000      -40.000000   0.134224        977.5380    0.0000469879    0.0002804357   64.5642976803   63.9853860993   -1.9520330137 
   0.0000000000     32.000      -40.000000   0.134132        977.2579    0.0000468751    0.0002926661   64.4882461298   63.8832184952   -1.9507867786 
   0.0000000000     33.000      -40.000000   0.134036        976.9660    0.0000467755    0.0003046037   64.4201481282   63.7896562296   -1.9495444113 
   0.0000000000     34.000      -40.000000   0.133936        976.6628    0.0000466887    0.0003162680   64.3597183756   63.7043861054   -1.9483054780 
   0.0000000000     35.000      -40.000000   0.133833        976.3483    0.0000466144    0.0003276782   64.3066849443   63.6271090829   -1.9470695612 
   0.0000000000     36.000      -40.000000   0.133726        976.0230    0.0000465522    0.0003388520   64.2607887113   63.5575397434   -1.9458362589 
   0.0000000000     37.000      -40.000000   0.133615        975.6869    0.0000465019    0.0003498067   64.2217828025   63.4954057586   -1.9446051840 
   0.0000000000     38.000      -40.000000   0.133501        975.3404    0.0000464633    0.0003605585   64.1894320531   63.4404473692   -1.9433759631 
   0.0000000000     39.000      -40.000000   0.133384        974.9837    0.0000464359    0.0003711231   64.1635124839   63.3924168731   -1.9421482361 
   0.0000000000     40.000      -40.000000   0.133264        974.6168    0.0000464197    0.0003815154   64.1438107939   63.3510781254   -1.9409216554 
   0.0000000000     41.000      -40.000000   0.133140        974.2401    0.0000464144    0.0003917494   64.1301238701   63.3162060508   -1.9396958850 
   0.0000000000     42.000      -40.000000   0.133013        973.8535    0.0000464198    0.0004018388   64.1222583152   63.2875861705   -1.9384706002 
   0.0000000000     43.000      -40.000000   0.132883        973.4574    0.0000464357    0.0004117965   64.1200299917   63.2650141424   -1.9372454866 
   0.0000000000     44.000      -40.000000   0.132751        973.0518    0.0000464619    0.0004216348   64.1232635839   63.2482953158   -1.9360202401 
   0.0000000000     45.000      -40.000000   0.132615        972.6369    0.0000464982    0.0004313655   64.1317921772   63.2372443017   -1.9347945656 
   0.0000000000     46.000      -40.000000   0.132476        972.2127    0.0000465445    0.0004409999   64.1454568534   63.2316845570   -1.9335681772 
   0.0000000000     47.000      -40.000000   0.132334        971.7794    0.0000466006    0.0004505487   64.1641063034   63.2314479846   -1.9323407971 
   0.0000000000     48.000      -40.000000   0.132189        971.3371    0.0000466665    0.0004600223   64.1875964549   63.2363745473   -1.9311121558 
   0.0000000000     49.000      -40.000000   0.132042        970.8858    0.0000467419    0.0004694305   64.2157901165   63.2463118969   -1.9298819910 
   0.0000000000     50.000      -40.000000   0.131891        970.4256    0.0000468269    0.0004787827   64.2485566368   63.2611150174   -1.9286500475 
   0.0000000000     51.000      -40.000000   0.131738        969.9566    0.0000469212    0.0004880880   64.2857715775   63.2806458822   -1.9274160768 
   0.0000000000     52.000      -40.000000   0.131582        969.4787    0.0000470248    0.0004973550   64.3273164006   63.3047731248   -1.9261798368 
   0.0000000000     53.000      -40.000000   0.131423        968.9922    0.0000471376    0.0005065920   64.3730781701   63.3333717230   -1.9249410912 
   0.0000000000     54.000      -40.000000   0.131262        968.4970    0.0000472595    0.0005158070   64.4229492652   63.3663226958   -1.9236996092 
   0.0000000000     55.000      -40.000000   0.131097        967.9931    0.0000473905    0.0005250077   64.4768271070   63.4035128129   -1.9224551656 
   0.0000000000     56.000      -40.000000   0.130930        967.4806    0.0000475305    0.0005342013   64.5346138966   63.4448343155   -1.9212075399 
   0.0000000000     57.000      -40.000000   0.130760        966.9594    0.0000476795    0.0005433949   64.5962163643   63.4901846499   -1.9199565164 
   0.0000000000     58.000      -40.000000   0.130588        966.4297    0.0000478375    0.0005525953   64.6615455302   63.5394662106   -1.9187018837 
   0.0000000000     59.000      -40.000000   0.130413        965.8913    0.0000480043    0.0005618089   64.7305164750   63.5925860953   -1.9174434347 
   0.0000000000     60.000      -40.000000   0.130236        965.3446    0.0000481799    0.0005710410   64.8030163963   63.6494195081   -1.9161804607 
   0.0000000000     61.000      -40.000000   0.130055        964.7891    0.0000483644    0.0005802995   64.8790306408   63.7099541966   -1.9149137641 
   0.0000000000     62.000      -40.000000   0.129872        964.2249    0.0000485578    0.0005895895   64.9584540641   63.7740743514   -1.9136426516 
   0.0000000000     63.000      -40.000000   0.129686        963.6521    0.0000487601    0.0005989163   65.0412158830   63.8417036229   -1.9123669303 
   0.0000000000     64.000      -40.000000   0.129497        963.0706    0.0000489711    0.0006082854   65.1272483657   63.9127692803   -1.9110864104 
   0.0000000000     65.000      -40.000000   0.129306        962.4804    0.0000491910    0.0006177020   65.2164866552   63.9872020218   -1.9098009047 
   0.0000000000     66.000      -40.000000   0.129112        961.8815    0.0000494198    0.0006271711   65.3088685987   64.0649357906   -1.9085102290 
   0.0000000000     67.000      -40.000000   0.128915        961.2739    0.0000496574    0.0006366975   65.4043345849   64.1459075991   -1.9072142013 
   0.0000000000     68.000      -40.000000   0.128716        960.6574    0.0000499040    0.0006462859   65.5028273868   64.2300573597   -1.9059126421 
   0.0000000000     69.000      -40.000000   0.128513        960.0321    0.0000501594    0.0006559407   65.6042920120   64.3173277226   -1.9046053742 
   0.0000000000     70.000      -40.000000   0.128308        959.3980    0.0000504238    0.0006656663   65.7086755567   64.4076639188   -1.9032922222 
   0.0000000000     71.000      -40.000000   0.128101        958.7548    0.0000506972    0.0006754670   65.8159270674   64.5010136102   -1.9019730128 
   0.0000000000     72.000      -40.000000   0.127890        958.1027    0.0000509796    0.0006853467   65.9259974064   64.5973267440   -1.9006475745 
   0.0000000000     73.000      -40.000000   0.127677        957.4415    0.0000512711    0.0006953094   66.0388391224   64.6965554133   -1.8993157374 
   0.0000000000     74.000      -40.000000   0.127461        956.7713    0.0000515717    0.0007053588   66.1544063260   64.7986537222   -1.8979773333 
   0.0000000000     75.000      -40.000000   0.127242        956.0918    0.0000518815    0.0007154987   66.2726545698   64.9035776554   -1.8966321951 
   0.0000000000     76.000      -40.000000   0.127020        955.4031    0.0000522005    0.0007257326   66.3935407316   65.0112849525   -1.8952801576 
   0.0000000000     77.000      -40.000000   0.126796        954.7050    0.0000525288    0.0007360639   66.5170229030   65.1217349865   -1.8939210565 
   0.0000000000     78.000      -40.000000   0.126569        953.9976    0.0000528664    0.0007464958   66.6430602798   65.2348886457   -1.8925547287 
   0.0000000000     79.000      -40.000000   0.126338        953.2807    0.0000532134    0.0007570316   66.7716130584   65.3507082194   -1.8911810125 
   0.0000000000     80.000      -40.000000   0.126105        952.5542    0.0000535699    0.0007676744   66.9026423326   65.4691572875   -1.8897997470 
   0.0000000000     81.000      -40.000000   0.125869        951.8181    0.0000539359    0.0007784270   67.0361099960   65.5902006127   -1.8884107723 
   0.0000000000     82.000      -40.000000   0.125630        951.0723    0.0000543116    0.0007892925   67.1719786458   65.7138040359   -1.8870139295 
   0.0000000000     83.000      -40.000000   0.125388        950.3168    0.0000546969    0.0008002734   67.3102114901   65.8399343745   -1.8856090605 
   0.0000000000     84.000      -40.000000   0.125144        949.5513    0.0000550920    0.0008113726   67.4507722580   65.9685593232   -1.8841960081 
   0.0000000000     85.000      -40.000000   0.124896        948.7758    0.0000554970    0.0008225924   67.5936251111   66.0996473575   -1.8827746159 
   0.0000000000     86.000      -40.000000   0.124645        947.9903    0.0000559118    0.0008339354   67.7387345592   66.2331676389   -1.8813447281 
   0.0000000000     87.000      -40.000000   0.124391        947.1947    0.0000563367    0.0008454039   67.8860653766   66.3690899232   -1.8799061897 
   0.0000000000     88.000      -40.000000   0.124134        946.3888    0.0000567716    0.0008570001   68.0355825216   66.5073844698   -1.8784588464 
   0.0000000000     89.000      -40.000000   0.123874        945.5725    0.0000572167    0.0008687262   68.1872510577   66.6480219535   -1.8770025447 
   0.0000000000     90.000      -40.000000   0.123611        944.7458    0.0000576721    0.0008805841   68.3410360773   66.7909733778   -1.8755371315 
   0.0000000000     91.000      -40.000000   0.123345        943.9086    0.0000581378    0.0008925757   68.4969026265   66.9362099902   -1.8740624545 
   0.0000000000     92.000      -40.000000   0.123075        943.0608    0.0000586139    0.0009047030   68.6548156324   67.0837031984   -1.8725783621 
   0.0000000000     93.000      -40.000000   0.122803        942.2022    0.0000591005    0.0009169674   68.8147398321   67.2334244882   -1.8710847032 
   0.0000000000     94.000      -40.000000   0.122527        941.3328    0.0000595977    0.0009293708   68.9766397038   67.3853453434   -1.8695813276 
   0.0000000000     95.000      -40.000000   0.122248        940.4524    0.0000601056    0.0009419144   69.1404793990   67.5394371658   -1.8680680855 
   0.0000000000     96.000      -40.000000   0.121966        939.5611    0.0000606242    0.0009545997   69.3062226769   67.6956711971   -1.8665448280 
   0.0000000000     97.000      -40.000000   0.121680        938.6586    0.0000611536    0.0009674278   69.4738328403   67.8540184423   -1.8650114069 
   0.0000000000     98.000      -40.000000   0.121392        937.7448    0.0000616940    0.0009803999   69.6432726734   68.0144495931   -1.8634676747 
   0.0000000000     99.000      -40.000000   0.121100        936.8198    0.0000622454    0.0009935169   69.8145043809   68.1769349535   -1.8619134846 
   0.0000000000    100.000      -40.000000   0.120804        935.8833    0.0000628078    0.0010067798   69.9874895295   68.3414443659   -1.8603486910 
   0.0000000000    101.000      -40.000000   0.120506        934.9353    0.0000633814    0.0010201891   70.1621889905   68.5079471377   -1.8587731488 
   0.0000000000    102.000      -40.000000   0.120204        933.9756    0.0000639662    0.0010337455   70.3385628840   68.6764119702   -1.8571867141 
   0.0000000000    103.000      -40.000000   0.119898        933.0042    0.0000645624    0.0010474493   70.5165705257   68.8468068872   -1.8555892438 
   0.0000000000    104.000      -40.000000   0.119590        932.0210    0.0000651699    0.0010613009   70.6961703748   69.0190991652   -1.8539805961 
   0.0000000000    105.000      -40.000000   0.119278        931.0258    0.0000657888    0.0010753004   70.8773199839   69.1932552648   -1.8523606303 
   0.0000000000    106.000      -40.000000   0.118962        930.0187    0.0000664192    0.0010894477   71.0599759504   69.3692407625   -1.8507292067 
   0.0000000000    107.000      -40.000000   0.118643        928.9994    0.0000670612    0.0011037426   71.2440938714   69.5470202842   -1.8490861874 
   0.0000000000    108.000      -40.000000   0.118320        927.9678    0.0000677148    0.0011181848   71.4296282987   69.7265574393   -1.8474314354 
   0.0000000000    109.000      -40.000000   0.117995        926.9244    0.0000683797    0.0011327695   71.6164857318   69.9077570227   -1.8457643819 
   0.0000000000    110.000      -40.000000   0.117665        925.8682    0.0000690566    0.0011475041   71.8047100237   70.0906927609   -1.8440857448 
   0.0000000000    111.000      -40.000000   0.117332        924.7995    0.0000697453    0.0011623838   71.9942076815   70.2752700634   -1.8423949739 
   0.0000000000    112.000      -40.000000   0.116996        923.7182    0.0000704457    0.0011774074   72.1849286739   70.4614478368   -1.8406919392 
   0.0000000000    113.000      -40.000000   0.116656        922.6243    0.0000711579    0.0011925736   72.3768217365   70.6491836625   -1.8389765127 
   0.0000000000    114.000      -40.000000   0.116312        921.5176    0.0000718819    0.0012078809   72.5698343417   70.8384337392   -1.8372485686 
   0.0000000000    115.000      -40.000000   0.115965        920.3981    0.0000726178    0.0012233275   72.7639126705   71.0291528275   -1.8355079831 
   0.0000000000    116.000      -40.000000   0.115614        919.2656    0.0000733655    0.0012389116   72.9590015880   71.2212941966   -1.8337546353 
   0.0000000000    117.000      -40.000000   0.115260        918.1202    0.0000741249    0.0012546309   73.1550446202   71.4148095720   -1.8319884064 
   0.0000000000    118.000      -40.000000   0.114902        916.9618    0.0000748962    0.0012704830   73.3519839358   71.6096490864   -1.8302091807 
   0.0000000000    119.000      -40.000000   0.114540        915.7902    0.0000756793    0.0012864652   73.5497603298   71.8057612325   -1.8284168451 
   0.0000000000    120.000      -40.000000   0.114175        914.6055    0.0000764742    0.0013025747   73.7483132095   72.0030928182   -1.8266112899 
   0.0000000000    121.000      -40.000000   0.113807        913.4075    0.0000772807    0.0013188083   73.9475805857   72.2015889249   -1.8247924084 
   0.0000000000    122.000      -40.000000   0.113434        912.1962    0.0000780989    0.0013351626   74.1474990663   72.4011928681   -1.8229600975 
   0.0000000000    123.000      -40.000000   0.113058        910.9716    0.0000789287    0.0013516338   74.3480038523   72.6018461614   -1.8211142578 
   0.0000000000    124.000      -40.000000   0.112679        909.7336    0.0000797700    0.0013682181   74.5490287388   72.8034884841   -1.8192547936 
   0.0000000000    125.000      -40.000000   0.112296        908.4821    0.0000806228    0.0013849112   74.7505061207   73.0060576514   -1.8173816134 
   0.0000000000    126.000      -40.000000   0.111909        907.2172    0.0000814868    0.0014017086   74.9523669990   73.2094895891   -1.8154946298 
