  #sigma_s    Temp(C) Press(Mpa) p_meanfield density (kg/m^3)      kappa      alpha Cp(J/molK) Cv(J/molK)  mu(J/mol)
   0.0000000000   -173.000      200.000000   0.290286        965.5328    0.0000192095    0.0006942587   61.1572217944   56.0268054842   -2.0277131032 
   0.0000000000   -172.000      200.000000   0.290070        964.8696    0.0000194974    0.0006798227   61.1061830738   56.0885726509   -2.0266537806 
   0.0000000000   -171.000      200.000000   0.289860        964.2211    0.0000198172    0.0006647006   61.0625018109   56.1631998250   -2.0255958281 
   0.0000000000   -170.000      200.000000   0.289654        963.5880    0.0000201723    0.0006488207   61.0266486182   56.2516835295   -2.0245389358 
   0.0000000000   -169.000      200.000000   0.289454        962.9710    0.0000205661    0.0006321079   60.9991147898   56.3550492065   -2.0234827631 
   0.0000000000   -168.000      200.000000   0.289259        962.3709    0.0000210036    0.0006144824   60.9804471795   56.4744286728   -2.0224269360 
   0.0000000000   -167.000      200.000000   0.289071        961.7886    0.0000214891    0.0005958507   60.9712615528   56.6110833636   -2.0213710432 
   0.0000000000   -166.000      200.000000   0.288888        961.2250    0.0000220280    0.0005761132   60.9722196389   56.7663627142   -2.0203146327 
   0.0000000000   -165.000      200.000000   0.288712        960.6814    0.0000226260    0.0005551619   60.9840314201   56.9416931286   -2.0192572089 
   0.0000000000   -164.000      200.000000   0.288543        960.1588    0.0000232893    0.0005328747   61.0074968810   57.1386699604   -2.0181982272 
   0.0000000000   -163.000      200.000000   0.288382        959.6585    0.0000240250    0.0005091185   61.0434675017   57.3589833594   -2.0171370902 
   0.0000000000   -162.000      200.000000   0.288228        959.1821    0.0000248407    0.0004837468   61.0928705380   57.6044572606   -2.0160731415 
   0.0000000000   -161.000      200.000000   0.288082        958.7311    0.0000257450    0.0004565961   61.1567094985   57.8770594367   -2.0150056604 
   0.0000000000   -160.000      200.000000   0.287945        958.3072    0.0000267470    0.0004274845   61.2360774062   58.1789151924   -2.0139338547 
   0.0000000000   -159.000      200.000000   0.287818        957.9124    0.0000278579    0.0003962113   61.3321598010   58.5123104816   -2.0128568535 
   0.0000000000   -158.000      200.000000   0.287700        957.5488    0.0000290891    0.0003625513   61.4462228131   58.8796855108   -2.0117736984 
   0.0000000000   -157.000      200.000000   0.287594        957.2188    0.0000304537    0.0003262518   61.5796558653   59.2836868428   -2.0106833339 
   0.0000000000   -156.000      200.000000   0.287499        956.9251    0.0000319673    0.0002870298   61.7339438701   59.7271394468   -2.0095845959 
   0.0000000000   -155.000      200.000000   0.287417        956.6705    0.0000336465    0.0002445637   61.9107090583   60.2131012917   -2.0084761995 
   0.0000000000   -154.000      200.000000   0.287349        956.4582    0.0000355107    0.0001984913   62.1116914264   60.7448303671   -2.0073567240 
   0.0000000000   -153.000      200.000000   0.287295        956.2919    0.0000375822    0.0001483963   62.3387928318   61.3258664541   -2.0062245961 
   0.0000000000   -152.000      200.000000   0.287257        956.1756    0.0000398866    0.0000938029   62.5940656489   61.9599967268   -2.0050780698 
   0.0000000000   -151.000      200.000000   0.287238        956.1144    0.0000424556    0.0000341259   62.8799706819   62.6517709454   -2.0039138666 
   0.0000000000   -150.000      200.000000   0.287238        956.1125    0.0000453208   -0.0000312161   63.1985623049   63.4048215659   -2.0027321123 
   0.0000000000   -149.000      200.000000   0.287258        956.1760    0.0000485244   -0.0001029978   63.5526691458   64.2242500721   -2.0015293059 
   0.0000000000   -148.000      200.000000   0.287302        956.3116    0.0000521154   -0.0001821046   63.9452121276   65.1152089887   -2.0003026889 
   0.0000000000   -147.000      200.000000   0.287371        956.5268    0.0000561518   -0.0002695904   64.3793928141   66.0832538733   -1.9990491472 
   0.0000000000   -146.000      200.000000   0.287468        956.8301    0.0000607047   -0.0003667255   64.8587766845   67.1344367194   -1.9977651491 
   0.0000000000   -145.000      200.000000   0.287597        957.2315    0.0000658601   -0.0004750544   65.3873194521   68.2753102986   -1.9964466702 
   0.0000000000   -144.000      200.000000   0.287763        957.7443    0.0000717328   -0.0005966149   65.9701434965   69.5143905170   -1.9950867274 
   0.0000000000   -143.000      200.000000   0.287968        958.3798    0.0000784484   -0.0007336067   66.6113618420   70.8574965927   -1.9936836575 
   0.0000000000   -142.000      200.000000   0.288218        959.1556    0.0000861847   -0.0008891579   67.3173220459   72.3142092533   -1.9922294733 
   0.0000000000   -141.000      200.000000   0.288522        960.0931    0.0000951799   -0.0010674099   68.0958033487   73.8957747366   -1.9907143545 
   0.0000000000   -140.000      200.000000   0.288884        961.2144    0.0001057242   -0.0012733731   68.9541750409   75.6107518267   -1.9891326365 
   0.0000000000   -139.000      200.000000   0.289316        962.5507    0.0001182417   -0.0015143259   69.9034995638   77.4723601528   -1.9874717672 
   0.0000000000   -138.000      200.000000   0.289833        964.1443    0.0001333501   -0.0018008233   70.9590860635   79.4977161761   -1.9857141937 
   0.0000000000   -137.000      200.000000   0.290449        966.0413    0.0001518911   -0.0021470910   72.1375765346   81.6991374073   -1.9838474692 
   0.0000000000   -136.000      200.000000   0.291191        968.3185    0.0001752858   -0.0025770702   73.4696315150   84.1029322700   -1.9818406382 
   0.0000000000   -135.000      200.000000   0.292090        971.0722    0.0002057772   -0.0031282232   74.9973936329   86.7325234723   -1.9796631781 
   0.0000000000   -134.000      200.000000   0.293199        974.4584    0.0002475270   -0.0038696330   76.7989559683   89.6267369865   -1.9772612004 
   0.0000000000   -133.000      200.000000   0.294598        978.7174    0.0003088478   -0.0049382142   79.0220979619   92.8309595101   -1.9745603354 
   0.0000000000   -132.000      200.000000   0.296456        984.3381    0.0004111047   -0.0066835882   82.0496420481   96.4432341459   -1.9713996843 
   0.0000000000   -131.000      200.000000   0.299166        992.4817    0.0006324500   -0.0103742830   87.2613830292  100.6576868831   -1.9674187323 
   0.0000000000   -130.000      200.000000   0.304888       1009.4633    0.0022364097   -0.0362996527  116.9370142828  106.4304929535   -1.9607005179 
   0.0000000000   -129.000      200.000000   0.362836       1167.5495    0.0001797947    0.0000358328   69.6901201065   69.5998654877   -1.9253502853 
   0.0000000000   -128.000      200.000000   0.362800       1167.4577    0.0001661940    0.0001193576   69.3701526656   69.0447103224   -1.9239738533 
   0.0000000000   -127.000      200.000000   0.362728       1167.2764    0.0001546634    0.0001888335   69.0847265690   68.5336581310   -1.9226107494 
   0.0000000000   -126.000      200.000000   0.362628       1167.0212    0.0001447393    0.0002475201   68.8261206159   68.0597939229   -1.9212586482 
   0.0000000000   -125.000      200.000000   0.362504       1166.7032    0.0001360971    0.0002976783   68.5889837916   67.6181014234   -1.9199162322 
   0.0000000000   -124.000      200.000000   0.362356       1166.3286    0.0001285130    0.0003408427   68.3697185147   67.2054677984   -1.9185840199 
   0.0000000000   -123.000      200.000000   0.362192       1165.9102    0.0001217694    0.0003785318   68.1645608448   66.8167171058   -1.9172580510 
   0.0000000000   -122.000      200.000000   0.362012       1165.4498    0.0001157509    0.0004115045   67.9717806051   66.4505719194   -1.9159400708 
   0.0000000000   -121.000      200.000000   0.361817       1164.9528    0.0001103426    0.0004405449   67.7894640015   66.1045329744   -1.9146292487 
   0.0000000000   -120.000      200.000000   0.361609       1164.4237    0.0001054549    0.0004662570   67.6161414552   65.7766242364   -1.9133250833 
   0.0000000000   -119.000      200.000000   0.361393       1163.8695    0.0001009998    0.0004892444   67.4502695973   65.4641194038   -1.9120248058 
   0.0000000000   -118.000      200.000000   0.361164       1163.2872    0.0000969471    0.0005096755   67.2915626441   65.1674906219   -1.9107322860 
   0.0000000000   -117.000      200.000000   0.360929       1162.6849    0.0000932235    0.0005280606   67.1386566086   64.8838348195   -1.9094434108 
   0.0000000000   -116.000      200.000000   0.360684       1162.0603    0.0000898078    0.0005445125   66.9913672377   64.6134549327   -1.9081613364 
   0.0000000000   -115.000      200.000000   0.360434       1161.4199    0.0000866483    0.0005593952   66.8487085341   64.3540928521   -1.9068824968 
   0.0000000000   -114.000      200.000000   0.360176       1160.7612    0.0000837321    0.0005727648   66.7106255031   64.1061539160   -1.9056101105 
   0.0000000000   -113.000      200.000000   0.359914       1160.0903    0.0000810183    0.0005849120   66.5763107229   63.8676148604   -1.9043403844 
   0.0000000000   -112.000      200.000000   0.359647       1159.4061    0.0000784949    0.0005958978   66.4456629994   63.6385412509   -1.9030752653 
   0.0000000000   -111.000      200.000000   0.359374       1158.7084    0.0000761473    0.0006058044   66.3185030213   63.4187023359   -1.9018159279 
   0.0000000000   -110.000      200.000000   0.359099       1158.0020    0.0000739481    0.0006148300   66.1942698749   63.2065640947   -1.9005589789 
   0.0000000000   -109.000      200.000000   0.358820       1157.2858    0.0000718898    0.0006230074   66.0729207368   63.0022097731   -1.8993062059 
   0.0000000000   -108.000      200.000000   0.358536       1156.5593    0.0000699643    0.0006303766   65.9543815513   62.8056008779   -1.8980591273 
   0.0000000000   -107.000      200.000000   0.358251       1155.8271    0.0000681499    0.0006370986   65.8381839660   62.6153307596   -1.8968138611 
   0.0000000000   -106.000      200.000000   0.357964       1155.0879    0.0000664431    0.0006431797   65.7243503415   62.4316050734   -1.8955724988 
   0.0000000000   -105.000      200.000000   0.357675       1154.3423    0.0000648350    0.0006486749   65.6127411257   62.2540651678   -1.8943349227 
   0.0000000000   -104.000      200.000000   0.357383       1153.5910    0.0000633178    0.0006536330   65.5032337763   62.0823850396   -1.8931010361 
   0.0000000000   -103.000      200.000000   0.357087       1152.8334    0.0000618876    0.0006580701   65.3958074836   61.9165818944   -1.8918722749 
   0.0000000000   -102.000      200.000000   0.356793       1152.0730    0.0000605310    0.0006620854   65.2901672047   61.7556800123   -1.8906452291 
   0.0000000000   -101.000      200.000000   0.356497       1151.3087    0.0000592465    0.0006656782   65.1863410104   61.5998342299   -1.8894217282 
   0.0000000000   -100.000      200.000000   0.356199       1150.5409    0.0000580289    0.0006688799   65.0842492568   61.4488069812   -1.8882017015 
   0.0000000000    -99.000      200.000000   0.355901       1149.7701    0.0000568736    0.0006717190   64.9838196962   61.3023779842   -1.8869850876 
   0.0000000000    -98.000      200.000000   0.355602       1148.9967    0.0000557761    0.0006742211   64.8849879983   61.1603439733   -1.8857718322 
   0.0000000000    -97.000      200.000000   0.355302       1148.2211    0.0000547328    0.0006764095   64.7876948369   61.0225150435   -1.8845618871 
   0.0000000000    -96.000      200.000000   0.355000       1147.4426    0.0000537419    0.0006782885   64.6919407101   60.8889232637   -1.8833565567 
   0.0000000000    -95.000      200.000000   0.354699       1146.6638    0.0000527961    0.0006799148   64.5975578496   60.7589454589   -1.8821528909 
   0.0000000000    -94.000      200.000000   0.354398       1145.8838    0.0000518947    0.0006812850   64.5045687838   60.6326840039   -1.8809524514 
   0.0000000000    -93.000      200.000000   0.354097       1145.1029    0.0000510350    0.0006824156   64.4129317687   60.5099913670   -1.8797551959 
   0.0000000000    -92.000      200.000000   0.353796       1144.3213    0.0000502144    0.0006833217   64.3226085171   60.3907290733   -1.8785610852 
   0.0000000000    -91.000      200.000000   0.353495       1143.5393    0.0000494307    0.0006840172   64.2335637192   60.2747672716   -1.8773700834 
   0.0000000000    -90.000      200.000000   0.353194       1142.7572    0.0000486817    0.0006845150   64.1457649568   60.1619832071   -1.8761821564 
   0.0000000000    -89.000      200.000000   0.352893       1141.9751    0.0000479655    0.0006848269   64.0591818885   60.0522612472   -1.8749972724 
   0.0000000000    -88.000      200.000000   0.352593       1141.1932    0.0000472800    0.0006849640   63.9737866626   59.9454918991   -1.8738154008 
   0.0000000000    -87.000      200.000000   0.352291       1140.4109    0.0000466250    0.0006849246   63.8895880647   59.8417259992   -1.8726379313 
   0.0000000000    -86.000      200.000000   0.351992       1139.6303    0.0000459961    0.0006847440   63.8064863544   59.7405337321   -1.8714618305 
   0.0000000000    -85.000      200.000000   0.351693       1138.8505    0.0000453933    0.0006844170   63.7245004699   59.6420032229   -1.8702886804 
   0.0000000000    -84.000      200.000000   0.351394       1138.0717    0.0000448152    0.0006839520   63.6436091027   59.5460454444   -1.8691184509 
   0.0000000000    -83.000      200.000000   0.351097       1137.2940    0.0000442605    0.0006833568   63.5637922519   59.4525756943   -1.8679511127 
   0.0000000000    -82.000      200.000000   0.350799       1136.5175    0.0000437280    0.0006826388   63.4850309960   59.3615132859   -1.8667866380 
   0.0000000000    -81.000      200.000000   0.350503       1135.7425    0.0000432165    0.0006818049   63.4073077045   59.2727816197   -1.8656249993 
   0.0000000000    -80.000      200.000000   0.350207       1134.9690    0.0000427251    0.0006808615   63.3306058071   59.1863076717   -1.8644661700 
   0.0000000000    -79.000      200.000000   0.349913       1134.1971    0.0000422527    0.0006798149   63.2549095567   59.1020216780   -1.8633101241 
   0.0000000000    -78.000      200.000000   0.349619       1133.4270    0.0000417983    0.0006786707   63.1802041764   59.0198571692   -1.8621568357 
   0.0000000000    -77.000      200.000000   0.349326       1132.6588    0.0000413611    0.0006774344   63.1064756361   58.9397505420   -1.8610062796 
   0.0000000000    -76.000      200.000000   0.349033       1131.8925    0.0000409403    0.0006761112   63.0337106809   58.8616410727   -1.8598584307 
   0.0000000000    -75.000      200.000000   0.348742       1131.1283    0.0000405350    0.0006747058   62.9618967425   58.7854706431   -1.8587132640 
   0.0000000000    -74.000      200.000000   0.348452       1130.3663    0.0000401446    0.0006732230   62.8910218382   58.7111836048   -1.8575707549 
   0.0000000000    -73.000      200.000000   0.348163       1129.6064    0.0000397683    0.0006716670   62.8210746683   58.6387266824   -1.8564308787 
   0.0000000000    -72.000      200.000000   0.347875       1128.8489    0.0000394055    0.0006700421   62.7520443859   58.5680487808   -1.8552936109 
   0.0000000000    -71.000      200.000000   0.347588       1128.0937    0.0000390556    0.0006683523   62.6839207487   58.4991009943   -1.8541589270 
   0.0000000000    -70.000      200.000000   0.347301       1127.3403    0.0000387185    0.0006665959   62.6167025948   58.4319052953   -1.8530279991 
   0.0000000000    -69.000      200.000000   0.347016       1126.5902    0.0000383925    0.0006647877   62.5503617891   58.3662712508   -1.8518983200 
   0.0000000000    -68.000      200.000000   0.346733       1125.8426    0.0000380777    0.0006629253   62.4848996996   58.3022328530   -1.8507711596 
   0.0000000000    -67.000      200.000000   0.346451       1125.0976    0.0000377737    0.0006610118   62.4203077679   58.2397484704   -1.8496464926 
   0.0000000000    -66.000      200.000000   0.346170       1124.3553    0.0000374798    0.0006590504   62.3565778258   58.1787780877   -1.8485242935 
   0.0000000000    -65.000      200.000000   0.345890       1123.6157    0.0000371958    0.0006570441   62.2937020283   58.1192832158   -1.8474045370 
   0.0000000000    -64.000      200.000000   0.345611       1122.8789    0.0000369212    0.0006549957   62.2316728758   58.0612268870   -1.8462871977 
   0.0000000000    -63.000      200.000000   0.345334       1122.1448    0.0000366555    0.0006529081   62.1704832328   58.0045736191   -1.8451722503 
   0.0000000000    -62.000      200.000000   0.345058       1121.4136    0.0000363984    0.0006507837   62.1101262280   57.9492892289   -1.8440596693 
   0.0000000000    -61.000      200.000000   0.344783       1120.6853    0.0000361495    0.0006486251   62.0505952620   57.8953408135   -1.8429494293 
   0.0000000000    -60.000      200.000000   0.344509       1119.9599    0.0000359085    0.0006464348   61.9918840862   57.8426968207   -1.8418415048 
   0.0000000000    -59.000      200.000000   0.344237       1119.2374    0.0000356751    0.0006442149   61.9339866318   57.7913267836   -1.8407358702 
   0.0000000000    -58.000      200.000000   0.343966       1118.5179    0.0000354489    0.0006419678   61.8768971291   57.7412014353   -1.8396324998 
   0.0000000000    -57.000      200.000000   0.343696       1117.8013    0.0000352296    0.0006396955   61.8206100357   57.6922925715   -1.8385313679 
   0.0000000000    -56.000      200.000000   0.343427       1117.0878    0.0000350170    0.0006374001   61.7651200504   57.6445730797   -1.8374324486 
   0.0000000000    -55.000      200.000000   0.343160       1116.3773    0.0000348107    0.0006350837   61.7104220702   57.5980168125   -1.8363357161 
   0.0000000000    -54.000      200.000000   0.342895       1115.6699    0.0000346106    0.0006327479   61.6565112309   57.5525986097   -1.8352411442 
   0.0000000000    -53.000      200.000000   0.342630       1114.9655    0.0000344163    0.0006303948   61.6033828619   57.5082942474   -1.8341487067 
   0.0000000000    -52.000      200.000000   0.342367       1114.2641    0.0000342277    0.0006280259   61.5510324981   57.4650803876   -1.8330583774 
   0.0000000000    -51.000      200.000000   0.342105       1113.5659    0.0000340446    0.0006256431   61.4994558541   57.4229345480   -1.8319701300 
   0.0000000000    -50.000      200.000000   0.341844       1112.8708    0.0000338666    0.0006232480   61.4486488324   57.3818350828   -1.8308839378 
   0.0000000000    -49.000      200.000000   0.341585       1112.1788    0.0000336937    0.0006208421   61.3986075182   57.3417611289   -1.8297997743 
   0.0000000000    -48.000      200.000000   0.341327       1111.4898    0.0000335255    0.0006184268   61.3493281717   57.3026926001   -1.8287176127 
   0.0000000000    -47.000      200.000000   0.341071       1110.8040    0.0000333620    0.0006160038   61.3008072220   57.2646101653   -1.8276374260 
   0.0000000000    -46.000      200.000000   0.340815       1110.1213    0.0000332029    0.0006135744   61.2530412478   57.2274951617   -1.8265591875 
   0.0000000000    -45.000      200.000000   0.340561       1109.4418    0.0000330482    0.0006111399   61.2060269983   57.1913296521   -1.8254828697 
   0.0000000000    -44.000      200.000000   0.340309       1108.7653    0.0000328975    0.0006087016   61.1597613726   57.1560963457   -1.8244084457 
   0.0000000000    -43.000      200.000000   0.340057       1108.0919    0.0000327508    0.0006062609   61.1142414156   57.1217785822   -1.8233358878 
   0.0000000000    -42.000      200.000000   0.339807       1107.4217    0.0000326079    0.0006038189   61.0694643242   57.0883603323   -1.8222651687 
   0.0000000000    -41.000      200.000000   0.339559       1106.7546    0.0000324688    0.0006013769   61.0254274333   57.0558261561   -1.8211962607 
   0.0000000000    -40.000      200.000000   0.339311       1106.0906    0.0000323331    0.0005989359   60.9821282084   57.0241611764   -1.8201291361 
   0.0000000000    -39.000      200.000000   0.339065       1105.4296    0.0000322009    0.0005964971   60.9395642600   56.9933510819   -1.8190637669 
   0.0000000000    -38.000      200.000000   0.338819       1104.7713    0.0000320722    0.0005940597   60.8977275901   56.9634030982   -1.8180011860 
   0.0000000000    -37.000      200.000000   0.338576       1104.1166    0.0000319464    0.0005916285   60.8566275891   56.9342604862   -1.8169391998 
   0.0000000000    -36.000      200.000000   0.338334       1103.4649    0.0000318237    0.0005892025   60.8162564623   56.9059330667   -1.8158788869 
   0.0000000000    -35.000      200.000000   0.338093       1102.8163    0.0000317040    0.0005867828   60.7766123086   56.8784085367   -1.8148202189 
   0.0000000000    -34.000      200.000000   0.337853       1102.1707    0.0000315871    0.0005843702   60.7376933580   56.8516750737   -1.8137631671 
   0.0000000000    -33.000      200.000000   0.337615       1101.5282    0.0000314730    0.0005819657   60.6994979468   56.8257212995   -1.8127077027 
   0.0000000000    -32.000      200.000000   0.337378       1100.8886    0.0000313616    0.0005795700   60.6620245250   56.8005362689   -1.8116537968 
   0.0000000000    -31.000      200.000000   0.337142       1100.2521    0.0000312527    0.0005771842   60.6252716547   56.7761094590   -1.8106014204 
   0.0000000000    -30.000      200.000000   0.336907       1099.6186    0.0000311464    0.0005748089   60.5892380016   56.7524307567   -1.8095505444 
   0.0000000000    -29.000      200.000000   0.336674       1098.9880    0.0000310424    0.0005724451   60.5539223416   56.7294904408   -1.8085011396 
   0.0000000000    -28.000      200.000000   0.336442       1098.3604    0.0000309408    0.0005700933   60.5193235452   56.7072791692   -1.8074531766 
   0.0000000000    -27.000      200.000000   0.336211       1097.7357    0.0000308414    0.0005677545   60.4854405880   56.6857879665   -1.8064066261 
   0.0000000000    -26.000      200.000000   0.335981       1097.1139    0.0000307442    0.0005654293   60.4522725391   56.6650082160   -1.8053614583 
   0.0000000000    -25.000      200.000000   0.335752       1096.4950    0.0000306491    0.0005631184   60.4198185629   56.6449316397   -1.8043176436 
   0.0000000000    -24.000      200.000000   0.335525       1095.8790    0.0000305561    0.0005608225   60.3880779181   56.6255502965   -1.8032751522 
   0.0000000000    -23.000      200.000000   0.335299       1095.2659    0.0000304651    0.0005585423   60.3570499503   56.6068565616   -1.8022339541 
   0.0000000000    -22.000      200.000000   0.335074       1094.6555    0.0000303760    0.0005562784   60.3267340943   56.5888431232   -1.8011940194 
   0.0000000000    -21.000      200.000000   0.334850       1094.0480    0.0000302888    0.0005540313   60.2971298731   56.5715029711   -1.8001553179 
   0.0000000000    -20.000      200.000000   0.334627       1093.4433    0.0000302034    0.0005518018   60.2682368892   56.5548293837   -1.7991178193 
   0.0000000000    -19.000      200.000000   0.334406       1092.8413    0.0000301198    0.0005495903   60.2400548310   56.5388159214   -1.7980814931 
   0.0000000000    -18.000      200.000000   0.334185       1092.2420    0.0000300379    0.0005473975   60.2125834623   56.5234564129   -1.7970463090 
   0.0000000000    -17.000      200.000000   0.333966       1091.6455    0.0000299576    0.0005452239   60.1858226280   56.5087449540   -1.7960122363 
   0.0000000000    -16.000      200.000000   0.333748       1091.0517    0.0000298790    0.0005430700   60.1597722464   56.4946758921   -1.7949792443 
   0.0000000000    -15.000      200.000000   0.333531       1090.4605    0.0000298020    0.0005409363   60.1344323113   56.4812438199   -1.7939473021 
   0.0000000000    -14.000      200.000000   0.333315       1089.8719    0.0000297265    0.0005388234   60.1098028878   56.4684435688   -1.7929163788 
   0.0000000000    -13.000      200.000000   0.333100       1089.2860    0.0000296525    0.0005367318   60.0858841107   56.4562701989   -1.7918864433 
   0.0000000000    -12.000      200.000000   0.332886       1088.7026    0.0000295799    0.0005346618   60.0626761852   56.4447189941   -1.7908574644 
   0.0000000000    -11.000      200.000000   0.332673       1088.1218    0.0000295088    0.0005326140   60.0401793812   56.4337854511   -1.7898294108 
   0.0000000000    -10.000      200.000000   0.332461       1087.5435    0.0000294391    0.0005305888   60.0183940341   56.4234652750   -1.7888022512 
   0.0000000000     -9.000      200.000000   0.332250       1086.9677    0.0000293708    0.0005285866   59.9973205435   56.4137543717   -1.7877759540 
   0.0000000000     -8.000      200.000000   0.332040       1086.3944    0.0000293038    0.0005266079   59.9769593701   56.4046488415   -1.7867504876 
   0.0000000000     -7.000      200.000000   0.331832       1085.8235    0.0000292381    0.0005246530   59.9573110361   56.3961449742   -1.7857258202 
   0.0000000000     -6.000      200.000000   0.331624       1085.2551    0.0000291737    0.0005227225   59.9383761200   56.3882392376   -1.7847019201 
   0.0000000000     -5.000      200.000000   0.331417       1084.6890    0.0000291105    0.0005208165   59.9201552605   56.3809282793   -1.7836787551 
   0.0000000000     -4.000      200.000000   0.331211       1084.1252    0.0000290485    0.0005189357   59.9026491505   56.3742089142   -1.7826562933 
   0.0000000000     -3.000      200.000000   0.331006       1083.5638    0.0000289878    0.0005170802   59.8858585371   56.3680781223   -1.7816345024 
   0.0000000000     -2.000      200.000000   0.330802       1083.0046    0.0000289282    0.0005152505   59.8697842209   56.3625330422   -1.7806133502 
   0.0000000000     -1.000      200.000000   0.330599       1082.4477    0.0000288698    0.0005134469   59.8544270545   56.3575709666   -1.7795928043 
   0.0000000000      0.000      200.000000   0.330397       1081.8931    0.0000288125    0.0005116697   59.8397879408   56.3531893373   -1.7785728320 
   0.0000000000      1.000      200.000000   0.330196       1081.3406    0.0000287564    0.0005099194   59.8258678307   56.3493857382   -1.7775534009 
   0.0000000000      2.000      200.000000   0.329996       1080.7903    0.0000287013    0.0005081961   59.8126677253   56.3461578948   -1.7765344781 
   0.0000000000      3.000      200.000000   0.329796       1080.2421    0.0000286473    0.0005065003   59.8001886696   56.3435036642   -1.7755160309 
   0.0000000000      4.000      200.000000   0.329598       1079.6960    0.0000285944    0.0005048322   59.7884317565   56.3414210348   -1.7744980261 
   0.0000000000      5.000      200.000000   0.329400       1079.1519    0.0000285425    0.0005031921   59.7773981225   56.3399081220   -1.7734804309 
   0.0000000000      6.000      200.000000   0.329203       1078.6099    0.0000284917    0.0005015804   59.7670889482   56.3389631624   -1.7724632119 
   0.0000000000      7.000      200.000000   0.329007       1078.0699    0.0000284419    0.0004999973   59.7575054547   56.3385845081   -1.7714463359 
   0.0000000000      8.000      200.000000   0.328812       1077.5319    0.0000283931    0.0004984430   59.7486489065   56.3387706283   -1.7704297695 
   0.0000000000      9.000      200.000000   0.328617       1076.9957    0.0000283454    0.0004969180   59.7405206081   56.3395201012   -1.7694134792 
   0.0000000000     10.000      200.000000   0.328423       1076.4615    0.0000282986    0.0004954223   59.7331219028   56.3408316117   -1.7683974313 
   0.0000000000     11.000      200.000000   0.328231       1075.9291    0.0000282528    0.0004939564   59.7264541727   56.3427039469   -1.7673815921 
   0.0000000000     12.000      200.000000   0.328038       1075.3986    0.0000282079    0.0004925204   59.7205188382   56.3451359961   -1.7663659278 
   0.0000000000     13.000      200.000000   0.327847       1074.8698    0.0000281641    0.0004911147   59.7153173560   56.3481267432   -1.7653504044 
   0.0000000000     14.000      200.000000   0.327656       1074.3428    0.0000281211    0.0004897394   59.7108512194   56.3516752678   -1.7643349878 
   0.0000000000     15.000      200.000000   0.327466       1073.8175    0.0000280792    0.0004883948   59.7071219569   56.3557807386   -1.7633196438 
   0.0000000000     16.000      200.000000   0.327277       1073.2939    0.0000280381    0.0004870811   59.7041311311   56.3604424128   -1.7623043382 
   0.0000000000     17.000      200.000000   0.327088       1072.7719    0.0000279980    0.0004857986   59.7018803398   56.3656596331   -1.7612890366 
   0.0000000000     18.000      200.000000   0.326900       1072.2516    0.0000279589    0.0004845475   59.7003712132   56.3714318245   -1.7602737044 
   0.0000000000     19.000      200.000000   0.326713       1071.7328    0.0000279206    0.0004833281   59.6996054149   56.3777584918   -1.7592583070 
   0.0000000000     20.000      200.000000   0.326527       1071.2156    0.0000278833    0.0004821405   59.6995846394   56.3846392172   -1.7582428097 
   0.0000000000     21.000      200.000000   0.326341       1070.6999    0.0000278469    0.0004809849   59.7003106139   56.3920736582   -1.7572271776 
   0.0000000000     22.000      200.000000   0.326155       1070.1856    0.0000278114    0.0004798616   59.7017850964   56.4000615459   -1.7562113757 
   0.0000000000     23.000      200.000000   0.325970       1069.6728    0.0000277769    0.0004787709   59.7040098751   56.4086026807   -1.7551953690 
   0.0000000000     24.000      200.000000   0.325786       1069.1613    0.0000277432    0.0004777128   59.7069867684   56.4176969330   -1.7541791223 
   0.0000000000     25.000      200.000000   0.325603       1068.6512    0.0000277104    0.0004766876   59.7107176243   56.4273442388   -1.7531626003 
   0.0000000000     26.000      200.000000   0.325420       1068.1425    0.0000276786    0.0004756956   59.7152043200   56.4375445995   -1.7521457675 
   0.0000000000     27.000      200.000000   0.325237       1067.6350    0.0000276477    0.0004747368   59.7204487614   56.4482980792   -1.7511285884 
   0.0000000000     28.000      200.000000   0.325055       1067.1288    0.0000276176    0.0004738116   59.7264528830   56.4596048027   -1.7501110273 
   0.0000000000     29.000      200.000000   0.324874       1066.6238    0.0000275885    0.0004729200   59.7332186470   56.4714649543   -1.7490930485 
   0.0000000000     30.000      200.000000   0.324693       1066.1199    0.0000275603    0.0004720624   59.7407480437   56.4838787762   -1.7480746161 
   0.0000000000     31.000      200.000000   0.324512       1065.6172    0.0000275330    0.0004712388   59.7490430906   56.4968465667   -1.7470556941 
   0.0000000000     32.000      200.000000   0.324333       1065.1156    0.0000275066    0.0004704495   59.7581058326   56.5103686784   -1.7460362464 
   0.0000000000     33.000      200.000000   0.324153       1064.6150    0.0000274811    0.0004696947   59.7679383412   56.5244455175   -1.7450162367 
   0.0000000000     34.000      200.000000   0.323974       1064.1155    0.0000274565    0.0004689746   59.7785427148   56.5390775417   -1.7439956286 
   0.0000000000     35.000      200.000000   0.323795       1063.6169    0.0000274329    0.0004682893   59.7899210782   56.5542652592   -1.7429743857 
   0.0000000000     36.000      200.000000   0.323617       1063.1193    0.0000274101    0.0004676389   59.8020755822   56.5700092276   -1.7419524714 
   0.0000000000     37.000      200.000000   0.323439       1062.6226    0.0000273883    0.0004670238   59.8150084039   56.5863100521   -1.7409298490 
   0.0000000000     38.000      200.000000   0.323262       1062.1268    0.0000273674    0.0004664441   59.8287217463   56.6031683847   -1.7399064815 
   0.0000000000     39.000      200.000000   0.323085       1061.6318    0.0000273475    0.0004659000   59.8432178379   56.6205849234   -1.7388823321 
   0.0000000000     40.000      200.000000   0.322908       1061.1375    0.0000273285    0.0004653916   59.8584989328   56.6385604105   -1.7378573636 
   0.0000000000     41.000      200.000000   0.322732       1060.6441    0.0000273104    0.0004649191   59.8745673106   56.6570956316   -1.7368315388 
   0.0000000000     42.000      200.000000   0.322556       1060.1513    0.0000272932    0.0004644827   59.8914252762   56.6761914152   -1.7358048203 
   0.0000000000     43.000      200.000000   0.322381       1059.6592    0.0000272771    0.0004640826   59.9090751596   56.6958486312   -1.7347771708 
   0.0000000000     44.000      200.000000   0.322205       1059.1678    0.0000272618    0.0004637189   59.9275193159   56.7160681900   -1.7337485525 
   0.0000000000     45.000      200.000000   0.322030       1058.6769    0.0000272475    0.0004633919   59.9467601250   56.7368510421   -1.7327189277 
   0.0000000000     46.000      200.000000   0.321855       1058.1866    0.0000272342    0.0004631017   59.9667999920   56.7581981766   -1.7316882587 
   0.0000000000     47.000      200.000000   0.321681       1057.6968    0.0000272219    0.0004628485   59.9876413465   56.7801106206   -1.7306565073 
   0.0000000000     48.000      200.000000   0.321507       1057.2075    0.0000272105    0.0004626324   60.0092866427   56.8025894389   -1.7296236355 
   0.0000000000     49.000      200.000000   0.321333       1056.7186    0.0000272002    0.0004624537   60.0317383597   56.8256357323   -1.7285896050 
   0.0000000000     50.000      200.000000   0.321159       1056.2301    0.0000271908    0.0004623125   60.0549990006   56.8492506376   -1.7275543773 
   0.0000000000     51.000      200.000000   0.320985       1055.7419    0.0000271824    0.0004622090   60.0790710933   56.8734353267   -1.7265179140 
   0.0000000000     52.000      200.000000   0.320812       1055.2541    0.0000271750    0.0004621433   60.1039571898   56.8981910058   -1.7254801764 
   0.0000000000     53.000      200.000000   0.320639       1054.7666    0.0000271686    0.0004621157   60.1296598662   56.9235189146   -1.7244411256 
   0.0000000000     54.000      200.000000   0.320466       1054.2793    0.0000271633    0.0004621263   60.1561817229   56.9494203261   -1.7234007228 
   0.0000000000     55.000      200.000000   0.320293       1053.7921    0.0000271590    0.0004621753   60.1835253841   56.9758965456   -1.7223589287 
   0.0000000000     56.000      200.000000   0.320120       1053.3052    0.0000271557    0.0004622629   60.2116934976   57.0029489098   -1.7213157042 
   0.0000000000     57.000      200.000000   0.319947       1052.8183    0.0000271535    0.0004623893   60.2406887353   57.0305787869   -1.7202710099 
   0.0000000000     58.000      200.000000   0.319775       1052.3315    0.0000271523    0.0004625545   60.2705137924   57.0587875754   -1.7192248063 
   0.0000000000     59.000      200.000000   0.319602       1051.8448    0.0000271522    0.0004627590   60.3011713874   57.0875767038   -1.7181770535 
   0.0000000000     60.000      200.000000   0.319430       1051.3580    0.0000271532    0.0004630027   60.3326642622   57.1169476298   -1.7171277120 
   0.0000000000     61.000      200.000000   0.319258       1050.8712    0.0000271553    0.0004632859   60.3649951816   57.1469018399   -1.7160767415 
   0.0000000000     62.000      200.000000   0.319086       1050.3843    0.0000271584    0.0004636087   60.3981669330   57.1774408488   -1.7150241021 
   0.0000000000     63.000      200.000000   0.318913       1049.8973    0.0000271627    0.0004639715   60.4321823266   57.2085661985   -1.7139697533 
   0.0000000000     64.000      200.000000   0.318741       1049.4100    0.0000271680    0.0004643742   60.4670441948   57.2402794581   -1.7129136549 
   0.0000000000     65.000      200.000000   0.318569       1048.9226    0.0000271745    0.0004648172   60.5027553920   57.2725822232   -1.7118557660 
   0.0000000000     66.000      200.000000   0.318397       1048.4349    0.0000271822    0.0004653006   60.5393187942   57.3054761149   -1.7107960461 
   0.0000000000     67.000      200.000000   0.318224       1047.9469    0.0000271909    0.0004658246   60.5767372990   57.3389627797   -1.7097344541 
   0.0000000000     68.000      200.000000   0.318052       1047.4586    0.0000272009    0.0004663894   60.6150138249   57.3730438887   -1.7086709490 
   0.0000000000     69.000      200.000000   0.317880       1046.9699    0.0000272120    0.0004669952   60.6541513110   57.4077211366   -1.7076054895 
   0.0000000000     70.000      200.000000   0.317707       1046.4807    0.0000272243    0.0004676421   60.6941527166   57.4429962420   -1.7065380342 
   0.0000000000     71.000      200.000000   0.317535       1045.9911    0.0000272377    0.0004683305   60.7350210208   57.4788709457   -1.7054685414 
   0.0000000000     72.000      200.000000   0.317362       1045.5010    0.0000272524    0.0004690604   60.7767592222   57.5153470108   -1.7043969695 
   0.0000000000     73.000      200.000000   0.317190       1045.0103    0.0000272683    0.0004698321   60.8193703376   57.5524262217   -1.7033232765 
   0.0000000000     74.000      200.000000   0.317017       1044.5190    0.0000272854    0.0004706457   60.8628574026   57.5901103835   -1.7022474202 
   0.0000000000     75.000      200.000000   0.316844       1044.0271    0.0000273038    0.0004715016   60.9072234699   57.6284013215   -1.7011693585 
   0.0000000000     76.000      200.000000   0.316671       1043.5345    0.0000273234    0.0004723997   60.9524716095   57.6673008799   -1.7000890487 
   0.0000000000     77.000      200.000000   0.316497       1043.0411    0.0000273442    0.0004733405   60.9986049076   57.7068109218   -1.6990064484 
   0.0000000000     78.000      200.000000   0.316324       1042.5470    0.0000273664    0.0004743241   61.0456264656   57.7469333279   -1.6979215145 
   0.0000000000     79.000      200.000000   0.316150       1042.0521    0.0000273898    0.0004753506   61.0935394001   57.7876699957   -1.6968342043 
   0.0000000000     80.000      200.000000   0.315976       1041.5563    0.0000274146    0.0004764203   61.1423468414   57.8290228391   -1.6957444743 
   0.0000000000     81.000      200.000000   0.315802       1041.0597    0.0000274407    0.0004775335   61.1920519329   57.8709937872   -1.6946522814 
   0.0000000000     82.000      200.000000   0.315628       1040.5620    0.0000274681    0.0004786902   61.2426578300   57.9135847834   -1.6935575818 
   0.0000000000     83.000      200.000000   0.315453       1040.0634    0.0000274968    0.0004798908   61.2941676994   57.9567977849   -1.6924603319 
   0.0000000000     84.000      200.000000   0.315278       1039.5638    0.0000275269    0.0004811355   61.3465847180   58.0006347612   -1.6913604876 
   0.0000000000     85.000      200.000000   0.315103       1039.0631    0.0000275584    0.0004824244   61.3999120713   58.0450976935   -1.6902580048 
   0.0000000000     86.000      200.000000   0.314927       1038.5612    0.0000275912    0.0004837578   61.4541529530   58.0901885735   -1.6891528392 
   0.0000000000     87.000      200.000000   0.314751       1038.0582    0.0000276255    0.0004851359   61.5093105633   58.1359094023   -1.6880449463 
   0.0000000000     88.000      200.000000   0.314575       1037.5540    0.0000276612    0.0004865589   61.5653881079   58.1822621896   -1.6869342812 
   0.0000000000     89.000      200.000000   0.314399       1037.0486    0.0000276983    0.0004880271   61.6223887963   58.2292489524   -1.6858207990 
   0.0000000000     90.000      200.000000   0.314222       1036.5418    0.0000277369    0.0004895406   61.6803158407   58.2768717136   -1.6847044547 
   0.0000000000     91.000      200.000000   0.314044       1036.0337    0.0000277769    0.0004910998   61.7391724544   58.3251325012   -1.6835852028 
   0.0000000000     92.000      200.000000   0.313867       1035.5242    0.0000278184    0.0004927048   61.7989618503   58.3740333465   -1.6824629977 
   0.0000000000     93.000      200.000000   0.313689       1035.0133    0.0000278614    0.0004943558   61.8596872392   58.4235762834   -1.6813377938 
   0.0000000000     94.000      200.000000   0.313510       1034.5008    0.0000279059    0.0004960532   61.9213518282   58.4737633466   -1.6802095450 
   0.0000000000     95.000      200.000000   0.313331       1033.9869    0.0000279520    0.0004977970   61.9839588189   58.5245965702   -1.6790782051 
   0.0000000000     96.000      200.000000   0.313152       1033.4714    0.0000279996    0.0004995877   62.0475114055   58.5760779867   -1.6779437278 
   0.0000000000     97.000      200.000000   0.312972       1032.9543    0.0000280487    0.0005014253   62.1120127729   58.6282096247   -1.6768060664 
   0.0000000000     98.000      200.000000   0.312791       1032.4355    0.0000280994    0.0005033102   62.1774660948   58.6809935079   -1.6756651741 
   0.0000000000     99.000      200.000000   0.312610       1031.9150    0.0000281518    0.0005052425   62.2438745314   58.7344316535   -1.6745210039 
   0.0000000000    100.000      200.000000   0.312429       1031.3927    0.0000282057    0.0005072226   62.3112412273   58.7885260700   -1.6733735085 
   0.0000000000    101.000      200.000000   0.312247       1030.8687    0.0000282612    0.0005092506   62.3795693095   58.8432787562   -1.6722226403 
   0.0000000000    102.000      200.000000   0.312064       1030.3428    0.0000283184    0.0005113268   62.4488618847   58.8986916985   -1.6710683519 
   0.0000000000    103.000      200.000000   0.311881       1029.8150    0.0000283773    0.0005134514   62.5191220369   58.9547668699   -1.6699105951 
   0.0000000000    104.000      200.000000   0.311698       1029.2852    0.0000284378    0.0005156247   62.5903528250   59.0115062275   -1.6687493218 
   0.0000000000    105.000      200.000000   0.311513       1028.7535    0.0000285000    0.0005178470   62.6625572804   59.0689117107   -1.6675844838 
   0.0000000000    106.000      200.000000   0.311329       1028.2198    0.0000285640    0.0005201184   62.7357384037   59.1269852390   -1.6664160325 
   0.0000000000    107.000      200.000000   0.311143       1027.6839    0.0000286297    0.0005224393   62.8098991623   59.1857287103   -1.6652439189 
   0.0000000000    108.000      200.000000   0.310957       1027.1459    0.0000286971    0.0005248098   62.8850424875   59.2451439979   -1.6640680941 
   0.0000000000    109.000      200.000000   0.310770       1026.6058    0.0000287663    0.0005272302   62.9611712713   59.3052329492   -1.6628885089 
   0.0000000000    110.000      200.000000   0.310583       1026.0634    0.0000288373    0.0005297008   63.0382883635   59.3659973826   -1.6617051138 
   0.0000000000    111.000      200.000000   0.310395       1025.5188    0.0000289101    0.0005322219   63.1163965682   59.4274390854   -1.6605178591 
   0.0000000000    112.000      200.000000   0.310206       1024.9718    0.0000289847    0.0005347935   63.1954986407   59.4895598112   -1.6593266948 
   0.0000000000    113.000      200.000000   0.310016       1024.4224    0.0000290612    0.0005374161   63.2755972842   59.5523612776   -1.6581315708 
   0.0000000000    114.000      200.000000   0.309826       1023.8707    0.0000291395    0.0005400899   63.3566951458   59.6158451633   -1.6569324369 
   0.0000000000    115.000      200.000000   0.309635       1023.3165    0.0000292198    0.0005428150   63.4387948134   59.6800131053   -1.6557292423 
   0.0000000000    116.000      200.000000   0.309443       1022.7597    0.0000293019    0.0005455918   63.5218988117   59.7448666966   -1.6545219363 
   0.0000000000    117.000      200.000000   0.309251       1022.2004    0.0000293859    0.0005484205   63.6060095982   59.8104074826   -1.6533104679 
   0.0000000000    118.000      200.000000   0.309057       1021.6385    0.0000294719    0.0005513014   63.6911295595   59.8766369589   -1.6520947858 
   0.0000000000    119.000      200.000000   0.308863       1021.0739    0.0000295599    0.0005542347   63.7772610071   59.9435565678   -1.6508748386 
   0.0000000000    120.000      200.000000   0.308668       1020.5067    0.0000296498    0.0005572206   63.8644061733   60.0111676952   -1.6496505746 
   0.0000000000    121.000      200.000000   0.308472       1019.9366    0.0000297418    0.0005602593   63.9525672066   60.0794716676   -1.6484219419 
   0.0000000000    122.000      200.000000   0.308276       1019.3638    0.0000298357    0.0005633512   64.0417461676   60.1484697489   -1.6471888884 
   0.0000000000    123.000      200.000000   0.308078       1018.7881    0.0000299317    0.0005664965   64.1319450243   60.2181631365   -1.6459513619 
   0.0000000000    124.000      200.000000   0.307880       1018.2095    0.0000300298    0.0005696954   64.2231656475   60.2885529585   -1.6447093097 
   0.0000000000    125.000      200.000000   0.307680       1017.6279    0.0000301300    0.0005729481   64.3154098061   60.3596402698   -1.6434626793 
   0.0000000000    126.000      200.000000   0.307480       1017.0434    0.0000302323    0.0005762549   64.4086791619   60.4314260488   -1.6422114176 
