  #sigma_s    Temp(C) Press(Mpa) p_meanfield density (kg/m^3)      kappa      alpha Cp(J/molK) Cv(J/molK)  mu(J/mol)
   0.0000000000   -173.000      220.000000   0.304927        969.5495    0.0000233174    0.0005916869   62.0502569262   57.5455060466   -2.0094011949 
   0.0000000000   -172.000      220.000000   0.304744        968.9883    0.0000242326    0.0005661063   62.0705095121   57.7772976996   -2.0082965073 
   0.0000000000   -171.000      220.000000   0.304569        968.4530    0.0000252462    0.0005385793   62.1048533920   58.0379867267   -2.0071894393 
   0.0000000000   -170.000      220.000000   0.304403        967.9457    0.0000263714    0.0005089127   62.1542979880   58.3297732182   -2.0060792784 
   0.0000000000   -169.000      220.000000   0.304248        967.4685    0.0000276231    0.0004768622   62.2200560927   58.6553524073   -2.0049652318 
   0.0000000000   -168.000      220.000000   0.304103        967.0238    0.0000290133    0.0004421877   62.3033054430   59.0171590904   -2.0038464228 
   0.0000000000   -167.000      220.000000   0.303970        966.6142    0.0000305611    0.0004045907   62.4054364732   59.4182130381   -2.0027218764 
   0.0000000000   -166.000      220.000000   0.303849        966.2426    0.0000322838    0.0003637406   62.5278967969   59.8615934382   -2.0015905088 
   0.0000000000   -165.000      220.000000   0.303741        965.9123    0.0000342035    0.0003192467   62.6723680243   60.3508615482   -2.0004511125 
   0.0000000000   -164.000      220.000000   0.303648        965.6271    0.0000363456    0.0002706838   62.8405029400   60.8895297679   -1.9993023401 
   0.0000000000   -163.000      220.000000   0.303571        965.3909    0.0000387402    0.0002175261   63.0343579003   61.4818990395   -1.9981426852 
   0.0000000000   -162.000      220.000000   0.303513        965.2090    0.0000414236    0.0001591502   63.2561672963   62.1327122144   -1.9969691723 
   0.0000000000   -161.000      220.000000   0.303473        965.0858    0.0000444322    0.0000949136   63.5079311342   62.8460453210   -1.9957820856 
   0.0000000000   -160.000      220.000000   0.303454        965.0278    0.0000478182    0.0000239489   63.7924413889   63.6276871616   -1.9945782504 
   0.0000000000   -159.000      220.000000   0.303458        965.0419    0.0000516393   -0.0000547423   64.1125027647   64.4834227695   -1.9933551918 
   0.0000000000   -158.000      220.000000   0.303489        965.1361    0.0000559676   -0.0001423800   64.4713349084   65.4198028909   -1.9921100831 
   0.0000000000   -157.000      220.000000   0.303548        965.3196    0.0000608924   -0.0002404604   64.8725355468   66.4440667024   -1.9908396796 
   0.0000000000   -156.000      220.000000   0.303641        965.6046    0.0000665296   -0.0003509397   65.3206005142   67.5652813385   -1.9895384783 
   0.0000000000   -155.000      220.000000   0.303770        966.0025    0.0000730122   -0.0004760459   65.8195866418   68.7911280564   -1.9882047915 
   0.0000000000   -154.000      220.000000   0.303941        966.5295    0.0000805282   -0.0006188821   66.3752063520   70.1325929007   -1.9868321599 
   0.0000000000   -153.000      220.000000   0.304161        967.2048    0.0000893218   -0.0007834693   66.9939830035   71.6016933083   -1.9854143108 
   0.0000000000   -152.000      220.000000   0.304438        968.0543    0.0000997390   -0.0009755035   67.6847519022   73.2145909462   -1.9839408184 
   0.0000000000   -151.000      220.000000   0.304780        969.1047    0.0001122227   -0.0012022040   68.4560709437   74.9848053720   -1.9824062570 
   0.0000000000   -150.000      220.000000   0.305203        970.3993    0.0001274816   -0.0014750666   69.3226259479   76.9365167596   -1.9807938391 
   0.0000000000   -149.000      220.000000   0.305721        971.9866    0.0001465192   -0.0018102462   70.3006865495   79.0916580278   -1.9790916092 
   0.0000000000   -148.000      220.000000   0.306364        973.9463    0.0001710597   -0.0022354522   71.4190392476   81.4892034298   -1.9772717968 
   0.0000000000   -147.000      220.000000   0.307164        976.3854    0.0002040312   -0.0027973223   72.7193814833   84.1739689250   -1.9753042901 
   0.0000000000   -146.000      220.000000   0.308182        979.4793    0.0002512043   -0.0035873348   74.2793357829   87.2165941776   -1.9731379697 
   0.0000000000   -145.000      220.000000   0.309531        983.5581    0.0003262864   -0.0048216164   76.2747058120   90.7475254184   -1.9706741649 
   0.0000000000   -144.000      220.000000   0.311440        989.3103    0.0004719030   -0.0071679069   79.2119665780   95.0093567426   -1.9677251287 
   0.0000000000   -143.000      220.000000   0.314801        999.3484    0.0009986920   -0.0154600327   86.6246255697  100.9115898413   -1.9635657228 
   0.0000000000   -142.000      220.000000   0.390581       1203.6463    0.0000724240    0.0008655425   69.1190589641   64.8165667461   -1.9261594678 
   0.0000000000   -141.000      220.000000   0.390158       1202.6042    0.0000708505    0.0008664327   68.9878157117   64.6290428307   -1.9248533321 
   0.0000000000   -140.000      220.000000   0.389735       1201.5609    0.0000693501    0.0008670500   68.8586847736   64.4465698406   -1.9235503839 
   0.0000000000   -139.000      220.000000   0.389315       1200.5205    0.0000679121    0.0008675478   68.7312793454   64.2677442110   -1.9222469873 
   0.0000000000   -138.000      220.000000   0.388894       1199.4785    0.0000665476    0.0008678096   68.6058533015   64.0938895451   -1.9209476076 
   0.0000000000   -137.000      220.000000   0.388474       1198.4386    0.0000652372    0.0008679268   68.4821156185   63.9237164612   -1.9196490389 
   0.0000000000   -136.000      220.000000   0.388055       1197.3988    0.0000639874    0.0008678685   68.3601027668   63.7577217983   -1.9183532028 
   0.0000000000   -135.000      220.000000   0.387635       1196.3596    0.0000627925    0.0008676498   68.2397521105   63.5956628772   -1.9170599490 
   0.0000000000   -134.000      220.000000   0.387219       1195.3236    0.0000616423    0.0008673145   68.1209521528   63.4369120816   -1.9157670286 
   0.0000000000   -133.000      220.000000   0.386802       1194.2869    0.0000605458    0.0008668102   68.0037613473   63.2821977834   -1.9144782918 
   0.0000000000   -132.000      220.000000   0.386387       1193.2532    0.0000594901    0.0008662028   67.8879995069   63.1305903150   -1.9131901992 
   0.0000000000   -131.000      220.000000   0.385971       1192.2196    0.0000584818    0.0008654465   67.7737385847   62.9827062152   -1.9119060820 
   0.0000000000   -130.000      220.000000   0.385558       1191.1894    0.0000575086    0.0008645976   67.6608359324   62.8377004056   -1.9106224826 
   0.0000000000   -129.000      220.000000   0.385146       1190.1610    0.0000565738    0.0008636323   67.5493095473   62.6958916589   -1.9093414390 
   0.0000000000   -128.000      220.000000   0.384734       1189.1333    0.0000556790    0.0008625452   67.4391272437   62.5573809425   -1.9080640798 
   0.0000000000   -127.000      220.000000   0.384324       1188.1092    0.0000548142    0.0008613771   67.3302080145   62.4215255197   -1.9067874403 
   0.0000000000   -126.000      220.000000   0.383916       1187.0873    0.0000539825    0.0008601113   67.2225374204   62.2885587932   -1.9055132840 
   0.0000000000   -125.000      220.000000   0.383507       1186.0663    0.0000531854    0.0008587364   67.1161326370   62.1586576141   -1.9042431356 
   0.0000000000   -124.000      220.000000   0.383101       1185.0496    0.0000524133    0.0008572953   67.0108768514   62.0311150967   -1.9029733849 
   0.0000000000   -123.000      220.000000   0.382697       1184.0353    0.0000516695    0.0008557685   66.9067883956   61.9062202550   -1.9017061412 
   0.0000000000   -122.000      220.000000   0.382294       1183.0237    0.0000509526    0.0008541608   66.8038400157   61.7838899863   -1.9004413629 
   0.0000000000   -121.000      220.000000   0.381893       1182.0148    0.0000502615    0.0008524773   66.7019992634   61.6640415777   -1.8991790275 
   0.0000000000   -120.000      220.000000   0.381491       1181.0075    0.0000495974    0.0008507057   66.6012781095   61.5468320050   -1.8979206515 
   0.0000000000   -119.000      220.000000   0.381092       1180.0046    0.0000489533    0.0008488806   66.5015853787   61.4316995476   -1.8966628615 
   0.0000000000   -118.000      220.000000   0.380696       1179.0048    0.0000483315    0.0008469869   66.4029394350   61.3188678327   -1.8954075758 
   0.0000000000   -117.000      220.000000   0.380300       1178.0079    0.0000477311    0.0008450282   66.3053164515   61.2082714886   -1.8941547789 
   0.0000000000   -116.000      220.000000   0.379906       1177.0142    0.0000471513    0.0008430074   66.2086965415   61.0998509646   -1.8929044627 
   0.0000000000   -115.000      220.000000   0.379514       1176.0237    0.0000465909    0.0008409259   66.1130644133   60.9935540272   -1.8916566237 
   0.0000000000   -114.000      220.000000   0.379123       1175.0365    0.0000460492    0.0008387875   66.0183999479   60.8893233460   -1.8904112614 
   0.0000000000   -113.000      220.000000   0.378733       1174.0516    0.0000455275    0.0008365833   65.9247063216   60.7872784343   -1.8891698575 
   0.0000000000   -112.000      220.000000   0.378346       1173.0714    0.0000450207    0.0008343383   65.8319273207   60.6870027596   -1.8879292223 
   0.0000000000   -111.000      220.000000   0.377960       1172.0946    0.0000445304    0.0008320420   65.7400682223   60.5886509578   -1.8866911145 
   0.0000000000   -110.000      220.000000   0.377576       1171.1213    0.0000440560    0.0008296966   65.6491187253   60.4921817301   -1.8854555294 
   0.0000000000   -109.000      220.000000   0.377194       1170.1515    0.0000435969    0.0008273038   65.5590633773   60.3975494447   -1.8842224645 
   0.0000000000   -108.000      220.000000   0.376814       1169.1853    0.0000431525    0.0008248656   65.4698905185   60.3047112805   -1.8829919187 
   0.0000000000   -107.000      220.000000   0.376435       1168.2229    0.0000427222    0.0008223839   65.3815878511   60.2136269807   -1.8817638918 
   0.0000000000   -106.000      220.000000   0.376058       1167.2641    0.0000423054    0.0008198601   65.2941444888   60.1242573146   -1.8805383841 
   0.0000000000   -105.000      220.000000   0.375683       1166.3090    0.0000419017    0.0008172962   65.2075494591   60.0365648255   -1.8793153961 
   0.0000000000   -104.000      220.000000   0.375310       1165.3577    0.0000415105    0.0008146939   65.1217920918   59.9505115216   -1.8780949286 
   0.0000000000   -103.000      220.000000   0.374938       1164.4103    0.0000411314    0.0008120544   65.0368630204   59.8660638605   -1.8768769822 
   0.0000000000   -102.000      220.000000   0.374567       1163.4658    0.0000407650    0.0008093729   64.9527622660   59.7832948302   -1.8756628892 
   0.0000000000   -101.000      220.000000   0.374199       1162.5262    0.0000404085    0.0008066647   64.8694608458   59.7019406617   -1.8744498389 
   0.0000000000   -100.000      220.000000   0.373833       1161.5905    0.0000400628    0.0008039239   64.7869613878   59.6220947567   -1.8732393293 
   0.0000000000    -99.000      220.000000   0.373469       1160.6588    0.0000397275    0.0008011517   64.7052559214   59.5437251046   -1.8720313569 
   0.0000000000    -98.000      220.000000   0.373106       1159.7310    0.0000394023    0.0007983496   64.6243369659   59.4668022098   -1.8708259183 
   0.0000000000    -97.000      220.000000   0.372746       1158.8072    0.0000390867    0.0007955189   64.5441970265   59.3912961691   -1.8696230099 
   0.0000000000    -96.000      220.000000   0.372387       1157.8874    0.0000387804    0.0007926609   64.4648294232   59.3171787887   -1.8684226280 
   0.0000000000    -95.000      220.000000   0.372030       1156.9717    0.0000384831    0.0007897769   64.3862272899   59.2444222449   -1.8672247687 
   0.0000000000    -94.000      220.000000   0.371675       1156.0600    0.0000381944    0.0007868681   64.3083842670   59.1729995832   -1.8660294280 
   0.0000000000    -93.000      220.000000   0.371322       1155.1524    0.0000379141    0.0007839358   64.2312941551   59.1028846266   -1.8648366011 
   0.0000000000    -92.000      220.000000   0.370971       1154.2489    0.0000376419    0.0007809811   64.1549515675   59.0340526332   -1.8636462834 
   0.0000000000    -91.000      220.000000   0.370622       1153.3496    0.0000373774    0.0007780052   64.0793506204   58.9664784361   -1.8624584696 
   0.0000000000    -90.000      220.000000   0.370274       1152.4544    0.0000371205    0.0007750093   64.0044860893   58.9001383886   -1.8612731540 
   0.0000000000    -89.000      220.000000   0.369929       1151.5633    0.0000368707    0.0007719944   63.9303528967   58.8350091945   -1.8600903306 
   0.0000000000    -88.000      220.000000   0.369585       1150.6764    0.0000366280    0.0007689618   63.8569461157   58.7710681656   -1.8589099928 
   0.0000000000    -87.000      220.000000   0.369243       1149.7937    0.0000363920    0.0007659124   63.7842610785   58.7082932877   -1.8577321338 
   0.0000000000    -86.000      220.000000   0.368903       1148.9152    0.0000361625    0.0007628474   63.7122932226   58.6466631488   -1.8565567462 
   0.0000000000    -85.000      220.000000   0.368565       1148.0408    0.0000359393    0.0007597677   63.6410383468   58.5861570428   -1.8553838221 
   0.0000000000    -84.000      220.000000   0.368227       1147.1700    0.0000357228    0.0007566708   63.5704909671   58.5268110347   -1.8542145874 
   0.0000000000    -83.000      220.000000   0.367893       1146.3042    0.0000355115    0.0007535652   63.5006493794   58.4684867591   -1.8530464802 
   0.0000000000    -82.000      220.000000   0.367561       1145.4425    0.0000353058    0.0007504481   63.4315088943   58.4112278194   -1.8518808176 
   0.0000000000    -81.000      220.000000   0.367230       1144.5851    0.0000351057    0.0007473202   63.3630657697   58.3550152777   -1.8507175894 
   0.0000000000    -80.000      220.000000   0.366901       1143.7319    0.0000349108    0.0007441826   63.2953164746   58.2998308249   -1.8495567848 
   0.0000000000    -79.000      220.000000   0.366575       1142.8829    0.0000347210    0.0007410363   63.2282576599   58.2456567316   -1.8483983927 
   0.0000000000    -78.000      220.000000   0.366250       1142.0381    0.0000345362    0.0007378821   63.1618860034   58.1924755480   -1.8472424017 
   0.0000000000    -77.000      220.000000   0.365927       1141.1976    0.0000343562    0.0007347209   63.0961984256   58.1402704659   -1.8460888000 
   0.0000000000    -76.000      220.000000   0.365605       1140.3612    0.0000341807    0.0007315537   63.0311918450   58.0890249999   -1.8449375753 
   0.0000000000    -75.000      220.000000   0.365286       1139.5291    0.0000340097    0.0007283814   62.9668634337   58.0387231751   -1.8437887152 
   0.0000000000    -74.000      220.000000   0.364969       1138.7013    0.0000338430    0.0007252047   62.9032103781   57.9893493817   -1.8426422066 
   0.0000000000    -73.000      220.000000   0.364653       1137.8776    0.0000336805    0.0007220245   62.8402299924   57.9408884579   -1.8414980363 
   0.0000000000    -72.000      220.000000   0.364339       1137.0582    0.0000335220    0.0007188418   62.7779196991   57.8933256181   -1.8403561907 
   0.0000000000    -71.000      220.000000   0.364027       1136.2429    0.0000333674    0.0007156572   62.7162770944   57.8466465548   -1.8392166557 
   0.0000000000    -70.000      220.000000   0.363717       1135.4319    0.0000332165    0.0007124716   62.6552997579   57.8008372502   -1.8380794169 
   0.0000000000    -69.000      220.000000   0.363409       1134.6250    0.0000330692    0.0007092857   62.5949854392   57.7558840716   -1.8369444596 
   0.0000000000    -68.000      220.000000   0.363102       1133.8224    0.0000329255    0.0007061004   62.5353319829   57.7117738054   -1.8358117687 
   0.0000000000    -67.000      220.000000   0.362797       1133.0239    0.0000327852    0.0007029164   62.4763372959   57.6684935759   -1.8346813287 
   0.0000000000    -66.000      220.000000   0.362494       1132.2295    0.0000326481    0.0006997345   62.4179993620   57.6260308039   -1.8335531240 
   0.0000000000    -65.000      220.000000   0.362193       1131.4394    0.0000325142    0.0006965553   62.3603163261   57.5843733628   -1.8324271383 
   0.0000000000    -64.000      220.000000   0.361894       1130.6533    0.0000323834    0.0006933796   62.3032863362   57.5435093529   -1.8313033552 
   0.0000000000    -63.000      220.000000   0.361596       1129.8714    0.0000322556    0.0006902082   62.2469076850   57.5034272757   -1.8301817580 
   0.0000000000    -62.000      220.000000   0.361300       1129.0937    0.0000321306    0.0006870416   62.1911787031   57.4641159357   -1.8290623295 
   0.0000000000    -61.000      220.000000   0.361006       1128.3200    0.0000320084    0.0006838806   62.1360978463   57.4255644539   -1.8279450523 
   0.0000000000    -60.000      220.000000   0.360714       1127.5504    0.0000318889    0.0006807259   62.0816635924   57.3877622234   -1.8268299087 
   0.0000000000    -59.000      220.000000   0.360424       1126.7849    0.0000317720    0.0006775781   62.0278745646   57.3506990231   -1.8257168806 
   0.0000000000    -58.000      220.000000   0.360135       1126.0235    0.0000316576    0.0006744378   61.9747294130   57.3143648466   -1.8246059497 
   0.0000000000    -57.000      220.000000   0.359848       1125.2660    0.0000315457    0.0006713056   61.9222268897   57.2787500276   -1.8234970974 
   0.0000000000    -56.000      220.000000   0.359562       1124.5127    0.0000314361    0.0006681823   61.8703657896   57.2438451440   -1.8223903046 
   0.0000000000    -55.000      220.000000   0.359279       1123.7633    0.0000313288    0.0006650683   61.8191450290   57.2096411125   -1.8212855523 
   0.0000000000    -54.000      220.000000   0.358997       1123.0179    0.0000312237    0.0006619643   61.7685635514   57.1761290508   -1.8201828208 
   0.0000000000    -53.000      220.000000   0.358716       1122.2765    0.0000311207    0.0006588709   61.7186204045   57.1433004048   -1.8190820904 
   0.0000000000    -52.000      220.000000   0.358438       1121.5390    0.0000310198    0.0006557886   61.6693146790   57.1111468524   -1.8179833411 
   0.0000000000    -51.000      220.000000   0.358161       1120.8055    0.0000309209    0.0006527180   61.6206455559   57.0796603278   -1.8168865524 
   0.0000000000    -50.000      220.000000   0.357886       1120.0759    0.0000308240    0.0006496596   61.5726122800   57.0488330407   -1.8157917039 
   0.0000000000    -49.000      220.000000   0.357612       1119.3502    0.0000307290    0.0006466140   61.5252141519   57.0186574076   -1.8146987746 
   0.0000000000    -48.000      220.000000   0.357339       1118.6278    0.0000306359    0.0006435803   61.4784410513   56.9891427589   -1.8136088220 
   0.0000000000    -47.000      220.000000   0.357069       1117.9099    0.0000305445    0.0006405619   61.4323116913   56.9602476578   -1.8125196265 
   0.0000000000    -46.000      220.000000   0.356800       1117.1957    0.0000304547    0.0006375577   61.3868158143   56.9319830488   -1.8114322880 
   0.0000000000    -45.000      220.000000   0.356533       1116.4853    0.0000303667    0.0006345684   61.3419529751   56.9043422872   -1.8103467846 
   0.0000000000    -44.000      220.000000   0.356267       1115.7788    0.0000302802    0.0006315943   61.2977228143   56.8773189642   -1.8092630943 
   0.0000000000    -43.000      220.000000   0.356003       1115.0759    0.0000301954    0.0006286359   61.2541250214   56.8509068824   -1.8081811944 
   0.0000000000    -42.000      220.000000   0.355741       1114.3768    0.0000301120    0.0006256938   61.2111593672   56.8251000715   -1.8071010624 
   0.0000000000    -41.000      220.000000   0.355480       1113.6814    0.0000300301    0.0006227683   61.1688256589   56.7998927450   -1.8060226754 
   0.0000000000    -40.000      220.000000   0.355221       1112.9897    0.0000299497    0.0006198599   61.1271237777   56.7752793330   -1.8049460104 
   0.0000000000    -39.000      220.000000   0.354963       1112.3017    0.0000298707    0.0006169690   61.0860536603   56.7512544628   -1.8038710439 
   0.0000000000    -38.000      220.000000   0.354707       1111.6172    0.0000297930    0.0006140961   61.0456153059   56.7278129606   -1.8027977526 
   0.0000000000    -37.000      220.000000   0.354452       1110.9364    0.0000297166    0.0006112415   61.0058087616   56.7049498293   -1.8017261125 
   0.0000000000    -36.000      220.000000   0.354199       1110.2592    0.0000296415    0.0006084057   60.9666341426   56.6826602725   -1.8006560999 
   0.0000000000    -35.000      220.000000   0.353947       1109.5854    0.0000295677    0.0006055891   60.9280916076   56.6609396584   -1.7995876905 
   0.0000000000    -34.000      220.000000   0.353697       1108.9153    0.0000294951    0.0006027920   60.8901813807   56.6397835491   -1.7985208600 
   0.0000000000    -33.000      220.000000   0.353448       1108.2486    0.0000294237    0.0006000148   60.8529037308   56.6191876606   -1.7974555838 
   0.0000000000    -32.000      220.000000   0.353200       1107.5853    0.0000293534    0.0005972580   60.8162589870   56.5991478922   -1.7963918373 
   0.0000000000    -31.000      220.000000   0.352955       1106.9256    0.0000292843    0.0005945218   60.7802475272   56.5796603052   -1.7953295954 
   0.0000000000    -30.000      220.000000   0.352710       1106.2692    0.0000292162    0.0005918066   60.7448697819   56.5607211166   -1.7942688330 
   0.0000000000    -29.000      220.000000   0.352467       1105.6162    0.0000291492    0.0005891128   60.7101262289   56.5423267033   -1.7932095248 
   0.0000000000    -28.000      220.000000   0.352225       1104.9665    0.0000290833    0.0005864406   60.6760173976   56.5244735914   -1.7921516453 
   0.0000000000    -27.000      220.000000   0.351985       1104.3202    0.0000290183    0.0005837905   60.6425438686   56.5071584662   -1.7910951687 
   0.0000000000    -26.000      220.000000   0.351746       1103.6771    0.0000289544    0.0005811628   60.6097062630   56.4903781407   -1.7900400692 
   0.0000000000    -25.000      220.000000   0.351508       1103.0374    0.0000288914    0.0005785577   60.5775052558   56.4741295877   -1.7889863208 
   0.0000000000    -24.000      220.000000   0.351272       1102.4008    0.0000288294    0.0005759756   60.5459415681   56.4584099106   -1.7879338971 
   0.0000000000    -23.000      220.000000   0.351036       1101.7674    0.0000287683    0.0005734168   60.5150159581   56.4432163431   -1.7868827718 
   0.0000000000    -22.000      220.000000   0.350803       1101.1373    0.0000287081    0.0005708815   60.4847292358   56.4285462560   -1.7858329183 
   0.0000000000    -21.000      220.000000   0.350570       1100.5102    0.0000286488    0.0005683701   60.4550822507   56.4143971443   -1.7847843097 
   0.0000000000    -20.000      220.000000   0.350339       1099.8863    0.0000285904    0.0005658829   60.4260758964   56.4007666302   -1.7837369193 
   0.0000000000    -19.000      220.000000   0.350109       1099.2654    0.0000285329    0.0005634201   60.3977111086   56.3876524561   -1.7826907198 
   0.0000000000    -18.000      220.000000   0.349881       1098.6476    0.0000284762    0.0005609820   60.3699888593   56.3750524807   -1.7816456840 
   0.0000000000    -17.000      220.000000   0.349653       1098.0328    0.0000284203    0.0005585689   60.3429101662   56.3629646779   -1.7806017844 
   0.0000000000    -16.000      220.000000   0.349427       1097.4209    0.0000283652    0.0005561809   60.3164760808   56.3513871343   -1.7795589935 
   0.0000000000    -15.000      220.000000   0.349202       1096.8120    0.0000283109    0.0005538185   60.2906876960   56.3403180438   -1.7785172835 
   0.0000000000    -14.000      220.000000   0.348978       1096.2060    0.0000282574    0.0005514818   60.2655461400   56.3297557070   -1.7774766266 
   0.0000000000    -13.000      220.000000   0.348756       1095.6030    0.0000282046    0.0005491710   60.2410525776   56.3196985257   -1.7764369945 
   0.0000000000    -12.000      220.000000   0.348535       1095.0027    0.0000281527    0.0005468865   60.2172082098   56.3101450017   -1.7753983590 
   0.0000000000    -11.000      220.000000   0.348314       1094.4053    0.0000281014    0.0005446284   60.1940142725   56.3010937370   -1.7743606919 
   0.0000000000    -10.000      220.000000   0.348095       1093.8106    0.0000280509    0.0005423969   60.1714720334   56.2925434222   -1.7733239645 
   0.0000000000     -9.000      220.000000   0.347877       1093.2187    0.0000280012    0.0005401924   60.1495827960   56.2844928450   -1.7722881482 
   0.0000000000     -8.000      220.000000   0.347660       1092.6295    0.0000279521    0.0005380150   60.1283478938   56.2769408772   -1.7712532140 
   0.0000000000     -7.000      220.000000   0.347445       1092.0430    0.0000279038    0.0005358649   60.1077686938   56.2698864814   -1.7702191331 
   0.0000000000     -6.000      220.000000   0.347230       1091.4591    0.0000278562    0.0005337423   60.0878465920   56.2633287004   -1.7691858762 
   0.0000000000     -5.000      220.000000   0.347017       1090.8779    0.0000278092    0.0005316475   60.0685830147   56.2572666601   -1.7681534141 
   0.0000000000     -4.000      220.000000   0.346804       1090.2992    0.0000277630    0.0005295807   60.0499794197   56.2516995678   -1.7671217174 
   0.0000000000     -3.000      220.000000   0.346593       1089.7231    0.0000277174    0.0005275420   60.0320372901   56.2466267029   -1.7660907564 
   0.0000000000     -2.000      220.000000   0.346382       1089.1494    0.0000276725    0.0005255316   60.0147581392   56.2420474234   -1.7650605015 
   0.0000000000     -1.000      220.000000   0.346173       1088.5783    0.0000276283    0.0005235498   59.9981435070   56.2379611579   -1.7640309227 
   0.0000000000      0.000      220.000000   0.345964       1088.0096    0.0000275848    0.0005215967   59.9821949599   56.2343674059   -1.7630019902 
   0.0000000000      1.000      220.000000   0.345757       1087.4433    0.0000275419    0.0005196725   59.9669140900   56.2312657328   -1.7619736736 
   0.0000000000      2.000      220.000000   0.345550       1086.8794    0.0000274996    0.0005177774   59.9523025157   56.2286557745   -1.7609459429 
   0.0000000000      3.000      220.000000   0.345345       1086.3178    0.0000274581    0.0005159116   59.9383618783   56.2265372265   -1.7599187674 
   0.0000000000      4.000      220.000000   0.345140       1085.7585    0.0000274171    0.0005140752   59.9250938447   56.2249098487   -1.7588921168 
   0.0000000000      5.000      220.000000   0.344937       1085.2014    0.0000273768    0.0005122685   59.9125001061   56.2237734629   -1.7578659602 
   0.0000000000      6.000      220.000000   0.344734       1084.6466    0.0000273372    0.0005104915   59.9005823746   56.2231279459   -1.7568402669 
   0.0000000000      7.000      220.000000   0.344532       1084.0940    0.0000272982    0.0005087445   59.8893423865   56.2229732346   -1.7558150059 
   0.0000000000      8.000      220.000000   0.344332       1083.5436    0.0000272599    0.0005070276   59.8787818992   56.2233093186   -1.7547901461 
   0.0000000000      9.000      220.000000   0.344131       1082.9952    0.0000272222    0.0005053411   59.8689026923   56.2241362432   -1.7537656562 
   0.0000000000     10.000      220.000000   0.343932       1082.4490    0.0000271851    0.0005036849   59.8597065658   56.2254541031   -1.7527415050 
   0.0000000000     11.000      220.000000   0.343734       1081.9048    0.0000271487    0.0005020594   59.8511953418   56.2272630468   -1.7517176609 
   0.0000000000     12.000      220.000000   0.343537       1081.3626    0.0000271129    0.0005004646   59.8433708605   56.2295632676   -1.7506940922 
   0.0000000000     13.000      220.000000   0.343340       1080.8224    0.0000270777    0.0004989008   59.8362349837   56.2323550095   -1.7496707674 
   0.0000000000     14.000      220.000000   0.343144       1080.2842    0.0000270432    0.0004973680   59.8297895918   56.2356385609   -1.7486476543 
   0.0000000000     15.000      220.000000   0.342949       1079.7478    0.0000270094    0.0004958664   59.8240365848   56.2394142556   -1.7476247212 
   0.0000000000     16.000      220.000000   0.342755       1079.2133    0.0000269761    0.0004943962   59.8189778806   56.2436824700   -1.7466019357 
   0.0000000000     17.000      220.000000   0.342561       1078.6807    0.0000269436    0.0004929575   59.8146154171   56.2484436239   -1.7455792657 
   0.0000000000     18.000      220.000000   0.342368       1078.1498    0.0000269116    0.0004915505   59.8109511489   56.2536981769   -1.7445566788 
   0.0000000000     19.000      220.000000   0.342176       1077.6208    0.0000268803    0.0004901752   59.8079870493   56.2594466291   -1.7435341424 
   0.0000000000     20.000      220.000000   0.341985       1077.0934    0.0000268497    0.0004888320   59.8057251095   56.2656895192   -1.7425116239 
   0.0000000000     21.000      220.000000   0.341794       1076.5677    0.0000268197    0.0004875208   59.8041673370   56.2724274230   -1.7414890905 
   0.0000000000     22.000      220.000000   0.341605       1076.0437    0.0000267904    0.0004862418   59.8033157578   56.2796609532   -1.7404665093 
   0.0000000000     23.000      220.000000   0.341415       1075.5213    0.0000267617    0.0004849952   59.8031724138   56.2873907578   -1.7394438473 
   0.0000000000     24.000      220.000000   0.341227       1075.0004    0.0000267337    0.0004837811   59.8037393649   56.2956175205   -1.7384210714 
   0.0000000000     25.000      220.000000   0.341039       1074.4811    0.0000267064    0.0004825996   59.8050186871   56.3043419577   -1.7373981482 
   0.0000000000     26.000      220.000000   0.340851       1073.9633    0.0000266797    0.0004814510   59.8070124723   56.3135648182   -1.7363750444 
   0.0000000000     27.000      220.000000   0.340665       1073.4470    0.0000266537    0.0004803352   59.8097228301   56.3232868839   -1.7353517265 
   0.0000000000     28.000      220.000000   0.340479       1072.9321    0.0000266283    0.0004792525   59.8131518859   56.3335089679   -1.7343281608 
   0.0000000000     29.000      220.000000   0.340293       1072.4186    0.0000266037    0.0004782029   59.8173017809   56.3442319124   -1.7333043135 
   0.0000000000     30.000      220.000000   0.340108       1071.9064    0.0000265797    0.0004771867   59.8221746732   56.3554565910   -1.7322801507 
   0.0000000000     31.000      220.000000   0.339924       1071.3956    0.0000265565    0.0004762040   59.8277727365   56.3671839051   -1.7312556384 
   0.0000000000     32.000      220.000000   0.339740       1070.8860    0.0000265339    0.0004752548   59.8340981607   56.3794147849   -1.7302307425 
   0.0000000000     33.000      220.000000   0.339557       1070.3777    0.0000265120    0.0004743393   59.8411531521   56.3921501880   -1.7292054287 
   0.0000000000     34.000      220.000000   0.339374       1069.8705    0.0000264908    0.0004734576   59.8489399324   56.4053910995   -1.7281796626 
   0.0000000000     35.000      220.000000   0.339192       1069.3646    0.0000264704    0.0004726100   59.8574607400   56.4191385307   -1.7271534096 
   0.0000000000     36.000      220.000000   0.339010       1068.8597    0.0000264506    0.0004717964   59.8667178285   56.4333935189   -1.7261266352 
   0.0000000000     37.000      220.000000   0.338829       1068.3560    0.0000264316    0.0004710171   59.8767134687   56.4481571268   -1.7250993045 
   0.0000000000     38.000      220.000000   0.338648       1067.8533    0.0000264133    0.0004702722   59.8874499463   56.4634304420   -1.7240713827 
   0.0000000000     39.000      220.000000   0.338468       1067.3516    0.0000263957    0.0004695618   59.8989295639   56.4792145768   -1.7230428348 
   0.0000000000     40.000      220.000000   0.338288       1066.8509    0.0000263789    0.0004688860   59.9111546399   56.4955106669   -1.7220136255 
   0.0000000000     41.000      220.000000   0.338108       1066.3512    0.0000263628    0.0004682449   59.9241275092   56.5123198722   -1.7209837196 
   0.0000000000     42.000      220.000000   0.337929       1065.8523    0.0000263475    0.0004676388   59.9378505227   56.5296433752   -1.7199530818 
   0.0000000000     43.000      220.000000   0.337751       1065.3543    0.0000263330    0.0004670677   59.9523260478   56.5474823814   -1.7189216764 
   0.0000000000     44.000      220.000000   0.337572       1064.8571    0.0000263192    0.0004665318   59.9675564684   56.5658381188   -1.7178894678 
   0.0000000000     45.000      220.000000   0.337394       1064.3607    0.0000263062    0.0004660311   59.9835441847   56.5847118369   -1.7168564202 
   0.0000000000     46.000      220.000000   0.337217       1063.8650    0.0000262940    0.0004655659   60.0002916137   56.6041048075   -1.7158224978 
   0.0000000000     47.000      220.000000   0.337039       1063.3701    0.0000262825    0.0004651363   60.0178011889   56.6240183233   -1.7147876644 
   0.0000000000     48.000      220.000000   0.336863       1062.8758    0.0000262719    0.0004647423   60.0360753605   56.6444536980   -1.7137518839 
   0.0000000000     49.000      220.000000   0.336686       1062.3821    0.0000262621    0.0004643842   60.0551165958   56.6654122666   -1.7127151199 
   0.0000000000     50.000      220.000000   0.336510       1061.8891    0.0000262530    0.0004640621   60.0749273787   56.6868953837   -1.7116773361 
   0.0000000000     51.000      220.000000   0.336333       1061.3966    0.0000262449    0.0004637761   60.0955102101   56.7089044243   -1.7106384959 
   0.0000000000     52.000      220.000000   0.336158       1060.9046    0.0000262375    0.0004635263   60.1168676081   56.7314407840   -1.7095985625 
   0.0000000000     53.000      220.000000   0.335982       1060.4130    0.0000262310    0.0004633130   60.1390021080   56.7545058771   -1.7085574990 
   0.0000000000     54.000      220.000000   0.335807       1059.9219    0.0000262253    0.0004631361   60.1619162619   56.7781011376   -1.7075152686 
   0.0000000000     55.000      220.000000   0.335632       1059.4312    0.0000262205    0.0004629959   60.1856126395   56.8022280187   -1.7064718342 
   0.0000000000     56.000      220.000000   0.335457       1058.9409    0.0000262166    0.0004628926   60.2100938278   56.8268879925   -1.7054271583 
   0.0000000000     57.000      220.000000   0.335282       1058.4509    0.0000262135    0.0004628262   60.2353624310   56.8520825494   -1.7043812037 
   0.0000000000     58.000      220.000000   0.335108       1057.9611    0.0000262113    0.0004627968   60.2614210705   56.8778131988   -1.7033339329 
   0.0000000000     59.000      220.000000   0.334933       1057.4716    0.0000262101    0.0004628048   60.2882723854   56.9040814674   -1.7022853081 
   0.0000000000     60.000      220.000000   0.334759       1056.9823    0.0000262097    0.0004628501   60.3159190320   56.9308889006   -1.7012352916 
   0.0000000000     61.000      220.000000   0.334585       1056.4932    0.0000262102    0.0004629329   60.3443636840   56.9582370612   -1.7001838453 
   0.0000000000     62.000      220.000000   0.334411       1056.0041    0.0000262117    0.0004630534   60.3736090325   56.9861275291   -1.6991309312 
   0.0000000000     63.000      220.000000   0.334237       1055.5152    0.0000262141    0.0004632118   60.4036577858   57.0145619017   -1.6980765111 
   0.0000000000     64.000      220.000000   0.334063       1055.0263    0.0000262174    0.0004634081   60.4345126696   57.0435417934   -1.6970205466 
   0.0000000000     65.000      220.000000   0.333890       1054.5374    0.0000262217    0.0004636426   60.4661764268   57.0730688350   -1.6959629990 
   0.0000000000     66.000      220.000000   0.333716       1054.0484    0.0000262270    0.0004639154   60.4986518170   57.1031446739   -1.6949038298 
   0.0000000000     67.000      220.000000   0.333543       1053.5594    0.0000262332    0.0004642266   60.5319416172   57.1337709733   -1.6938430000 
   0.0000000000     68.000      220.000000   0.333369       1053.0702    0.0000262404    0.0004645764   60.5660486211   57.1649494128   -1.6927804708 
   0.0000000000     69.000      220.000000   0.333196       1052.5809    0.0000262486    0.0004649650   60.6009756387   57.1966816868   -1.6917162029 
   0.0000000000     70.000      220.000000   0.333022       1052.0914    0.0000262579    0.0004653925   60.6367254969   57.2289695055   -1.6906501571 
   0.0000000000     71.000      220.000000   0.332849       1051.6016    0.0000262681    0.0004658591   60.6733010385   57.2618145937   -1.6895822939 
   0.0000000000     72.000      220.000000   0.332675       1051.1116    0.0000262794    0.0004663649   60.7107051226   57.2952186909   -1.6885125737 
   0.0000000000     73.000      220.000000   0.332502       1050.6212    0.0000262917    0.0004669102   60.7489406235   57.3291835506   -1.6874409568 
   0.0000000000     74.000      220.000000   0.332328       1050.1305    0.0000263051    0.0004674950   60.7880104313   57.3637109404   -1.6863674031 
   0.0000000000     75.000      220.000000   0.332155       1049.6393    0.0000263195    0.0004681196   60.8279174509   57.3988026411   -1.6852918727 
   0.0000000000     76.000      220.000000   0.331981       1049.1477    0.0000263350    0.0004687840   60.8686646020   57.4344604466   -1.6842143252 
   0.0000000000     77.000      220.000000   0.331806       1048.6554    0.0000263517    0.0004694888   60.9102601288   57.4706985575   -1.6831355981 
   0.0000000000     78.000      220.000000   0.331632       1048.1628    0.0000263694    0.0004702336   60.9526965996   57.5074941680   -1.6820538941 
   0.0000000000     79.000      220.000000   0.331458       1047.6696    0.0000263882    0.0004710189   60.9959820473   57.5448613434   -1.6809700515 
   0.0000000000     80.000      220.000000   0.331284       1047.1758    0.0000264082    0.0004718447   61.0401194457   57.5828019253   -1.6798840294 
   0.0000000000     81.000      220.000000   0.331110       1046.6814    0.0000264293    0.0004727114   61.0851117809   57.6213177657   -1.6787957867 
   0.0000000000     82.000      220.000000   0.330936       1046.1865    0.0000264514    0.0004736187   61.1309554995   57.6603974655   -1.6777044077 
   0.0000000000     83.000      220.000000   0.330762       1045.6907    0.0000264748    0.0004745675   61.1776664527   57.7000692305   -1.6766116000 
   0.0000000000     84.000      220.000000   0.330587       1045.1940    0.0000264994    0.0004755575   61.2252413631   57.7403218633   -1.6755164472 
   0.0000000000     85.000      220.000000   0.330412       1044.6966    0.0000265252    0.0004765891   61.2736832586   57.7811572525   -1.6744189075 
   0.0000000000     86.000      220.000000   0.330236       1044.1982    0.0000265522    0.0004776624   61.3229951756   57.8225772941   -1.6733189390 
   0.0000000000     87.000      220.000000   0.330061       1043.6990    0.0000265804    0.0004787776   61.3731801582   57.8645838913   -1.6722164995 
   0.0000000000     88.000      220.000000   0.329885       1043.1988    0.0000266098    0.0004799348   61.4242412575   57.9071789530   -1.6711115468 
   0.0000000000     89.000      220.000000   0.329709       1042.6976    0.0000266404    0.0004811343   61.4761815303   57.9503643937   -1.6700040382 
   0.0000000000     90.000      220.000000   0.329533       1042.1954    0.0000266724    0.0004823763   61.5290040384   57.9941421321   -1.6688939311 
   0.0000000000     91.000      220.000000   0.329356       1041.6922    0.0000267056    0.0004836609   61.5827118472   58.0385140908   -1.6677811827 
   0.0000000000     92.000      220.000000   0.329179       1041.1878    0.0000267400    0.0004849884   61.6373080247   58.0834821949   -1.6666657499 
   0.0000000000     93.000      220.000000   0.329002       1040.6822    0.0000267758    0.0004863589   61.6927956407   58.1290483713   -1.6655475894 
   0.0000000000     94.000      220.000000   0.328825       1040.1755    0.0000268129    0.0004877727   61.7491777647   58.1752145478   -1.6644266578 
   0.0000000000     95.000      220.000000   0.328647       1039.6675    0.0000268513    0.0004892299   61.8064574653   58.2219826520   -1.6633029114 
   0.0000000000     96.000      220.000000   0.328469       1039.1582    0.0000268911    0.0004907308   61.8646378084   58.2693546101   -1.6621763065 
   0.0000000000     97.000      220.000000   0.328290       1038.6476    0.0000269322    0.0004922756   61.9237218562   58.3173323458   -1.6610467991 
   0.0000000000     98.000      220.000000   0.328111       1038.1356    0.0000269748    0.0004938644   61.9837126649   58.3659177796   -1.6599143448 
   0.0000000000     99.000      220.000000   0.327931       1037.6222    0.0000270186    0.0004954974   62.0446132841   58.4151128268   -1.6587788994 
   0.0000000000    100.000      220.000000   0.327752       1037.1073    0.0000270639    0.0004971750   62.1064267541   58.4649193969   -1.6576404182 
   0.0000000000    101.000      220.000000   0.327571       1036.5909    0.0000271107    0.0004988972   62.1691561052   58.5153393922   -1.6564988565 
   0.0000000000    102.000      220.000000   0.327391       1036.0730    0.0000271588    0.0005006644   62.2328043548   58.5663747059   -1.6553541692 
   0.0000000000    103.000      220.000000   0.327209       1035.5534    0.0000272084    0.0005024766   62.2973745066   58.6180272215   -1.6542063112 
   0.0000000000    104.000      220.000000   0.327028       1035.0323    0.0000272595    0.0005043342   62.3628695478   58.6702988107   -1.6530552370 
   0.0000000000    105.000      220.000000   0.326845       1034.5094    0.0000273120    0.0005062373   62.4292924475   58.7231913321   -1.6519009010 
   0.0000000000    106.000      220.000000   0.326663       1033.9848    0.0000273661    0.0005081861   62.4966461544   58.7767066298   -1.6507432575 
   0.0000000000    107.000      220.000000   0.326480       1033.4585    0.0000274217    0.0005101810   62.5649335945   58.8308465313   -1.6495822605 
   0.0000000000    108.000      220.000000   0.326296       1032.9303    0.0000274788    0.0005122220   62.6341576691   58.8856128465   -1.6484178638 
   0.0000000000    109.000      220.000000   0.326111       1032.4003    0.0000275374    0.0005143094   62.7043212524   58.9410073652   -1.6472500209 
   0.0000000000    110.000      220.000000   0.325927       1031.8684    0.0000275976    0.0005164435   62.7754271887   58.9970318559   -1.6460786853 
   0.0000000000    111.000      220.000000   0.325741       1031.3345    0.0000276594    0.0005186244   62.8474782900   59.0536880634   -1.6449038102 
   0.0000000000    112.000      220.000000   0.325555       1030.7986    0.0000277228    0.0005208524   62.9204773338   59.1109777073   -1.6437253485 
   0.0000000000    113.000      220.000000   0.325368       1030.2607    0.0000277878    0.0005231276   62.9944270595   59.1689024800   -1.6425432530 
   0.0000000000    114.000      220.000000   0.325181       1029.7207    0.0000278544    0.0005254504   63.0693301665   59.2274640440   -1.6413574763 
   0.0000000000    115.000      220.000000   0.324993       1029.1785    0.0000279227    0.0005278209   63.1451893106   59.2866640308   -1.6401679707 
   0.0000000000    116.000      220.000000   0.324805       1028.6342    0.0000279927    0.0005302393   63.2220071015   59.3465040376   -1.6389746886 
   0.0000000000    117.000      220.000000   0.324615       1028.0877    0.0000280643    0.0005327060   63.2997860992   59.4069856260   -1.6377775817 
   0.0000000000    118.000      220.000000   0.324425       1027.5389    0.0000281377    0.0005352210   63.3785288114   59.4681103190   -1.6365766019 
   0.0000000000    119.000      220.000000   0.324235       1026.9877    0.0000282127    0.0005377846   63.4582376895   59.5298795991   -1.6353717008 
   0.0000000000    120.000      220.000000   0.324043       1026.4342    0.0000282895    0.0005403971   63.5389151258   59.5922949052   -1.6341628297 
   0.0000000000    121.000      220.000000   0.323851       1025.8784    0.0000283681    0.0005430586   63.6205634498   59.6553576307   -1.6329499398 
   0.0000000000    122.000      220.000000   0.323658       1025.3200    0.0000284484    0.0005457694   63.7031849246   59.7190691207   -1.6317329820 
   0.0000000000    123.000      220.000000   0.323465       1024.7592    0.0000285305    0.0005485297   63.7867817430   59.7834306690   -1.6305119072 
   0.0000000000    124.000      220.000000   0.323270       1024.1958    0.0000286145    0.0005513397   63.8713560241   59.8484435158   -1.6292866659 
   0.0000000000    125.000      220.000000   0.323075       1023.6298    0.0000287002    0.0005541996   63.9569098092   59.9141088444   -1.6280572085 
   0.0000000000    126.000      220.000000   0.322879       1023.0612    0.0000287879    0.0005571097   64.0434450576   59.9804277789   -1.6268234852 
