  #sigma_s    Temp(C) Press(Mpa) p_meanfield density (kg/m^3)      kappa      alpha Cp(J/molK) Cv(J/molK)  mu(J/mol)
   0.0000000000   -173.000        1.000000   0.144566        924.4857    0.0000261466    0.0005661749   57.1758692926   55.2679853841   -2.2132987283 
   0.0000000000   -172.000        1.000000   0.144405        923.9673    0.0000259446    0.0005556267   57.1049022641   55.2298385131   -2.2124564629 
   0.0000000000   -171.000        1.000000   0.144247        923.4589    0.0000257445    0.0005453442   57.0363639743   55.1933486390   -2.2116166090 
   0.0000000000   -170.000        1.000000   0.144092        922.9601    0.0000255461    0.0005353197   56.9701430312   55.1584258459   -2.2107791028 
   0.0000000000   -169.000        1.000000   0.143940        922.4706    0.0000253497    0.0005255457   56.9061346085   55.1249861973   -2.2099438825 
   0.0000000000   -168.000        1.000000   0.143790        921.9904    0.0000251550    0.0005160150   56.8442400032   55.0929513095   -2.2091108882 
   0.0000000000   -167.000        1.000000   0.143644        921.5191    0.0000249623    0.0005067204   56.7843662322   55.0622479636   -2.2082800617 
   0.0000000000   -166.000        1.000000   0.143501        921.0564    0.0000247716    0.0004976549   56.7264256650   55.0328077558   -2.2074513467 
   0.0000000000   -165.000        1.000000   0.143360        920.6022    0.0000245827    0.0004888120   56.6703356913   55.0045667821   -2.2066246886 
   0.0000000000   -164.000        1.000000   0.143222        920.1563    0.0000243958    0.0004801850   56.6160184194   54.9774653565   -2.2058000344 
   0.0000000000   -163.000        1.000000   0.143086        919.7185    0.0000242109    0.0004717677   56.5634004030   54.9514477567   -2.2049773327 
   0.0000000000   -162.000        1.000000   0.142953        919.2885    0.0000240279    0.0004635537   56.5124123967   54.9264620010   -2.2041565335 
   0.0000000000   -161.000        1.000000   0.142822        918.8662    0.0000238469    0.0004555371   56.4629891363   54.9024596497   -2.2033375883 
   0.0000000000   -160.000        1.000000   0.142694        918.4513    0.0000236679    0.0004477120   56.4150691438   54.8793956334   -2.2025204502 
   0.0000000000   -159.000        1.000000   0.142568        918.0437    0.0000234908    0.0004400728   56.3685945559   54.8572281044   -2.2017050732 
   0.0000000000   -158.000        1.000000   0.142444        917.6432    0.0000233157    0.0004326138   56.3235109743   54.8359183131   -2.2008914129 
   0.0000000000   -157.000        1.000000   0.142322        917.2497    0.0000231426    0.0004253296   56.2797673378   54.8154305054   -2.2000794259 
   0.0000000000   -156.000        1.000000   0.142203        916.8629    0.0000229715    0.0004182150   56.2373158159   54.7957318443   -2.1992690700 
   0.0000000000   -155.000        1.000000   0.142086        916.4827    0.0000228023    0.0004112647   56.1961117227   54.7767923526   -2.1984603038 
   0.0000000000   -154.000        1.000000   0.141970        916.1090    0.0000226351    0.0004044737   56.1561134506   54.7585848775   -2.1976530871 
   0.0000000000   -153.000        1.000000   0.141857        915.7416    0.0000224698    0.0003978371   56.1172824254   54.7410850774   -2.1968473806 
   0.0000000000   -152.000        1.000000   0.141746        915.3803    0.0000223065    0.0003913499   56.0795830804   54.7242714309   -2.1960431456 
   0.0000000000   -151.000        1.000000   0.141636        915.0251    0.0000221451    0.0003850074   56.0429828524   54.7081252681   -2.1952403441 
   0.0000000000   -150.000        1.000000   0.141528        914.6757    0.0000219857    0.0003788049   56.0074521961   54.6926308241   -2.1944389390 
   0.0000000000   -149.000        1.000000   0.141423        914.3321    0.0000218282    0.0003727376   55.9729646218   54.6777753160   -2.1936388933 
   0.0000000000   -148.000        1.000000   0.141319        913.9941    0.0000216726    0.0003668011   55.9394967522   54.6635490440   -2.1928401708 
   0.0000000000   -147.000        1.000000   0.141216        913.6615    0.0000215190    0.0003609905   55.9070284036   54.6499455170   -2.1920427353 
   0.0000000000   -146.000        1.000000   0.141116        913.3344    0.0000213674    0.0003553015   55.8755426865   54.6369616025   -2.1912465508 
   0.0000000000   -145.000        1.000000   0.141017        913.0125    0.0000212177    0.0003497294   55.8450261324   54.6245977040   -2.1904515816 
   0.0000000000   -144.000        1.000000   0.140919        912.6957    0.0000210699    0.0003442697   55.8154688421   54.6128579641   -2.1896577916 
   0.0000000000   -143.000        1.000000   0.140824        912.3840    0.0000209241    0.0003389177   55.7868646608   54.6017504972   -2.1888651446 
   0.0000000000   -142.000        1.000000   0.140729        912.0772    0.0000207803    0.0003336687   55.7592113761   54.5912876494   -2.1880736038 
   0.0000000000   -141.000        1.000000   0.140637        911.7753    0.0000206385    0.0003285181   55.7325109460   54.5814862903   -2.1872831321 
   0.0000000000   -140.000        1.000000   0.140545        911.4781    0.0000204988    0.0003234609   55.7067697516   54.5723681360   -2.1864936912 
   0.0000000000   -139.000        1.000000   0.140456        911.1856    0.0000203610    0.0003184924   55.6819988795   54.5639601035   -2.1857052422 
   0.0000000000   -138.000        1.000000   0.140367        910.8977    0.0000202254    0.0003136074   55.6582144341   54.5562946999   -2.1849177446 
   0.0000000000   -137.000        1.000000   0.140280        910.6143    0.0000200919    0.0003088008   55.6354378799   54.5494104475   -2.1841311566 
   0.0000000000   -136.000        1.000000   0.140195        910.3353    0.0000199605    0.0003040671   55.6136964166   54.5433523441   -2.1833454346 
   0.0000000000   -135.000        1.000000   0.140111        910.0607    0.0000198314    0.0002994008   55.5930233863   54.5381723607   -2.1825605329 
   0.0000000000   -134.000        1.000000   0.140028        909.7903    0.0000197045    0.0002947961   55.5734587152   54.5339299806   -2.1817764035 
   0.0000000000   -133.000        1.000000   0.139946        909.5242    0.0000195800    0.0002902469   55.5550493915   54.5306927761   -2.1809929956 
   0.0000000000   -132.000        1.000000   0.139866        909.2623    0.0000194579    0.0002857469   55.5378499776   54.5285370277   -2.1802102553 
   0.0000000000   -131.000        1.000000   0.139787        909.0046    0.0000193382    0.0002812894   55.5219231631   54.5275483884   -2.1794281252 
   0.0000000000   -130.000        1.000000   0.139710        908.7509    0.0000192212    0.0002768675   55.5073403531   54.5278225874   -2.1786465440 
   0.0000000000   -129.000        1.000000   0.139633        908.5014    0.0000191070    0.0002724738   55.4941822991   54.5294661836   -2.1778654459 
   0.0000000000   -128.000        1.000000   0.139558        908.2558    0.0000189955    0.0002681003   55.4825397690   54.5325973631   -2.1770847603 
   0.0000000000   -127.000        1.000000   0.139484        908.0144    0.0000188870    0.0002637390   55.4725142594   54.5373467828   -2.1763044110 
   0.0000000000   -126.000        1.000000   0.139412        907.7769    0.0000187816    0.0002593810   55.4642187512   54.5438584651   -2.1755243157 
   0.0000000000   -125.000        1.000000   0.139340        907.5434    0.0000186795    0.0002550171   55.4577785069   54.5522907378   -2.1747443857 
   0.0000000000   -124.000        1.000000   0.139270        907.3140    0.0000185809    0.0002506374   55.4533319137   54.5628172260   -2.1739645246 
   0.0000000000   -123.000        1.000000   0.139201        907.0886    0.0000184860    0.0002462315   55.4510313699   54.5756278910   -2.1731846281 
   0.0000000000   -122.000        1.000000   0.139134        906.8673    0.0000183949    0.0002417881   55.4510442174   54.5909301215   -2.1724045828 
   0.0000000000   -121.000        1.000000   0.139067        906.6501    0.0000183080    0.0002372954   55.4535537176   54.6089498711   -2.1716242657 
   0.0000000000   -120.000        1.000000   0.139002        906.4370    0.0000182254    0.0002327408   55.4587600725   54.6299328464   -2.1708435433 
   0.0000000000   -119.000        1.000000   0.138939        906.2282    0.0000181476    0.0002281109   55.4668814922   54.6541457431   -2.1700622703 
   0.0000000000   -118.000        1.000000   0.138876        906.0236    0.0000180747    0.0002233913   55.4781553015   54.6818775263   -2.1692802890 
   0.0000000000   -117.000        1.000000   0.138815        905.8234    0.0000180072    0.0002185667   55.4928390952   54.7134407590   -2.1684974279 
   0.0000000000   -116.000        1.000000   0.138755        905.6277    0.0000179453    0.0002136210   55.5112119296   54.7491729708   -2.1677135006 
   0.0000000000   -115.000        1.000000   0.138697        905.4365    0.0000178896    0.0002085369   55.5335755526   54.7894380624   -2.1669283050 
   0.0000000000   -114.000        1.000000   0.138640        905.2501    0.0000178404    0.0002032960   55.5602556752   54.8346277532   -2.1661416212 
   0.0000000000   -113.000        1.000000   0.138585        905.0685    0.0000177981    0.0001978785   55.5915985803   54.8851596922   -2.1653534771 
   0.0000000000   -112.000        1.000000   0.138531        904.8919    0.0000177634    0.0001922640   55.6279910401   54.9414921011   -2.1645630779 
   0.0000000000   -111.000        1.000000   0.138479        904.7206    0.0000177367    0.0001864302   55.6698340199   55.0041059854   -2.1637704138 
   0.0000000000   -110.000        1.000000   0.138428        904.5547    0.0000177187    0.0001803536   55.7175623442   55.0735192710   -2.1629751810 
   0.0000000000   -109.000        1.000000   0.138379        904.3944    0.0000177098    0.0001740093   55.7716415354   55.1502852373   -2.1621770509 
   0.0000000000   -108.000        1.000000   0.138332        904.2400    0.0000177109    0.0001673709   55.8325691991   55.2349940334   -2.1613756678 
   0.0000000000   -107.000        1.000000   0.138287        904.0918    0.0000177226    0.0001604102   55.9008763998   55.3282741672   -2.1605706475 
   0.0000000000   -106.000        1.000000   0.138244        903.9501    0.0000177457    0.0001530975   55.9771290193   55.4307939566   -2.1597615746 
   0.0000000000   -105.000        1.000000   0.138203        903.8151    0.0000177810    0.0001454015   56.0619290809   55.5432629231   -2.1589480014 
   0.0000000000   -104.000        1.000000   0.138164        903.6873    0.0000178295    0.0001372886   56.1559160256   55.6664331081   -2.1581294447 
   0.0000000000   -103.000        1.000000   0.138128        903.5671    0.0000178919    0.0001287238   56.2597679243   55.8011002899   -2.1573053844 
   0.0000000000   -102.000        1.000000   0.138094        903.4549    0.0000179694    0.0001196699   56.3742026009   55.9481050735   -2.1564752603 
   0.0000000000   -101.000        1.000000   0.138062        903.3510    0.0000180630    0.0001100875   56.4999786451   56.1083338219   -2.1556384703 
   0.0000000000   -100.000        1.000000   0.138033        903.2561    0.0000181738    0.0000999352   56.6378962919   56.2827194011   -2.1547943675 
   0.0000000000    -99.000        1.000000   0.138007        903.1707    0.0000183031    0.0000891694   56.7887981289   56.4722416901   -2.1539422577 
   0.0000000000    -98.000        1.000000   0.137984        903.0953    0.0000184521    0.0000777442   56.9535696054   56.6779278236   -2.1530813965 
   0.0000000000    -97.000        1.000000   0.137965        903.0305    0.0000186222    0.0000656107   57.1331526733   56.9008669562   -2.1522106971 
   0.0000000000    -96.000        1.000000   0.137948        902.9770    0.0000188148    0.0000527192   57.3284936816   57.1421521744   -2.1513298748 
   0.0000000000    -95.000        1.000000   0.137936        902.9355    0.0000190314    0.0000390159   57.5406192596   57.4029636804   -2.1504377366 
   0.0000000000    -94.000        1.000000   0.137927        902.9068    0.0000192737    0.0000244451   57.7705859106   57.6845127891   -2.1495333086 
   0.0000000000    -93.000        1.000000   0.137922        902.8917    0.0000195434    0.0000089484   58.0194909707   57.9880532640   -2.1486155517 
   0.0000000000    -92.000        1.000000   0.137922        902.8909    0.0000198422   -0.0000075352   58.2884709040   58.3148786800   -2.1476833590 
   0.0000000000    -91.000        1.000000   0.137927        902.9056    0.0000201722   -0.0000250694   58.5786989991   58.6663190235   -2.1467355525 
   0.0000000000    -90.000        1.000000   0.137936        902.9365    0.0000205351   -0.0000437206   58.8913823908   59.0437364424   -2.1457708800 
   0.0000000000    -89.000        1.000000   0.137951        902.9849    0.0000209333   -0.0000635576   59.2277583182   59.4485200353   -2.1447880124 
   0.0000000000    -88.000        1.000000   0.137971        903.0517    0.0000213689   -0.0000846520   59.5890895088   59.8820795527   -2.1437855402 
   0.0000000000    -87.000        1.000000   0.137997        903.1382    0.0000218442   -0.0001070779   59.9766585950   60.3458378970   -2.1427619715 
   0.0000000000    -86.000        1.000000   0.138030        903.2455    0.0000223617   -0.0001309119   60.3917614332   60.8412222740   -2.1417157288 
   0.0000000000    -85.000        1.000000   0.138069        903.3751    0.0000229239   -0.0001562327   60.8356992107   61.3696538585   -2.1406451468 
   0.0000000000    -84.000        1.000000   0.138116        903.5282    0.0000235335   -0.0001831213   61.3097691966   61.9325358176   -2.1395484703 
   0.0000000000    -83.000        1.000000   0.138170        903.7065    0.0000241932   -0.0002116605   61.8152540091   62.5312395433   -2.1384238528 
   0.0000000000    -82.000        1.000000   0.138233        903.9113    0.0000249060   -0.0002419345   62.3534092361   63.1670889200   -2.1372693546 
   0.0000000000    -81.000        1.000000   0.138303        904.1444    0.0000256749   -0.0002740288   62.9254492686   63.8413424753   -2.1360829429 
   0.0000000000    -80.000        1.000000   0.138384        904.4074    0.0000265028   -0.0003080297   63.5325311871   64.5551732508   -2.1348624910 
   0.0000000000    -79.000        1.000000   0.138473        904.7021    0.0000273931   -0.0003440234   64.1757365447   65.3096462375   -2.1336057797 
   0.0000000000    -78.000        1.000000   0.138573        905.0305    0.0000283490   -0.0003820955   64.8560509003   66.1056932411   -2.1323104985 
   0.0000000000    -77.000        1.000000   0.138684        905.3944    0.0000293739   -0.0004223305   65.5743409522   66.9440850502   -2.1309742488 
   0.0000000000    -76.000        1.000000   0.138807        905.7959    0.0000304711   -0.0004648102   66.3313291551   67.8254008269   -2.1295945477 
   0.0000000000    -75.000        1.000000   0.138941        906.2371    0.0000316441   -0.0005096129   67.1275657092   68.7499946651   -2.1281688338 
   0.0000000000    -74.000        1.000000   0.139089        906.7202    0.0000328963   -0.0005568120   67.9633978495   69.7179593231   -2.1266944743 
   0.0000000000    -73.000        1.000000   0.139250        907.2476    0.0000342311   -0.0006064743   68.8389364165   70.7290872093   -2.1251687744 
   0.0000000000    -72.000        1.000000   0.139425        907.8214    0.0000356519   -0.0006586582   69.7540197315   71.7828287894   -2.1235889888 
   0.0000000000    -71.000        1.000000   0.139615        908.4442    0.0000371620   -0.0007134113   70.7081748831   72.8782486830   -2.1219523358 
   0.0000000000    -70.000        1.000000   0.139822        909.1185    0.0000387647   -0.0007707773   71.7007039789   74.0141354284   -2.1202553388 
   0.0000000000    -69.000        1.000000   0.140045        909.8466    0.0000404622   -0.0008307595   72.7301650400   75.1883727140   -2.1184963932 
   0.0000000000    -68.000        1.000000   0.140285        910.6311    0.0000422575   -0.0008933645   73.7949997285   76.3987138493   -2.1166721650 
   0.0000000000    -67.000        1.000000   0.140544        911.4745    0.0000441524   -0.0009585688   74.8930632499   77.6422156514   -2.1147799216 
   0.0000000000    -66.000        1.000000   0.140822        912.3793    0.0000461487   -0.0010263225   76.0216794760   78.9153164505   -2.1128170125 
   0.0000000000    -65.000        1.000000   0.141120        913.3480    0.0000482472   -0.0010965437   77.1775961960   80.2137940061   -2.1107809060 
   0.0000000000    -64.000        1.000000   0.141438        914.3831    0.0000504480   -0.0011691144   78.3569426989   81.5327285646   -2.1086692302 
   0.0000000000    -63.000        1.000000   0.141778        915.4867    0.0000527504   -0.0012438747   79.5551914374   82.8664732898   -2.1064798190 
   0.0000000000    -62.000        1.000000   0.142140        916.6611    0.0000551522   -0.0013206174   80.7671257724   84.2086345977   -2.1042107637 
   0.0000000000    -61.000        1.000000   0.142525        917.9083    0.0000576502   -0.0013990822   81.9868162167   85.5520652703   -2.1018604693 
   0.0000000000    -60.000        1.000000   0.142935        919.2304    0.0000602404   -0.0014789707   83.2078441616   86.8891542166   -2.0994265680 
   0.0000000000    -59.000        1.000000   0.143368        920.6280    0.0000629145   -0.0015598629   84.4224187608   88.2108012987   -2.0969102591 
   0.0000000000    -58.000        1.000000   0.143825        922.1027    0.0000656647   -0.0016413219   85.6226459215   89.5079566787   -2.0943103603 
   0.0000000000    -57.000        1.000000   0.144307        923.6550    0.0000684800   -0.0017228208   86.7997821474   90.7707585009   -2.0916271633 
   0.0000000000    -56.000        1.000000   0.144815        925.2851    0.0000713471   -0.0018037569   87.9444876194   91.9888610321   -2.0888616074 
   0.0000000000    -55.000        1.000000   0.145347        926.9926    0.0000742501   -0.0018834514   89.0469212131   93.1515707477   -2.0860153476 
   0.0000000000    -54.000        1.000000   0.145904        928.7763    0.0000771703   -0.0019611514   90.0968671615   94.2480142286   -2.0830908173 
   0.0000000000    -53.000        1.000000   0.146487        930.6352    0.0000800877   -0.0020360633   91.0841164068   95.2675905534   -2.0800898250 
   0.0000000000    -52.000        1.000000   0.147092        932.5655    0.0000829762   -0.0021072609   91.9978089156   96.1992210207   -2.0770190532 
   0.0000000000    -51.000        1.000000   0.147721        934.5641    0.0000858103   -0.0021738448   92.8278869427   97.0330104089   -2.0738823835 
   0.0000000000    -50.000        1.000000   0.148370        936.6269    0.0000885617   -0.0022348707   93.5645667442   97.7596121789   -2.0706857488 
   0.0000000000    -49.000        1.000000   0.149040        938.7485    0.0000912004   -0.0022893961   94.1988037685   98.3707189618   -2.0674359617 
   0.0000000000    -48.000        1.000000   0.149728        940.9228    0.0000936956   -0.0023365095   94.7225806580   98.8593294597   -2.0641406633 
   0.0000000000    -47.000        1.000000   0.150432        943.1427    0.0000960166   -0.0023753633   95.1291922706   99.2199938864   -2.0608082411 
   0.0000000000    -46.000        1.000000   0.151151        945.4013    0.0000981351   -0.0024052281   95.4135667984   99.4490842376   -2.0574460077 
   0.0000000000    -45.000        1.000000   0.151880        947.6883    0.0001000212   -0.0024254457   95.5722390799   99.5446691018   -2.0540666026 
   0.0000000000    -44.000        1.000000   0.152617        949.9952    0.0001016518   -0.0024355796   95.6039388557   99.5070662136   -2.0506784247 
   0.0000000000    -43.000        1.000000   0.153359        952.3125    0.0001030069   -0.0024353622   95.5093977929   99.3385354861   -2.0472914464 
   0.0000000000    -42.000        1.000000   0.154103        954.6302    0.0001040716   -0.0024247302   95.2914410903   99.0433018536   -2.0439155749 
   0.0000000000    -41.000        1.000000   0.154846        956.9385    0.0001048367   -0.0024038323   94.9549135903   98.6274170620   -2.0405604516 
   0.0000000000    -40.000        1.000000   0.155584        959.2276    0.0001052993   -0.0023730242   94.5065178090   98.0985520082   -2.0372352601 
   0.0000000000    -39.000        1.000000   0.156315        961.4879    0.0001054626   -0.0023328547   93.9545733810   97.4657326718   -2.0339485534 
   0.0000000000    -38.000        1.000000   0.157036        963.7107    0.0001053357   -0.0022840402   93.3087141534   96.7390367082   -2.0307081088 
   0.0000000000    -37.000        1.000000   0.157743        965.8876    0.0001049328   -0.0022274336   92.5795443012   95.9292699578   -2.0275208151 
   0.0000000000    -36.000        1.000000   0.158434        968.0112    0.0001042730   -0.0021639869   91.7782771064   95.0476422333   -2.0243925977 
   0.0000000000    -35.000        1.000000   0.159108        970.0751    0.0001033785   -0.0020947128   90.9163797651   94.1054599452   -2.0213283801 
   0.0000000000    -34.000        1.000000   0.159761        972.0736    0.0001022743   -0.0020206475   90.0052446799   93.1138498400   -2.0183320819 
   0.0000000000    -33.000        1.000000   0.160393        974.0022    0.0001009867   -0.0019428158   89.0559030683   92.0835239506   -2.0154066469 
   0.0000000000    -32.000        1.000000   0.161002        975.8573    0.0000995427   -0.0018622030   88.0787910091   91.0245914112   -2.0125540977 
   0.0000000000    -31.000        1.000000   0.161587        977.6361    0.0000979689   -0.0017797312   87.0835725536   89.9464186837   -2.0097756092 
   0.0000000000    -30.000        1.000000   0.162148        979.3368    0.0000962909   -0.0016962431   86.0790193310   88.8575362669   -2.0070715958 
   0.0000000000    -29.000        1.000000   0.162683        980.9584    0.0000945326   -0.0016124917   85.0729423623   87.7655874503   -2.0044418051 
   0.0000000000    -28.000        1.000000   0.163193        982.5005    0.0000927163   -0.0015291348   84.0721690246   86.6773130576   -2.0018854144 
   0.0000000000    -27.000        1.000000   0.163677        983.9634    0.0000908619   -0.0014467349   83.0825568776   85.5985654122   -1.9994011244 
   0.0000000000    -26.000        1.000000   0.164136        985.3480    0.0000889871   -0.0013657621   82.1090356440   84.5343446933   -1.9969872489 
   0.0000000000    -25.000        1.000000   0.164571        986.6555    0.0000871075   -0.0012865999   81.1556691438   83.4888513255   -1.9946417961 
   0.0000000000    -24.000        1.000000   0.164980        987.8876    0.0000852362   -0.0012095521   80.2257299230   82.4655488037   -1.9923625423 
   0.0000000000    -23.000        1.000000   0.165366        989.0461    0.0000833846   -0.0011348514   79.3217805221   81.4672322836   -1.9901470961 
   0.0000000000    -22.000        1.000000   0.165728        990.1332    0.0000815619   -0.0010626681   78.4457566321   80.4960992113   -1.9879929545 
   0.0000000000    -21.000        1.000000   0.166068        991.1513    0.0000797757   -0.0009931181   77.5990485654   79.5538191698   -1.9858975489 
   0.0000000000    -20.000        1.000000   0.166385        992.1020    0.0000780323   -0.0009262886   76.7828684503   78.6419095402   -1.9838595670 
   0.0000000000    -19.000        1.000000   0.166681        992.9894    0.0000763358   -0.0008621746   75.9971280597   77.7605283659   -1.9818737227 
   0.0000000000    -18.000        1.000000   0.166958        993.8153    0.0000746901   -0.0008007952   75.2423489075   76.9104936657   -1.9799388838 
   0.0000000000    -17.000        1.000000   0.167214        994.5821    0.0000730976   -0.0007421245   74.5184513010   76.0919882503   -1.9780525412 
   0.0000000000    -16.000        1.000000   0.167452        995.2925    0.0000715600   -0.0006861157   73.8251327289   75.3049540571   -1.9762122511 
   0.0000000000    -15.000        1.000000   0.167673        995.9488    0.0000700782   -0.0006327065   73.1619121742   74.5491337104   -1.9744156458 
   0.0000000000    -14.000        1.000000   0.167876        996.5536    0.0000686525   -0.0005818221   72.5281682238   73.8241069651   -1.9726604422 
   0.0000000000    -13.000        1.000000   0.168062        997.1093    0.0000672828   -0.0005333789   71.9231715198   73.1293223914   -1.9709444465 
   0.0000000000    -12.000        1.000000   0.168233        997.6181    0.0000659684   -0.0004872870   71.3461121547   72.4641247153   -1.9692655571 
   0.0000000000    -11.000        1.000000   0.168389        998.0823    0.0000647086   -0.0004434526   70.7961225935   71.8277782456   -1.9676217660 
   0.0000000000    -10.000        1.000000   0.168531        998.5041    0.0000635022   -0.0004017797   70.2722966952   71.2194868125   -1.9660111584 
   0.0000000000     -9.000        1.000000   0.168659        998.8854    0.0000623478   -0.0003621714   69.7737053636   70.6384106304   -1.9644319118 
   0.0000000000     -8.000        1.000000   0.168774        999.2283    0.0000612441   -0.0003245311   69.2994093076   70.0836804640   -1.9628822936 
   0.0000000000     -7.000        1.000000   0.168878        999.5346    0.0000601894   -0.0002887638   68.8484693407   69.5544094520   -1.9613606584 
   0.0000000000     -6.000        1.000000   0.168969        999.8061    0.0000591821   -0.0002547761   68.4199546038   69.0497029023   -1.9598654455 
   0.0000000000     -5.000        1.000000   0.169049       1000.0446    0.0000582206   -0.0002224774   68.0129490393   68.5686663458   -1.9583951748 
   0.0000000000     -4.000        1.000000   0.169119       1000.2517    0.0000573031   -0.0001917798   67.6265564082   68.1104120967   -1.9569484437 
   0.0000000000     -3.000        1.000000   0.169179       1000.4288    0.0000564279   -0.0001625986   67.2599040932   67.6740645409   -1.9555239237 
   0.0000000000     -2.000        1.000000   0.169229       1000.5775    0.0000555934   -0.0001348523   66.9121459021   67.2587643469   -1.9541203561 
   0.0000000000     -1.000        1.000000   0.169269       1000.6986    0.0000547981   -0.0001084695   66.5825787662   66.8638015891   -1.9527374173 
   0.0000000000      0.000        1.000000   0.169302       1000.7945    0.0000540401   -0.0000833621   66.2701738948   66.4880865316   -1.9513721837 
   0.0000000000      1.000        1.000000   0.169326       1000.8659    0.0000533179   -0.0000594660   65.9743010180   66.1309692240   -1.9500245182 
   0.0000000000      2.000        1.000000   0.169342       1000.9140    0.0000526300   -0.0000367137   65.6942331717   65.7916811753   -1.9486934071 
   0.0000000000      3.000        1.000000   0.169351       1000.9398    0.0000519749   -0.0000150408   65.4292741897   65.4694801570   -1.9473778900 
   0.0000000000      4.000        1.000000   0.169352       1000.9445    0.0000513512    0.0000056138   65.1787583994   65.1636507323   -1.9460770563 
   0.0000000000      5.000        1.000000   0.169347       1000.9289    0.0000507576    0.0000253081   64.9420501037   64.8735044816   -1.9447900430 
   0.0000000000      6.000        1.000000   0.169335       1000.8941    0.0000501927    0.0000440971   64.7185428971   64.5983799826   -1.9435160311 
   0.0000000000      7.000        1.000000   0.169317       1000.8410    0.0000496553    0.0000620329   64.5076588584   64.3376425886   -1.9422542437 
   0.0000000000      8.000        1.000000   0.169294       1000.7703    0.0000491441    0.0000791646   64.3088476540   64.0906840480   -1.9410039430 
   0.0000000000      9.000        1.000000   0.169264       1000.6828    0.0000486581    0.0000955390   64.1215855788   63.8569219971   -1.9397644284 
   0.0000000000     10.000        1.000000   0.169229       1000.5793    0.0000481961    0.0001112001   63.9453745575   63.6357993532   -1.9385350339 
   0.0000000000     11.000        1.000000   0.169189       1000.4605    0.0000477571    0.0001261897   63.7797411230   63.4267836350   -1.9373151263 
   0.0000000000     12.000        1.000000   0.169144       1000.3270    0.0000473401    0.0001405473   63.6242353889   63.2293662257   -1.9361041030 
   0.0000000000     13.000        1.000000   0.169095       1000.1795    0.0000469442    0.0001543100   63.4784300230   63.0430615968   -1.9349013906 
   0.0000000000     14.000        1.000000   0.169040       1000.0185    0.0000465684    0.0001675133   63.3419192365   62.8674065085   -1.9337064425 
   0.0000000000     15.000        1.000000   0.168982        999.8447    0.0000462120    0.0001801904   63.2143177902   62.7019591928   -1.9325187382 
   0.0000000000     16.000        1.000000   0.168919        999.6584    0.0000458741    0.0001923728   63.0952600265   62.5462985326   -1.9313377807 
   0.0000000000     17.000        1.000000   0.168853        999.4602    0.0000455540    0.0002040904   62.9843989294   62.4000232419   -1.9301630962 
   0.0000000000     18.000        1.000000   0.168782        999.2506    0.0000452509    0.0002153713   62.8814052167   62.2627510549   -1.9289942319 
   0.0000000000     19.000        1.000000   0.168708        999.0299    0.0000449641    0.0002262422   62.7859664639   62.1341179258   -1.9278307550 
   0.0000000000     20.000        1.000000   0.168630        998.7987    0.0000446931    0.0002367283   62.6977862637   62.0137772466   -1.9266722519 
   0.0000000000     21.000        1.000000   0.168549        998.5572    0.0000444371    0.0002468534   62.6165834197   61.9013990827   -1.9255183264 
   0.0000000000     22.000        1.000000   0.168464        998.3058    0.0000441957    0.0002566402   62.5420911751   61.7966694309   -1.9243685993 
   0.0000000000     23.000        1.000000   0.168377        998.0448    0.0000439682    0.0002661100   62.4740564761   61.6992894994   -1.9232227073 
   0.0000000000     24.000        1.000000   0.168286        997.7747    0.0000437542    0.0002752830   62.4122392699   61.6089750123   -1.9220803016 
   0.0000000000     25.000        1.000000   0.168192        997.4956    0.0000435532    0.0002841784   62.3564118350   61.5254555390   -1.9209410477 
   0.0000000000     26.000        1.000000   0.168095        997.2078    0.0000433646    0.0002928144   62.3063581456   61.4484738480   -1.9198046242 
   0.0000000000     27.000        1.000000   0.167996        996.9117    0.0000431881    0.0003012081   62.2618732658   61.3777852873   -1.9186707222 
   0.0000000000     28.000        1.000000   0.167894        996.6074    0.0000430233    0.0003093759   62.2227627750   61.3131571882   -1.9175390444 
   0.0000000000     29.000        1.000000   0.167789        996.2951    0.0000428698    0.0003173332   62.1888422228   61.2543682955   -1.9164093049 
   0.0000000000     30.000        1.000000   0.167682        995.9751    0.0000427271    0.0003250947   62.1599366110   61.2012082213   -1.9152812280 
   0.0000000000     31.000        1.000000   0.167572        995.6476    0.0000425950    0.0003326744   62.1358799027   61.1534769231   -1.9141545478 
   0.0000000000     32.000        1.000000   0.167460        995.3127    0.0000424731    0.0003400854   62.1165145568   61.1109842048   -1.9130290078 
   0.0000000000     33.000        1.000000   0.167345        994.9706    0.0000423612    0.0003473403   62.1016910876   61.0735492409   -1.9119043603 
   0.0000000000     34.000        1.000000   0.167228        994.6216    0.0000422589    0.0003544511   62.0912676460   61.0410001220   -1.9107803659 
   0.0000000000     35.000        1.000000   0.167109        994.2656    0.0000421659    0.0003614290   62.0851096242   61.0131734219   -1.9096567930 
   0.0000000000     36.000        1.000000   0.166987        993.9029    0.0000420821    0.0003682850   62.0830892806   60.9899137848   -1.9085334173 
   0.0000000000     37.000        1.000000   0.166864        993.5336    0.0000420072    0.0003750291   62.0850853840   60.9710735323   -1.9074100214 
   0.0000000000     38.000        1.000000   0.166738        993.1577    0.0000419409    0.0003816713   62.0909828779   60.9565122888   -1.9062863947 
   0.0000000000     39.000        1.000000   0.166610        992.7755    0.0000418830    0.0003882208   62.1006725612   60.9460966255   -1.9051623327 
   0.0000000000     40.000        1.000000   0.166480        992.3869    0.0000418334    0.0003946864   62.1140507864   60.9396997207   -1.9040376367 
   0.0000000000     41.000        1.000000   0.166349        991.9921    0.0000417919    0.0004010767   62.1310191734   60.9372010376   -1.9029121135 
   0.0000000000     42.000        1.000000   0.166215        991.5912    0.0000417582    0.0004073997   62.1514843390   60.9384860170   -1.9017855753 
   0.0000000000     43.000        1.000000   0.166079        991.1842    0.0000417323    0.0004136629   62.1753576394   60.9434457855   -1.9006578389 
   0.0000000000     44.000        1.000000   0.165941        990.7712    0.0000417140    0.0004198739   62.2025549268   60.9519768774   -1.8995287262 
   0.0000000000     45.000        1.000000   0.165801        990.3522    0.0000417031    0.0004260397   62.2329963194   60.9639809709   -1.8983980629 
   0.0000000000     46.000        1.000000   0.165659        989.9273    0.0000416995    0.0004321668   62.2666059815   60.9793646366   -1.8972656794 
   0.0000000000     47.000        1.000000   0.165516        989.4966    0.0000417031    0.0004382617   62.3033119165   60.9980390983   -1.8961314095 
   0.0000000000     48.000        1.000000   0.165370        989.0600    0.0000417138    0.0004443306   62.3430457698   61.0199200064   -1.8949950911 
   0.0000000000     49.000        1.000000   0.165223        988.6176    0.0000417314    0.0004503793   62.3857426419   61.0449272207   -1.8938565652 
   0.0000000000     50.000        1.000000   0.165074        988.1695    0.0000417559    0.0004564134   62.4313409110   61.0729846056   -1.8927156762 
   0.0000000000     51.000        1.000000   0.164923        987.7156    0.0000417873    0.0004624383   62.4797820641   61.1040198336   -1.8915722716 
   0.0000000000     52.000        1.000000   0.164770        987.2560    0.0000418253    0.0004684593   62.5310105370   61.1379641997   -1.8904262017 
   0.0000000000     53.000        1.000000   0.164616        986.7906    0.0000418700    0.0004744812   62.5849735623   61.1747524436   -1.8892773196 
   0.0000000000     54.000        1.000000   0.164459        986.3195    0.0000419213    0.0004805088   62.6416210241   61.2143225810   -1.8881254808 
   0.0000000000     55.000        1.000000   0.164301        985.8427    0.0000419791    0.0004865468   62.7009053203   61.2566157427   -1.8869705432 
   0.0000000000     56.000        1.000000   0.164141        985.3602    0.0000420434    0.0004925994   62.7627812319   61.3015760221   -1.8858123672 
   0.0000000000     57.000        1.000000   0.163979        984.8720    0.0000421141    0.0004986710   62.8272057973   61.3491503282   -1.8846508150 
   0.0000000000     58.000        1.000000   0.163815        984.3779    0.0000421911    0.0005047655   62.8941381936   61.3992882475   -1.8834857510 
   0.0000000000     59.000        1.000000   0.163649        983.8782    0.0000422745    0.0005108871   62.9635396233   61.4519419108   -1.8823170411 
   0.0000000000     60.000        1.000000   0.163482        983.3726    0.0000423642    0.0005170393   63.0353732049   61.5070658663   -1.8811445533 
   0.0000000000     61.000        1.000000   0.163312        982.8613    0.0000424603    0.0005232259   63.1096038708   61.5646169596   -1.8799681570 
   0.0000000000     62.000        1.000000   0.163141        982.3441    0.0000425625    0.0005294505   63.1861982670   61.6245542179   -1.8787877232 
   0.0000000000     63.000        1.000000   0.162968        981.8210    0.0000426711    0.0005357163   63.2651246593   61.6868387396   -1.8776031241 
   0.0000000000     64.000        1.000000   0.162793        981.2921    0.0000427858    0.0005420268   63.3463528427   61.7514335892   -1.8764142335 
   0.0000000000     65.000        1.000000   0.162617        980.7572    0.0000429068    0.0005483851   63.4298540541   61.8183036964   -1.8752209261 
   0.0000000000     66.000        1.000000   0.162438        980.2164    0.0000430340    0.0005547942   63.5156008900   61.8874157596   -1.8740230780 
   0.0000000000     67.000        1.000000   0.162258        979.6696    0.0000431675    0.0005612572   63.6035672260   61.9587381536   -1.8728205660 
   0.0000000000     68.000        1.000000   0.162075        979.1167    0.0000433071    0.0005677770   63.6937281400   62.0322408407   -1.8716132682 
   0.0000000000     69.000        1.000000   0.161891        978.5577    0.0000434531    0.0005743563   63.7860598395   62.1078952862   -1.8704010633 
   0.0000000000     70.000        1.000000   0.161705        977.9926    0.0000436052    0.0005809979   63.8805395895   62.1856743765   -1.8691838309 
   0.0000000000     71.000        1.000000   0.161517        977.4212    0.0000437637    0.0005877044   63.9771456451   62.2655523409   -1.8679614514 
   0.0000000000     72.000        1.000000   0.161327        976.8437    0.0000439284    0.0005944784   64.0758571852   62.3475046759   -1.8667338058 
   0.0000000000     73.000        1.000000   0.161135        976.2601    0.0000440993    0.0006013211   64.1766255946   62.4314745912   -1.8655001827 
   0.0000000000     74.000        1.000000   0.160941        975.6698    0.0000442766    0.0006082373   64.2794878287   62.5175055262   -1.8642616325 
   0.0000000000     75.000        1.000000   0.160745        975.0732    0.0000444603    0.0006152283   64.3843979326   62.6055441371   -1.8630174619 
   0.0000000000     76.000        1.000000   0.160547        974.4700    0.0000446503    0.0006222963   64.4913381615   62.6955702867   -1.8617675538 
   0.0000000000     77.000        1.000000   0.160347        973.8603    0.0000448468    0.0006294435   64.6002913965   62.7875647673   -1.8605117919 
   0.0000000000     78.000        1.000000   0.160145        973.2440    0.0000450497    0.0006366722   64.7112410898   62.8815092397   -1.8592500599 
   0.0000000000     79.000        1.000000   0.159941        972.6210    0.0000452591    0.0006439844   64.8241712123   62.9773861742   -1.8579822419 
   0.0000000000     80.000        1.000000   0.159735        971.9913    0.0000454750    0.0006513821   64.9390662020   63.0751787938   -1.8567082223 
   0.0000000000     81.000        1.000000   0.159527        971.3547    0.0000456975    0.0006588675   65.0559109145   63.1748710180   -1.8554278858 
   0.0000000000     82.000        1.000000   0.159316        970.7113    0.0000459266    0.0006664423   65.1746905733   63.2764474096   -1.8541411170 
   0.0000000000     83.000        1.000000   0.159104        970.0609    0.0000461623    0.0006741085   65.2953907232   63.3798931215   -1.8528478010 
   0.0000000000     84.000        1.000000   0.158889        969.4034    0.0000464047    0.0006818680   65.4179971824   63.4851938457   -1.8515478229 
   0.0000000000     85.000        1.000000   0.158672        968.7388    0.0000466539    0.0006897226   65.5424959984   63.5923357636   -1.8502410678 
   0.0000000000     86.000        1.000000   0.158453        968.0670    0.0000469098    0.0006976739   65.6688734017   63.7013054969   -1.8489274210 
   0.0000000000     87.000        1.000000   0.158232        967.3880    0.0000471726    0.0007057237   65.7971157631   63.8120900598   -1.8476067680 
   0.0000000000     88.000        1.000000   0.158008        966.7016    0.0000474423    0.0007138737   65.9272095500   63.9246768122   -1.8462789939 
   0.0000000000     89.000        1.000000   0.157782        966.0077    0.0000477190    0.0007221254   66.0591412839   64.0390534141   -1.8449439843 
   0.0000000000     90.000        1.000000   0.157554        965.3064    0.0000480027    0.0007304804   66.1928974994   64.1552077800   -1.8436016245 
   0.0000000000     91.000        1.000000   0.157324        964.5974    0.0000482934    0.0007389401   66.3284647022   64.2731280351   -1.8422518000 
   0.0000000000     92.000        1.000000   0.157091        963.8808    0.0000485913    0.0007475062   66.4658293292   64.3928024711   -1.8408943962 
   0.0000000000     93.000        1.000000   0.156856        963.1564    0.0000488963    0.0007561799   66.6049777083   64.5142195037   -1.8395292983 
   0.0000000000     94.000        1.000000   0.156619        962.4241    0.0000492086    0.0007649627   66.7458960190   64.6373676298   -1.8381563918 
   0.0000000000     95.000        1.000000   0.156379        961.6839    0.0000495282    0.0007738558   66.8885702533   64.7622353857   -1.8367755620 
   0.0000000000     96.000        1.000000   0.156137        960.9357    0.0000498552    0.0007828605   67.0329861772   64.8888113055   -1.8353866943 
   0.0000000000     97.000        1.000000   0.155892        960.1793    0.0000501896    0.0007919781   67.1791292926   65.0170838805   -1.8339896738 
   0.0000000000     98.000        1.000000   0.155645        959.4147    0.0000505315    0.0008012096   67.3269847994   65.1470415177   -1.8325843859 
   0.0000000000     99.000        1.000000   0.155395        958.6419    0.0000508809    0.0008105563   67.4765375586   65.2786725004   -1.8311707158 
   0.0000000000    100.000        1.000000   0.155143        957.8606    0.0000512380    0.0008200192   67.6277720543   65.4119649474   -1.8297485489 
   0.0000000000    101.000        1.000000   0.154889        957.0709    0.0000516028    0.0008295992   67.7806723584   65.5469067736   -1.8283177704 
   0.0000000000    102.000        1.000000   0.154632        956.2726    0.0000519753    0.0008392974   67.9352220930   65.6834856508   -1.8268782657 
   0.0000000000    103.000        1.000000   0.154372        955.4657    0.0000523557    0.0008491146   68.0914043954   65.8216889677   -1.8254299202 
   0.0000000000    104.000        1.000000   0.154109        954.6500    0.0000527439    0.0008590516   68.2492018820   65.9615037915   -1.8239726194 
   0.0000000000    105.000        1.000000   0.153845        953.8254    0.0000531401    0.0008691093   68.4085966133   66.1029168287   -1.8225062488 
   0.0000000000    106.000        1.000000   0.153577        952.9920    0.0000535443    0.0008792882   68.5695700586   66.2459143863   -1.8210306943 
   0.0000000000    107.000        1.000000   0.153307        952.1495    0.0000539566    0.0008895892   68.7321030620   66.3904823336   -1.8195458417 
   0.0000000000    108.000        1.000000   0.153034        951.2979    0.0000543770    0.0009000126   68.8961758077   66.5366060634   -1.8180515772 
   0.0000000000    109.000        1.000000   0.152758        950.4370    0.0000548056    0.0009105591   69.0617677868   66.6842704543   -1.8165477870 
   0.0000000000    110.000        1.000000   0.152480        949.5669    0.0000552424    0.0009212290   69.2288577636   66.8334598320   -1.8150343579 
   0.0000000000    111.000        1.000000   0.152199        948.6874    0.0000556876    0.0009320227   69.3974237428   66.9841579320   -1.8135111768 
   0.0000000000    112.000        1.000000   0.151915        947.7985    0.0000561411    0.0009429405   69.5674429370   67.1363478615   -1.8119781311 
   0.0000000000    113.000        1.000000   0.151628        946.8999    0.0000566031    0.0009539825   69.7388917353   67.2900120623   -1.8104351086 
   0.0000000000    114.000        1.000000   0.151339        945.9918    0.0000570736    0.0009651489   69.9117456713   67.4451322730   -1.8088819976 
   0.0000000000    115.000        1.000000   0.151046        945.0738    0.0000575526    0.0009764396   70.0859793925   67.6016894922   -1.8073186868 
   0.0000000000    116.000        1.000000   0.150751        944.1461    0.0000580402    0.0009878546   70.2615666309   67.7596639418   -1.8057450657 
   0.0000000000    117.000        1.000000   0.150454        943.2088    0.0000585361    0.0009993900   70.4384327363   67.9189804419   -1.8041604987 
   0.0000000000    118.000        1.000000   0.150153        942.2612    0.0000590410    0.0010110527   70.6166416653   68.0797235347   -1.8025659060 
   0.0000000000    119.000        1.000000   0.149849        941.3034    0.0000595547    0.0010228389   70.7961193464   68.2418192904   -1.8009606746 
   0.0000000000    120.000        1.000000   0.149543        940.3355    0.0000600770    0.0010347479   70.9768355468   68.4052444457   -1.7993446968 
   0.0000000000    121.000        1.000000   0.149233        939.3574    0.0000606082    0.0010467794   71.1587589768   68.5699747801   -1.7977178663 
   0.0000000000    122.000        1.000000   0.148920        938.3689    0.0000611482    0.0010589324   71.3418572651   68.7359850815   -1.7960800774 
   0.0000000000    123.000        1.000000   0.148605        937.3700    0.0000616971    0.0010712063   71.5260969333   68.9032491120   -1.7944312258 
   0.0000000000    124.000        1.000000   0.148287        936.3606    0.0000622549    0.0010836001   71.7114433737   69.0717395748   -1.7927712084 
   0.0000000000    125.000        1.000000   0.147965        935.3407    0.0000628215    0.0010961127   71.8978608267   69.2414280812   -1.7910999236 
   0.0000000000    126.000        1.000000   0.147641        934.3101    0.0000633971    0.0011087428   72.0853123599   69.4122851192   -1.7894172708 
