  #sigma_s    Temp(C) Press(Mpa) p_meanfield density (kg/m^3)      kappa      alpha Cp(J/molK) Cv(J/molK)  mu(J/mol)
   0.0000000000   -173.000      270.000000   0.448393       1262.6009    0.0000171600    0.0009765640   74.7888184162   66.7853909794   -1.9325645016 
   0.0000000000   -172.000      270.000000   0.447873       1261.3781    0.0000174381    0.0009716557   74.7801421758   66.8342994734   -1.9312176614 
   0.0000000000   -171.000      270.000000   0.447355       1260.1582    0.0000165839    0.0009591788   74.5102804975   66.6063112436   -1.9298719820 
   0.0000000000   -170.000      270.000000   0.446839       1258.9407    0.0000170617    0.0009678291   74.1889533158   66.2448831922   -1.9285257728 
   0.0000000000   -169.000      270.000000   0.446322       1257.7216    0.0000172461    0.0009670104   73.9745195952   66.0479641769   -1.9271813039 
   0.0000000000   -168.000      270.000000   0.445807       1256.5047    0.0000176792    0.0009704808   73.7156526986   65.7883042134   -1.9258367584 
   0.0000000000   -167.000      270.000000   0.445293       1255.2883    0.0000179263    0.0009696649   73.5082701131   65.6023653699   -1.9244930440 
   0.0000000000   -166.000      270.000000   0.444779       1254.0727    0.0000181399    0.0009696636   73.2758044949   65.3823228042   -1.9231509950 
   0.0000000000   -165.000      270.000000   0.444267       1252.8586    0.0000183916    0.0009691340   73.0675056683   65.1931472911   -1.9218089493 
   0.0000000000   -164.000      270.000000   0.443755       1251.6456    0.0000183568    0.0009675599   72.8747854289   65.0088737298   -1.9204677848 
   0.0000000000   -163.000      270.000000   0.443245       1250.4340    0.0000186576    0.0009684326   72.6667660033   64.8116461617   -1.9191275743 
   0.0000000000   -162.000      270.000000   0.442735       1249.2232    0.0000187155    0.0009676012   72.4750726845   64.6284538574   -1.9177892726 
   0.0000000000   -161.000      270.000000   0.442227       1248.0143    0.0000190039    0.0009678240   72.2779453834   64.4463378720   -1.9164507073 
   0.0000000000   -160.000      270.000000   0.441720       1246.8068    0.0000191685    0.0009678355   72.0882856630   64.2651877303   -1.9151132178 
   0.0000000000   -159.000      270.000000   0.441214       1245.6010    0.0000193417    0.0009674931   71.9003448856   64.0890908436   -1.9137767594 
   0.0000000000   -158.000      270.000000   0.440709       1244.3967    0.0000194770    0.0009668569   71.7210046691   63.9214455503   -1.9124413976 
   0.0000000000   -157.000      270.000000   0.440205       1243.1942    0.0000197251    0.0009667347   71.5428577799   63.7580216955   -1.9111071104 
   0.0000000000   -156.000      270.000000   0.439703       1241.9935    0.0000198657    0.0009660806   71.3702374701   63.5974157545   -1.9097739496 
   0.0000000000   -155.000      270.000000   0.439202       1240.7947    0.0000200315    0.0009654080   71.2025829860   63.4434585186   -1.9084419272 
   0.0000000000   -154.000      270.000000   0.438702       1239.5979    0.0000201998    0.0009646550   71.0387263281   63.2940156636   -1.9071110433 
   0.0000000000   -153.000      270.000000   0.438203       1238.4027    0.0000203714    0.0009639914   70.8764542141   63.1455868365   -1.9057823004 
   0.0000000000   -152.000      270.000000   0.437706       1237.2101    0.0000205291    0.0009631391   70.7179985509   63.0015077495   -1.9044536878 
   0.0000000000   -151.000      270.000000   0.437210       1236.0197    0.0000206902    0.0009622090   70.5627770326   62.8614277975   -1.9031263524 
   0.0000000000   -150.000      270.000000   0.436716       1234.8316    0.0000208486    0.0009612735   70.4108765058   62.7244637453   -1.9018003111 
   0.0000000000   -149.000      270.000000   0.436223       1233.6458    0.0000209924    0.0009601918   70.2619010170   62.5906175225   -1.9004755882 
   0.0000000000   -148.000      270.000000   0.435732       1232.4625    0.0000211446    0.0009590824   70.1155134294   62.4600245107   -1.8991522109 
   0.0000000000   -147.000      270.000000   0.435242       1231.2817    0.0000213052    0.0009579966   69.9717222671   62.3322732246   -1.8978302096 
   0.0000000000   -146.000      270.000000   0.434754       1230.1035    0.0000214485    0.0009567544   69.8306117355   62.2073275917   -1.8965096053 
   0.0000000000   -145.000      270.000000   0.434267       1228.9279    0.0000215957    0.0009554877   69.6922389115   62.0854815693   -1.8951904263 
   0.0000000000   -144.000      270.000000   0.433782       1227.7551    0.0000217368    0.0009540853   69.5565462454   61.9669593619   -1.8938727031 
   0.0000000000   -143.000      270.000000   0.433299       1226.5852    0.0000218761    0.0009526612   69.4229419202   61.8505256983   -1.8925564570 
   0.0000000000   -142.000      270.000000   0.432817       1225.4181    0.0000220174    0.0009512006   69.2916286137   61.7367237805   -1.8912417199 
   0.0000000000   -141.000      270.000000   0.432337       1224.2540    0.0000221519    0.0009496423   69.1625376025   61.6254513649   -1.8899285174 
   0.0000000000   -140.000      270.000000   0.431858       1223.0929    0.0000222843    0.0009480304   69.0356323626   61.5166101923   -1.8886168759 
   0.0000000000   -139.000      270.000000   0.431382       1221.9350    0.0000224160    0.0009463618   68.9107377706   61.4101236976   -1.8873068230 
   0.0000000000   -138.000      270.000000   0.430907       1220.7802    0.0000225413    0.0009446165   68.7878818876   61.3058578124   -1.8859983835 
   0.0000000000   -137.000      270.000000   0.430434       1219.6287    0.0000226663    0.0009428144   68.6669438289   61.2038809994   -1.8846915827 
   0.0000000000   -136.000      270.000000   0.429962       1218.4805    0.0000227880    0.0009409503   68.5478944491   61.1040436117   -1.8833864474 
   0.0000000000   -135.000      270.000000   0.429492       1217.3352    0.0000229087    0.0009390418   68.4305668378   61.0061814203   -1.8820840873 
   0.0000000000   -134.000      270.000000   0.429024       1216.1938    0.0000230248    0.0009370569   68.3150474106   60.9104040814   -1.8807822894 
   0.0000000000   -133.000      270.000000   0.428558       1215.0560    0.0000231401    0.0009350273   68.2011878439   60.8165439217   -1.8794822366 
   0.0000000000   -132.000      270.000000   0.428095       1213.9217    0.0000232518    0.0009329350   68.0890158001   60.7246180734   -1.8781839519 
   0.0000000000   -131.000      270.000000   0.427633       1212.7910    0.0000233611    0.0009307882   67.9784104659   60.6345079681   -1.8768874575 
   0.0000000000   -130.000      270.000000   0.427173       1211.6640    0.0000234679    0.0009285881   67.8693304531   60.5461591352   -1.8755927752 
   0.0000000000   -129.000      270.000000   0.426715       1210.5408    0.0000235718    0.0009263323   67.7617884350   60.4595914092   -1.8742999274 
   0.0000000000   -128.000      270.000000   0.426259       1209.4214    0.0000236736    0.0009240267   67.6556677962   60.3746815720   -1.8730089345 
   0.0000000000   -127.000      270.000000   0.425804       1208.3058    0.0000237725    0.0009216668   67.5509816662   60.2914339569   -1.8717198176 
   0.0000000000   -126.000      270.000000   0.425352       1207.1941    0.0000238690    0.0009192581   67.4476490280   60.2097580279   -1.8704325968 
   0.0000000000   -125.000      270.000000   0.424902       1206.0864    0.0000239630    0.0009167997   67.3456690010   60.1296605999   -1.8691472916 
   0.0000000000   -124.000      270.000000   0.424454       1204.9827    0.0000240544    0.0009142934   67.2449800767   60.0510584237   -1.8678639215 
   0.0000000000   -123.000      270.000000   0.424008       1203.8830    0.0000241435    0.0009117418   67.1455484662   59.9739186819   -1.8665825049 
   0.0000000000   -122.000      270.000000   0.423564       1202.7875    0.0000242301    0.0009091439   67.0473451798   59.8982081071   -1.8653030600 
   0.0000000000   -121.000      270.000000   0.423123       1201.6960    0.0000243141    0.0009065004   66.9503441828   59.8238948801   -1.8640256044 
   0.0000000000   -120.000      270.000000   0.422683       1200.6088    0.0000243960    0.0009038162   66.8544975453   59.7509219282   -1.8627501549 
   0.0000000000   -119.000      270.000000   0.422245       1199.5258    0.0000244754    0.0009010889   66.7597937971   59.6792790051   -1.8614767282 
   0.0000000000   -118.000      270.000000   0.421810       1198.4471    0.0000245524    0.0008983207   66.6661961603   59.6089156285   -1.8602053401 
   0.0000000000   -117.000      270.000000   0.421376       1197.3727    0.0000246271    0.0008955130   66.5736793786   59.5398060810   -1.8589360058 
   0.0000000000   -116.000      270.000000   0.420945       1196.3026    0.0000246995    0.0008926669   66.4822166509   59.4719164961   -1.8576687401 
   0.0000000000   -115.000      270.000000   0.420516       1195.2369    0.0000247697    0.0008897838   66.3917835411   59.4052177658   -1.8564035572 
   0.0000000000   -114.000      270.000000   0.420089       1194.1756    0.0000248376    0.0008868652   66.3023555403   59.3396757217   -1.8551404706 
   0.0000000000   -113.000      270.000000   0.419664       1193.1188    0.0000249033    0.0008839115   66.2139099247   59.2752646725   -1.8538794933 
   0.0000000000   -112.000      270.000000   0.419242       1192.0664    0.0000249668    0.0008809246   66.1264246726   59.2119576508   -1.8526206377 
   0.0000000000   -111.000      270.000000   0.418821       1191.0186    0.0000250282    0.0008779054   66.0398830842   59.1497312427   -1.8513639157 
   0.0000000000   -110.000      270.000000   0.418403       1189.9752    0.0000250875    0.0008748550   65.9542597129   59.0885546573   -1.8501093384 
   0.0000000000   -109.000      270.000000   0.417987       1188.9365    0.0000251447    0.0008717746   65.8695384000   59.0284052505   -1.8488569166 
   0.0000000000   -108.000      270.000000   0.417573       1187.9023    0.0000251999    0.0008686658   65.7856999167   58.9692582085   -1.8476066604 
   0.0000000000   -107.000      270.000000   0.417162       1186.8727    0.0000252530    0.0008655294   65.7027279336   58.9110926519   -1.8463585791 
   0.0000000000   -106.000      270.000000   0.416752       1185.8477    0.0000253042    0.0008623666   65.6206053886   58.8538861564   -1.8451126819 
   0.0000000000   -105.000      270.000000   0.416345       1184.8274    0.0000253534    0.0008591785   65.5393147688   58.7976136295   -1.8438689769 
   0.0000000000   -104.000      270.000000   0.415940       1183.8118    0.0000254007    0.0008559666   65.4588429923   58.7422589803   -1.8426274720 
   0.0000000000   -103.000      270.000000   0.415537       1182.8009    0.0000254462    0.0008527316   65.3791735946   58.6877988270   -1.8413881744 
   0.0000000000   -102.000      270.000000   0.415136       1181.7946    0.0000254898    0.0008494750   65.3002932401   58.6342141352   -1.8401510907 
   0.0000000000   -101.000      270.000000   0.414738       1180.7931    0.0000255315    0.0008461975   65.2221883567   58.5814868615   -1.8389162272 
   0.0000000000   -100.000      270.000000   0.414342       1179.7962    0.0000255715    0.0008429003   65.1448468454   58.5295996526   -1.8376835891 
   0.0000000000    -99.000      270.000000   0.413948       1178.8042    0.0000256098    0.0008395847   65.0682559234   58.4785339283   -1.8364531817 
   0.0000000000    -98.000      270.000000   0.413556       1177.8168    0.0000256463    0.0008362516   64.9924035639   58.4282725992   -1.8352250092 
   0.0000000000    -97.000      270.000000   0.413167       1176.8343    0.0000256812    0.0008329020   64.9172788940   58.3788001060   -1.8339990756 
   0.0000000000    -96.000      270.000000   0.412779       1175.8565    0.0000257144    0.0008295371   64.8428712831   58.3301000629   -1.8327753843 
   0.0000000000    -95.000      270.000000   0.412394       1174.8834    0.0000257460    0.0008261577   64.7691702516   58.2821573482   -1.8315539381 
   0.0000000000    -94.000      270.000000   0.412011       1173.9152    0.0000257760    0.0008227650   64.6961661100   58.2349571970   -1.8303347392 
   0.0000000000    -93.000      270.000000   0.411631       1172.9517    0.0000258045    0.0008193598   64.6238497630   58.1884855769   -1.8291177896 
   0.0000000000    -92.000      270.000000   0.411252       1171.9931    0.0000258314    0.0008159433   64.5522116098   58.1427280288   -1.8279030903 
   0.0000000000    -91.000      270.000000   0.410876       1171.0392    0.0000258569    0.0008125163   64.4812436590   58.0976717330   -1.8266906423 
   0.0000000000    -90.000      270.000000   0.410502       1170.0901    0.0000258809    0.0008090797   64.4109379313   58.0533040575   -1.8254804456 
   0.0000000000    -89.000      270.000000   0.410130       1169.1458    0.0000259035    0.0008056345   64.3412859481   58.0096116237   -1.8242725002 
   0.0000000000    -88.000      270.000000   0.409760       1168.2063    0.0000259248    0.0008021816   64.2722807568   57.9665829902   -1.8230668053 
   0.0000000000    -87.000      270.000000   0.409393       1167.2716    0.0000259446    0.0007987219   64.2039153342   57.9242066459   -1.8218633596 
   0.0000000000    -86.000      270.000000   0.409027       1166.3416    0.0000259631    0.0007952562   64.1361828039   57.8824711158   -1.8206621615 
   0.0000000000    -85.000      270.000000   0.408664       1165.4165    0.0000259803    0.0007917854   64.0690766126   57.8413654016   -1.8194632087 
   0.0000000000    -84.000      270.000000   0.408303       1164.4961    0.0000259963    0.0007883103   64.0025907111   57.8008790881   -1.8182664987 
   0.0000000000    -83.000      270.000000   0.407944       1163.5805    0.0000260110    0.0007848318   63.9367193174   57.7610021914   -1.8170720283 
   0.0000000000    -82.000      270.000000   0.407586       1162.6692    0.0000260247    0.0007813509   63.8714429553   57.7217309620   -1.8158808922 
   0.0000000000    -81.000      270.000000   0.407232       1161.7632    0.0000260370    0.0007778679   63.8067843313   57.6830430545   -1.8146908629 
   0.0000000000    -80.000      270.000000   0.406879       1160.8619    0.0000260481    0.0007743838   63.7427243625   57.6449360983   -1.8135030619 
   0.0000000000    -79.000      270.000000   0.406529       1159.9653    0.0000260581    0.0007708994   63.6792581777   57.6074010792   -1.8123174843 
   0.0000000000    -78.000      270.000000   0.406181       1159.0735    0.0000260670    0.0007674154   63.6163812536   57.5704294710   -1.8111341248 
   0.0000000000    -77.000      270.000000   0.405835       1158.1863    0.0000260749    0.0007639326   63.5540892944   57.5340130568   -1.8099529774 
   0.0000000000    -76.000      270.000000   0.405491       1157.3039    0.0000260816    0.0007604516   63.4923781770   57.4981438105   -1.8087740361 
   0.0000000000    -75.000      270.000000   0.405149       1156.4262    0.0000260874    0.0007569732   63.4312440823   57.4628140348   -1.8075972943 
   0.0000000000    -74.000      270.000000   0.404809       1155.5532    0.0000260921    0.0007534980   63.3706833544   57.4280164017   -1.8064227448 
   0.0000000000    -73.000      270.000000   0.404471       1154.6848    0.0000260959    0.0007500268   63.3106924446   57.3937436093   -1.8052503804 
   0.0000000000    -72.000      270.000000   0.404135       1153.8211    0.0000260987    0.0007465601   63.2512681929   57.3599888521   -1.8040801932 
   0.0000000000    -71.000      270.000000   0.403802       1152.9620    0.0000261006    0.0007430986   63.1924074347   57.3267454044   -1.8029121749 
   0.0000000000    -70.000      270.000000   0.403470       1152.1076    0.0000261016    0.0007396428   63.1341073620   57.2940069079   -1.8017463171 
   0.0000000000    -69.000      270.000000   0.403141       1151.2578    0.0000261017    0.0007361936   63.0763651126   57.2617670584   -1.8005826108 
   0.0000000000    -68.000      270.000000   0.402813       1150.4125    0.0000261010    0.0007327513   63.0191782125   57.2300199157   -1.7994210466 
   0.0000000000    -67.000      270.000000   0.402488       1149.5718    0.0000260994    0.0007293166   62.9625442422   57.1987597684   -1.7982616148 
   0.0000000000    -66.000      270.000000   0.402164       1148.7357    0.0000260970    0.0007258901   62.9064609853   57.1679810979   -1.7971043054 
   0.0000000000    -65.000      270.000000   0.401843       1147.9041    0.0000260938    0.0007224723   62.8509262592   57.1376784103   -1.7959491078 
   0.0000000000    -64.000      270.000000   0.401523       1147.0771    0.0000260898    0.0007190637   62.7959382003   57.1078467169   -1.7947960115 
   0.0000000000    -63.000      270.000000   0.401205       1146.2545    0.0000260851    0.0007156650   62.7414949661   57.0784810466   -1.7936450052 
   0.0000000000    -62.000      270.000000   0.400890       1145.4364    0.0000260796    0.0007122765   62.6875948895   57.0495766297   -1.7924960774 
   0.0000000000    -61.000      270.000000   0.400576       1144.6228    0.0000260735    0.0007088989   62.6342364167   57.0211288901   -1.7913492164 
   0.0000000000    -60.000      270.000000   0.400264       1143.8136    0.0000260666    0.0007055325   62.5814181214   56.9931334474   -1.7902044100 
   0.0000000000    -59.000      270.000000   0.399954       1143.0088    0.0000260590    0.0007021780   62.5291387337   56.9655860775   -1.7890616458 
   0.0000000000    -58.000      270.000000   0.399646       1142.2084    0.0000260509    0.0006988357   62.4773970831   56.9384827718   -1.7879209109 
   0.0000000000    -57.000      270.000000   0.399340       1141.4124    0.0000260420    0.0006955060   62.4261920938   56.9118196231   -1.7867821923 
   0.0000000000    -56.000      270.000000   0.399036       1140.6207    0.0000260326    0.0006921896   62.3755228293   56.8855929272   -1.7856454765 
   0.0000000000    -55.000      270.000000   0.398734       1139.8333    0.0000260225    0.0006888867   62.3253884370   56.8597990938   -1.7845107497 
   0.0000000000    -54.000      270.000000   0.398434       1139.0503    0.0000260119    0.0006855978   62.2757882040   56.8344347616   -1.7833779980 
   0.0000000000    -53.000      270.000000   0.398135       1138.2715    0.0000260007    0.0006823234   62.2267214742   56.8094966268   -1.7822472070 
   0.0000000000    -52.000      270.000000   0.397838       1137.4969    0.0000259889    0.0006790638   62.1781877248   56.7849816014   -1.7811183620 
   0.0000000000    -51.000      270.000000   0.397543       1136.7266    0.0000259767    0.0006758195   62.1301865032   56.7608866961   -1.7799914481 
   0.0000000000    -50.000      270.000000   0.397250       1135.9605    0.0000259639    0.0006725907   62.0827174695   56.7372090774   -1.7788664501 
   0.0000000000    -49.000      270.000000   0.396959       1135.1985    0.0000259506    0.0006693779   62.0357803493   56.7139460221   -1.7777433524 
   0.0000000000    -48.000      270.000000   0.396669       1134.4407    0.0000259368    0.0006661815   61.9893749858   56.6910949804   -1.7766221392 
   0.0000000000    -47.000      270.000000   0.396381       1133.6871    0.0000259225    0.0006630019   61.9435012818   56.6686535008   -1.7755027945 
   0.0000000000    -46.000      270.000000   0.396095       1132.9375    0.0000259078    0.0006598392   61.8981592226   56.6466192427   -1.7743853019 
   0.0000000000    -45.000      270.000000   0.395811       1132.1919    0.0000258927    0.0006566940   61.8533488840   56.6249899995   -1.7732696448 
   0.0000000000    -44.000      270.000000   0.395528       1131.4505    0.0000258771    0.0006535665   61.8090704075   56.6037636932   -1.7721558062 
   0.0000000000    -43.000      270.000000   0.395248       1130.7130    0.0000258611    0.0006504571   61.7653240095   56.5829383276   -1.7710437691 
   0.0000000000    -42.000      270.000000   0.394968       1129.9795    0.0000258448    0.0006473661   61.7221099796   56.5625120476   -1.7699335159 
   0.0000000000    -41.000      270.000000   0.394691       1129.2500    0.0000258280    0.0006442937   61.6794286831   56.5424830972   -1.7688250291 
   0.0000000000    -40.000      270.000000   0.394415       1128.5244    0.0000258109    0.0006412404   61.6372805451   56.5228498165   -1.7677182907 
   0.0000000000    -39.000      270.000000   0.394141       1127.8027    0.0000257934    0.0006382063   61.5956660493   56.5036106426   -1.7666132824 
   0.0000000000    -38.000      270.000000   0.393868       1127.0848    0.0000257756    0.0006351918   61.5545857562   56.4847641316   -1.7655099860 
   0.0000000000    -37.000      270.000000   0.393598       1126.3708    0.0000257575    0.0006321971   61.5140402815   56.4663089146   -1.7644083826 
   0.0000000000    -36.000      270.000000   0.393328       1125.6606    0.0000257390    0.0006292226   61.4740302932   56.4482437285   -1.7633084534 
   0.0000000000    -35.000      270.000000   0.393061       1124.9542    0.0000257203    0.0006262685   61.4345565313   56.4305674033   -1.7622101792 
   0.0000000000    -34.000      270.000000   0.392794       1124.2516    0.0000257012    0.0006233350   61.3956197767   56.4132788459   -1.7611135407 
   0.0000000000    -33.000      270.000000   0.392530       1123.5527    0.0000256819    0.0006204224   61.3572208740   56.3963770580   -1.7600185181 
   0.0000000000    -32.000      270.000000   0.392267       1122.8574    0.0000256623    0.0006175309   61.3193607134   56.3798611206   -1.7589250918 
   0.0000000000    -31.000      270.000000   0.392006       1122.1659    0.0000256425    0.0006146608   61.2820402384   56.3637301950   -1.7578332415 
   0.0000000000    -30.000      270.000000   0.391746       1121.4779    0.0000256224    0.0006118124   61.2452604386   56.3479835209   -1.7567429469 
   0.0000000000    -29.000      270.000000   0.391487       1120.7936    0.0000256022    0.0006089858   61.2090223594   56.3326204288   -1.7556541876 
   0.0000000000    -28.000      270.000000   0.391231       1120.1128    0.0000255816    0.0006061813   61.1733270772   56.3176402976   -1.7545669428 
   0.0000000000    -27.000      270.000000   0.390975       1119.4356    0.0000255609    0.0006033991   61.1381757265   56.3030425994   -1.7534811916 
   0.0000000000    -26.000      270.000000   0.390721       1118.7619    0.0000255400    0.0006006394   61.1035694768   56.2888268670   -1.7523969127 
   0.0000000000    -25.000      270.000000   0.390469       1118.0917    0.0000255189    0.0005979025   61.0695095372   56.2749927003   -1.7513140849 
   0.0000000000    -24.000      270.000000   0.390218       1117.4249    0.0000254977    0.0005951884   61.0359971648   56.2615397721   -1.7502326864 
   0.0000000000    -23.000      270.000000   0.389968       1116.7615    0.0000254762    0.0005924975   61.0030336480   56.2484678121   -1.7491526955 
   0.0000000000    -22.000      270.000000   0.389720       1116.1015    0.0000254547    0.0005898299   60.9706203121   56.2357766147   -1.7480740902 
   0.0000000000    -21.000      270.000000   0.389474       1115.4449    0.0000254330    0.0005871859   60.9387585243   56.2234660335   -1.7469968484 
   0.0000000000    -20.000      270.000000   0.389228       1114.7916    0.0000254111    0.0005845655   60.9074496805   56.2115359805   -1.7459209475 
   0.0000000000    -19.000      270.000000   0.388984       1114.1415    0.0000253892    0.0005819690   60.8766952143   56.1999864260   -1.7448463650 
   0.0000000000    -18.000      270.000000   0.388742       1113.4948    0.0000253671    0.0005793966   60.8464965891   56.1888173933   -1.7437730782 
   0.0000000000    -17.000      270.000000   0.388501       1112.8512    0.0000253450    0.0005768484   60.8168552969   56.1780289560   -1.7427010640 
   0.0000000000    -16.000      270.000000   0.388261       1112.2109    0.0000253227    0.0005743246   60.7877728647   56.1676212421   -1.7416302992 
   0.0000000000    -15.000      270.000000   0.388022       1111.5737    0.0000253004    0.0005718253   60.7592508471   56.1575944309   -1.7405607606 
   0.0000000000    -14.000      270.000000   0.387785       1110.9396    0.0000252780    0.0005693509   60.7312908227   56.1479487424   -1.7394924244 
   0.0000000000    -13.000      270.000000   0.387549       1110.3086    0.0000252556    0.0005669013   60.7038944002   56.1386844492   -1.7384252672 
   0.0000000000    -12.000      270.000000   0.387314       1109.6807    0.0000252331    0.0005644767   60.6770632145   56.1298018674   -1.7373592648 
   0.0000000000    -11.000      270.000000   0.387081       1109.0559    0.0000252106    0.0005620774   60.6507989236   56.1213013552   -1.7362943932 
   0.0000000000    -10.000      270.000000   0.386849       1108.4340    0.0000251881    0.0005597034   60.6251032082   56.1131833116   -1.7352306282 
   0.0000000000     -9.000      270.000000   0.386618       1107.8151    0.0000251655    0.0005573549   60.5999777753   56.1054481798   -1.7341679453 
   0.0000000000     -8.000      270.000000   0.386388       1107.1991    0.0000251429    0.0005550321   60.5754243494   56.0980964359   -1.7331063198 
   0.0000000000     -7.000      270.000000   0.386159       1106.5860    0.0000251204    0.0005527350   60.5514446804   56.0911285993   -1.7320457271 
   0.0000000000     -6.000      270.000000   0.385932       1105.9758    0.0000250978    0.0005504639   60.5280405344   56.0845452215   -1.7309861420 
   0.0000000000     -5.000      270.000000   0.385706       1105.3684    0.0000250753    0.0005482188   60.5052136998   56.0783468906   -1.7299275396 
   0.0000000000     -4.000      270.000000   0.385481       1104.7638    0.0000250528    0.0005460000   60.4829659831   56.0725342295   -1.7288698945 
   0.0000000000     -3.000      270.000000   0.385257       1104.1620    0.0000250303    0.0005438074   60.4612992078   56.0671078911   -1.7278131811 
   0.0000000000     -2.000      270.000000   0.385034       1103.5629    0.0000250079    0.0005416414   60.4402152146   56.0620685608   -1.7267573740 
   0.0000000000     -1.000      270.000000   0.384813       1102.9665    0.0000249856    0.0005395018   60.4197158614   56.0574169553   -1.7257024473 
   0.0000000000      0.000      270.000000   0.384592       1102.3728    0.0000249633    0.0005373890   60.3998030204   56.0531538160   -1.7246483750 
   0.0000000000      1.000      270.000000   0.384373       1101.7817    0.0000249411    0.0005353031   60.3804785793   56.0492799157   -1.7235951311 
   0.0000000000      2.000      270.000000   0.384155       1101.1932    0.0000249189    0.0005332440   60.3617444412   56.0457960537   -1.7225426893 
   0.0000000000      3.000      270.000000   0.383938       1100.6073    0.0000248969    0.0005312121   60.3436025218   56.0427030548   -1.7214910231 
   0.0000000000      4.000      270.000000   0.383721       1100.0239    0.0000248750    0.0005292073   60.3260547494   56.0400017663   -1.7204401060 
   0.0000000000      5.000      270.000000   0.383506       1099.4430    0.0000248532    0.0005272298   60.3091030675   56.0376930626   -1.7193899113 
   0.0000000000      6.000      270.000000   0.383292       1098.8645    0.0000248315    0.0005252798   60.2927494282   56.0357778379   -1.7183404120 
   0.0000000000      7.000      270.000000   0.383079       1098.2885    0.0000248099    0.0005233572   60.2769957976   56.0342570115   -1.7172915811 
   0.0000000000      8.000      270.000000   0.382867       1097.7149    0.0000247885    0.0005214623   60.2618441520   56.0331315205   -1.7162433916 
   0.0000000000      9.000      270.000000   0.382656       1097.1437    0.0000247672    0.0005195951   60.2472964777   56.0324023238   -1.7151958159 
   0.0000000000     10.000      270.000000   0.382446       1096.5748    0.0000247461    0.0005177558   60.2333547719   56.0320703989   -1.7141488267 
   0.0000000000     11.000      270.000000   0.382237       1096.0082    0.0000247252    0.0005159444   60.2200210419   56.0321367440   -1.7131023963 
   0.0000000000     12.000      270.000000   0.382028       1095.4438    0.0000247044    0.0005141610   60.2072973023   56.0326023715   -1.7120564970 
   0.0000000000     13.000      270.000000   0.381821       1094.8817    0.0000246838    0.0005124059   60.1951855790   56.0334683142   -1.7110111009 
   0.0000000000     14.000      270.000000   0.381615       1094.3218    0.0000246634    0.0005106790   60.1836879049   56.0347356196   -1.7099661799 
   0.0000000000     15.000      270.000000   0.381409       1093.7640    0.0000246431    0.0005089804   60.1728063217   56.0364053514   -1.7089217059 
   0.0000000000     16.000      270.000000   0.381205       1093.2083    0.0000246231    0.0005073103   60.1625428783   56.0384785871   -1.7078776505 
   0.0000000000     17.000      270.000000   0.381001       1092.6548    0.0000246034    0.0005056688   60.1528996321   56.0409564209   -1.7068339852 
   0.0000000000     18.000      270.000000   0.380797       1092.1029    0.0000245839    0.0005040557   60.1438708784   56.0438442481   -1.7057916639 
   0.0000000000     19.000      270.000000   0.380595       1091.5535    0.0000245645    0.0005024715   60.1354744420   56.0471346301   -1.7047486820 
   0.0000000000     20.000      270.000000   0.380394       1091.0060    0.0000245454    0.0005009163   60.1277044132   56.0508329702   -1.7037060043 
   0.0000000000     21.000      270.000000   0.380194       1090.4605    0.0000245266    0.0004993900   60.1205628774   56.0549404139   -1.7026636019 
   0.0000000000     22.000      270.000000   0.379994       1089.9169    0.0000245080    0.0004978927   60.1140519258   56.0594581174   -1.7016214455 
   0.0000000000     23.000      270.000000   0.379795       1089.3751    0.0000244897    0.0004964245   60.1081736556   56.0643872483   -1.7005795060 
   0.0000000000     24.000      270.000000   0.379597       1088.8353    0.0000244717    0.0004949856   60.1029301714   56.0697289862   -1.6995377538 
   0.0000000000     25.000      270.000000   0.379400       1088.2972    0.0000244539    0.0004935760   60.0983235826   56.0754845190   -1.6984961595 
   0.0000000000     26.000      270.000000   0.379204       1087.7610    0.0000244365    0.0004921959   60.0943560051   56.0816550468   -1.6974546934 
   0.0000000000     27.000      270.000000   0.379008       1087.2264    0.0000244193    0.0004908452   60.0910295604   56.0882417775   -1.6964133258 
   0.0000000000     28.000      270.000000   0.378813       1086.6936    0.0000244024    0.0004895241   60.0883463757   56.0952459290   -1.6953720267 
   0.0000000000     29.000      270.000000   0.378619       1086.1625    0.0000243859    0.0004882327   60.0863085838   56.1026687281   -1.6943307660 
   0.0000000000     30.000      270.000000   0.378425       1085.6330    0.0000243697    0.0004869711   60.0849183236   56.1105114104   -1.6932895137 
   0.0000000000     31.000      270.000000   0.378232       1085.1052    0.0000243538    0.0004857394   60.0841777387   56.1187752190   -1.6922482393 
   0.0000000000     32.000      270.000000   0.378040       1084.5789    0.0000243383    0.0004845376   60.0840889790   56.1274614057   -1.6912069126 
   0.0000000000     33.000      270.000000   0.377848       1084.0541    0.0000243231    0.0004833659   60.0846541996   56.1365712300   -1.6901655029 
   0.0000000000     34.000      270.000000   0.377657       1083.5309    0.0000243083    0.0004822244   60.0858755616   56.1461059588   -1.6891239796 
   0.0000000000     35.000      270.000000   0.377467       1083.0091    0.0000242939    0.0004811131   60.0877552312   56.1560668660   -1.6880823119 
   0.0000000000     36.000      270.000000   0.377277       1082.4888    0.0000242798    0.0004800321   60.0902953804   56.1664552330   -1.6870404690 
   0.0000000000     37.000      270.000000   0.377088       1081.9698    0.0000242661    0.0004789815   60.0934981873   56.1772723483   -1.6859984197 
   0.0000000000     38.000      270.000000   0.376900       1081.4523    0.0000242529    0.0004779614   60.0973658354   56.1885195062   -1.6849561329 
   0.0000000000     39.000      270.000000   0.376712       1080.9361    0.0000242400    0.0004769719   60.1019005140   56.2001980086   -1.6839135774 
   0.0000000000     40.000      270.000000   0.376524       1080.4211    0.0000242275    0.0004760132   60.1071044190   56.2123091634   -1.6828707217 
   0.0000000000     41.000      270.000000   0.376338       1079.9075    0.0000242154    0.0004750852   60.1129797517   56.2248542850   -1.6818275343 
   0.0000000000     42.000      270.000000   0.376151       1079.3950    0.0000242038    0.0004741880   60.1195287196   56.2378346935   -1.6807839837 
   0.0000000000     43.000      270.000000   0.375965       1078.8838    0.0000241926    0.0004733219   60.1267535371   56.2512517156   -1.6797400380 
   0.0000000000     44.000      270.000000   0.375780       1078.3737    0.0000241819    0.0004724868   60.1346564246   56.2651066841   -1.6786956654 
   0.0000000000     45.000      270.000000   0.375595       1077.8647    0.0000241716    0.0004716829   60.1432396087   56.2794009371   -1.6776508339 
   0.0000000000     46.000      270.000000   0.375411       1077.3569    0.0000241618    0.0004709102   60.1525053237   56.2941358194   -1.6766055114 
   0.0000000000     47.000      270.000000   0.375227       1076.8501    0.0000241525    0.0004701688   60.1624558097   56.3093126807   -1.6755596656 
   0.0000000000     48.000      270.000000   0.375044       1076.3443    0.0000241436    0.0004694589   60.1730933147   56.3249328775   -1.6745132642 
   0.0000000000     49.000      270.000000   0.374861       1075.8395    0.0000241352    0.0004687805   60.1844200931   56.3409977708   -1.6734662748 
   0.0000000000     50.000      270.000000   0.374679       1075.3356    0.0000241274    0.0004681337   60.1964384075   56.3575087288   -1.6724186646 
   0.0000000000     51.000      270.000000   0.374496       1074.8326    0.0000241200    0.0004675187   60.2091505271   56.3744671236   -1.6713704012 
   0.0000000000     52.000      270.000000   0.374315       1074.3306    0.0000241132    0.0004669355   60.2225587295   56.3918743346   -1.6703214515 
   0.0000000000     53.000      270.000000   0.374134       1073.8293    0.0000241068    0.0004663841   60.2366652996   56.4097317458   -1.6692717826 
   0.0000000000     54.000      270.000000   0.373953       1073.3289    0.0000241011    0.0004658648   60.2514725308   56.4280407473   -1.6682213616 
   0.0000000000     55.000      270.000000   0.373772       1072.8293    0.0000240958    0.0004653777   60.2669827244   56.4468027346   -1.6671701551 
   0.0000000000     56.000      270.000000   0.373592       1072.3304    0.0000240911    0.0004649227   60.2831981903   56.4660191093   -1.6661181300 
   0.0000000000     57.000      270.000000   0.373412       1071.8322    0.0000240870    0.0004645000   60.3001212465   56.4856912779   -1.6650652527 
   0.0000000000     58.000      270.000000   0.373233       1071.3346    0.0000240834    0.0004641097   60.3177542202   56.5058206532   -1.6640114898 
   0.0000000000     59.000      270.000000   0.373053       1070.8377    0.0000240805    0.0004637520   60.3360994472   56.5264086536   -1.6629568075 
   0.0000000000     60.000      270.000000   0.372874       1070.3414    0.0000240781    0.0004634269   60.3551592723   56.5474567025   -1.6619011721 
   0.0000000000     61.000      270.000000   0.372696       1069.8457    0.0000240763    0.0004631345   60.3749360496   56.5689662299   -1.6608445497 
   0.0000000000     62.000      270.000000   0.372517       1069.3505    0.0000240751    0.0004628749   60.3954321425   56.5909386711   -1.6597869061 
   0.0000000000     63.000      270.000000   0.372339       1068.8557    0.0000240746    0.0004626483   60.4166499238   56.6133754670   -1.6587282074 
   0.0000000000     64.000      270.000000   0.372161       1068.3614    0.0000240746    0.0004624547   60.4385917760   56.6362780643   -1.6576684192 
   0.0000000000     65.000      270.000000   0.371984       1067.8676    0.0000240753    0.0004622942   60.4612600913   56.6596479156   -1.6566075071 
   0.0000000000     66.000      270.000000   0.371806       1067.3741    0.0000240767    0.0004621670   60.4846572716   56.6834864788   -1.6555454365 
   0.0000000000     67.000      270.000000   0.371629       1066.8810    0.0000240787    0.0004620732   60.5087857290   56.7077952179   -1.6544821729 
   0.0000000000     68.000      270.000000   0.371452       1066.3881    0.0000240814    0.0004620128   60.5336478854   56.7325756025   -1.6534176815 
   0.0000000000     69.000      270.000000   0.371275       1065.8956    0.0000240847    0.0004619860   60.5592461728   56.7578291078   -1.6523519273 
   0.0000000000     70.000      270.000000   0.371099       1065.4033    0.0000240887    0.0004619930   60.5855830337   56.7835572147   -1.6512848754 
   0.0000000000     71.000      270.000000   0.370922       1064.9112    0.0000240935    0.0004620337   60.6126609205   56.8097614096   -1.6502164905 
   0.0000000000     72.000      270.000000   0.370746       1064.4192    0.0000240989    0.0004621084   60.6404822960   56.8364431847   -1.6491467375 
   0.0000000000     73.000      270.000000   0.370570       1063.9274    0.0000241050    0.0004622172   60.6690496333   56.8636040376   -1.6480755808 
   0.0000000000     74.000      270.000000   0.370393       1063.4357    0.0000241119    0.0004623601   60.6983654157   56.8912454713   -1.6470029850 
   0.0000000000     75.000      270.000000   0.370217       1062.9440    0.0000241195    0.0004625373   60.7284321368   56.9193689945   -1.6459289144 
   0.0000000000     76.000      270.000000   0.370042       1062.4524    0.0000241279    0.0004627489   60.7592523006   56.9479761210   -1.6448533333 
   0.0000000000     77.000      270.000000   0.369866       1061.9607    0.0000241370    0.0004629950   60.7908284210   56.9770683697   -1.6437762056 
   0.0000000000     78.000      270.000000   0.369690       1061.4690    0.0000241468    0.0004632758   60.8231630221   57.0066472649   -1.6426974953 
   0.0000000000     79.000      270.000000   0.369514       1060.9772    0.0000241575    0.0004635914   60.8562586381   57.0367143356   -1.6416171662 
   0.0000000000     80.000      270.000000   0.369338       1060.4852    0.0000241689    0.0004639419   60.8901178129   57.0672711160   -1.6405351820 
   0.0000000000     81.000      270.000000   0.369163       1059.9932    0.0000241811    0.0004643274   60.9247431002   57.0983191446   -1.6394515063 
   0.0000000000     82.000      270.000000   0.368987       1059.5009    0.0000241942    0.0004647481   60.9601370633   57.1298599648   -1.6383661023 
   0.0000000000     83.000      270.000000   0.368811       1059.0083    0.0000242080    0.0004652040   60.9963022747   57.1618951241   -1.6372789335 
   0.0000000000     84.000      270.000000   0.368636       1058.5156    0.0000242227    0.0004656954   61.0332413160   57.1944261742   -1.6361899629 
   0.0000000000     85.000      270.000000   0.368460       1058.0224    0.0000242382    0.0004662224   61.0709567777   57.2274546707   -1.6350991535 
   0.0000000000     86.000      270.000000   0.368284       1057.5290    0.0000242546    0.0004667850   61.1094512590   57.2609821730   -1.6340064682 
   0.0000000000     87.000      270.000000   0.368108       1057.0352    0.0000242718    0.0004673835   61.1487273668   57.2950102436   -1.6329118696 
   0.0000000000     88.000      270.000000   0.367933       1056.5409    0.0000242899    0.0004680179   61.1887877165   57.3295404485   -1.6318153204 
   0.0000000000     89.000      270.000000   0.367757       1056.0462    0.0000243088    0.0004686884   61.2296349305   57.3645743561   -1.6307167830 
   0.0000000000     90.000      270.000000   0.367580       1055.5510    0.0000243287    0.0004693952   61.2712716385   57.4001135375   -1.6296162195 
   0.0000000000     91.000      270.000000   0.367404       1055.0552    0.0000243495    0.0004701384   61.3137004766   57.4361595660   -1.6285135923 
   0.0000000000     92.000      270.000000   0.367228       1054.5589    0.0000243712    0.0004709181   61.3569240872   57.4727140163   -1.6274088632 
   0.0000000000     93.000      270.000000   0.367052       1054.0620    0.0000243938    0.0004717344   61.4009451180   57.5097784646   -1.6263019942 
   0.0000000000     94.000      270.000000   0.366875       1053.5644    0.0000244173    0.0004725876   61.4457662219   57.5473544882   -1.6251929469 
   0.0000000000     95.000      270.000000   0.366698       1053.0662    0.0000244418    0.0004734777   61.4913900559   57.5854436643   -1.6240816828 
   0.0000000000     96.000      270.000000   0.366521       1052.5672    0.0000244673    0.0004744049   61.5378192810   57.6240475706   -1.6229681634 
   0.0000000000     97.000      270.000000   0.366344       1052.0675    0.0000244937    0.0004753694   61.5850565608   57.6631677838   -1.6218523500 
   0.0000000000     98.000      270.000000   0.366167       1051.5670    0.0000245211    0.0004763713   61.6331045616   57.7028058796   -1.6207342035 
   0.0000000000     99.000      270.000000   0.365990       1051.0656    0.0000245495    0.0004774108   61.6819659508   57.7429634320   -1.6196136851 
   0.0000000000    100.000      270.000000   0.365812       1050.5634    0.0000245790    0.0004784880   61.7316433966   57.7836420126   -1.6184907554 
   0.0000000000    101.000      270.000000   0.365634       1050.0602    0.0000246094    0.0004796030   61.7821395668   57.8248431901   -1.6173653751 
   0.0000000000    102.000      270.000000   0.365456       1049.5561    0.0000246409    0.0004807561   61.8334571281   57.8665685294   -1.6162375047 
   0.0000000000    103.000      270.000000   0.365277       1049.0511    0.0000246734    0.0004819474   61.8855987450   57.9088195913   -1.6151071045 
   0.0000000000    104.000      270.000000   0.365099       1048.5449    0.0000247070    0.0004831770   61.9385670788   57.9515979311   -1.6139741347 
   0.0000000000    105.000      270.000000   0.364919       1048.0378    0.0000247416    0.0004844450   61.9923647863   57.9949050986   -1.6128385554 
   0.0000000000    106.000      270.000000   0.364740       1047.5295    0.0000247773    0.0004857518   62.0469945193   58.0387426367   -1.6117003263 
   0.0000000000    107.000      270.000000   0.364560       1047.0201    0.0000248141    0.0004870974   62.1024589224   58.0831120807   -1.6105594073 
   0.0000000000    108.000      270.000000   0.364381       1046.5095    0.0000248521    0.0004884819   62.1587606327   58.1280149573   -1.6094157578 
   0.0000000000    109.000      270.000000   0.364200       1045.9977    0.0000248911    0.0004899056   62.2159022781   58.1734527842   -1.6082693372 
   0.0000000000    110.000      270.000000   0.364020       1045.4846    0.0000249313    0.0004913686   62.2738864757   58.2194270685   -1.6071201048 
   0.0000000000    111.000      270.000000   0.363838       1044.9702    0.0000249726    0.0004928711   62.3327158308   58.2659393057   -1.6059680196 
   0.0000000000    112.000      270.000000   0.363657       1044.4545    0.0000250151    0.0004944132   62.3923929353   58.3129909793   -1.6048130405 
   0.0000000000    113.000      270.000000   0.363475       1043.9374    0.0000250587    0.0004959952   62.4529203660   58.3605835589   -1.6036551263 
   0.0000000000    114.000      270.000000   0.363293       1043.4189    0.0000251035    0.0004976171   62.5143006831   58.4087184997   -1.6024942355 
   0.0000000000    115.000      270.000000   0.363110       1042.8990    0.0000251495    0.0004992792   62.5765364284   58.4573972408   -1.6013303267 
   0.0000000000    116.000      270.000000   0.362927       1042.3775    0.0000251968    0.0005009816   62.6396301240   58.5066212046   -1.6001633579 
   0.0000000000    117.000      270.000000   0.362744       1041.8545    0.0000252452    0.0005027244   62.7035842699   58.5563917946   -1.5989932874 
   0.0000000000    118.000      270.000000   0.362560       1041.3300    0.0000252949    0.0005045080   62.7684013426   58.6067103951   -1.5978200730 
   0.0000000000    119.000      270.000000   0.362375       1040.8038    0.0000253459    0.0005063323   62.8340837929   58.6575783693   -1.5966436726 
   0.0000000000    120.000      270.000000   0.362190       1040.2760    0.0000253981    0.0005081977   62.9006340441   58.7089970578   -1.5954640437 
   0.0000000000    121.000      270.000000   0.362005       1039.7464    0.0000254515    0.0005101042   62.9680544898   58.7609677774   -1.5942811439 
   0.0000000000    122.000      270.000000   0.361819       1039.2152    0.0000255063    0.0005120521   63.0363474917   58.8134918196   -1.5930949302 
   0.0000000000    123.000      270.000000   0.361632       1038.6822    0.0000255624    0.0005140415   63.1055153775   58.8665704487   -1.5919053600 
   0.0000000000    124.000      270.000000   0.361445       1038.1473    0.0000256198    0.0005160725   63.1755604388   58.9202049008   -1.5907123902 
   0.0000000000    125.000      270.000000   0.361258       1037.6106    0.0000256785    0.0005181455   63.2464849282   58.9743963816   -1.5895159775 
   0.0000000000    126.000      270.000000   0.361070       1037.0720    0.0000257386    0.0005202605   63.3182910575   59.0291460648   -1.5883160787 
