  #sigma_s    Temp(C) Press(Mpa) p_meanfield density (kg/m^3)      kappa      alpha Cp(J/molK) Cv(J/molK)  mu(J/mol)
   0.0000000000   -173.000       20.000000   0.158647        929.0205    0.0000253524    0.0006024465   57.5394352811   55.2680164518   -2.1949917221 
   0.0000000000   -172.000       20.000000   0.158474        928.4660    0.0000251739    0.0005916424   57.4631890755   55.2298780195   -2.1941288880 
   0.0000000000   -171.000       20.000000   0.158304        927.9217    0.0000249964    0.0005810933   57.3894568351   55.1933986508   -2.1932687608 
   0.0000000000   -170.000       20.000000   0.158137        927.3875    0.0000248199    0.0005707928   57.3181272314   55.1584888806   -2.1924112729 
   0.0000000000   -169.000       20.000000   0.157973        926.8630    0.0000246446    0.0005607343   57.2490954449   55.1250653085   -2.1915563587 
   0.0000000000   -168.000       20.000000   0.157812        926.3480    0.0000244704    0.0005509115   57.1822627476   55.0930501872   -2.1907039541 
   0.0000000000   -167.000       20.000000   0.157655        925.8422    0.0000242974    0.0005413183   57.1175361216   55.0623710497   -2.1898539969 
   0.0000000000   -166.000       20.000000   0.157500        925.3455    0.0000241257    0.0005319484   57.0548279161   55.0329603768   -2.1890064267 
   0.0000000000   -165.000       20.000000   0.157348        924.8577    0.0000239552    0.0005227958   56.9940555402   55.0047553037   -2.1881611846 
   0.0000000000   -164.000       20.000000   0.157199        924.3785    0.0000237861    0.0005138548   56.9351411860   54.9776973576   -2.1873182133 
   0.0000000000   -163.000       20.000000   0.157052        923.9076    0.0000236184    0.0005051195   56.8780115842   54.9517322321   -2.1864774569 
   0.0000000000   -162.000       20.000000   0.156908        923.4450    0.0000234521    0.0004965842   56.8225977856   54.9268095886   -2.1856388612 
   0.0000000000   -161.000       20.000000   0.156767        922.9904    0.0000232872    0.0004882433   56.7688349730   54.9028828903   -2.1848023732 
   0.0000000000   -160.000       20.000000   0.156628        922.5437    0.0000231238    0.0004800915   56.7166622982   54.8799092648   -2.1839679411 
   0.0000000000   -159.000       20.000000   0.156492        922.1046    0.0000229619    0.0004721234   56.6660227435   54.8578493929   -2.1831355146 
   0.0000000000   -158.000       20.000000   0.156358        921.6729    0.0000228015    0.0004643336   56.6168630089   54.8366674257   -2.1823050444 
   0.0000000000   -157.000       20.000000   0.156226        921.2486    0.0000226425    0.0004567169   56.5691334239   54.8163309293   -2.1814764823 
   0.0000000000   -156.000       20.000000   0.156097        920.8314    0.0000224852    0.0004492683   56.5227878826   54.7968108555   -2.1806497810 
   0.0000000000   -155.000       20.000000   0.155969        920.4211    0.0000223294    0.0004419826   56.4777838016   54.7780815379   -2.1798248944 
   0.0000000000   -154.000       20.000000   0.155844        920.0177    0.0000221752    0.0004348549   56.4340821036   54.7601207177   -2.1790017768 
   0.0000000000   -153.000       20.000000   0.155722        919.6209    0.0000220226    0.0004278801   56.3916472233   54.7429095938   -2.1781803836 
   0.0000000000   -152.000       20.000000   0.155601        919.2307    0.0000218716    0.0004210532   56.3504471376   54.7264329011   -2.1773606706 
   0.0000000000   -151.000       20.000000   0.155482        918.8468    0.0000217223    0.0004143695   56.3104534206   54.7106790181   -2.1765425941 
   0.0000000000   -150.000       20.000000   0.155365        918.4692    0.0000215746    0.0004078238   56.2716413232   54.6956401012   -2.1757261107 
   0.0000000000   -149.000       20.000000   0.155250        918.0976    0.0000214286    0.0004014114   56.2339898780   54.6813122498   -2.1749111774 
   0.0000000000   -148.000       20.000000   0.155137        917.7320    0.0000212844    0.0003951271   56.1974820295   54.6676956994   -2.1740977512 
   0.0000000000   -147.000       20.000000   0.155026        917.3723    0.0000211419    0.0003889660   56.1621047936   54.6547950501   -2.1732857891 
   0.0000000000   -146.000       20.000000   0.154917        917.0184    0.0000210011    0.0003829230   56.1278494411   54.6426195214   -2.1724752476 
   0.0000000000   -145.000       20.000000   0.154809        916.6700    0.0000208622    0.0003769930   56.0947117133   54.6311832469   -2.1716660830 
   0.0000000000   -144.000       20.000000   0.154703        916.3272    0.0000207251    0.0003711705   56.0626920636   54.6205055961   -2.1708582510 
   0.0000000000   -143.000       20.000000   0.154599        915.9897    0.0000205900    0.0003654504   56.0317959321   54.6106115386   -2.1700517063 
   0.0000000000   -142.000       20.000000   0.154497        915.6576    0.0000204568    0.0003598270   56.0020340504   54.6015320401   -2.1692464027 
   0.0000000000   -141.000       20.000000   0.154396        915.3308    0.0000203255    0.0003542946   55.9734227796   54.5933045001   -2.1684422925 
   0.0000000000   -140.000       20.000000   0.154297        915.0090    0.0000201964    0.0003488473   55.9459844805   54.5859732259   -2.1676393264 
   0.0000000000   -139.000       20.000000   0.154199        914.6923    0.0000200694    0.0003434789   55.9197479211   54.5795899501   -2.1668374534 
   0.0000000000   -138.000       20.000000   0.154103        914.3806    0.0000199446    0.0003381831   55.8947487182   54.5742143890   -2.1660366199 
   0.0000000000   -137.000       20.000000   0.154009        914.0739    0.0000198222    0.0003329532   55.8710298161   54.5699148436   -2.1652367700 
   0.0000000000   -136.000       20.000000   0.153916        913.7719    0.0000197021    0.0003277823   55.8486420044   54.5667688473   -2.1644378448 
   0.0000000000   -135.000       20.000000   0.153825        913.4748    0.0000195846    0.0003226628   55.8276444762   54.5648638585   -2.1636397818 
   0.0000000000   -134.000       20.000000   0.153735        913.1824    0.0000194697    0.0003175872   55.8081054242   54.5642979999   -2.1628425150 
   0.0000000000   -133.000       20.000000   0.153646        912.8948    0.0000193576    0.0003125473   55.7901026808   54.5651808475   -2.1620459737 
   0.0000000000   -132.000       20.000000   0.153559        912.6118    0.0000192484    0.0003075344   55.7737244016   54.5676342704   -2.1612500827 
   0.0000000000   -131.000       20.000000   0.153474        912.3334    0.0000191423    0.0003025395   55.7590697909   54.5717933176   -2.1604547613 
   0.0000000000   -130.000       20.000000   0.153390        912.0597    0.0000190395    0.0002975528   55.7462498720   54.5778071586   -2.1596599226 
   0.0000000000   -129.000       20.000000   0.153307        911.7907    0.0000189401    0.0002925641   55.7353883045   54.5858400764   -2.1588654733 
   0.0000000000   -128.000       20.000000   0.153226        911.5262    0.0000188445    0.0002875625   55.7266222490   54.5960725145   -2.1580713127 
   0.0000000000   -127.000       20.000000   0.153146        911.2664    0.0000187528    0.0002825364   55.7201032736   54.6087021720   -2.1572773319 
   0.0000000000   -126.000       20.000000   0.153068        911.0113    0.0000186653    0.0002774735   55.7159983163   54.6239451608   -2.1564834132 
   0.0000000000   -125.000       20.000000   0.152991        910.7609    0.0000185823    0.0002723607   55.7144906844   54.6420372049   -2.1556894291 
   0.0000000000   -124.000       20.000000   0.152916        910.5152    0.0000185040    0.0002671838   55.7157811121   54.6632349029   -2.1548952415 
   0.0000000000   -123.000       20.000000   0.152842        910.2744    0.0000184310    0.0002619282   55.7200888578   54.6878170363   -2.1541007005 
   0.0000000000   -122.000       20.000000   0.152770        910.0384    0.0000183634    0.0002565778   55.7276528511   54.7160859282   -2.1533056435 
   0.0000000000   -121.000       20.000000   0.152699        909.8074    0.0000183017    0.0002511159   55.7387328853   54.7483688535   -2.1525098943 
   0.0000000000   -120.000       20.000000   0.152630        909.5815    0.0000182464    0.0002455243   55.7536108550   54.7850194946   -2.1517132615 
   0.0000000000   -119.000       20.000000   0.152562        909.3608    0.0000181979    0.0002397840   55.7725920332   54.8264194369   -2.1509155374 
   0.0000000000   -118.000       20.000000   0.152496        909.1454    0.0000181567    0.0002338745   55.7960063923   54.8729797083   -2.1501164967 
   0.0000000000   -117.000       20.000000   0.152432        908.9356    0.0000181234    0.0002277741   55.8242099580   54.9251423492   -2.1493158953 
   0.0000000000   -116.000       20.000000   0.152369        908.7314    0.0000180985    0.0002214596   55.8575801129   54.9833773667   -2.1485137657 
   0.0000000000   -115.000       20.000000   0.152309        908.5331    0.0000180827    0.0002149065   55.8965411015   55.0482025196   -2.1477092228 
   0.0000000000   -114.000       20.000000   0.152250        908.3410    0.0000180767    0.0002080888   55.9415296776   55.1201582924   -2.1469022569 
   0.0000000000   -113.000       20.000000   0.152193        908.1552    0.0000180812    0.0002009785   55.9930202109   55.1998269367   -2.1460925317 
   0.0000000000   -112.000       20.000000   0.152138        907.9760    0.0000180971    0.0001935463   56.0515202821   55.2878298354   -2.1452796832 
   0.0000000000   -111.000       20.000000   0.152086        907.8038    0.0000181250    0.0001857608   56.1175721399   55.3848291099   -2.1444633178 
   0.0000000000   -110.000       20.000000   0.152035        907.6389    0.0000181660    0.0001775887   56.1917541425   55.4915291835   -2.1436430105 
   0.0000000000   -109.000       20.000000   0.151987        907.4816    0.0000182210    0.0001689950   56.2746821737   55.6086782945   -2.1428183026 
   0.0000000000   -108.000       20.000000   0.151941        907.3323    0.0000182910    0.0001599423   56.3670110128   55.7370699265   -2.1419886991 
   0.0000000000   -107.000       20.000000   0.151898        907.1915    0.0000183773    0.0001503912   56.4694356465   55.8775441399   -2.1411536666 
   0.0000000000   -106.000       20.000000   0.151858        907.0596    0.0000184808    0.0001402999   56.5826924934   56.0309887688   -2.1403126308 
   0.0000000000   -105.000       20.000000   0.151821        906.9371    0.0000186029    0.0001296242   56.7075605256   56.1983404568   -2.1394649737 
   0.0000000000   -104.000       20.000000   0.151787        906.8247    0.0000187450    0.0001183170   56.8448753932   56.3805998551   -2.1386097158 
   0.0000000000   -103.000       20.000000   0.151755        906.7228    0.0000189085    0.0001063300   56.9954789691   56.5787764239   -2.1377467650 
   0.0000000000   -102.000       20.000000   0.151728        906.6321    0.0000190948    0.0000936108   57.1602951681   56.7939702058   -2.1368750477 
   0.0000000000   -101.000       20.000000   0.151704        906.5533    0.0000193056    0.0000801048   57.3402812418   57.0273188486   -2.1359937427 
   0.0000000000   -100.000       20.000000   0.151683        906.4871    0.0000195426    0.0000657542   57.5364398991   57.2800100917   -2.1351019705 
   0.0000000000    -99.000       20.000000   0.151667        906.4343    0.0000198077    0.0000504985   57.7498190645   57.5532808724   -2.1341987900 
   0.0000000000    -98.000       20.000000   0.151656        906.3958    0.0000201027    0.0000342740   57.9815112297   57.8484158782   -2.1332831953 
   0.0000000000    -97.000       20.000000   0.151648        906.3725    0.0000204298    0.0000170139   58.2326523562   58.1667454887   -2.1323541121 
   0.0000000000    -96.000       20.000000   0.151646        906.3653    0.0000207910   -0.0000013519   58.5044202297   58.5096429834   -2.1314103943 
   0.0000000000    -95.000       20.000000   0.151649        906.3753    0.0000211887   -0.0000208968   58.7980322093   58.8785209409   -2.1304508206 
   0.0000000000    -94.000       20.000000   0.151658        906.4035    0.0000216253   -0.0000416976   59.1147422665   59.2748266983   -2.1294740912 
   0.0000000000    -93.000       20.000000   0.151673        906.4512    0.0000221034   -0.0000638342   59.4558372196   59.7000367524   -2.1284788239 
   0.0000000000    -92.000       20.000000   0.151693        906.5197    0.0000226257   -0.0000873903   59.8226320532   60.1556499669   -2.1274635512 
   0.0000000000    -91.000       20.000000   0.151721        906.6101    0.0000231950   -0.0001124526   60.2164642048   60.6431794388   -2.1264267166 
   0.0000000000    -90.000       20.000000   0.151756        906.7240    0.0000238143   -0.0001391114   60.6386866828   61.1641428597   -2.1253666715 
   0.0000000000    -89.000       20.000000   0.151798        906.8629    0.0000244868   -0.0001674601   61.0906598771   61.7200512070   -2.1242816725 
   0.0000000000    -88.000       20.000000   0.151849        907.0283    0.0000252158   -0.0001975951   61.5737419071   62.3123955760   -2.1231698782 
   0.0000000000    -87.000       20.000000   0.151908        907.2219    0.0000260047   -0.0002296159   62.0892773400   62.9426319641   -2.1220293474 
   0.0000000000    -86.000       20.000000   0.151976        907.4455    0.0000268572   -0.0002636244   62.6385841092   63.6121638056   -2.1208580364 
   0.0000000000    -85.000       20.000000   0.152054        907.7010    0.0000277771   -0.0002997248   63.2229384435   64.3223220512   -2.1196537984 
   0.0000000000    -84.000       20.000000   0.152143        907.9903    0.0000287683   -0.0003380232   63.8435576107   65.0743425762   -2.1184143820 
   0.0000000000    -83.000       20.000000   0.152242        908.3155    0.0000298349   -0.0003786268   64.5015802862   65.8693407190   -2.1171374319 
   0.0000000000    -82.000       20.000000   0.152353        908.6788    0.0000309812   -0.0004216433   65.1980443405   66.7082827505   -2.1158204893 
   0.0000000000    -81.000       20.000000   0.152477        909.0825    0.0000322114   -0.0004671799   65.9338618460   67.5919540897   -2.1144609945 
   0.0000000000    -80.000       20.000000   0.152613        909.5290    0.0000335302   -0.0005153425   66.7097911190   68.5209241139   -2.1130562905 
   0.0000000000    -79.000       20.000000   0.152764        910.0207    0.0000349420   -0.0005662339   67.5264056190   69.4955074559   -2.1116036276 
   0.0000000000    -78.000       20.000000   0.152929        910.5604    0.0000364515   -0.0006199525   68.3840595652   70.5157217303   -2.1101001714 
   0.0000000000    -77.000       20.000000   0.153110        911.1506    0.0000380633   -0.0006765904   69.2828501574   71.5812417149   -2.1085430115 
   0.0000000000    -76.000       20.000000   0.153308        911.7944    0.0000397825   -0.0007362419   70.2227243858   72.6915358174   -2.1069284086 
   0.0000000000    -75.000       20.000000   0.153523        912.4943    0.0000416129   -0.0007989600   71.2028831987   73.8451218160   -2.1052546882 
   0.0000000000    -74.000       20.000000   0.153757        913.2534    0.0000435592   -0.0008648105   72.2225103892   75.0404871153   -2.1035181674 
   0.0000000000    -73.000       20.000000   0.154009        914.0748    0.0000456256   -0.0009338325   73.2802325118   76.2754172134   -2.1017157733 
   0.0000000000    -72.000       20.000000   0.154282        914.9616    0.0000478157   -0.0010060419   74.3741815232   77.5470832575   -2.0998444496 
   0.0000000000    -71.000       20.000000   0.154577        915.9168    0.0000501329   -0.0010814270   75.5019393959   78.8519838233   -2.0979011882 
   0.0000000000    -70.000       20.000000   0.154893        916.9435    0.0000525798   -0.0011599420   76.6604817025   80.1858883128   -2.0958830660 
   0.0000000000    -69.000       20.000000   0.155234        918.0449    0.0000551580   -0.0012415008   77.8461213741   81.5437839519   -2.0937872882 
   0.0000000000    -68.000       20.000000   0.155598        919.2238    0.0000578682   -0.0013259696   79.0544542701   82.9198289105   -2.0916112388 
   0.0000000000    -67.000       20.000000   0.155989        920.4838    0.0000607107   -0.0014131823   80.2805681027   84.3076309287   -2.0893513868 
   0.0000000000    -66.000       20.000000   0.156405        921.8266    0.0000636815   -0.0015028438   81.5180365688   85.6990471595   -2.0870076093 
   0.0000000000    -65.000       20.000000   0.156849        923.2552    0.0000667770   -0.0015946429   82.7602324228   87.0858240161   -2.0845772943 
   0.0000000000    -64.000       20.000000   0.157321        924.7717    0.0000699906   -0.0016881663   83.9994624802   88.4585766137   -2.0820591614 
   0.0000000000    -63.000       20.000000   0.157821        926.3779    0.0000733129   -0.0017829067   85.2271640645   89.8070722957   -2.0794524641 
   0.0000000000    -62.000       20.000000   0.158351        928.0751    0.0000767314   -0.0018782540   86.4339255588   91.1203016823   -2.0767570805 
   0.0000000000    -61.000       20.000000   0.158910        929.8640    0.0000802298   -0.0019734880   87.6095361126   92.3865865374   -2.0739736084 
   0.0000000000    -60.000       20.000000   0.159501        931.7456    0.0000837900   -0.0020678134   88.7434043523   93.5941162422   -2.0711017014 
   0.0000000000    -59.000       20.000000   0.160120        933.7175    0.0000873848   -0.0021602092   89.8234218075   94.7296715800   -2.0681466817 
   0.0000000000    -58.000       20.000000   0.160769        935.7787    0.0000909867   -0.0022496421   90.8379260000   95.7809536755   -2.0651104965 
   0.0000000000    -57.000       20.000000   0.161446        937.9264    0.0000945628   -0.0023349456   91.7747926674   96.7355459109   -2.0619975040 
   0.0000000000    -56.000       20.000000   0.162151        940.1568    0.0000980756   -0.0024148700   92.6219802683   97.5815531692   -2.0588131761 
   0.0000000000    -55.000       20.000000   0.162884        942.4658    0.0001014857   -0.0024881447   93.3680627869   98.3081828315   -2.0555623366 
   0.0000000000    -54.000       20.000000   0.163639        944.8451    0.0001047461   -0.0025533802   94.0017782920   98.9052180600   -2.0522558463 
   0.0000000000    -53.000       20.000000   0.164418        947.2879    0.0001078121   -0.0026093084   94.5136284613   99.3647099733   -2.0489011055 
   0.0000000000    -52.000       20.000000   0.165215        949.7852    0.0001106376   -0.0026547131   94.8955078898   99.6804628350   -2.0455078968 
   0.0000000000    -51.000       20.000000   0.166029        952.3268    0.0001131777   -0.0026885187   95.1412829025   99.8485367699   -2.0420868291 
   0.0000000000    -50.000       20.000000   0.166856        954.9016    0.0001153913   -0.0027098484   95.2471335989   99.8674656169   -2.0386491421 
   0.0000000000    -49.000       20.000000   0.167691        957.4975    0.0001172425   -0.0027180788   95.2118149276   99.7383764181   -2.0352064689 
   0.0000000000    -48.000       20.000000   0.168533        960.1034    0.0001187045   -0.0027128977   95.0367189535   99.4648894333   -2.0317684674 
   0.0000000000    -47.000       20.000000   0.169375        962.7036    0.0001197547   -0.0026942676   94.7261756995   99.0533531137   -2.0283507036 
   0.0000000000    -46.000       20.000000   0.170213        965.2866    0.0001203850   -0.0026625340   94.2869894551   98.5121854346   -2.0249625007 
   0.0000000000    -45.000       20.000000   0.171044        967.8396    0.0001205964   -0.0026183431   93.7283426638   97.8517690560   -2.0216143257 
   0.0000000000    -44.000       20.000000   0.171864        970.3509    0.0001204000   -0.0025626253   93.0613744407   97.0839974419   -2.0183157108 
   0.0000000000    -43.000       20.000000   0.172668        972.8094    0.0001198160   -0.0024965447   92.2987034755   96.2218214952   -2.0150750726 
   0.0000000000    -42.000       20.000000   0.173454        975.2052    0.0001188729   -0.0024214377   91.4539037464   95.2787851045   -2.0118995880 
   0.0000000000    -41.000       20.000000   0.174218        977.5296    0.0001176050   -0.0023387457   90.5409761369   94.2685809764   -2.0087951289 
   0.0000000000    -40.000       20.000000   0.174958        979.7754    0.0001160511   -0.0022499492   89.5738550664   93.2046526537   -2.0057662544 
   0.0000000000    -39.000       20.000000   0.175672        981.9369    0.0001142521   -0.0021565086   88.5659808763   92.0998608774   -2.0028162528 
   0.0000000000    -38.000       20.000000   0.176358        984.0094    0.0001122494   -0.0020598144   87.5299575101   90.9662240602   -1.9999472246 
   0.0000000000    -37.000       20.000000   0.177015        985.9899    0.0001100836   -0.0019611493   86.4773037414   89.8147348054   -1.9971601938 
   0.0000000000    -36.000       20.000000   0.177642        987.8764    0.0001077930   -0.0018616633   85.4182961143   88.6552481035   -1.9944552387 
   0.0000000000    -35.000       20.000000   0.178239        989.6681    0.0001054128   -0.0017623593   84.3618944107   87.4964324116   -1.9918316298 
   0.0000000000    -34.000       20.000000   0.178805        991.3650    0.0001029748   -0.0016640892   83.3157358112   86.3457724279   -1.9892879685 
   0.0000000000    -33.000       20.000000   0.179339        992.9670    0.0001005072   -0.0015675853   82.2866008443   85.2100574221   -1.9868239694 
   0.0000000000    -32.000       20.000000   0.179845        994.4778    0.0000980334   -0.0014733536   81.2787790853   84.0936228888   -1.9844338001 
   0.0000000000    -31.000       20.000000   0.180321        995.8985    0.0000955740   -0.0013818636   80.2968238571   83.0012529438   -1.9821166426 
   0.0000000000    -30.000       20.000000   0.180769        997.2314    0.0000931458   -0.0012934425   79.3438645089   81.9363576220   -1.9798696247 
   0.0000000000    -29.000       20.000000   0.181188        998.4795    0.0000907624   -0.0012083200   78.4221929160   80.9015657597   -1.9776897383 
   0.0000000000    -28.000       20.000000   0.181580        999.6456    0.0000884344   -0.0011266439   77.5333844642   79.8988253398   -1.9755739051 
   0.0000000000    -27.000       20.000000   0.181947       1000.7332    0.0000861702   -0.0010484935   76.6784115679   78.9294988496   -1.9735190295 
   0.0000000000    -26.000       20.000000   0.182288       1001.7454    0.0000839758   -0.0009738924   75.8577471048   77.9944515281   -1.9715220408 
   0.0000000000    -25.000       20.000000   0.182605       1002.6856    0.0000818555   -0.0009028195   75.0714565449   77.0941313557   -1.9695799253 
   0.0000000000    -24.000       20.000000   0.182900       1003.5571    0.0000798122   -0.0008352188   74.3192784629   76.2286403384   -1.9676897509 
   0.0000000000    -23.000       20.000000   0.183172       1004.3632    0.0000778472   -0.0007710075   73.6006938039   75.3977971599   -1.9658486840 
   0.0000000000    -22.000       20.000000   0.183424       1005.1070    0.0000759611   -0.0007100828   72.9149846653   74.6011915964   -1.9640540020 
   0.0000000000    -21.000       20.000000   0.183655       1005.7910    0.0000741538   -0.0006523456   72.2615335324   73.8385105686   -1.9623042790 
   0.0000000000    -20.000       20.000000   0.183868       1006.4196    0.0000724237   -0.0005976317   71.6388281858   73.1084214792   -1.9605945345 
   0.0000000000    -19.000       20.000000   0.184063       1006.9950    0.0000707696   -0.0005458295   71.0461086232   72.4104052751   -1.9589237467 
   0.0000000000    -18.000       20.000000   0.184241       1007.5200    0.0000691896   -0.0004968037   70.4822750398   71.7435377414   -1.9572896774 
   0.0000000000    -17.000       20.000000   0.184403       1007.9971    0.0000676816   -0.0004504189   69.9462017351   71.1068378936   -1.9556902090 
   0.0000000000    -16.000       20.000000   0.184550       1008.4289    0.0000662433   -0.0004065406   69.4367545420   70.4992874188   -1.9541233405 
   0.0000000000    -15.000       20.000000   0.184682       1008.8179    0.0000648720   -0.0003650370   68.9528045138   69.9198466193   -1.9525871837 
   0.0000000000    -14.000       20.000000   0.184801       1009.1663    0.0000635653   -0.0003257800   68.4932385143   69.3674673819   -1.9510799584 
   0.0000000000    -13.000       20.000000   0.184906       1009.4762    0.0000623205   -0.0002886457   68.0569672631   68.8411036291   -1.9495999869 
   0.0000000000    -12.000       20.000000   0.184999       1009.7497    0.0000611349   -0.0002535151   67.6429313110   68.3397196586   -1.9481456891 
   0.0000000000    -11.000       20.000000   0.185080       1009.9888    0.0000600061   -0.0002202741   67.2501053339   67.8622967098   -1.9467155767 
   0.0000000000    -10.000       20.000000   0.185151       1010.1953    0.0000589314   -0.0001888141   66.8775010773   67.4078380560   -1.9453082487 
   0.0000000000     -9.000       20.000000   0.185210       1010.3709    0.0000579084   -0.0001590316   66.5241692217   66.9753728724   -1.9439223854 
   0.0000000000     -8.000       20.000000   0.185260       1010.5172    0.0000569347   -0.0001308287   66.1892003937   66.5639590941   -1.9425567442 
   0.0000000000     -7.000       20.000000   0.185301       1010.6358    0.0000560079   -0.0001041123   65.8717255074   66.1726854424   -1.9412101541 
   0.0000000000     -6.000       20.000000   0.185331       1010.7276    0.0000551260   -0.0000788025   65.5710328291   65.8008113092   -1.9398824359 
   0.0000000000     -5.000       20.000000   0.185354       1010.7951    0.0000542864   -0.0000547997   65.2860846414   65.4471975333   -1.9385706240 
   0.0000000000     -4.000       20.000000   0.185369       1010.8389    0.0000534873   -0.0000320345   65.0162629778   65.1111876307   -1.9372747470 
   0.0000000000     -3.000       20.000000   0.185377       1010.8603    0.0000527267   -0.0000104332   64.7608543401   64.7920016565   -1.9359938783 
   0.0000000000     -2.000       20.000000   0.185377       1010.8604    0.0000520028    0.0000100738   64.5191815648   64.4888926828   -1.9347271431 
   0.0000000000     -1.000       20.000000   0.185370       1010.8403    0.0000513137    0.0000295519   64.2906024573   64.2011462770   -1.9334737148 
   0.0000000000      0.000       20.000000   0.185357       1010.8010    0.0000506578    0.0000480627   64.0745083624   63.9280798117   -1.9322328123 
   0.0000000000      1.000       20.000000   0.185337       1010.7435    0.0000500334    0.0000656641   63.8703226998   63.6690416388   -1.9310036968 
   0.0000000000      2.000       20.000000   0.185312       1010.6686    0.0000494391    0.0000824107   63.6774994930   63.4234101740   -1.9297856690 
   0.0000000000      3.000       20.000000   0.185281       1010.5772    0.0000488734    0.0000983538   63.4955219059   63.1905929072   -1.9285780666 
   0.0000000000      4.000       20.000000   0.185244       1010.4701    0.0000483349    0.0001135416   63.3239008059   62.9700253711   -1.9273802619 
   0.0000000000      5.000       20.000000   0.185203       1010.3480    0.0000478223    0.0001280196   63.1621733612   62.7611700821   -1.9261916596 
   0.0000000000      6.000       20.000000   0.185156       1010.2117    0.0000473344    0.0001418304   63.0099016808   62.5635154671   -1.9250116948 
   0.0000000000      7.000       20.000000   0.185105       1010.0617    0.0000468700    0.0001550142   62.8666715037   62.3765747932   -1.9238398307 
   0.0000000000      8.000       20.000000   0.185050       1009.8987    0.0000464281    0.0001676090   62.7320909396   62.1998851040   -1.9226755574 
   0.0000000000      9.000       20.000000   0.184990       1009.7234    0.0000460076    0.0001796502   62.6057892631   62.0330061736   -1.9215183896 
   0.0000000000     10.000       20.000000   0.184927       1009.5361    0.0000456076    0.0001911715   62.4874157640   61.8755194827   -1.9203678654 
   0.0000000000     11.000       20.000000   0.184859       1009.3375    0.0000452270    0.0002022044   62.3766386521   61.7270272215   -1.9192235448 
   0.0000000000     12.000       20.000000   0.184788       1009.1281    0.0000448651    0.0002127788   62.2731440165   61.5871513224   -1.9180850083 
   0.0000000000     13.000       20.000000   0.184713       1008.9083    0.0000445209    0.0002229225   62.1766348386   61.4555325246   -1.9169518557 
   0.0000000000     14.000       20.000000   0.184635       1008.6784    0.0000441938    0.0002326622   62.0868300573   61.3318294725   -1.9158237048 
   0.0000000000     15.000       20.000000   0.184554       1008.4390    0.0000438830    0.0002420227   62.0034636843   61.2157178491   -1.9147001903 
   0.0000000000     16.000       20.000000   0.184469       1008.1904    0.0000435878    0.0002510277   61.9262839671   61.1068895434   -1.9135809629 
   0.0000000000     17.000       20.000000   0.184382       1007.9330    0.0000433076    0.0002596992   61.8550526000   61.0050518539   -1.9124656883 
   0.0000000000     18.000       20.000000   0.184292       1007.6670    0.0000430417    0.0002680582   61.7895439776   60.9099267263   -1.9113540463 
   0.0000000000     19.000       20.000000   0.184199       1007.3928    0.0000427895    0.0002761247   61.7295444917   60.8212500250   -1.9102457298 
   0.0000000000     20.000       20.000000   0.184103       1007.1108    0.0000425506    0.0002839172   61.6748518673   60.7387708385   -1.9091404443 
   0.0000000000     21.000       20.000000   0.184005       1006.8211    0.0000423243    0.0002914535   61.6252745374   60.6622508178   -1.9080379070 
   0.0000000000     22.000       20.000000   0.183904       1006.5240    0.0000421102    0.0002987504   61.5806310533   60.5914635454   -1.9069378461 
   0.0000000000     23.000       20.000000   0.183801       1006.2197    0.0000419079    0.0003058235   61.5407495283   60.5261939351   -1.9058400002 
   0.0000000000     24.000       20.000000   0.183696       1005.9086    0.0000417169    0.0003126880   61.5054671149   60.4662376623   -1.9047441177 
   0.0000000000     25.000       20.000000   0.183588       1005.5907    0.0000415367    0.0003193580   61.4746295105   60.4114006204   -1.9036499563 
   0.0000000000     26.000       20.000000   0.183478       1005.2664    0.0000413671    0.0003258470   61.4480904928   60.3614984067   -1.9025572822 
   0.0000000000     27.000       20.000000   0.183366       1004.9357    0.0000412076    0.0003321676   61.4257114815   60.3163558323   -1.9014658700 
   0.0000000000     28.000       20.000000   0.183252       1004.5988    0.0000410579    0.0003383320   61.4073611255   60.2758064579   -1.9003755019 
   0.0000000000     29.000       20.000000   0.183136       1004.2559    0.0000409177    0.0003443516   61.3929149133   60.2396921533   -1.8992859675 
   0.0000000000     30.000       20.000000   0.183018       1003.9072    0.0000407866    0.0003502373   61.3822548067   60.2078626786   -1.8981970632 
   0.0000000000     31.000       20.000000   0.182899       1003.5528    0.0000406645    0.0003559993   61.3752688943   60.1801752875   -1.8971085919 
   0.0000000000     32.000       20.000000   0.182777       1003.1927    0.0000405509    0.0003616475   61.3718510659   60.1564943512   -1.8960203626 
   0.0000000000     33.000       20.000000   0.182654       1002.8272    0.0000404458    0.0003671913   61.3719007043   60.1366910014   -1.8949321901 
   0.0000000000     34.000       20.000000   0.182528       1002.4563    0.0000403487    0.0003726394   61.3753223955   60.1206427913   -1.8938438946 
   0.0000000000     35.000       20.000000   0.182401       1002.0801    0.0000402596    0.0003780002   61.3820256547   60.1082333753   -1.8927553017 
   0.0000000000     36.000       20.000000   0.182273       1001.6988    0.0000401781    0.0003832819   61.3919246680   60.0993522043   -1.8916662414 
   0.0000000000     37.000       20.000000   0.182142       1001.3123    0.0000401041    0.0003884919   61.4049380478   60.0938942367   -1.8905765487 
   0.0000000000     38.000       20.000000   0.182010       1000.9208    0.0000400375    0.0003936377   61.4209886030   60.0917596654   -1.8894860627 
   0.0000000000     39.000       20.000000   0.181877       1000.5243    0.0000399780    0.0003987261   61.4400031210   60.0928536574   -1.8883946266 
   0.0000000000     40.000       20.000000   0.181742       1000.1229    0.0000399254    0.0004037637   61.4619121616   60.0970861083   -1.8873020875 
   0.0000000000     41.000       20.000000   0.181605        999.7167    0.0000398797    0.0004087569   61.4866498632   60.1043714083   -1.8862082962 
   0.0000000000     42.000       20.000000   0.181466        999.3057    0.0000398406    0.0004137116   61.5141537582   60.1146282209   -1.8851131067 
   0.0000000000     43.000       20.000000   0.181327        998.8899    0.0000398081    0.0004186336   61.5443645992   60.1277792727   -1.8840163764 
   0.0000000000     44.000       20.000000   0.181185        998.4693    0.0000397820    0.0004235285   61.5772261945   60.1437511539   -1.8829179658 
   0.0000000000     45.000       20.000000   0.181042        998.0441    0.0000397622    0.0004284014   61.6126852516   60.1624741288   -1.8818177381 
   0.0000000000     46.000       20.000000   0.180898        997.6142    0.0000397486    0.0004332575   61.6506912304   60.1838819567   -1.8807155593 
   0.0000000000     47.000       20.000000   0.180752        997.1797    0.0000397412    0.0004381014   61.6911962023   60.2079117209   -1.8796112980 
   0.0000000000     48.000       20.000000   0.180604        996.7405    0.0000397397    0.0004429379   61.7341547182   60.2345036666   -1.8785048249 
   0.0000000000     49.000       20.000000   0.180455        996.2967    0.0000397441    0.0004477714   61.7795236822   60.2636010474   -1.8773960134 
   0.0000000000     50.000       20.000000   0.180305        995.8483    0.0000397544    0.0004526061   61.8272622325   60.2951499788   -1.8762847388 
   0.0000000000     51.000       20.000000   0.180153        995.3952    0.0000397705    0.0004574461   61.8773316277   60.3290992992   -1.8751708781 
   0.0000000000     52.000       20.000000   0.180000        994.9376    0.0000397922    0.0004622953   61.9296951395   60.3654004383   -1.8740543108 
   0.0000000000     53.000       20.000000   0.179845        994.4753    0.0000398196    0.0004671574   61.9843179497   60.4040072905   -1.8729349175 
   0.0000000000     54.000       20.000000   0.179689        994.0084    0.0000398526    0.0004720362   62.0411670534   60.4448760963   -1.8718125809 
   0.0000000000     55.000       20.000000   0.179531        993.5369    0.0000398912    0.0004769350   62.1002111662   60.4879653280   -1.8706871850 
   0.0000000000     56.000       20.000000   0.179372        993.0607    0.0000399352    0.0004818573   62.1614206355   60.5332355816   -1.8695586154 
   0.0000000000     57.000       20.000000   0.179211        992.5799    0.0000399847    0.0004868063   62.2247673571   60.5806494737   -1.8684267588 
   0.0000000000     58.000       20.000000   0.179049        992.0943    0.0000400396    0.0004917850   62.2902246946   60.6301715427   -1.8672915034 
   0.0000000000     59.000       20.000000   0.178885        991.6041    0.0000400999    0.0004967966   62.3577674029   60.6817681556   -1.8661527384 
   0.0000000000     60.000       20.000000   0.178720        991.1091    0.0000401655    0.0005018439   62.4273715551   60.7354074185   -1.8650103542 
   0.0000000000     61.000       20.000000   0.178553        990.6093    0.0000402366    0.0005069297   62.4990144728   60.7910590911   -1.8638642421 
   0.0000000000     62.000       20.000000   0.178385        990.1047    0.0000403129    0.0005120567   62.5726746592   60.8486945051   -1.8627142944 
   0.0000000000     63.000       20.000000   0.178215        989.5953    0.0000403945    0.0005172277   62.6483317350   60.9082864867   -1.8615604041 
   0.0000000000     64.000       20.000000   0.178043        989.0810    0.0000404815    0.0005224451   62.7259663775   60.9698092818   -1.8604024653 
   0.0000000000     65.000       20.000000   0.177871        988.5618    0.0000405737    0.0005277113   62.8055602611   61.0332384849   -1.8592403725 
   0.0000000000     66.000       20.000000   0.177696        988.0376    0.0000406713    0.0005330289   62.8870960017   61.0985509711   -1.8580740210 
   0.0000000000     67.000       20.000000   0.177520        987.5085    0.0000407741    0.0005384002   62.9705571016   61.1657248303   -1.8569033068 
   0.0000000000     68.000       20.000000   0.177343        986.9743    0.0000408822    0.0005438273   63.0559278977   61.2347393048   -1.8557281263 
   0.0000000000     69.000       20.000000   0.177163        986.4350    0.0000409956    0.0005493124   63.1431935114   61.3055747293   -1.8545483764 
   0.0000000000     70.000       20.000000   0.176983        985.8905    0.0000411143    0.0005548578   63.2323397999   61.3782124729   -1.8533639545 
   0.0000000000     71.000       20.000000   0.176800        985.3409    0.0000412383    0.0005604655   63.3233533090   61.4526348835   -1.8521747584 
   0.0000000000     72.000       20.000000   0.176616        984.7860    0.0000413677    0.0005661376   63.4162212285   61.5288252346   -1.8509806862 
   0.0000000000     73.000       20.000000   0.176430        984.2258    0.0000415024    0.0005718758   63.5109313481   61.6067676734   -1.8497816364 
   0.0000000000     74.000       20.000000   0.176243        983.6603    0.0000416424    0.0005776823   63.6074720149   61.6864471718   -1.8485775077 
   0.0000000000     75.000       20.000000   0.176054        983.0893    0.0000417879    0.0005835589   63.7058320926   61.7678494780   -1.8473681989 
   0.0000000000     76.000       20.000000   0.175863        982.5129    0.0000419387    0.0005895074   63.8060009209   61.8509610699   -1.8461536093 
   0.0000000000     77.000       20.000000   0.175671        981.9309    0.0000420950    0.0005955295   63.9079682772   61.9357691111   -1.8449336380 
   0.0000000000     78.000       20.000000   0.175476        981.3433    0.0000422568    0.0006016271   64.0117243386   62.0222614070   -1.8437081845 
   0.0000000000     79.000       20.000000   0.175280        980.7501    0.0000424240    0.0006078018   64.1172596446   62.1104263625   -1.8424771482 
   0.0000000000     80.000       20.000000   0.175083        980.1511    0.0000425968    0.0006140552   64.2245650614   62.2002529418   -1.8412404287 
   0.0000000000     81.000       20.000000   0.174883        979.5463    0.0000427751    0.0006203891   64.3336317467   62.2917306280   -1.8399979255 
   0.0000000000     82.000       20.000000   0.174682        978.9357    0.0000429590    0.0006268049   64.4444511148   62.3848493847   -1.8387495383 
   0.0000000000     83.000       20.000000   0.174479        978.3191    0.0000431485    0.0006333042   64.5570148029   62.4795996185   -1.8374951665 
   0.0000000000     84.000       20.000000   0.174274        977.6965    0.0000433437    0.0006398885   64.6713146383   62.5759721418   -1.8362347097 
   0.0000000000     85.000       20.000000   0.174067        977.0678    0.0000435446    0.0006465594   64.7873426049   62.6739581372   -1.8349680674 
   0.0000000000     86.000       20.000000   0.173858        976.4330    0.0000437512    0.0006533182   64.9050908118   62.7735491220   -1.8336951389 
   0.0000000000     87.000       20.000000   0.173647        975.7919    0.0000439637    0.0006601664   65.0245514613   62.8747369139   -1.8324158236 
   0.0000000000     88.000       20.000000   0.173434        975.1446    0.0000441819    0.0006671053   65.1457168176   62.9775135972   -1.8311300205 
   0.0000000000     89.000       20.000000   0.173220        974.4909    0.0000444061    0.0006741362   65.2685791762   63.0818714894   -1.8298376288 
   0.0000000000     90.000       20.000000   0.173003        973.8307    0.0000446362    0.0006812606   65.3931308331   63.1878031086   -1.8285385474 
   0.0000000000     91.000       20.000000   0.172785        973.1640    0.0000448722    0.0006884796   65.5193640549   63.2953011411   -1.8272326751 
   0.0000000000     92.000       20.000000   0.172564        972.4906    0.0000451143    0.0006957946   65.6472710486   63.4043584097   -1.8259199104 
   0.0000000000     93.000       20.000000   0.172342        971.8106    0.0000453624    0.0007032067   65.7768439324   63.5149678427   -1.8246001518 
   0.0000000000     94.000       20.000000   0.172117        971.1238    0.0000456167    0.0007107172   65.9080747055   63.6271224419   -1.8232732977 
   0.0000000000     95.000       20.000000   0.171890        970.4302    0.0000458771    0.0007183271   66.0409552199   63.7408152529   -1.8219392462 
   0.0000000000     96.000       20.000000   0.171661        969.7296    0.0000461438    0.0007260376   66.1754771503   63.8560393340   -1.8205978951 
   0.0000000000     97.000       20.000000   0.171430        969.0221    0.0000464168    0.0007338498   66.3116319659   63.9727877261   -1.8192491424 
   0.0000000000     98.000       20.000000   0.171197        968.3074    0.0000466961    0.0007417647   66.4494109015   64.0910534227   -1.8178928856 
   0.0000000000     99.000       20.000000   0.170962        967.5855    0.0000469818    0.0007497834   66.5888049287   64.2108293404   -1.8165290222 
   0.0000000000    100.000       20.000000   0.170724        966.8564    0.0000472740    0.0007579068   66.7298047274   64.3321082884   -1.8151574495 
   0.0000000000    101.000       20.000000   0.170485        966.1199    0.0000475726    0.0007661359   66.8724006577   64.4548829398   -1.8137780647 
   0.0000000000    102.000       20.000000   0.170243        965.3760    0.0000478779    0.0007744716   67.0165827311   64.5791458016   -1.8123907647 
   0.0000000000    103.000       20.000000   0.169999        964.6245    0.0000481897    0.0007829147   67.1623405823   64.7048891856   -1.8109954465 
   0.0000000000    104.000       20.000000   0.169752        963.8655    0.0000485082    0.0007914661   67.3096634415   64.8321051786   -1.8095920069 
   0.0000000000    105.000       20.000000   0.169503        963.0988    0.0000488335    0.0008001266   67.4585401056   64.9607856137   -1.8081803424 
   0.0000000000    106.000       20.000000   0.169252        962.3243    0.0000491656    0.0008088969   67.6089589110   65.0909220407   -1.8067603499 
   0.0000000000    107.000       20.000000   0.168999        961.5419    0.0000495045    0.0008177778   67.7609077047   65.2225056970   -1.8053319257 
   0.0000000000    108.000       20.000000   0.168743        960.7516    0.0000498503    0.0008267698   67.9143738173   65.3555274781   -1.8038949664 
   0.0000000000    109.000       20.000000   0.168485        959.9532    0.0000502031    0.0008358736   68.0693440346   65.4899779088   -1.8024493684 
   0.0000000000    110.000       20.000000   0.168224        959.1467    0.0000505629    0.0008450897   68.2258045703   65.6258471136   -1.8009950284 
   0.0000000000    111.000       20.000000   0.167961        958.3320    0.0000509298    0.0008544188   68.3837410383   65.7631247875   -1.7995318429 
   0.0000000000    112.000       20.000000   0.167696        957.5090    0.0000513038    0.0008638611   68.5431384255   65.9018001671   -1.7980597084 
   0.0000000000    113.000       20.000000   0.167428        956.6777    0.0000516850    0.0008734171   68.7039810642   66.0418620009   -1.7965785217 
   0.0000000000    114.000       20.000000   0.167157        955.8378    0.0000520735    0.0008830872   68.8662526050   66.1832985203   -1.7950881798 
   0.0000000000    115.000       20.000000   0.166884        954.9895    0.0000524693    0.0008928717   69.0299359904   66.3260974102   -1.7935885797 
   0.0000000000    116.000       20.000000   0.166609        954.1324    0.0000528724    0.0009027708   69.1950134272   66.4702457803   -1.7920796186 
   0.0000000000    117.000       20.000000   0.166331        953.2667    0.0000532829    0.0009127845   69.3614663611   66.6157301350   -1.7905611943 
   0.0000000000    118.000       20.000000   0.166050        952.3921    0.0000537008    0.0009229132   69.5292754495   66.7625363452   -1.7890332044 
   0.0000000000    119.000       20.000000   0.165767        951.5087    0.0000541263    0.0009331566   69.6984205362   66.9106496187   -1.7874955474 
   0.0000000000    120.000       20.000000   0.165481        950.6163    0.0000545593    0.0009435149   69.8688806259   67.0600544715   -1.7859481219 
   0.0000000000    121.000       20.000000   0.165193        949.7148    0.0000549999    0.0009539879   70.0406338585   67.2107346986   -1.7843908271 
   0.0000000000    122.000       20.000000   0.164902        948.8042    0.0000554481    0.0009645754   70.2136574847   67.3626733458   -1.7828235626 
   0.0000000000    123.000       20.000000   0.164608        947.8843    0.0000559040    0.0009752771   70.3879278420   67.5158526809   -1.7812462287 
   0.0000000000    124.000       20.000000   0.164311        946.9552    0.0000563677    0.0009860926   70.5634203299   67.6702541653   -1.7796587264 
   0.0000000000    125.000       20.000000   0.164012        946.0167    0.0000568390    0.0009970216   70.7401093879   67.8258584262   -1.7780609574 
   0.0000000000    126.000       20.000000   0.163710        945.0688    0.0000573182    0.0010080634   70.9179684718   67.9826452285   -1.7764528241 
