  #sigma_s    Temp(C) Press(Mpa) p_meanfield density (kg/m^3)      kappa      alpha Cp(J/molK) Cv(J/molK)  mu(J/mol)
   0.0000000000   -173.000      400.000000   0.543523       1282.3747    0.0000091147    0.0007656922   75.7169437826   67.5823853188   -1.8437936290 
   0.0000000000   -172.000      400.000000   0.543095       1281.3729    0.0000111137    0.0008145912   74.9723679674   66.4508223472   -1.8424298092 
   0.0000000000   -171.000      400.000000   0.542661       1280.3621    0.0000121238    0.0007872946   75.1016223574   66.9277968228   -1.8410709321 
   0.0000000000   -170.000      400.000000   0.542224       1279.3592    0.0000122243    0.0008049850   74.9225973594   66.5698515710   -1.8397133644 
   0.0000000000   -169.000      400.000000   0.541793       1278.3559    0.0000098936    0.0007811427   74.7700331681   66.5162409157   -1.8383524185 
   0.0000000000   -168.000      400.000000   0.541360       1277.3472    0.0000094988    0.0007834056   74.4970056594   66.1924615315   -1.8369958701 
   0.0000000000   -167.000      400.000000   0.540928       1276.3428    0.0000101751    0.0007852639   74.2410557928   65.9588319263   -1.8356364983 
   0.0000000000   -166.000      400.000000   0.540495       1275.3376    0.0000105356    0.0007858656   74.0420306575   65.7749237179   -1.8342805124 
   0.0000000000   -165.000      400.000000   0.540064       1274.3322    0.0000104228    0.0007897917   73.7749255300   65.4577816778   -1.8329231102 
   0.0000000000   -164.000      400.000000   0.539633       1273.3282    0.0000107516    0.0007905543   73.5952817033   65.2894567784   -1.8315671410 
   0.0000000000   -163.000      400.000000   0.539203       1272.3240    0.0000108592    0.0007943197   73.3612888738   65.0211444082   -1.8302122225 
   0.0000000000   -162.000      400.000000   0.538773       1271.3204    0.0000104483    0.0007876441   73.1926902497   64.8952004084   -1.8288569530 
   0.0000000000   -161.000      400.000000   0.538344       1270.3172    0.0000107489    0.0007899165   73.0021746116   64.6981473592   -1.8275024407 
   0.0000000000   -160.000      400.000000   0.537915       1269.3144    0.0000108952    0.0007895276   72.8184476778   64.5260891235   -1.8261489908 
   0.0000000000   -159.000      400.000000   0.537487       1268.3122    0.0000109413    0.0007898729   72.6522849209   64.3575775532   -1.8247961138 
   0.0000000000   -158.000      400.000000   0.537059       1267.3104    0.0000110533    0.0007907749   72.4638838327   64.1650666266   -1.8234438187 
   0.0000000000   -157.000      400.000000   0.536632       1266.3093    0.0000111437    0.0007903451   72.2949641750   64.0046417976   -1.8220922306 
   0.0000000000   -156.000      400.000000   0.536206       1265.3086    0.0000112976    0.0007908257   72.1354224044   63.8479321151   -1.8207414564 
   0.0000000000   -155.000      400.000000   0.535780       1264.3085    0.0000113978    0.0007905041   71.9702350894   63.6906150441   -1.8193912499 
   0.0000000000   -154.000      400.000000   0.535354       1263.3091    0.0000114768    0.0007911866   71.8099036259   63.5263023234   -1.8180419201 
   0.0000000000   -153.000      400.000000   0.534930       1262.3104    0.0000115684    0.0007910369   71.6529425814   63.3748183010   -1.8166932656 
   0.0000000000   -152.000      400.000000   0.534506       1261.3123    0.0000116956    0.0007912789   71.4998884124   63.2252780728   -1.8153453847 
   0.0000000000   -151.000      400.000000   0.534082       1260.3150    0.0000117924    0.0007910350   71.3535781290   63.0856704048   -1.8139983347 
   0.0000000000   -150.000      400.000000   0.533659       1259.3183    0.0000118797    0.0007910396   71.2066638250   62.9422539985   -1.8126520991 
   0.0000000000   -149.000      400.000000   0.533237       1258.3225    0.0000119973    0.0007911703   71.0641446146   62.8037069337   -1.8113066549 
   0.0000000000   -148.000      400.000000   0.532816       1257.3274    0.0000121077    0.0007911697   70.9258284891   62.6702602090   -1.8099621101 
   0.0000000000   -147.000      400.000000   0.532395       1256.3333    0.0000122004    0.0007909651   70.7873275259   62.5376584559   -1.8086183956 
   0.0000000000   -146.000      400.000000   0.531975       1255.3400    0.0000123049    0.0007908442   70.6542875440   62.4103116514   -1.8072755748 
   0.0000000000   -145.000      400.000000   0.531556       1254.3476    0.0000124051    0.0007907759   70.5223819993   62.2832561941   -1.8059336672 
   0.0000000000   -144.000      400.000000   0.531137       1253.3562    0.0000125075    0.0007905776   70.3931502289   62.1603224278   -1.8045926733 
   0.0000000000   -143.000      400.000000   0.530719       1252.3658    0.0000126149    0.0007904394   70.2668225304   62.0399289160   -1.8032526221 
   0.0000000000   -142.000      400.000000   0.530302       1251.3764    0.0000127211    0.0007902598   70.1424161554   61.9217779400   -1.8019135270 
   0.0000000000   -141.000      400.000000   0.529886       1250.3880    0.0000128228    0.0007900250   70.0207123449   61.8065970835   -1.8005754080 
   0.0000000000   -140.000      400.000000   0.529470       1249.4008    0.0000129204    0.0007897438   69.9009605556   61.6935758724   -1.7992382879 
   0.0000000000   -139.000      400.000000   0.529055       1248.4146    0.0000130244    0.0007894500   69.7833227610   61.5831393074   -1.7979021777 
   0.0000000000   -138.000      400.000000   0.528641       1247.4297    0.0000131240    0.0007891112   69.6676922929   61.4748777504   -1.7965670982 
   0.0000000000   -137.000      400.000000   0.528228       1246.4459    0.0000132243    0.0007887508   69.5541250148   61.3689141293   -1.7952330686 
   0.0000000000   -136.000      400.000000   0.527816       1245.4634    0.0000133250    0.0007883715   69.4425052980   61.2650776641   -1.7939001067 
   0.0000000000   -135.000      400.000000   0.527405       1244.4822    0.0000134238    0.0007879423   69.3327098470   61.1634398694   -1.7925682272 
   0.0000000000   -134.000      400.000000   0.526995       1243.5025    0.0000135240    0.0007874965   69.2247517518   61.0638420919   -1.7912364900 
   0.0000000000   -133.000      400.000000   0.526586       1242.5239    0.0000136207    0.0007870033   69.1184750849   60.9661912837   -1.7899068201 
   0.0000000000   -132.000      400.000000   0.526177       1241.5467    0.0000137192    0.0007864913   69.0137958278   60.8704049563   -1.7885782913 
   0.0000000000   -131.000      400.000000   0.525769       1240.5710    0.0000138157    0.0007859438   68.9108422611   60.7765568646   -1.7872509202 
   0.0000000000   -130.000      400.000000   0.525362       1239.5967    0.0000139132    0.0007853709   68.8093594423   60.6844715557   -1.7859247240 
   0.0000000000   -129.000      400.000000   0.524956       1238.6239    0.0000140081    0.0007847520   68.7094427930   60.5942445595   -1.7845997210 
   0.0000000000   -128.000      400.000000   0.524551       1237.6527    0.0000141035    0.0007841078   68.6110059291   60.5057538372   -1.7832759297 
   0.0000000000   -127.000      400.000000   0.524148       1236.6830    0.0000141985    0.0007834340   68.5139541448   60.4188972146   -1.7819533664 
   0.0000000000   -126.000      400.000000   0.523745       1235.7150    0.0000142927    0.0007827276   68.4183049369   60.3337005587   -1.7806320495 
   0.0000000000   -125.000      400.000000   0.523343       1234.7486    0.0000143859    0.0007819846   68.3239714327   60.2501092904   -1.7793119954 
   0.0000000000   -124.000      400.000000   0.522942       1233.7839    0.0000144789    0.0007812120   68.2309740931   60.1681172872   -1.7779932219 
   0.0000000000   -123.000      400.000000   0.522542       1232.8209    0.0000145707    0.0007804045   68.1392071839   60.0876205139   -1.7766757457 
   0.0000000000   -122.000      400.000000   0.522143       1231.8597    0.0000146616    0.0007795650   68.0486354045   60.0085685477   -1.7753595837 
   0.0000000000   -121.000      400.000000   0.521745       1230.9003    0.0000147521    0.0007786934   67.9592607935   59.9309901108   -1.7740447531 
   0.0000000000   -120.000      400.000000   0.521348       1229.9427    0.0000148421    0.0007777933   67.8710165795   59.8547759909   -1.7727312698 
   0.0000000000   -119.000      400.000000   0.520953       1228.9870    0.0000149312    0.0007768574   67.7838977991   59.7799810451   -1.7714191504 
   0.0000000000   -118.000      400.000000   0.520558       1228.0332    0.0000150194    0.0007758911   67.6978444769   59.7064831921   -1.7701084113 
   0.0000000000   -117.000      400.000000   0.520165       1227.0814    0.0000151069    0.0007748925   67.6128416526   59.6343053707   -1.7687990684 
   0.0000000000   -116.000      400.000000   0.519772       1226.1315    0.0000151937    0.0007738636   67.5288488550   59.5633810957   -1.7674911376 
   0.0000000000   -115.000      400.000000   0.519381       1225.1837    0.0000152796    0.0007728014   67.4458521804   59.4937196155   -1.7661846344 
   0.0000000000   -114.000      400.000000   0.518991       1224.2379    0.0000153649    0.0007717105   67.3638040421   59.4252421387   -1.7648795742 
   0.0000000000   -113.000      400.000000   0.518602       1223.2942    0.0000154491    0.0007705866   67.2826925365   59.3579564303   -1.7635759722 
   0.0000000000   -112.000      400.000000   0.518214       1222.3526    0.0000155325    0.0007694320   67.2024857870   59.2918248239   -1.7622738435 
   0.0000000000   -111.000      400.000000   0.517828       1221.4131    0.0000156153    0.0007682476   67.1231604858   59.2268160786   -1.7609732026 
   0.0000000000   -110.000      400.000000   0.517443       1220.4759    0.0000156969    0.0007670326   67.0446942043   59.1629025285   -1.7596740641 
   0.0000000000   -109.000      400.000000   0.517058       1219.5409    0.0000157779    0.0007657881   66.9670619038   59.1000633714   -1.7583764422 
   0.0000000000   -108.000      400.000000   0.516675       1218.6081    0.0000158579    0.0007645137   66.8902450812   59.0382766100   -1.7570803511 
   0.0000000000   -107.000      400.000000   0.516294       1217.6776    0.0000159371    0.0007632103   66.8142193863   58.9775099147   -1.7557858042 
   0.0000000000   -106.000      400.000000   0.515913       1216.7494    0.0000160154    0.0007618775   66.7389660022   58.9177482792   -1.7544928152 
   0.0000000000   -105.000      400.000000   0.515534       1215.8236    0.0000160928    0.0007605162   66.6644628133   58.8589599919   -1.7532013973 
   0.0000000000   -104.000      400.000000   0.515156       1214.9001    0.0000161693    0.0007591270   66.5906941022   58.8011287994   -1.7519115633 
   0.0000000000   -103.000      400.000000   0.514780       1213.9790    0.0000162449    0.0007577094   66.5176426908   58.7442367526   -1.7506233260 
   0.0000000000   -102.000      400.000000   0.514404       1213.0604    0.0000163196    0.0007562645   66.4452908228   58.6882595088   -1.7493366977 
   0.0000000000   -101.000      400.000000   0.514030       1212.1443    0.0000163934    0.0007547924   66.3736207985   58.6331769984   -1.7480516904 
   0.0000000000   -100.000      400.000000   0.513657       1211.2306    0.0000164663    0.0007532935   66.3026184749   58.5789722125   -1.7467683160 
   0.0000000000    -99.000      400.000000   0.513286       1210.3194    0.0000165382    0.0007517681   66.2322662022   58.5256220254   -1.7454865860 
   0.0000000000    -98.000      400.000000   0.512916       1209.4108    0.0000166092    0.0007502170   66.1625519924   58.4731123867   -1.7442065115 
   0.0000000000    -97.000      400.000000   0.512547       1208.5048    0.0000166793    0.0007486402   66.0934613914   58.4214247674   -1.7429281034 
   0.0000000000    -96.000      400.000000   0.512179       1207.6014    0.0000167484    0.0007470384   66.0249801378   58.3705400590   -1.7416513724 
   0.0000000000    -95.000      400.000000   0.511813       1206.7006    0.0000168166    0.0007454120   65.9570971878   58.3204450246   -1.7403763286 
   0.0000000000    -94.000      400.000000   0.511448       1205.8024    0.0000168839    0.0007437613   65.8897983958   58.2711203623   -1.7391029820 
   0.0000000000    -93.000      400.000000   0.511085       1204.9069    0.0000169501    0.0007420869   65.8230729861   58.2225518220   -1.7378313422 
   0.0000000000    -92.000      400.000000   0.510723       1204.0141    0.0000170155    0.0007403892   65.7569103525   58.1747246988   -1.7365614186 
   0.0000000000    -91.000      400.000000   0.510361       1203.1237    0.0000170800    0.0007386696   65.6912892841   58.1276215245   -1.7352942899 
   0.0000000000    -90.000      400.000000   0.510002       1202.2364    0.0000171435    0.0007369268   65.6262189855   58.0812319875   -1.7340278143 
   0.0000000000    -89.000      400.000000   0.509644       1201.3518    0.0000172060    0.0007351621   65.5616805676   58.0355406145   -1.7327630807 
   0.0000000000    -88.000      400.000000   0.509287       1200.4700    0.0000172675    0.0007333760   65.4976638531   57.9905329954   -1.7315000971 
   0.0000000000    -87.000      400.000000   0.508932       1199.5911    0.0000173282    0.0007315692   65.4341605260   57.9461965320   -1.7302388712 
   0.0000000000    -86.000      400.000000   0.508578       1198.7149    0.0000173878    0.0007297418   65.3711618193   57.9025193081   -1.7289794104 
   0.0000000000    -85.000      400.000000   0.508226       1197.8416    0.0000174465    0.0007278946   65.3086600602   57.8594878476   -1.7277217217 
   0.0000000000    -84.000      400.000000   0.507875       1196.9711    0.0000175043    0.0007260280   65.2466467199   57.8170904342   -1.7264658118 
   0.0000000000    -83.000      400.000000   0.507525       1196.1035    0.0000175611    0.0007241425   65.1851151325   57.7753158632   -1.7252116870 
   0.0000000000    -82.000      400.000000   0.507177       1195.2388    0.0000176170    0.0007222386   65.1240581060   57.7341525089   -1.7239593533 
   0.0000000000    -81.000      400.000000   0.506830       1194.3770    0.0000176719    0.0007203170   65.0634686287   57.6935890123   -1.7227088164 
   0.0000000000    -80.000      400.000000   0.506485       1193.5182    0.0000177259    0.0007183779   65.0033407030   57.6536152548   -1.7214600815 
   0.0000000000    -79.000      400.000000   0.506141       1192.6622    0.0000177790    0.0007164220   64.9436681703   57.6142207284   -1.7202131537 
   0.0000000000    -78.000      400.000000   0.505799       1191.8093    0.0000178311    0.0007144497   64.8844453699   57.5753953727   -1.7189680376 
   0.0000000000    -77.000      400.000000   0.505458       1190.9593    0.0000178823    0.0007124617   64.8256669911   57.5371296634   -1.7177247374 
   0.0000000000    -76.000      400.000000   0.505118       1190.1123    0.0000179325    0.0007104583   64.7673277064   57.4994138958   -1.7164832570 
   0.0000000000    -75.000      400.000000   0.504780       1189.2682    0.0000179819    0.0007084401   64.7094226195   57.4622388788   -1.7152436001 
   0.0000000000    -74.000      400.000000   0.504443       1188.4272    0.0000180303    0.0007064077   64.6519473255   57.4255958353   -1.7140057699 
   0.0000000000    -73.000      400.000000   0.504108       1187.5892    0.0000180778    0.0007043615   64.5948975215   57.3894761465   -1.7127697693 
   0.0000000000    -72.000      400.000000   0.503774       1186.7543    0.0000181244    0.0007023021   64.5382690272   57.3538714030   -1.7115356007 
   0.0000000000    -71.000      400.000000   0.503442       1185.9223    0.0000181701    0.0007002299   64.4820580018   57.3187735237   -1.7103032665 
   0.0000000000    -70.000      400.000000   0.503111       1185.0934    0.0000182148    0.0006981455   64.4262608795   57.2841745699   -1.7090727685 
   0.0000000000    -69.000      400.000000   0.502782       1184.2676    0.0000182587    0.0006960493   64.3708742598   57.2500669968   -1.7078441082 
   0.0000000000    -68.000      400.000000   0.502454       1183.4448    0.0000183017    0.0006939420   64.3158949988   57.2164432626   -1.7066172867 
   0.0000000000    -67.000      400.000000   0.502127       1182.6251    0.0000183438    0.0006918239   64.2613201517   57.1832963673   -1.7053923049 
   0.0000000000    -66.000      400.000000   0.501802       1181.8085    0.0000183851    0.0006896957   64.2071469556   57.1506192276   -1.7041691634 
   0.0000000000    -65.000      400.000000   0.501478       1180.9949    0.0000184254    0.0006875577   64.1533728436   57.1184051873   -1.7029478621 
   0.0000000000    -64.000      400.000000   0.501156       1180.1845    0.0000184649    0.0006854105   64.0999955484   57.0866477265   -1.7017284011 
   0.0000000000    -63.000      400.000000   0.500836       1179.3771    0.0000185036    0.0006832546   64.0470127550   57.0553404128   -1.7005107796 
   0.0000000000    -62.000      400.000000   0.500516       1178.5729    0.0000185414    0.0006810905   63.9944226182   57.0244773801   -1.6992949970 
   0.0000000000    -61.000      400.000000   0.500198       1177.7717    0.0000185783    0.0006789187   63.9422231604   56.9940524520   -1.6980810519 
   0.0000000000    -60.000      400.000000   0.499882       1176.9737    0.0000186144    0.0006767396   63.8904128134   56.9640601070   -1.6968689429 
   0.0000000000    -59.000      400.000000   0.499567       1176.1787    0.0000186497    0.0006745538   63.8389900301   56.9344946458   -1.6956586681 
   0.0000000000    -58.000      400.000000   0.499254       1175.3869    0.0000186841    0.0006723616   63.7879534572   56.9053508102   -1.6944502253 
   0.0000000000    -57.000      400.000000   0.498941       1174.5981    0.0000187178    0.0006701637   63.7373019089   56.8766234241   -1.6932436120 
   0.0000000000    -56.000      400.000000   0.498631       1173.8125    0.0000187506    0.0006679604   63.6870343130   56.8483074475   -1.6920388253 
   0.0000000000    -55.000      400.000000   0.498322       1173.0300    0.0000187826    0.0006657523   63.6371497452   56.8203980695   -1.6908358622 
   0.0000000000    -54.000      400.000000   0.498014       1172.2506    0.0000188139    0.0006635397   63.5876474233   56.7928905909   -1.6896347191 
   0.0000000000    -53.000      400.000000   0.497708       1171.4744    0.0000188443    0.0006613232   63.5385266760   56.7657805310   -1.6884353922 
   0.0000000000    -52.000      400.000000   0.497403       1170.7012    0.0000188740    0.0006591033   63.4897869995   56.7390635847   -1.6872378773 
   0.0000000000    -51.000      400.000000   0.497099       1169.9311    0.0000189029    0.0006568802   63.4414279275   56.7127354902   -1.6860421701 
   0.0000000000    -50.000      400.000000   0.496797       1169.1642    0.0000189310    0.0006546546   63.3934491910   56.6867922160   -1.6848482657 
   0.0000000000    -49.000      400.000000   0.496497       1168.4003    0.0000189584    0.0006524268   63.3458505851   56.6612298652   -1.6836561591 
   0.0000000000    -48.000      400.000000   0.496197       1167.6396    0.0000189851    0.0006501973   63.2986320460   56.6360447088   -1.6824658449 
   0.0000000000    -47.000      400.000000   0.495900       1166.8820    0.0000190110    0.0006479665   63.2517935900   56.6112331193   -1.6812773174 
   0.0000000000    -46.000      400.000000   0.495603       1166.1274    0.0000190362    0.0006457349   63.2053353259   56.5867915926   -1.6800905705 
   0.0000000000    -45.000      400.000000   0.495308       1165.3759    0.0000190607    0.0006435028   63.1592574840   56.5627168095   -1.6789055980 
   0.0000000000    -44.000      400.000000   0.495015       1164.6276    0.0000190845    0.0006412707   63.1135603753   56.5390055409   -1.6777223933 
   0.0000000000    -43.000      400.000000   0.494722       1163.8823    0.0000191075    0.0006390390   63.0682444091   56.5156547088   -1.6765409494 
   0.0000000000    -42.000      400.000000   0.494432       1163.1400    0.0000191299    0.0006368081   63.0233100678   56.4926613306   -1.6753612592 
   0.0000000000    -41.000      400.000000   0.494142       1162.4009    0.0000191516    0.0006345785   62.9787579011   56.4700225482   -1.6741833150 
   0.0000000000    -40.000      400.000000   0.493854       1161.6648    0.0000191727    0.0006323504   62.9345885937   56.4477356740   -1.6730071091 
   0.0000000000    -39.000      400.000000   0.493568       1160.9317    0.0000191930    0.0006301243   62.8908028593   56.4257980598   -1.6718326334 
   0.0000000000    -38.000      400.000000   0.493282       1160.2017    0.0000192128    0.0006279006   62.8474014891   56.4042071906   -1.6706598795 
   0.0000000000    -37.000      400.000000   0.492998       1159.4747    0.0000192319    0.0006256797   62.8043853782   56.3829607147   -1.6694888387 
   0.0000000000    -36.000      400.000000   0.492716       1158.7508    0.0000192503    0.0006234619   62.7617554587   56.3620563095   -1.6683195020 
   0.0000000000    -35.000      400.000000   0.492435       1158.0298    0.0000192681    0.0006212477   62.7195127309   56.3414917883   -1.6671518602 
   0.0000000000    -34.000      400.000000   0.492155       1157.3119    0.0000192853    0.0006190373   62.6776582720   56.3212650754   -1.6659859037 
   0.0000000000    -33.000      400.000000   0.491876       1156.5970    0.0000193020    0.0006168312   62.6361932271   56.3013741970   -1.6648216228 
   0.0000000000    -32.000      400.000000   0.491599       1155.8851    0.0000193180    0.0006146298   62.5951187664   56.2818172360   -1.6636590073 
   0.0000000000    -31.000      400.000000   0.491323       1155.1761    0.0000193334    0.0006124332   62.5544361498   56.2625924046   -1.6624980468 
   0.0000000000    -30.000      400.000000   0.491049       1154.4701    0.0000193482    0.0006102421   62.5141466664   56.2436979936   -1.6613387308 
   0.0000000000    -29.000      400.000000   0.490775       1153.7671    0.0000193625    0.0006080565   62.4742516868   56.2251323925   -1.6601810483 
   0.0000000000    -28.000      400.000000   0.490504       1153.0670    0.0000193763    0.0006058770   62.4347525955   56.2068940547   -1.6590249881 
   0.0000000000    -27.000      400.000000   0.490233       1152.3699    0.0000193894    0.0006037038   62.3956508514   56.1889815454   -1.6578705388 
   0.0000000000    -26.000      400.000000   0.489964       1151.6757    0.0000194021    0.0006015373   62.3569479369   56.1713934722   -1.6567176887 
   0.0000000000    -25.000      400.000000   0.489696       1150.9843    0.0000194142    0.0005993777   62.3186453990   56.1541285631   -1.6555664258 
   0.0000000000    -24.000      400.000000   0.489429       1150.2959    0.0000194258    0.0005972255   62.2807448131   56.1371856069   -1.6544167379 
   0.0000000000    -23.000      400.000000   0.489163       1149.6104    0.0000194369    0.0005950809   62.2432477928   56.1205634513   -1.6532686125 
   0.0000000000    -22.000      400.000000   0.488899       1148.9277    0.0000194474    0.0005929442   62.2061559965   56.1042610406   -1.6521220368 
   0.0000000000    -21.000      400.000000   0.488636       1148.2479    0.0000194575    0.0005908158   62.1694711165   56.0882773770   -1.6509769979 
   0.0000000000    -20.000      400.000000   0.488375       1147.5709    0.0000194671    0.0005886959   62.1331948750   56.0726115362   -1.6498334825 
   0.0000000000    -19.000      400.000000   0.488114       1146.8967    0.0000194763    0.0005865849   62.0973290320   56.0572626602   -1.6486914772 
   0.0000000000    -18.000      400.000000   0.487855       1146.2254    0.0000194849    0.0005844829   62.0618753730   56.0422299503   -1.6475509682 
   0.0000000000    -17.000      400.000000   0.487597       1145.5568    0.0000194932    0.0005823904   62.0268357166   56.0275126751   -1.6464119416 
   0.0000000000    -16.000      400.000000   0.487340       1144.8910    0.0000195009    0.0005803076   61.9922119080   56.0131101651   -1.6452743830 
   0.0000000000    -15.000      400.000000   0.487085       1144.2280    0.0000195083    0.0005782348   61.9580058154   55.9990218051   -1.6441382782 
   0.0000000000    -14.000      400.000000   0.486830       1143.5678    0.0000195152    0.0005761722   61.9242193397   55.9852470432   -1.6430036123 
   0.0000000000    -13.000      400.000000   0.486577       1142.9102    0.0000195217    0.0005741202   61.8908543943   55.9717853772   -1.6418703705 
   0.0000000000    -12.000      400.000000   0.486325       1142.2554    0.0000195278    0.0005720789   61.8579129240   55.9586363629   -1.6407385377 
   0.0000000000    -11.000      400.000000   0.486075       1141.6033    0.0000195335    0.0005700487   61.8253968872   55.9457996061   -1.6396080984 
   0.0000000000    -10.000      400.000000   0.485825       1140.9539    0.0000195388    0.0005680298   61.7933082707   55.9332747688   -1.6384790371 
   0.0000000000     -9.000      400.000000   0.485577       1140.3071    0.0000195437    0.0005660224   61.7616490668   55.9210615475   -1.6373513379 
   0.0000000000     -8.000      400.000000   0.485329       1139.6630    0.0000195482    0.0005640269   61.7304212955   55.9091597022   -1.6362249847 
   0.0000000000     -7.000      400.000000   0.485083       1139.0215    0.0000195524    0.0005620434   61.6996269869   55.8975690288   -1.6350999614 
   0.0000000000     -6.000      400.000000   0.484838       1138.3826    0.0000195563    0.0005600721   61.6692681886   55.8862893707   -1.6339762515 
   0.0000000000     -5.000      400.000000   0.484594       1137.7464    0.0000195598    0.0005581135   61.6393469583   55.8753206127   -1.6328538381 
   0.0000000000     -4.000      400.000000   0.484352       1137.1127    0.0000195629    0.0005561676   61.6098653695   55.8646626813   -1.6317327045 
   0.0000000000     -3.000      400.000000   0.484110       1136.4815    0.0000195658    0.0005542346   61.5808255048   55.8543155437   -1.6306128335 
   0.0000000000     -2.000      400.000000   0.483870       1135.8529    0.0000195683    0.0005523149   61.5522294598   55.8442792040   -1.6294942079 
   0.0000000000     -1.000      400.000000   0.483630       1135.2268    0.0000195705    0.0005504087   61.5240793350   55.8345537035   -1.6283768099 
   0.0000000000      0.000      400.000000   0.483392       1134.6032    0.0000195724    0.0005485161   61.4963772431   55.8251391183   -1.6272606220 
   0.0000000000      1.000      400.000000   0.483155       1133.9821    0.0000195740    0.0005466373   61.4691253039   55.8160355600   -1.6261456263 
   0.0000000000      2.000      400.000000   0.482919       1133.3635    0.0000195754    0.0005447727   61.4423256436   55.8072431765   -1.6250318044 
   0.0000000000      3.000      400.000000   0.482683       1132.7473    0.0000195764    0.0005429224   61.4159803920   55.7987621402   -1.6239191382 
   0.0000000000      4.000      400.000000   0.482449       1132.1335    0.0000195772    0.0005410865   61.3900916876   55.7905926591   -1.6228076092 
   0.0000000000      5.000      400.000000   0.482216       1131.5221    0.0000195778    0.0005392653   61.3646616712   55.7827349694   -1.6216971985 
   0.0000000000      6.000      400.000000   0.481984       1130.9131    0.0000195781    0.0005374591   61.3396924866   55.7751893355   -1.6205878874 
   0.0000000000      7.000      400.000000   0.481753       1130.3064    0.0000195781    0.0005356679   61.3151862828   55.7679560500   -1.6194796567 
   0.0000000000      8.000      400.000000   0.481524       1129.7021    0.0000195780    0.0005338920   61.2911452070   55.7610354283   -1.6183724871 
   0.0000000000      9.000      400.000000   0.481295       1129.1002    0.0000195776    0.0005321316   61.2675714111   55.7544278144   -1.6172663592 
   0.0000000000     10.000      400.000000   0.481067       1128.5005    0.0000195770    0.0005303869   61.2444670464   55.7481335729   -1.6161612533 
   0.0000000000     11.000      400.000000   0.480840       1127.9031    0.0000195762    0.0005286580   61.2218342636   55.7421530930   -1.6150571497 
   0.0000000000     12.000      400.000000   0.480614       1127.3079    0.0000195752    0.0005269451   61.1996752153   55.7364867864   -1.6139540283 
   0.0000000000     13.000      400.000000   0.480389       1126.7150    0.0000195740    0.0005252484   61.1779920507   55.7311350840   -1.6128518689 
   0.0000000000     14.000      400.000000   0.480165       1126.1243    0.0000195726    0.0005235680   61.1567869190   55.7260984386   -1.6117506513 
   0.0000000000     15.000      400.000000   0.479942       1125.5358    0.0000195711    0.0005219042   61.1360619662   55.7213773193   -1.6106503549 
   0.0000000000     16.000      400.000000   0.479719       1124.9495    0.0000195694    0.0005202571   61.1158193360   55.7169722148   -1.6095509590 
   0.0000000000     17.000      400.000000   0.479498       1124.3653    0.0000195675    0.0005186269   61.0960611699   55.7128836315   -1.6084524428 
   0.0000000000     18.000      400.000000   0.479278       1123.7832    0.0000195655    0.0005170138   61.0767896044   55.7091120913   -1.6073547853 
   0.0000000000     19.000      400.000000   0.479058       1123.2032    0.0000195633    0.0005154178   61.0580067735   55.7056581322   -1.6062579652 
   0.0000000000     20.000      400.000000   0.478840       1122.6254    0.0000195611    0.0005138392   61.0397148064   55.7025223068   -1.6051619614 
   0.0000000000     21.000      400.000000   0.478622       1122.0495    0.0000195587    0.0005122781   61.0219158269   55.6997051814   -1.6040667521 
   0.0000000000     22.000      400.000000   0.478406       1121.4758    0.0000195561    0.0005107346   61.0046119546   55.6972073368   -1.6029723159 
   0.0000000000     23.000      400.000000   0.478190       1120.9040    0.0000195535    0.0005092090   60.9878053037   55.6950293646   -1.6018786309 
   0.0000000000     24.000      400.000000   0.477975       1120.3342    0.0000195508    0.0005077013   60.9714979825   55.6931718700   -1.6007856751 
   0.0000000000     25.000      400.000000   0.477761       1119.7664    0.0000195480    0.0005062118   60.9556920929   55.6916354678   -1.5996934265 
   0.0000000000     26.000      400.000000   0.477547       1119.2005    0.0000195451    0.0005047405   60.9403897314   55.6904207850   -1.5986018627 
   0.0000000000     27.000      400.000000   0.477335       1118.6366    0.0000195421    0.0005032876   60.9255929876   55.6895284575   -1.5975109614 
   0.0000000000     28.000      400.000000   0.477123       1118.0745    0.0000195390    0.0005018532   60.9113039442   55.6889591307   -1.5964207000 
   0.0000000000     29.000      400.000000   0.476912       1117.5144    0.0000195359    0.0005004375   60.8975246765   55.6887134587   -1.5953310558 
   0.0000000000     30.000      400.000000   0.476702       1116.9560    0.0000195327    0.0004990406   60.8842572544   55.6887921042   -1.5942420060 
   0.0000000000     31.000      400.000000   0.476493       1116.3995    0.0000195295    0.0004976627   60.8715037387   55.6891957379   -1.5931535275 
   0.0000000000     32.000      400.000000   0.476284       1115.8448    0.0000195263    0.0004963039   60.8592661839   55.6899250361   -1.5920655974 
   0.0000000000     33.000      400.000000   0.476077       1115.2919    0.0000195230    0.0004949642   60.8475466357   55.6909806834   -1.5909781922 
   0.0000000000     34.000      400.000000   0.475870       1114.7408    0.0000195197    0.0004936439   60.8363471334   55.6923633695   -1.5898912887 
   0.0000000000     35.000      400.000000   0.475664       1114.1914    0.0000195163    0.0004923431   60.8256697078   55.6940737910   -1.5888048632 
   0.0000000000     36.000      400.000000   0.475458       1113.6436    0.0000195130    0.0004910618   60.8155163818   55.6961126487   -1.5877188922 
   0.0000000000     37.000      400.000000   0.475253       1113.0976    0.0000195096    0.0004898003   60.8058891708   55.6984806490   -1.5866333518 
   0.0000000000     38.000      400.000000   0.475049       1112.5532    0.0000195063    0.0004885586   60.7967900815   55.7011785021   -1.5855482181 
   0.0000000000     39.000      400.000000   0.474846       1112.0105    0.0000195030    0.0004873368   60.7882211131   55.7042069230   -1.5844634671 
   0.0000000000     40.000      400.000000   0.474644       1111.4694    0.0000194997    0.0004861351   60.7801842566   55.7075666301   -1.5833790746 
   0.0000000000     41.000      400.000000   0.474442       1110.9299    0.0000194964    0.0004849537   60.7726814948   55.7112583453   -1.5822950163 
   0.0000000000     42.000      400.000000   0.474241       1110.3919    0.0000194932    0.0004837925   60.7657148025   55.7152827933   -1.5812112678 
   0.0000000000     43.000      400.000000   0.474040       1109.8555    0.0000194900    0.0004826518   60.7592861467   55.7196407024   -1.5801278045 
   0.0000000000     44.000      400.000000   0.473840       1109.3205    0.0000194868    0.0004815315   60.7533974859   55.7243328027   -1.5790446017 
   0.0000000000     45.000      400.000000   0.473641       1108.7871    0.0000194837    0.0004804320   60.7480507709   55.7293598261   -1.5779616348 
   0.0000000000     46.000      400.000000   0.473442       1108.2551    0.0000194807    0.0004793532   60.7432479447   55.7347225073   -1.5768788787 
   0.0000000000     47.000      400.000000   0.473244       1107.7246    0.0000194777    0.0004782953   60.7389909425   55.7404215831   -1.5757963084 
   0.0000000000     48.000      400.000000   0.473047       1107.1955    0.0000194748    0.0004772583   60.7352816914   55.7464577899   -1.5747138989 
   0.0000000000     49.000      400.000000   0.472850       1106.6678    0.0000194720    0.0004762424   60.7321221112   55.7528318671   -1.5736316248 
   0.0000000000     50.000      400.000000   0.472654       1106.1414    0.0000194693    0.0004752478   60.7295141142   55.7595445547   -1.5725494608 
   0.0000000000     51.000      400.000000   0.472459       1105.6164    0.0000194666    0.0004742744   60.7274596052   55.7665965934   -1.5714673814 
   0.0000000000     52.000      400.000000   0.472264       1105.0927    0.0000194641    0.0004733224   60.7259604814   55.7739887242   -1.5703853611 
   0.0000000000     53.000      400.000000   0.472070       1104.5702    0.0000194617    0.0004723920   60.7250186334   55.7817216899   -1.5693033741 
   0.0000000000     54.000      400.000000   0.471876       1104.0491    0.0000194594    0.0004714832   60.7246359444   55.7897962320   -1.5682213947 
   0.0000000000     55.000      400.000000   0.471682       1103.5292    0.0000194572    0.0004705960   60.7248142912   55.7982130935   -1.5671393969 
   0.0000000000     56.000      400.000000   0.471490       1103.0104    0.0000194552    0.0004697307   60.7255555431   55.8069730171   -1.5660573547 
   0.0000000000     57.000      400.000000   0.471298       1102.4929    0.0000194533    0.0004688873   60.7268615639   55.8160767456   -1.5649752420 
   0.0000000000     58.000      400.000000   0.471106       1101.9765    0.0000194515    0.0004680659   60.7287342104   55.8255250214   -1.5638930325 
   0.0000000000     59.000      400.000000   0.470915       1101.4613    0.0000194499    0.0004672666   60.7311753335   55.8353185868   -1.5628106999 
   0.0000000000     60.000      400.000000   0.470724       1100.9472    0.0000194485    0.0004664896   60.7341867779   55.8454581841   -1.5617282179 
   0.0000000000     61.000      400.000000   0.470534       1100.4341    0.0000194472    0.0004657348   60.7377703830   55.8559445550   -1.5606455598 
   0.0000000000     62.000      400.000000   0.470344       1099.9222    0.0000194461    0.0004650025   60.7419279824   55.8667784409   -1.5595626990 
   0.0000000000     63.000      400.000000   0.470155       1099.4112    0.0000194452    0.0004642926   60.7466614044   55.8779605825   -1.5584796088 
   0.0000000000     64.000      400.000000   0.469966       1098.9013    0.0000194444    0.0004636054   60.7519724720   55.8894917203   -1.5573962623 
   0.0000000000     65.000      400.000000   0.469778       1098.3923    0.0000194439    0.0004629408   60.7578630035   55.9013725935   -1.5563126326 
   0.0000000000     66.000      400.000000   0.469590       1097.8843    0.0000194435    0.0004622990   60.7643348127   55.9136039416   -1.5552286927 
   0.0000000000     67.000      400.000000   0.469403       1097.3772    0.0000194434    0.0004616801   60.7713897085   55.9261865031   -1.5541444154 
   0.0000000000     68.000      400.000000   0.469216       1096.8710    0.0000194435    0.0004610842   60.7790294957   55.9391210154   -1.5530597736 
   0.0000000000     69.000      400.000000   0.469029       1096.3657    0.0000194437    0.0004605114   60.7872559753   55.9524082158   -1.5519747398 
   0.0000000000     70.000      400.000000   0.468843       1095.8612    0.0000194442    0.0004599617   60.7960709443   55.9660488405   -1.5508892867 
   0.0000000000     71.000      400.000000   0.468657       1095.3576    0.0000194450    0.0004594353   60.8054761962   55.9800436252   -1.5498033868 
   0.0000000000     72.000      400.000000   0.468472       1094.8547    0.0000194460    0.0004589322   60.8154735213   55.9943933050   -1.5487170124 
   0.0000000000     73.000      400.000000   0.468287       1094.3526    0.0000194472    0.0004584525   60.8260647066   56.0090986137   -1.5476301359 
   0.0000000000     74.000      400.000000   0.468102       1093.8513    0.0000194487    0.0004579964   60.8372515363   56.0241602852   -1.5465427295 
   0.0000000000     75.000      400.000000   0.467918       1093.3506    0.0000194504    0.0004575640   60.8490357919   56.0395790518   -1.5454547652 
   0.0000000000     76.000      400.000000   0.467734       1092.8507    0.0000194524    0.0004571552   60.8614192527   56.0553556460   -1.5443662151 
   0.0000000000     77.000      400.000000   0.467550       1092.3514    0.0000194547    0.0004567703   60.8744036955   56.0714907988   -1.5432770512 
   0.0000000000     78.000      400.000000   0.467367       1091.8528    0.0000194572    0.0004564092   60.8879908956   56.0879852412   -1.5421872452 
   0.0000000000     79.000      400.000000   0.467184       1091.3548    0.0000194601    0.0004560721   60.9021826259   56.1048397030   -1.5410967690 
   0.0000000000     80.000      400.000000   0.467001       1090.8573    0.0000194632    0.0004557592   60.9169806581   56.1220549138   -1.5400055941 
   0.0000000000     81.000      400.000000   0.466818       1090.3604    0.0000194666    0.0004554704   60.9323867625   56.1396316019   -1.5389136922 
   0.0000000000     82.000      400.000000   0.466636       1089.8641    0.0000194704    0.0004552058   60.9484027083   56.1575704959   -1.5378210347 
   0.0000000000     83.000      400.000000   0.466454       1089.3682    0.0000194744    0.0004549657   60.9650302637   56.1758723229   -1.5367275931 
   0.0000000000     84.000      400.000000   0.466272       1088.8728    0.0000194788    0.0004547499   60.9822711960   56.1945378100   -1.5356333385 
   0.0000000000     85.000      400.000000   0.466091       1088.3779    0.0000194834    0.0004545587   61.0001272723   56.2135676833   -1.5345382423 
   0.0000000000     86.000      400.000000   0.465910       1087.8833    0.0000194885    0.0004543922   61.0186002588   56.2329626686   -1.5334422755 
   0.0000000000     87.000      400.000000   0.465729       1087.3892    0.0000194938    0.0004542504   61.0376919218   56.2527234910   -1.5323454092 
   0.0000000000     88.000      400.000000   0.465548       1086.8954    0.0000194995    0.0004541333   61.0574040273   56.2728508750   -1.5312476144 
   0.0000000000     89.000      400.000000   0.465368       1086.4020    0.0000195056    0.0004540412   61.0777383416   56.2933455446   -1.5301488618 
   0.0000000000     90.000      400.000000   0.465187       1085.9089    0.0000195120    0.0004539741   61.0986966309   56.3142082231   -1.5290491223 
   0.0000000000     91.000      400.000000   0.465007       1085.4160    0.0000195188    0.0004539321   61.1202806618   56.3354396334   -1.5279483665 
   0.0000000000     92.000      400.000000   0.464827       1084.9235    0.0000195259    0.0004539153   61.1424922017   56.3570404975   -1.5268465650 
   0.0000000000     93.000      400.000000   0.464647       1084.4311    0.0000195335    0.0004539237   61.1653330179   56.3790115368   -1.5257436884 
   0.0000000000     94.000      400.000000   0.464467       1083.9390    0.0000195414    0.0004539575   61.1888048789   56.4013534724   -1.5246397070 
   0.0000000000     95.000      400.000000   0.464288       1083.4470    0.0000195497    0.0004540168   61.2129095535   56.4240670242   -1.5235345911 
   0.0000000000     96.000      400.000000   0.464109       1082.9551    0.0000195584    0.0004541016   61.2376488115   56.4471529118   -1.5224283111 
   0.0000000000     97.000      400.000000   0.463929       1082.4634    0.0000195675    0.0004542121   61.2630244235   56.4706118539   -1.5213208370 
   0.0000000000     98.000      400.000000   0.463750       1081.9718    0.0000195771    0.0004543483   61.2890381610   56.4944445681   -1.5202121390 
   0.0000000000     99.000      400.000000   0.463571       1081.4802    0.0000195870    0.0004545104   61.3156917962   56.5186517713   -1.5191021869 
   0.0000000000    100.000      400.000000   0.463392       1080.9887    0.0000195974    0.0004546983   61.3429871022   56.5432341796   -1.5179909507 
   0.0000000000    101.000      400.000000   0.463213       1080.4972    0.0000196082    0.0004549124   61.3709258534   56.5681925078   -1.5168784001 
   0.0000000000    102.000      400.000000   0.463034       1080.0056    0.0000196195    0.0004551525   61.3995098244   56.5935274697   -1.5157645050 
   0.0000000000    103.000      400.000000   0.462856       1079.5140    0.0000196312    0.0004554188   61.4287407911   56.6192397777   -1.5146492348 
   0.0000000000    104.000      400.000000   0.462677       1079.0224    0.0000196433    0.0004557115   61.4586205298   56.6453301431   -1.5135325592 
   0.0000000000    105.000      400.000000   0.462498       1078.5306    0.0000196559    0.0004560306   61.4891508178   56.6717992755   -1.5124144476 
   0.0000000000    106.000      400.000000   0.462320       1078.0387    0.0000196690    0.0004563762   61.5203334327   56.6986478831   -1.5112948692 
   0.0000000000    107.000      400.000000   0.462141       1077.5466    0.0000196826    0.0004567483   61.5521701525   56.7258766722   -1.5101737935 
   0.0000000000    108.000      400.000000   0.461963       1077.0543    0.0000196966    0.0004571472   61.5846627556   56.7534863473   -1.5090511895 
   0.0000000000    109.000      400.000000   0.461784       1076.5618    0.0000197111    0.0004575729   61.6178130205   56.7814776108   -1.5079270264 
   0.0000000000    110.000      400.000000   0.461605       1076.0691    0.0000197262    0.0004580255   61.6516227257   56.8098511628   -1.5068012731 
   0.0000000000    111.000      400.000000   0.461427       1075.5761    0.0000197417    0.0004585050   61.6860936492   56.8386077011   -1.5056738986 
   0.0000000000    112.000      400.000000   0.461248       1075.0828    0.0000197578    0.0004590117   61.7212275687   56.8677479208   -1.5045448716 
   0.0000000000    113.000      400.000000   0.461070       1074.5891    0.0000197743    0.0004595455   61.7570262610   56.8972725141   -1.5034141610 
   0.0000000000    114.000      400.000000   0.460891       1074.0951    0.0000197914    0.0004601067   61.7934915020   56.9271821702   -1.5022817352 
   0.0000000000    115.000      400.000000   0.460712       1073.6007    0.0000198090    0.0004606952   61.8306250661   56.9574775748   -1.5011475630 
   0.0000000000    116.000      400.000000   0.460533       1073.1059    0.0000198272    0.0004613112   61.8684287261   56.9881594100   -1.5000116126 
   0.0000000000    117.000      400.000000   0.460354       1072.6106    0.0000198459    0.0004619548   61.9069042527   57.0192283542   -1.4988738526 
   0.0000000000    118.000      400.000000   0.460175       1072.1149    0.0000198652    0.0004626261   61.9460534142   57.0506850814   -1.4977342511 
   0.0000000000    119.000      400.000000   0.459996       1071.6187    0.0000198850    0.0004633252   61.9858779760   57.0825302612   -1.4965927764 
   0.0000000000    120.000      400.000000   0.459817       1071.1219    0.0000199054    0.0004640522   62.0263797005   57.1147645583   -1.4954493965 
   0.0000000000    121.000      400.000000   0.459638       1070.6245    0.0000199264    0.0004648072   62.0675603459   57.1473886321   -1.4943040795 
   0.0000000000    122.000      400.000000   0.459458       1070.1266    0.0000199479    0.0004655903   62.1094216665   57.1804031368   -1.4931567932 
   0.0000000000    123.000      400.000000   0.459278       1069.6281    0.0000199701    0.0004664015   62.1519654118   57.2138087203   -1.4920075055 
   0.0000000000    124.000      400.000000   0.459099       1069.1288    0.0000199928    0.0004672411   62.1951933259   57.2476060242   -1.4908561841 
   0.0000000000    125.000      400.000000   0.458919       1068.6290    0.0000200162    0.0004681091   62.2391071468   57.2817956836   -1.4897027966 
   0.0000000000    126.000      400.000000   0.458739       1068.1284    0.0000200402    0.0004690056   62.2837086064   57.3163783261   -1.4885473106 
