  #sigma_s    Temp(C) Press(Mpa) p_meanfield density (kg/m^3)      kappa      alpha Cp(J/molK) Cv(J/molK)  mu(J/mol)
   0.0000000000   -173.000      320.000000   0.485476       1271.3982    0.0000131895    0.0008848831   75.2120857407   67.0830566257   -1.8986301048 
   0.0000000000   -172.000      320.000000   0.484997       1270.2758    0.0000119423    0.0008714173   74.8866471567   66.7956449363   -1.8972782560 
   0.0000000000   -171.000      320.000000   0.484516       1269.1546    0.0000114910    0.0008671112   74.7234591996   66.6405657586   -1.8959284856 
   0.0000000000   -170.000      320.000000   0.484036       1268.0299    0.0000136376    0.0008866518   74.4691163603   66.3496037551   -1.8945789801 
   0.0000000000   -169.000      320.000000   0.483558       1266.9075    0.0000135782    0.0008940230   74.1121418322   65.9195155874   -1.8932306269 
   0.0000000000   -168.000      320.000000   0.483079       1265.7862    0.0000133986    0.0008884949   73.9518193421   65.7962060687   -1.8918817746 
   0.0000000000   -167.000      320.000000   0.482602       1264.6646    0.0000131566    0.0008857857   73.7299878418   65.5814582934   -1.8905334413 
   0.0000000000   -166.000      320.000000   0.482125       1263.5451    0.0000132813    0.0008849455   73.5222958358   65.3883516391   -1.8891859365 
   0.0000000000   -165.000      320.000000   0.481649       1262.4251    0.0000134449    0.0008884228   73.3203996969   65.1639189562   -1.8878389319 
   0.0000000000   -164.000      320.000000   0.481173       1261.3063    0.0000135468    0.0008882806   73.0983751566   64.9484367479   -1.8864928350 
   0.0000000000   -163.000      320.000000   0.480699       1260.1877    0.0000137604    0.0008880533   72.9110735005   64.7758166262   -1.8851472456 
   0.0000000000   -162.000      320.000000   0.480224       1259.0699    0.0000137034    0.0008869486   72.7217241570   64.5912297667   -1.8838024738 
   0.0000000000   -161.000      320.000000   0.479751       1257.9532    0.0000139778    0.0008874165   72.5281127381   64.4097827632   -1.8824582559 
   0.0000000000   -160.000      320.000000   0.479279       1256.8371    0.0000140932    0.0008880563   72.3392311313   64.2209647172   -1.8811148265 
   0.0000000000   -159.000      320.000000   0.478807       1255.7219    0.0000142082    0.0008881439   72.1586277076   64.0454072456   -1.8797721618 
   0.0000000000   -158.000      320.000000   0.478336       1254.6075    0.0000144341    0.0008887844   71.9858101304   63.8797396489   -1.8784302174 
   0.0000000000   -157.000      320.000000   0.477866       1253.4942    0.0000144871    0.0008877173   71.8157622875   63.7211383172   -1.8770891361 
   0.0000000000   -156.000      320.000000   0.477396       1252.3818    0.0000146236    0.0008877681   71.6481022633   63.5600833690   -1.8757488558 
   0.0000000000   -155.000      320.000000   0.476928       1251.2706    0.0000147508    0.0008874095   71.4834747473   63.4051362919   -1.8744094584 
   0.0000000000   -154.000      320.000000   0.476460       1250.1605    0.0000148990    0.0008874352   71.3213168323   63.2504488324   -1.8730709485 
   0.0000000000   -153.000      320.000000   0.475994       1249.0516    0.0000150651    0.0008873889   71.1650541385   63.1033777175   -1.8717333320 
   0.0000000000   -152.000      320.000000   0.475528       1247.9439    0.0000151920    0.0008871463   71.0106280417   62.9573775619   -1.8703966647 
   0.0000000000   -151.000      320.000000   0.475063       1246.8375    0.0000153389    0.0008868333   70.8597441433   62.8167552351   -1.8690609495 
   0.0000000000   -150.000      320.000000   0.474600       1245.7325    0.0000154725    0.0008865165   70.7121930124   62.6786093662   -1.8677262365 
   0.0000000000   -149.000      320.000000   0.474137       1244.6288    0.0000156131    0.0008861672   70.5666787725   62.5431676691   -1.8663925289 
   0.0000000000   -148.000      320.000000   0.473675       1243.5267    0.0000157429    0.0008857040   70.4247062501   62.4115623622   -1.8650598596 
   0.0000000000   -147.000      320.000000   0.473214       1242.4260    0.0000158828    0.0008852498   70.2857584940   62.2834722699   -1.8637282654 
   0.0000000000   -146.000      320.000000   0.472755       1241.3269    0.0000160166    0.0008847401   70.1486049227   62.1572376532   -1.8623977591 
   0.0000000000   -145.000      320.000000   0.472296       1240.2295    0.0000161488    0.0008842177   70.0144952493   62.0340044266   -1.8610683723 
   0.0000000000   -144.000      320.000000   0.471839       1239.1337    0.0000162789    0.0008835847   69.8827249607   61.9139272860   -1.8597401323 
   0.0000000000   -143.000      320.000000   0.471383       1238.0397    0.0000164144    0.0008829653   69.7533434039   61.7963798773   -1.8584130573 
   0.0000000000   -142.000      320.000000   0.470928       1236.9475    0.0000165400    0.0008822443   69.6261251015   61.6812570106   -1.8570871771 
   0.0000000000   -141.000      320.000000   0.470474       1235.8571    0.0000166714    0.0008814813   69.5014907965   61.5693855538   -1.8557625212 
   0.0000000000   -140.000      320.000000   0.470021       1234.7687    0.0000167990    0.0008807017   69.3787041390   61.4592239105   -1.8544391089 
   0.0000000000   -139.000      320.000000   0.469569       1233.6822    0.0000169259    0.0008798416   69.2581247127   61.3519013866   -1.8531169685 
   0.0000000000   -138.000      320.000000   0.469119       1232.5978    0.0000170523    0.0008789618   69.1393397732   61.2464597150   -1.8517961220 
   0.0000000000   -137.000      320.000000   0.468670       1231.5155    0.0000171768    0.0008780069   69.0226468857   61.1436184494   -1.8504765970 
   0.0000000000   -136.000      320.000000   0.468222       1230.4353    0.0000173000    0.0008770075   68.9077536401   61.0428457853   -1.8491584155 
   0.0000000000   -135.000      320.000000   0.467776       1229.3573    0.0000174229    0.0008759695   68.7946031080   60.9440935023   -1.8478416031 
   0.0000000000   -134.000      320.000000   0.467331       1228.2815    0.0000175448    0.0008748754   68.6832684533   60.8475458747   -1.8465261825 
   0.0000000000   -133.000      320.000000   0.466887       1227.2081    0.0000176655    0.0008737418   68.5735594751   60.7528543887   -1.8452121782 
   0.0000000000   -132.000      320.000000   0.466444       1226.1370    0.0000177848    0.0008725529   68.4655272613   60.6602015733   -1.8438996130 
   0.0000000000   -131.000      320.000000   0.466003       1225.0684    0.0000179027    0.0008713178   68.3590110456   60.5693434201   -1.8425885099 
   0.0000000000   -130.000      320.000000   0.465564       1224.0022    0.0000180187    0.0008700321   68.2540468944   60.4803349505   -1.8412788924 
   0.0000000000   -129.000      320.000000   0.465126       1222.9385    0.0000181345    0.0008687032   68.1505607975   60.3931291129   -1.8399707816 
   0.0000000000   -128.000      320.000000   0.464689       1221.8775    0.0000182490    0.0008673278   68.0484905080   60.3076346290   -1.8386642008 
   0.0000000000   -127.000      320.000000   0.464253       1220.8190    0.0000183612    0.0008659024   67.9478184956   60.2238040898   -1.8373591709 
   0.0000000000   -126.000      320.000000   0.463820       1219.7633    0.0000184727    0.0008644328   67.8484790754   60.1416119263   -1.8360557137 
   0.0000000000   -125.000      320.000000   0.463387       1218.7102    0.0000185826    0.0008629173   67.7504569957   60.0610134320   -1.8347538501 
   0.0000000000   -124.000      320.000000   0.462956       1217.6600    0.0000186915    0.0008613583   67.6536954309   59.9819650598   -1.8334536002 
   0.0000000000   -123.000      320.000000   0.462527       1216.6126    0.0000187985    0.0008597524   67.5581611833   59.9044114647   -1.8321549849 
   0.0000000000   -122.000      320.000000   0.462099       1215.5680    0.0000189044    0.0008581029   67.4638317255   59.8283470563   -1.8308580238 
   0.0000000000   -121.000      320.000000   0.461673       1214.5264    0.0000190086    0.0008564097   67.3706609114   59.7536993865   -1.8295627363 
   0.0000000000   -120.000      320.000000   0.461249       1213.4878    0.0000191116    0.0008546747   67.2786135930   59.6804388352   -1.8282691415 
   0.0000000000   -119.000      320.000000   0.460826       1212.4522    0.0000192131    0.0008528968   67.1876621798   59.6085329713   -1.8269772577 
   0.0000000000   -118.000      320.000000   0.460404       1211.4196    0.0000193132    0.0008510778   67.0977783788   59.5379473251   -1.8256871035 
   0.0000000000   -117.000      320.000000   0.459985       1210.3901    0.0000194118    0.0008492170   67.0089402838   59.4686569515   -1.8243986963 
   0.0000000000   -116.000      320.000000   0.459566       1209.3638    0.0000195088    0.0008473155   66.9211138615   59.4006225956   -1.8231120535 
   0.0000000000   -115.000      320.000000   0.459150       1208.3407    0.0000196044    0.0008453750   66.8342664701   59.3338052966   -1.8218271920 
   0.0000000000   -114.000      320.000000   0.458735       1207.3209    0.0000196984    0.0008433946   66.7483860455   59.2681865871   -1.8205441281 
   0.0000000000   -113.000      320.000000   0.458322       1206.3043    0.0000197911    0.0008413763   66.6634430667   59.2037380223   -1.8192628777 
   0.0000000000   -112.000      320.000000   0.457911       1205.2910    0.0000198821    0.0008393207   66.5794129898   59.1404203517   -1.8179834565 
   0.0000000000   -111.000      320.000000   0.457501       1204.2810    0.0000199717    0.0008372281   66.4962731184   59.0782097509   -1.8167058793 
   0.0000000000   -110.000      320.000000   0.457093       1203.2745    0.0000200598    0.0008350995   66.4140079976   59.0170870326   -1.8154301606 
   0.0000000000   -109.000      320.000000   0.456687       1202.2713    0.0000201463    0.0008329358   66.3325937808   58.9570214098   -1.8141563146 
   0.0000000000   -108.000      320.000000   0.456282       1201.2716    0.0000202314    0.0008307374   66.2520100549   58.8979853902   -1.8128843549 
   0.0000000000   -107.000      320.000000   0.455879       1200.2755    0.0000203149    0.0008285053   66.1722410268   58.8399600797   -1.8116142946 
   0.0000000000   -106.000      320.000000   0.455478       1199.2828    0.0000203969    0.0008262405   66.0932667976   58.7829178612   -1.8103461463 
   0.0000000000   -105.000      320.000000   0.455079       1198.2937    0.0000204773    0.0008239434   66.0150725936   58.7268404086   -1.8090799221 
   0.0000000000   -104.000      320.000000   0.454681       1197.3081    0.0000205563    0.0008216151   65.9376396157   58.6717008611   -1.8078156339 
   0.0000000000   -103.000      320.000000   0.454286       1196.3262    0.0000206338    0.0008192564   65.8609538674   58.6174816018   -1.8065532926 
   0.0000000000   -102.000      320.000000   0.453892       1195.3480    0.0000207097    0.0008168681   65.7850013373   58.5641614418   -1.8052929091 
   0.0000000000   -101.000      320.000000   0.453500       1194.3734    0.0000207842    0.0008144512   65.7097664312   58.5117189224   -1.8040344936 
   0.0000000000   -100.000      320.000000   0.453109       1193.4025    0.0000208571    0.0008120061   65.6352364961   58.4601377617   -1.8027780558 
   0.0000000000    -99.000      320.000000   0.452721       1192.4353    0.0000209285    0.0008095340   65.5613976828   58.4093959457   -1.8015236050 
   0.0000000000    -98.000      320.000000   0.452334       1191.4718    0.0000209985    0.0008070356   65.4882380270   58.3594772607   -1.8002711500 
   0.0000000000    -97.000      320.000000   0.451949       1190.5122    0.0000210670    0.0008045118   65.4157456806   58.3103637388   -1.7990206990 
   0.0000000000    -96.000      320.000000   0.451566       1189.5563    0.0000211339    0.0008019633   65.3439092908   58.2620386059   -1.7977722599 
   0.0000000000    -95.000      320.000000   0.451185       1188.6042    0.0000211995    0.0007993912   65.2727176019   58.2144841644   -1.7965258400 
   0.0000000000    -94.000      320.000000   0.450806       1187.6560    0.0000212635    0.0007967962   65.2021610668   58.1676863168   -1.7952814462 
   0.0000000000    -93.000      320.000000   0.450428       1186.7116    0.0000213261    0.0007941791   65.1322292286   58.1216283817   -1.7940390849 
   0.0000000000    -92.000      320.000000   0.450052       1185.7711    0.0000213873    0.0007915407   65.0629128034   58.0762955569   -1.7927987619 
   0.0000000000    -91.000      320.000000   0.449678       1184.8344    0.0000214470    0.0007888820   64.9942028395   58.0316734621   -1.7915604828 
   0.0000000000    -90.000      320.000000   0.449307       1183.9017    0.0000215053    0.0007862036   64.9260904818   57.9877479034   -1.7903242524 
   0.0000000000    -89.000      320.000000   0.448936       1182.9728    0.0000215622    0.0007835066   64.8585680598   57.9445054838   -1.7890900754 
   0.0000000000    -88.000      320.000000   0.448568       1182.0479    0.0000216177    0.0007807916   64.7916269159   57.9019319619   -1.7878579557 
   0.0000000000    -87.000      320.000000   0.448202       1181.1270    0.0000216718    0.0007780594   64.7252604456   57.8600156818   -1.7866278969 
   0.0000000000    -86.000      320.000000   0.447837       1180.2100    0.0000217246    0.0007753110   64.6594608755   57.8187433892   -1.7853999021 
   0.0000000000    -85.000      320.000000   0.447474       1179.2969    0.0000217759    0.0007725471   64.5942218468   57.7781034364   -1.7841739741 
   0.0000000000    -84.000      320.000000   0.447114       1178.3879    0.0000218259    0.0007697685   64.5295368971   57.7380842789   -1.7829501150 
   0.0000000000    -83.000      320.000000   0.446755       1177.4828    0.0000218746    0.0007669759   64.4653998824   57.6986744911   -1.7817283266 
   0.0000000000    -82.000      320.000000   0.446397       1176.5817    0.0000219219    0.0007641702   64.4018048349   57.6598628245   -1.7805086103 
   0.0000000000    -81.000      320.000000   0.446042       1175.6846    0.0000219680    0.0007613521   64.3387464788   57.6216391114   -1.7792909669 
   0.0000000000    -80.000      320.000000   0.445689       1174.7915    0.0000220127    0.0007585225   64.2762193353   57.5839927144   -1.7780753970 
   0.0000000000    -79.000      320.000000   0.445337       1173.9024    0.0000220561    0.0007556819   64.2142186985   57.5469141148   -1.7768619004 
   0.0000000000    -78.000      320.000000   0.444987       1173.0173    0.0000220983    0.0007528313   64.1527397051   57.5103934517   -1.7756504768 
   0.0000000000    -77.000      320.000000   0.444639       1172.1362    0.0000221392    0.0007499713   64.0917779125   57.4744214540   -1.7744411254 
   0.0000000000    -76.000      320.000000   0.444293       1171.2591    0.0000221789    0.0007471028   64.0313290766   57.4389890142   -1.7732338449 
   0.0000000000    -75.000      320.000000   0.443949       1170.3861    0.0000222173    0.0007442263   63.9713892444   57.4040874682   -1.7720286337 
   0.0000000000    -74.000      320.000000   0.443607       1169.5171    0.0000222546    0.0007413426   63.9119547879   57.3697086442   -1.7708254896 
   0.0000000000    -73.000      320.000000   0.443266       1168.6521    0.0000222906    0.0007384525   63.8530219907   57.3358440674   -1.7696244102 
   0.0000000000    -72.000      320.000000   0.442928       1167.7911    0.0000223254    0.0007355565   63.7945876499   57.3024860523   -1.7684253926 
   0.0000000000    -71.000      320.000000   0.442591       1166.9341    0.0000223591    0.0007326555   63.7366486017   57.2696269372   -1.7672284334 
   0.0000000000    -70.000      320.000000   0.442256       1166.0812    0.0000223917    0.0007297500   63.6792018768   57.2372593256   -1.7660335290 
   0.0000000000    -69.000      320.000000   0.441923       1165.2322    0.0000224231    0.0007268408   63.6222447902   57.2053761976   -1.7648406753 
   0.0000000000    -68.000      320.000000   0.441591       1164.3873    0.0000224534    0.0007239285   63.5657747845   57.1739706817   -1.7636498678 
   0.0000000000    -67.000      320.000000   0.441262       1163.5464    0.0000224825    0.0007210137   63.5097893802   57.1430360335   -1.7624611016 
   0.0000000000    -66.000      320.000000   0.440934       1162.7094    0.0000225106    0.0007180971   63.4542864755   57.1125660491   -1.7612743715 
   0.0000000000    -65.000      320.000000   0.440608       1161.8765    0.0000225377    0.0007151793   63.3992639690   57.0825544562   -1.7600896719 
   0.0000000000    -64.000      320.000000   0.440284       1161.0476    0.0000225636    0.0007122609   63.3447199040   57.0529952681   -1.7589069967 
   0.0000000000    -63.000      320.000000   0.439961       1160.2226    0.0000225886    0.0007093425   63.2906526157   57.0238828796   -1.7577263397 
   0.0000000000    -62.000      320.000000   0.439640       1159.4016    0.0000226125    0.0007064247   63.2370604494   56.9952116704   -1.7565476941 
   0.0000000000    -61.000      320.000000   0.439322       1158.5845    0.0000226354    0.0007035082   63.1839419589   56.9669763184   -1.7553710527 
   0.0000000000    -60.000      320.000000   0.439005       1157.7714    0.0000226573    0.0007005934   63.1312958232   56.9391717571   -1.7541964082 
   0.0000000000    -59.000      320.000000   0.438689       1156.9623    0.0000226783    0.0006976809   63.0791208575   56.9117930327   -1.7530237528 
   0.0000000000    -58.000      320.000000   0.438376       1156.1570    0.0000226983    0.0006947714   63.0274159631   56.8848353647   -1.7518530783 
   0.0000000000    -57.000      320.000000   0.438064       1155.3557    0.0000227173    0.0006918653   62.9761802433   56.8582942893   -1.7506843762 
   0.0000000000    -56.000      320.000000   0.437754       1154.5583    0.0000227354    0.0006889631   62.9254128092   56.8321652846   -1.7495176377 
   0.0000000000    -55.000      320.000000   0.437445       1153.7648    0.0000227526    0.0006860655   62.8751130173   56.8064442640   -1.7483528536 
   0.0000000000    -54.000      320.000000   0.437139       1152.9752    0.0000227690    0.0006831728   62.8252802342   56.7811271500   -1.7471900145 
   0.0000000000    -53.000      320.000000   0.436834       1152.1895    0.0000227844    0.0006802857   62.7759139593   56.7562100353   -1.7460291106 
   0.0000000000    -52.000      320.000000   0.436530       1151.4076    0.0000227990    0.0006774046   62.7270138201   56.7316892527   -1.7448701316 
   0.0000000000    -51.000      320.000000   0.436229       1150.6295    0.0000228128    0.0006745300   62.6785795175   56.7075612177   -1.7437130671 
   0.0000000000    -50.000      320.000000   0.435929       1149.8553    0.0000228257    0.0006716624   62.6306108624   56.6838225340   -1.7425579063 
   0.0000000000    -49.000      320.000000   0.435631       1149.0849    0.0000228378    0.0006688022   62.5831077516   56.6604699470   -1.7414046381 
   0.0000000000    -48.000      320.000000   0.435334       1148.3183    0.0000228491    0.0006659499   62.5360701787   56.6375003504   -1.7402532512 
   0.0000000000    -47.000      320.000000   0.435039       1147.5555    0.0000228596    0.0006631059   62.4894982141   56.6149107465   -1.7391037338 
   0.0000000000    -46.000      320.000000   0.434746       1146.7964    0.0000228694    0.0006602708   62.4433920174   56.5926983355   -1.7379560739 
   0.0000000000    -45.000      320.000000   0.434455       1146.0411    0.0000228784    0.0006574448   62.3977518438   56.5708603966   -1.7368102592 
   0.0000000000    -44.000      320.000000   0.434165       1145.2895    0.0000228867    0.0006546285   62.3525779956   56.5493943627   -1.7356662770 
   0.0000000000    -43.000      320.000000   0.433876       1144.5416    0.0000228942    0.0006518223   62.3078708792   56.5282977844   -1.7345241145 
   0.0000000000    -42.000      320.000000   0.433590       1143.7974    0.0000229011    0.0006490265   62.2636309685   56.5075683594   -1.7333837585 
   0.0000000000    -41.000      320.000000   0.433304       1143.0569    0.0000229073    0.0006462416   62.2198587910   56.4872038598   -1.7322451956 
   0.0000000000    -40.000      320.000000   0.433021       1142.3200    0.0000229128    0.0006434679   62.1765549568   56.4672022119   -1.7311084119 
   0.0000000000    -39.000      320.000000   0.432739       1141.5868    0.0000229176    0.0006407059   62.1337201450   56.4475614445   -1.7299733935 
   0.0000000000    -38.000      320.000000   0.432459       1140.8572    0.0000229218    0.0006379558   62.0913550974   56.4282797050   -1.7288401261 
   0.0000000000    -37.000      320.000000   0.432180       1140.1311    0.0000229254    0.0006352182   62.0494606037   56.4093552251   -1.7277085950 
   0.0000000000    -36.000      320.000000   0.431902       1139.4087    0.0000229283    0.0006324932   62.0080375163   56.3907863463   -1.7265787854 
   0.0000000000    -35.000      320.000000   0.431627       1138.6898    0.0000229307    0.0006297813   61.9670867683   56.3725715383   -1.7254506824 
   0.0000000000    -34.000      320.000000   0.431353       1137.9744    0.0000229324    0.0006270828   61.9266093118   56.3547093360   -1.7243242703 
   0.0000000000    -33.000      320.000000   0.431080       1137.2626    0.0000229336    0.0006243981   61.8866061828   56.3371983979   -1.7231995338 
   0.0000000000    -32.000      320.000000   0.430809       1136.5542    0.0000229343    0.0006217275   61.8470784479   56.3200374518   -1.7220764568 
   0.0000000000    -31.000      320.000000   0.430539       1135.8493    0.0000229344    0.0006190712   61.8080272292   56.3032253236   -1.7209550232 
   0.0000000000    -30.000      320.000000   0.430271       1135.1479    0.0000229339    0.0006164297   61.7694537056   56.2867609341   -1.7198352168 
   0.0000000000    -29.000      320.000000   0.430004       1134.4498    0.0000229330    0.0006138032   61.7313590857   56.2706432820   -1.7187170207 
   0.0000000000    -28.000      320.000000   0.429739       1133.7552    0.0000229315    0.0006111920   61.6937446349   56.2548714487   -1.7176004183 
   0.0000000000    -27.000      320.000000   0.429475       1133.0640    0.0000229296    0.0006085964   61.6566116565   56.2394446044   -1.7164853923 
   0.0000000000    -26.000      320.000000   0.429213       1132.3761    0.0000229272    0.0006060167   61.6199614911   56.2243619831   -1.7153719254 
   0.0000000000    -25.000      320.000000   0.428952       1131.6915    0.0000229243    0.0006034532   61.5837955260   56.2096229061   -1.7142600000 
   0.0000000000    -24.000      320.000000   0.428692       1131.0102    0.0000229210    0.0006009061   61.5481151770   56.1952267567   -1.7131495984 
   0.0000000000    -23.000      320.000000   0.428434       1130.3322    0.0000229172    0.0005983758   61.5129219020   56.1811729982   -1.7120407025 
   0.0000000000    -22.000      320.000000   0.428177       1129.6575    0.0000229131    0.0005958624   61.4782171949   56.1674611612   -1.7109332939 
   0.0000000000    -21.000      320.000000   0.427922       1128.9860    0.0000229085    0.0005933663   61.4440025789   56.1540908413   -1.7098273543 
   0.0000000000    -20.000      320.000000   0.427668       1128.3177    0.0000229035    0.0005908877   61.4102796084   56.1410616959   -1.7087228648 
   0.0000000000    -19.000      320.000000   0.427415       1127.6525    0.0000228981    0.0005884268   61.3770498726   56.1283734492   -1.7076198067 
   0.0000000000    -18.000      320.000000   0.427164       1126.9906    0.0000228924    0.0005859840   61.3443149874   56.1160258815   -1.7065181606 
   0.0000000000    -17.000      320.000000   0.426914       1126.3317    0.0000228863    0.0005835593   61.3120765946   56.1040188337   -1.7054179073 
   0.0000000000    -16.000      320.000000   0.426664       1125.6756    0.0000228799    0.0005811530   61.2803243836   56.0923536968   -1.7043200760 
   0.0000000000    -15.000      320.000000   0.426417       1125.0230    0.0000228732    0.0005787655   61.2490842400   56.0810274631   -1.7032225359 
   0.0000000000    -14.000      320.000000   0.426171       1124.3734    0.0000228661    0.0005763969   61.2183456752   56.0700416037   -1.7021263295 
   0.0000000000    -13.000      320.000000   0.425926       1123.7268    0.0000228587    0.0005740473   61.1881104335   56.0593961740   -1.7010314365 
   0.0000000000    -12.000      320.000000   0.425683       1123.0832    0.0000228510    0.0005717172   61.1583802823   56.0490912788   -1.6999378366 
   0.0000000000    -11.000      320.000000   0.425441       1122.4426    0.0000228430    0.0005694065   61.1291570093   56.0391270689   -1.6988455092 
   0.0000000000    -10.000      320.000000   0.425200       1121.8050    0.0000228347    0.0005671156   61.1004424199   56.0295037415   -1.6977544334 
   0.0000000000     -9.000      320.000000   0.424960       1121.1703    0.0000228262    0.0005648447   61.0722383442   56.0202215411   -1.6966645883 
   0.0000000000     -8.000      320.000000   0.424721       1120.5384    0.0000228174    0.0005625938   61.0445466234   56.0112807490   -1.6955759526 
   0.0000000000     -7.000      320.000000   0.424484       1119.9094    0.0000228084    0.0005603633   61.0173691211   56.0026816896   -1.6944885050 
   0.0000000000     -6.000      320.000000   0.424248       1119.2833    0.0000227992    0.0005581534   60.9907077153   55.9944247303   -1.6934022239 
   0.0000000000     -5.000      320.000000   0.424013       1118.6600    0.0000227897    0.0005559641   60.9645643000   55.9865102727   -1.6923170875 
   0.0000000000     -4.000      320.000000   0.423780       1118.0394    0.0000227800    0.0005537956   60.9389407817   55.9789387554   -1.6912330739 
   0.0000000000     -3.000      320.000000   0.423547       1117.4217    0.0000227702    0.0005516483   60.9138390828   55.9717106528   -1.6901501611 
   0.0000000000     -2.000      320.000000   0.423316       1116.8066    0.0000227601    0.0005495221   60.8892611383   55.9648264745   -1.6890683265 
   0.0000000000     -1.000      320.000000   0.423086       1116.1942    0.0000227499    0.0005474174   60.8652088939   55.9582867581   -1.6879875479 
   0.0000000000      0.000      320.000000   0.422856       1115.5845    0.0000227395    0.0005453342   60.8416843069   55.9520920779   -1.6869078025 
   0.0000000000      1.000      320.000000   0.422629       1114.9775    0.0000227290    0.0005432727   60.8186893468   55.9462430336   -1.6858290675 
   0.0000000000      2.000      320.000000   0.422402       1114.3731    0.0000227183    0.0005412331   60.7962259911   55.9407402556   -1.6847513199 
   0.0000000000      3.000      320.000000   0.422176       1113.7712    0.0000227075    0.0005392155   60.7742962276   55.9355844020   -1.6836745366 
   0.0000000000      4.000      320.000000   0.421951       1113.1719    0.0000226966    0.0005372201   60.7529020525   55.9307761566   -1.6825986941 
   0.0000000000      5.000      320.000000   0.421728       1112.5752    0.0000226856    0.0005352471   60.7320454703   55.9263162289   -1.6815237689 
   0.0000000000      6.000      320.000000   0.421505       1111.9809    0.0000226745    0.0005332965   60.7117284909   55.9222053515   -1.6804497375 
   0.0000000000      7.000      320.000000   0.421283       1111.3892    0.0000226632    0.0005313686   60.6919531335   55.9184442800   -1.6793765759 
   0.0000000000      8.000      320.000000   0.421063       1110.7998    0.0000226519    0.0005294635   60.6727214225   55.9150337940   -1.6783042602 
   0.0000000000      9.000      320.000000   0.420844       1110.2129    0.0000226406    0.0005275812   60.6540353879   55.9119746920   -1.6772327662 
   0.0000000000     10.000      320.000000   0.420625       1109.6284    0.0000226291    0.0005257220   60.6358970648   55.9092677939   -1.6761620696 
   0.0000000000     11.000      320.000000   0.420408       1109.0462    0.0000226176    0.0005238860   60.6183084931   55.9069139369   -1.6750921459 
   0.0000000000     12.000      320.000000   0.420191       1108.4663    0.0000226061    0.0005220733   60.6012717179   55.9049139789   -1.6740229705 
   0.0000000000     13.000      320.000000   0.419976       1107.8888    0.0000225946    0.0005202841   60.5847887873   55.9032687945   -1.6729545186 
   0.0000000000     14.000      320.000000   0.419761       1107.3135    0.0000225830    0.0005185184   60.5688617521   55.9019792723   -1.6718867654 
   0.0000000000     15.000      320.000000   0.419547       1106.7404    0.0000225714    0.0005167764   60.5534926675   55.9010463201   -1.6708196856 
   0.0000000000     16.000      320.000000   0.419335       1106.1696    0.0000225598    0.0005150583   60.5386835914   55.9004708594   -1.6697532542 
   0.0000000000     17.000      320.000000   0.419123       1105.6010    0.0000225482    0.0005133641   60.5244365825   55.9002538242   -1.6686874456 
   0.0000000000     18.000      320.000000   0.418912       1105.0345    0.0000225367    0.0005116939   60.5107537032   55.9003961648   -1.6676222345 
   0.0000000000     19.000      320.000000   0.418702       1104.4701    0.0000225251    0.0005100480   60.4976370170   55.9008988424   -1.6665575952 
   0.0000000000     20.000      320.000000   0.418493       1103.9078    0.0000225136    0.0005084263   60.4850885891   55.9017628312   -1.6654935017 
   0.0000000000     21.000      320.000000   0.418285       1103.3476    0.0000225022    0.0005068291   60.4731104852   55.9029891162   -1.6644299283 
   0.0000000000     22.000      320.000000   0.418078       1102.7894    0.0000224908    0.0005052564   60.4617047727   55.9045786931   -1.6633668489 
   0.0000000000     23.000      320.000000   0.417871       1102.2332    0.0000224795    0.0005037083   60.4508735194   55.9065325689   -1.6623042371 
   0.0000000000     24.000      320.000000   0.417666       1101.6790    0.0000224682    0.0005021850   60.4406187934   55.9088517591   -1.6612420667 
   0.0000000000     25.000      320.000000   0.417461       1101.1267    0.0000224570    0.0005006866   60.4309426637   55.9115372892   -1.6601803112 
   0.0000000000     26.000      320.000000   0.417257       1100.5763    0.0000224459    0.0004992131   60.4218471995   55.9145901930   -1.6591189440 
   0.0000000000     27.000      320.000000   0.417053       1100.0278    0.0000224349    0.0004977647   60.4133344691   55.9180115123   -1.6580579382 
   0.0000000000     28.000      320.000000   0.416851       1099.4812    0.0000224240    0.0004963415   60.4054065421   55.9218022968   -1.6569972671 
   0.0000000000     29.000      320.000000   0.416649       1098.9364    0.0000224133    0.0004949436   60.3980654869   55.9259636035   -1.6559369036 
   0.0000000000     30.000      320.000000   0.416449       1098.3934    0.0000224026    0.0004935711   60.3913133720   55.9304964957   -1.6548768205 
   0.0000000000     31.000      320.000000   0.416248       1097.8521    0.0000223921    0.0004922240   60.3851522656   55.9354020438   -1.6538169907 
   0.0000000000     32.000      320.000000   0.416049       1097.3126    0.0000223818    0.0004909026   60.3795842354   55.9406813234   -1.6527573866 
   0.0000000000     33.000      320.000000   0.415850       1096.7748    0.0000223715    0.0004896069   60.3746113487   55.9463354167   -1.6516979808 
   0.0000000000     34.000      320.000000   0.415652       1096.2386    0.0000223615    0.0004883369   60.3702356721   55.9523654101   -1.6506387456 
   0.0000000000     35.000      320.000000   0.415455       1095.7041    0.0000223516    0.0004870928   60.3664592723   55.9587723963   -1.6495796533 
   0.0000000000     36.000      320.000000   0.415259       1095.1712    0.0000223419    0.0004858748   60.3632842150   55.9655574716   -1.6485206760 
   0.0000000000     37.000      320.000000   0.415063       1094.6399    0.0000223324    0.0004846828   60.3607125655   55.9727217368   -1.6474617856 
   0.0000000000     38.000      320.000000   0.414867       1094.1101    0.0000223231    0.0004835170   60.3587463888   55.9802662976   -1.6464029540 
   0.0000000000     39.000      320.000000   0.414673       1093.5818    0.0000223139    0.0004823775   60.3573877494   55.9881922629   -1.6453441530 
   0.0000000000     40.000      320.000000   0.414479       1093.0550    0.0000223050    0.0004812643   60.3566387119   55.9965007455   -1.6442853541 
   0.0000000000     41.000      320.000000   0.414286       1092.5297    0.0000222963    0.0004801776   60.3565013401   56.0051928620   -1.6432265290 
   0.0000000000     42.000      320.000000   0.414093       1092.0058    0.0000222879    0.0004791175   60.3569776977   56.0142697314   -1.6421676490 
   0.0000000000     43.000      320.000000   0.413901       1091.4833    0.0000222797    0.0004780840   60.3580698488   56.0237324767   -1.6411086853 
   0.0000000000     44.000      320.000000   0.413709       1090.9622    0.0000222717    0.0004770773   60.3597798570   56.0335822232   -1.6400496092 
   0.0000000000     45.000      320.000000   0.413518       1090.4423    0.0000222640    0.0004760975   60.3621097863   56.0438200993   -1.6389903916 
   0.0000000000     46.000      320.000000   0.413328       1089.9238    0.0000222565    0.0004751445   60.3650617010   56.0544472358   -1.6379310036 
   0.0000000000     47.000      320.000000   0.413138       1089.4066    0.0000222493    0.0004742186   60.3686376655   56.0654647662   -1.6368714159 
   0.0000000000     48.000      320.000000   0.412949       1088.8906    0.0000222424    0.0004733198   60.3728397453   56.0768738263   -1.6358115992 
   0.0000000000     49.000      320.000000   0.412760       1088.3758    0.0000222358    0.0004724482   60.3776700059   56.0886755539   -1.6347515241 
   0.0000000000     50.000      320.000000   0.412572       1087.8622    0.0000222295    0.0004716040   60.3831305141   56.1008710896   -1.6336911611 
   0.0000000000     51.000      320.000000   0.412384       1087.3497    0.0000222234    0.0004707871   60.3892233378   56.1134615755   -1.6326304807 
   0.0000000000     52.000      320.000000   0.412197       1086.8384    0.0000222177    0.0004699977   60.3959505457   56.1264481563   -1.6315694529 
   0.0000000000     53.000      320.000000   0.412011       1086.3281    0.0000222123    0.0004692359   60.4033142082   56.1398319783   -1.6305080480 
   0.0000000000     54.000      320.000000   0.411824       1085.8189    0.0000222073    0.0004685017   60.4113163970   56.1536141899   -1.6294462361 
   0.0000000000     55.000      320.000000   0.411639       1085.3107    0.0000222026    0.0004677953   60.4199591857   56.1677959415   -1.6283839870 
   0.0000000000     56.000      320.000000   0.411453       1084.8035    0.0000221982    0.0004671168   60.4292446496   56.1823783850   -1.6273212706 
   0.0000000000     57.000      320.000000   0.411268       1084.2972    0.0000221941    0.0004664662   60.4391748665   56.1973626748   -1.6262580565 
   0.0000000000     58.000      320.000000   0.411084       1083.7919    0.0000221905    0.0004658436   60.4497519162   56.2127499663   -1.6251943145 
   0.0000000000     59.000      320.000000   0.410900       1083.2874    0.0000221872    0.0004652492   60.4609778808   56.2285414176   -1.6241300139 
   0.0000000000     60.000      320.000000   0.410716       1082.7839    0.0000221843    0.0004646830   60.4728548457   56.2447381880   -1.6230651241 
   0.0000000000     61.000      320.000000   0.410533       1082.2811    0.0000221818    0.0004641451   60.4853848987   56.2613414389   -1.6219996145 
   0.0000000000     62.000      320.000000   0.410350       1081.7792    0.0000221796    0.0004636356   60.4985701310   56.2783523336   -1.6209334542 
   0.0000000000     63.000      320.000000   0.410168       1081.2780    0.0000221779    0.0004631546   60.5124126367   56.2957720366   -1.6198666123 
   0.0000000000     64.000      320.000000   0.409985       1080.7776    0.0000221766    0.0004627022   60.5269145139   56.3136017152   -1.6187990576 
   0.0000000000     65.000      320.000000   0.409804       1080.2778    0.0000221757    0.0004622785   60.5420778641   56.3318425379   -1.6177307592 
   0.0000000000     66.000      320.000000   0.409622       1079.7788    0.0000221752    0.0004618835   60.5579047926   56.3504956752   -1.6166616856 
   0.0000000000     67.000      320.000000   0.409441       1079.2804    0.0000221752    0.0004615175   60.5743974089   56.3695622995   -1.6155918055 
   0.0000000000     68.000      320.000000   0.409260       1078.7826    0.0000221756    0.0004611804   60.5915578269   56.3890435854   -1.6145210875 
   0.0000000000     69.000      320.000000   0.409079       1078.2853    0.0000221765    0.0004608724   60.6093881645   56.4089407089   -1.6134495000 
   0.0000000000     70.000      320.000000   0.408899       1077.7887    0.0000221778    0.0004605935   60.6278905446   56.4292548482   -1.6123770112 
   0.0000000000     71.000      320.000000   0.408719       1077.2925    0.0000221796    0.0004603439   60.6470670948   56.4499871837   -1.6113035894 
   0.0000000000     72.000      320.000000   0.408539       1076.7968    0.0000221819    0.0004601237   60.6669199473   56.4711388973   -1.6102292027 
   0.0000000000     73.000      320.000000   0.408360       1076.3016    0.0000221847    0.0004599329   60.6874512398   56.4927111732   -1.6091538190 
   0.0000000000     74.000      320.000000   0.408180       1075.8067    0.0000221880    0.0004597717   60.7086631150   56.5147051974   -1.6080774062 
   0.0000000000     75.000      320.000000   0.408001       1075.3123    0.0000221917    0.0004596401   60.7305577209   56.5371221582   -1.6069999321 
   0.0000000000     76.000      320.000000   0.407823       1074.8182    0.0000221960    0.0004595383   60.7531372112   56.5599632456   -1.6059213643 
   0.0000000000     77.000      320.000000   0.407644       1074.3245    0.0000222008    0.0004594663   60.7764037448   56.5832296516   -1.6048416704 
   0.0000000000     78.000      320.000000   0.407465       1073.8310    0.0000222062    0.0004594243   60.8003594865   56.6069225703   -1.6037608178 
   0.0000000000     79.000      320.000000   0.407287       1073.3378    0.0000222120    0.0004594123   60.8250066071   56.6310431976   -1.6026787738 
   0.0000000000     80.000      320.000000   0.407109       1072.8448    0.0000222185    0.0004594305   60.8503472827   56.6555927317   -1.6015955057 
   0.0000000000     81.000      320.000000   0.406931       1072.3520    0.0000222254    0.0004594790   60.8763836958   56.6805723724   -1.6005109806 
   0.0000000000     82.000      320.000000   0.406753       1071.8593    0.0000222330    0.0004595578   60.9031180346   56.7059833215   -1.5994251654 
   0.0000000000     83.000      320.000000   0.406575       1071.3668    0.0000222411    0.0004596671   60.9305524931   56.7318267823   -1.5983380270 
   0.0000000000     84.000      320.000000   0.406398       1070.8744    0.0000222498    0.0004598070   60.9586892717   56.7581039604   -1.5972495323 
   0.0000000000     85.000      320.000000   0.406220       1070.3820    0.0000222591    0.0004599776   60.9875305763   56.7848160628   -1.5961596478 
   0.0000000000     86.000      320.000000   0.406043       1069.8896    0.0000222690    0.0004601790   61.0170786190   56.8119642980   -1.5950683401 
   0.0000000000     87.000      320.000000   0.405866       1069.3973    0.0000222795    0.0004604113   61.0473356179   56.8395498764   -1.5939755757 
   0.0000000000     88.000      320.000000   0.405688       1068.9049    0.0000222906    0.0004606745   61.0783037966   56.8675740095   -1.5928813208 
   0.0000000000     89.000      320.000000   0.405511       1068.4124    0.0000223024    0.0004609689   61.1099853846   56.8960379104   -1.5917855417 
   0.0000000000     90.000      320.000000   0.405334       1067.9199    0.0000223148    0.0004612946   61.1423826172   56.9249427930   -1.5906882045 
   0.0000000000     91.000      320.000000   0.405157       1067.4272    0.0000223278    0.0004616516   61.1754977350   56.9542898727   -1.5895892751 
   0.0000000000     92.000      320.000000   0.404980       1066.9343    0.0000223415    0.0004620400   61.2093329839   56.9840803654   -1.5884887194 
   0.0000000000     93.000      320.000000   0.404803       1066.4412    0.0000223558    0.0004624600   61.2438906152   57.0143154880   -1.5873865031 
   0.0000000000     94.000      320.000000   0.404625       1065.9479    0.0000223708    0.0004629117   61.2791728849   57.0449964580   -1.5862825919 
   0.0000000000     95.000      320.000000   0.404448       1065.4544    0.0000223865    0.0004633953   61.3151820540   57.0761244928   -1.5851769512 
   0.0000000000     96.000      320.000000   0.404271       1064.9605    0.0000224029    0.0004639107   61.3519203877   57.1077008104   -1.5840695465 
   0.0000000000     97.000      320.000000   0.404094       1064.4663    0.0000224200    0.0004644582   61.3893901557   57.1397266284   -1.5829603430 
   0.0000000000     98.000      320.000000   0.403917       1063.9717    0.0000224378    0.0004650378   61.4275936313   57.1722031643   -1.5818493059 
   0.0000000000     99.000      320.000000   0.403739       1063.4767    0.0000224563    0.0004656497   61.4665330915   57.2051316345   -1.5807364002 
   0.0000000000    100.000      320.000000   0.403562       1062.9812    0.0000224756    0.0004662940   61.5062108165   57.2385132549   -1.5796215908 
   0.0000000000    101.000      320.000000   0.403385       1062.4853    0.0000224956    0.0004669708   61.5466290891   57.2723492399   -1.5785048425 
   0.0000000000    102.000      320.000000   0.403207       1061.9889    0.0000225163    0.0004676803   61.5877901946   57.3066408024   -1.5773861200 
   0.0000000000    103.000      320.000000   0.403029       1061.4920    0.0000225378    0.0004684225   61.6296964201   57.3413891532   -1.5762653878 
   0.0000000000    104.000      320.000000   0.402852       1060.9945    0.0000225601    0.0004691976   61.6723500538   57.3765955011   -1.5751426103 
   0.0000000000    105.000      320.000000   0.402674       1060.4963    0.0000225831    0.0004700057   61.7157533852   57.4122610518   -1.5740177519 
   0.0000000000    106.000      320.000000   0.402496       1059.9976    0.0000226069    0.0004708470   61.7599087036   57.4483870082   -1.5728907766 
   0.0000000000    107.000      320.000000   0.402317       1059.4981    0.0000226315    0.0004717215   61.8048182982   57.4849745692   -1.5717616487 
   0.0000000000    108.000      320.000000   0.402139       1058.9980    0.0000226570    0.0004726294   61.8504844571   57.5220249300   -1.5706303319 
   0.0000000000    109.000      320.000000   0.401960       1058.4971    0.0000226832    0.0004735708   61.8969094666   57.5595392810   -1.5694967901 
   0.0000000000    110.000      320.000000   0.401782       1057.9954    0.0000227103    0.0004745459   61.9440956108   57.5975188075   -1.5683609870 
   0.0000000000    111.000      320.000000   0.401603       1057.4930    0.0000227382    0.0004755548   61.9920451703   57.6359646895   -1.5672228860 
   0.0000000000    112.000      320.000000   0.401423       1056.9896    0.0000227669    0.0004765976   62.0407604220   57.6748781002   -1.5660824507 
   0.0000000000    113.000      320.000000   0.401244       1056.4854    0.0000227965    0.0004776744   62.0902436378   57.7142602064   -1.5649396444 
   0.0000000000    114.000      320.000000   0.401064       1055.9803    0.0000228270    0.0004787854   62.1404970837   57.7541121673   -1.5637944301 
   0.0000000000    115.000      320.000000   0.400884       1055.4742    0.0000228583    0.0004799307   62.1915230194   57.7944351341   -1.5626467709 
   0.0000000000    116.000      320.000000   0.400704       1054.9672    0.0000228906    0.0004811104   62.2433236967   57.8352302490   -1.5614966298 
   0.0000000000    117.000      320.000000   0.400524       1054.4591    0.0000229237    0.0004823248   62.2959013587   57.8764986447   -1.5603439694 
   0.0000000000    118.000      320.000000   0.400343       1053.9500    0.0000229577    0.0004835738   62.3492582389   57.9182414438   -1.5591887526 
   0.0000000000    119.000      320.000000   0.400162       1053.4398    0.0000229927    0.0004848577   62.4033965597   57.9604597576   -1.5580309417 
   0.0000000000    120.000      320.000000   0.399981       1052.9284    0.0000230286    0.0004861766   62.4583185319   58.0031546857   -1.5568704992 
   0.0000000000    121.000      320.000000   0.399799       1052.4160    0.0000230654    0.0004875306   62.5140263526   58.0463273150   -1.5557073873 
   0.0000000000    122.000      320.000000   0.399617       1051.9023    0.0000231032    0.0004889198   62.5705222047   58.0899787186   -1.5545415683 
   0.0000000000    123.000      320.000000   0.399435       1051.3873    0.0000231419    0.0004903445   62.6278082551   58.1341099552   -1.5533730040 
   0.0000000000    124.000      320.000000   0.399252       1050.8712    0.0000231816    0.0004918046   62.6858866536   58.1787220682   -1.5522016563 
   0.0000000000    125.000      320.000000   0.399069       1050.3537    0.0000232223    0.0004933005   62.7447595314   58.2238160844   -1.5510274870 
   0.0000000000    126.000      320.000000   0.398885       1049.8349    0.0000232640    0.0004948322   62.8044289998   58.2693930130   -1.5498504578 
