  #sigma_s    Temp(C) Press(Mpa) p_meanfield density (kg/m^3)      kappa      alpha Cp(J/molK) Cv(J/molK)  mu(J/mol)
   0.0000000000   -173.000       50.000000   0.180815        935.9279    0.0000240188    0.0006504884   58.1297203140   55.2682017083   -2.1664044484 
   0.0000000000   -172.000       50.000000   0.180625        935.3244    0.0000238772    0.0006395809   58.0460171172   55.2301091504   -2.1655086328 
   0.0000000000   -171.000       50.000000   0.180438        934.7314    0.0000237355    0.0006289011   57.9649091216   55.1936858444   -2.1646159268 
   0.0000000000   -170.000       50.000000   0.180254        934.1487    0.0000235937    0.0006184444   57.8862890118   55.1588443270   -2.1637262603 
   0.0000000000   -169.000       50.000000   0.180074        933.5759    0.0000234519    0.0006082061   57.8100558849   55.1255035394   -2.1628395647 
   0.0000000000   -168.000       50.000000   0.179897        933.0130    0.0000233103    0.0005981816   57.7361148918   55.0935884626   -2.1619557728 
   0.0000000000   -167.000       50.000000   0.179724        932.4596    0.0000231689    0.0005883661   57.6643769228   55.0630298037   -2.1610748189 
   0.0000000000   -166.000       50.000000   0.179553        931.9157    0.0000230278    0.0005787550   57.5947583242   55.0337637174   -2.1601966385 
   0.0000000000   -165.000       50.000000   0.179385        931.3809    0.0000228871    0.0005693435   57.5271806651   55.0057315852   -2.1593211685 
   0.0000000000   -164.000       50.000000   0.179220        930.8550    0.0000227469    0.0005601268   57.4615705241   54.9788798167   -2.1584483469 
   0.0000000000   -163.000       50.000000   0.179058        930.3380    0.0000226072    0.0005511003   57.3978593288   54.9531597147   -2.1575781129 
   0.0000000000   -162.000       50.000000   0.178899        929.8296    0.0000224682    0.0005422589   57.3359832140   54.9285273608   -2.1567104068 
   0.0000000000   -161.000       50.000000   0.178742        929.3295    0.0000223298    0.0005335980   57.2758829161   54.9049435420   -2.1558451698 
   0.0000000000   -160.000       50.000000   0.178589        928.8377    0.0000221922    0.0005251127   57.2175037041   54.8823737248   -2.1549823441 
   0.0000000000   -159.000       50.000000   0.178437        928.3540    0.0000220554    0.0005167981   57.1607953337   54.8607880522   -2.1541218728 
   0.0000000000   -158.000       50.000000   0.178289        927.8781    0.0000219194    0.0005086491   57.1057120385   54.8401613908   -2.1532636995 
   0.0000000000   -157.000       50.000000   0.178142        927.4100    0.0000217845    0.0005006609   57.0522125505   54.8204734066   -2.1524077686 
   0.0000000000   -156.000       50.000000   0.177999        926.9494    0.0000216505    0.0004928282   57.0002601479   54.8017086798   -2.1515540247 
   0.0000000000   -155.000       50.000000   0.177857        926.4963    0.0000215176    0.0004851460   56.9498227368   54.7838568565   -2.1507024131 
   0.0000000000   -154.000       50.000000   0.177718        926.0504    0.0000213859    0.0004776089   56.9008729721   54.7669128515   -2.1498528790 
   0.0000000000   -153.000       50.000000   0.177581        925.6117    0.0000212553    0.0004702117   56.8533883924   54.7508770652   -2.1490053676 
   0.0000000000   -152.000       50.000000   0.177447        925.1799    0.0000211261    0.0004629486   56.8073516044   54.7357556635   -2.1481598241 
   0.0000000000   -151.000       50.000000   0.177314        924.7550    0.0000209983    0.0004558141   56.7627504937   54.7215608885   -2.1473161932 
   0.0000000000   -150.000       50.000000   0.177184        924.3368    0.0000208719    0.0004488024   56.7195784691   54.7083114123   -2.1464744191 
   0.0000000000   -149.000       50.000000   0.177056        923.9253    0.0000207471    0.0004419072   56.6778347459   54.6960327347   -2.1456344451 
   0.0000000000   -148.000       50.000000   0.176930        923.5202    0.0000206239    0.0004351224   56.6375246585   54.6847576221   -2.1447962136 
   0.0000000000   -147.000       50.000000   0.176806        923.1216    0.0000205024    0.0004284414   56.5986600213   54.6745266021   -2.1439596655 
   0.0000000000   -146.000       50.000000   0.176684        922.7292    0.0000203828    0.0004218574   56.5612595160   54.6653884911   -2.1431247400 
   0.0000000000   -145.000       50.000000   0.176564        922.3430    0.0000202652    0.0004153632   56.5253491250   54.6574009796   -2.1422913745 
   0.0000000000   -144.000       50.000000   0.176446        921.9629    0.0000201498    0.0004089512   56.4909626020   54.6506312619   -2.1414595040 
   0.0000000000   -143.000       50.000000   0.176330        921.5889    0.0000200366    0.0004026137   56.4581419944   54.6451567292   -2.1406290606 
   0.0000000000   -142.000       50.000000   0.176216        921.2208    0.0000199258    0.0003963424   56.4269381847   54.6410656868   -2.1397999735 
   0.0000000000   -141.000       50.000000   0.176104        920.8587    0.0000198176    0.0003901283   56.3974115095   54.6384581644   -2.1389721683 
   0.0000000000   -140.000       50.000000   0.175993        920.5023    0.0000197122    0.0003839624   56.3696323947   54.6374467473   -2.1381455663 
   0.0000000000   -139.000       50.000000   0.175885        920.1518    0.0000196097    0.0003778346   56.3436820505   54.6381574782   -2.1373200845 
   0.0000000000   -138.000       50.000000   0.175778        919.8070    0.0000195105    0.0003717346   56.3196532130   54.6407308159   -2.1364956343 
   0.0000000000   -137.000       50.000000   0.175673        919.4679    0.0000194148    0.0003656513   56.2976509359   54.6453226556   -2.1356721216 
   0.0000000000   -136.000       50.000000   0.175570        919.1346    0.0000193227    0.0003595730   56.2777934232   54.6521053949   -2.1348494458 
   0.0000000000   -135.000       50.000000   0.175468        918.8069    0.0000192347    0.0003534869   56.2602129279   54.6612690819   -2.1340274991 
   0.0000000000   -134.000       50.000000   0.175369        918.4850    0.0000191510    0.0003473799   56.2450566828   54.6730225961   -2.1332061655 
   0.0000000000   -133.000       50.000000   0.175271        918.1688    0.0000190720    0.0003412377   56.2324879015   54.6875949163   -2.1323853206 
   0.0000000000   -132.000       50.000000   0.175175        917.8584    0.0000189980    0.0003350450   56.2226868217   54.7052364347   -2.1315648301 
   0.0000000000   -131.000       50.000000   0.175081        917.5538    0.0000189295    0.0003287856   56.2158517972   54.7262203262   -2.1307445490 
   0.0000000000   -130.000       50.000000   0.174989        917.2550    0.0000188669    0.0003224424   56.2122004598   54.7508440014   -2.1299243209 
   0.0000000000   -129.000       50.000000   0.174898        916.9623    0.0000188107    0.0003159969   56.2119709120   54.7794305861   -2.1291039765 
   0.0000000000   -128.000       50.000000   0.174810        916.6756    0.0000187614    0.0003094295   56.2154229949   54.8123304933   -2.1282833327 
   0.0000000000   -127.000       50.000000   0.174723        916.3950    0.0000187195    0.0003027191   56.2228395789   54.8499230090   -2.1274621912 
   0.0000000000   -126.000       50.000000   0.174638        916.1208    0.0000186856    0.0002958434   56.2345279350   54.8926179731   -2.1266403372 
   0.0000000000   -125.000       50.000000   0.174556        915.8530    0.0000186605    0.0002887787   56.2508211277   54.9408574729   -2.1258175383 
   0.0000000000   -124.000       50.000000   0.174475        915.5919    0.0000186448    0.0002814995   56.2720794688   54.9951176013   -2.1249935424 
   0.0000000000   -123.000       50.000000   0.174397        915.3376    0.0000186393    0.0002739787   56.2986920034   55.0559102416   -2.1241680768 
   0.0000000000   -122.000       50.000000   0.174321        915.0904    0.0000186447    0.0002661876   56.3310780428   55.1237848945   -2.1233408459 
   0.0000000000   -121.000       50.000000   0.174247        914.8505    0.0000186620    0.0002580953   56.3696887154   55.1993305072   -2.1225115298 
   0.0000000000   -120.000       50.000000   0.174175        914.6183    0.0000186921    0.0002496692   56.4150085603   55.2831773390   -2.1216797822 
   0.0000000000   -119.000       50.000000   0.174106        914.3939    0.0000187361    0.0002408746   56.4675571267   55.3759988110   -2.1208452286 
   0.0000000000   -118.000       50.000000   0.174040        914.1779    0.0000187949    0.0002316745   56.5278905832   55.4785133385   -2.1200074640 
   0.0000000000   -117.000       50.000000   0.173976        913.9705    0.0000188698    0.0002220294   56.5966033372   55.5914861547   -2.1191660506 
   0.0000000000   -116.000       50.000000   0.173915        913.7722    0.0000189621    0.0002118977   56.6743296226   55.7157310565   -2.1183205155 
   0.0000000000   -115.000       50.000000   0.173857        913.5834    0.0000190730    0.0002012350   56.7617450738   55.8521121001   -2.1174703485 
   0.0000000000   -114.000       50.000000   0.173802        913.4046    0.0000192040    0.0001899941   56.8595682429   56.0015451864   -2.1166149990 
   0.0000000000   -113.000       50.000000   0.173750        913.2365    0.0000193567    0.0001781251   56.9685620514   56.1649995176   -2.1157538733 
   0.0000000000   -112.000       50.000000   0.173702        913.0795    0.0000195326    0.0001655749   57.0895351598   56.3434989058   -2.1148863322 
   0.0000000000   -111.000       50.000000   0.173657        912.9343    0.0000197335    0.0001522873   57.2233432024   56.5381228526   -2.1140116871 
   0.0000000000   -110.000       50.000000   0.173616        912.8017    0.0000199614    0.0001382027   57.3708898909   56.7500074051   -2.1131291978 
   0.0000000000   -109.000       50.000000   0.173580        912.6823    0.0000202181    0.0001232581   57.5331279190   56.9803456986   -2.1122380682 
   0.0000000000   -108.000       50.000000   0.173547        912.5770    0.0000205059    0.0001073867   57.7110596473   57.2303881401   -2.1113374435 
   0.0000000000   -107.000       50.000000   0.173519        912.4866    0.0000208269    0.0000905179   57.9057375089   57.5014421668   -2.1104264064 
   0.0000000000   -106.000       50.000000   0.173497        912.4121    0.0000211837    0.0000725770   58.1182640905   57.7948714982   -2.1095039730 
   0.0000000000   -105.000       50.000000   0.173479        912.3545    0.0000215789    0.0000534851   58.3497918225   58.1120948018   -2.1085690894 
   0.0000000000   -104.000       50.000000   0.173467        912.3148    0.0000220150    0.0000331588   58.6015222046   58.4545836579   -2.1076206271 
   0.0000000000   -103.000       50.000000   0.173460        912.2944    0.0000224952    0.0000115103   58.8747045007   58.8238597392   -2.1066573795 
   0.0000000000   -102.000       50.000000   0.173460        912.2943    0.0000230225   -0.0000115532   59.1706338021   59.2214910600   -2.1056780568 
   0.0000000000   -101.000       50.000000   0.173467        912.3159    0.0000236003   -0.0000361293   59.4906483640   59.6490871650   -2.1046812823 
   0.0000000000   -100.000       50.000000   0.173481        912.3607    0.0000242321   -0.0000623210   59.8361260993   60.1082930986   -2.1036655875 
   0.0000000000    -99.000       50.000000   0.173502        912.4301    0.0000249216   -0.0000902363   60.2084801094   60.6007819891   -2.1026294080 
   0.0000000000    -98.000       50.000000   0.173532        912.5259    0.0000256729   -0.0001199889   60.6091531103   61.1282460584   -2.1015710784 
   0.0000000000    -97.000       50.000000   0.173570        912.6497    0.0000264902   -0.0001516980   61.0396105861   61.6923858265   -2.1004888282 
   0.0000000000    -96.000       50.000000   0.173617        912.8034    0.0000273780   -0.0001854885   61.5013325128   62.2948973071   -2.0993807773 
   0.0000000000    -95.000       50.000000   0.173674        912.9889    0.0000283412   -0.0002214909   61.9958034508   62.9374569262   -2.0982449314 
   0.0000000000    -94.000       50.000000   0.173741        913.2085    0.0000293847   -0.0002598417   62.5245007895   63.6217038793   -2.0970791784 
   0.0000000000    -93.000       50.000000   0.173820        913.4643    0.0000305140   -0.0003006828   63.0888809240   64.3492196553   -2.0958812841 
   0.0000000000    -92.000       50.000000   0.173910        913.7586    0.0000317347   -0.0003441619   63.6903630952   65.1215043783   -2.0946488891 
   0.0000000000    -91.000       50.000000   0.174014        914.0940    0.0000330529   -0.0003904316   64.3303106269   65.9399496502   -2.0933795059 
   0.0000000000    -90.000       50.000000   0.174130        914.4732    0.0000344749   -0.0004396496   65.0100092603   66.8058075407   -2.0920705169 
   0.0000000000    -89.000       50.000000   0.174261        914.8990    0.0000360073   -0.0004919777   65.7306422590   67.7201553372   -2.0907191730 
   0.0000000000    -88.000       50.000000   0.174408        915.3744    0.0000376572   -0.0005475810   66.4932619585   68.6838557309   -2.0893225941 
   0.0000000000    -87.000       50.000000   0.174571        915.9025    0.0000394319   -0.0006066271   67.2987573835   69.6975120309   -2.0878777700 
   0.0000000000    -86.000       50.000000   0.174751        916.4869    0.0000413395   -0.0006692996   68.1480012967   70.7616601681   -2.0863806417 
   0.0000000000    -85.000       50.000000   0.174950        917.1307    0.0000433871   -0.0007357401   69.0411287139   71.8758163179   -2.0848295674 
   0.0000000000    -84.000       50.000000   0.175168        917.8376    0.0000455831   -0.0008061246   69.9784456327   73.0396750971   -2.0832204214 
   0.0000000000    -83.000       50.000000   0.175408        918.6117    0.0000479361   -0.0008806107   70.9597779557   74.2522515775   -2.0815497156 
   0.0000000000    -82.000       50.000000   0.175669        919.4568    0.0000504544   -0.0009593461   71.9845563234   75.5119957841   -2.0798138723 
   0.0000000000    -81.000       50.000000   0.175954        920.3771    0.0000531466   -0.0010424632   73.0517532290   76.8167145105   -2.0780092434 
   0.0000000000    -80.000       50.000000   0.176264        921.3770    0.0000560209   -0.0011300734   74.1598141789   78.1634882594   -2.0761321364 
   0.0000000000    -79.000       50.000000   0.176600        922.4609    0.0000590854   -0.0012222598   75.3065830236   79.5485843460   -2.0741788456 
   0.0000000000    -78.000       50.000000   0.176965        923.6338    0.0000623487   -0.0013190995   76.4895355475   80.9677695149   -2.0721444302 
   0.0000000000    -77.000       50.000000   0.177359        924.8994    0.0000658155   -0.0014205391   77.7045473912   82.4147486476   -2.0700273966 
   0.0000000000    -76.000       50.000000   0.177784        926.2629    0.0000694919   -0.0015265383   78.9473975115   83.8831246886   -2.0678232969 
   0.0000000000    -75.000       50.000000   0.178242        927.7287    0.0000733814   -0.0016369573   80.2126872631   85.3650455352   -2.0655288329 
   0.0000000000    -74.000       50.000000   0.178733        929.3014    0.0000774853   -0.0017515617   81.4939824864   86.8514361876   -2.0631409907 
   0.0000000000    -73.000       50.000000   0.179260        930.9851    0.0000818017   -0.0018700009   82.7837275368   88.3319508157   -2.0606571407 
   0.0000000000    -72.000       50.000000   0.179826        932.7849    0.0000863270   -0.0019918415   84.0736286443   89.7955108713   -2.0580732952 
   0.0000000000    -71.000       50.000000   0.180428        934.7026    0.0000910466   -0.0021163370   85.3529058530   91.2282617656   -2.0553910056 
   0.0000000000    -70.000       50.000000   0.181071        936.7417    0.0000959453   -0.0022426814   86.6106008305   92.6165054487   -2.0526081538 
   0.0000000000    -69.000       50.000000   0.181753        938.9042    0.0001009988   -0.0023698095   87.8341230708   93.9450405939   -2.0497249180 
   0.0000000000    -68.000       50.000000   0.182477        941.1911    0.0001061742   -0.0024964130   89.0096451017   95.1977827026   -2.0467425897 
   0.0000000000    -67.000       50.000000   0.183243        943.6037    0.0001114328   -0.0026210065   90.1227512576   96.3586382898   -2.0436611051 
   0.0000000000    -66.000       50.000000   0.184049        946.1373    0.0001167146   -0.0027416142   91.1566662278   97.4096569694   -2.0404889164 
   0.0000000000    -65.000       50.000000   0.184895        948.7893    0.0001219574   -0.0028562059   92.0953652162   98.3346740742   -2.0372297204 
   0.0000000000    -64.000       50.000000   0.185779        951.5539    0.0001270851   -0.0029624666   92.9222602655   99.1178918210   -2.0338909154 
   0.0000000000    -63.000       50.000000   0.186701        954.4248    0.0001320153   -0.0030579990   93.6215325089   99.7453371476   -2.0304788002 
   0.0000000000    -62.000       50.000000   0.187655        957.3881    0.0001366461   -0.0031401200   94.1774502463  100.2042004936   -2.0270094338 
   0.0000000000    -61.000       50.000000   0.188637        960.4319    0.0001408816   -0.0032064148   94.5771940526  100.4855474825   -2.0234933425 
   0.0000000000    -60.000       50.000000   0.189644        963.5406    0.0001446232   -0.0032546234   94.8103946797  100.5836245412   -2.0199447960 
   0.0000000000    -59.000       50.000000   0.190671        966.6985    0.0001477822   -0.0032829176   94.8702775568  100.4966163432   -2.0163764445 
   0.0000000000    -58.000       50.000000   0.191709        969.8822    0.0001502729   -0.0032898885   94.7541960978  100.2270105127   -2.0128095858 
   0.0000000000    -57.000       50.000000   0.192753        973.0725    0.0001520382   -0.0032749479   94.4644241251   99.7816462032   -2.0092583490 
   0.0000000000    -56.000       50.000000   0.193795        976.2481    0.0001530423   -0.0032382352   94.0079872208   99.1713632353   -2.0057388263 
   0.0000000000    -55.000       50.000000   0.194828        979.3878    0.0001532766   -0.0031806729   93.3964816725   98.4105070338   -2.0022661938 
   0.0000000000    -54.000       50.000000   0.195847        982.4715    0.0001527599   -0.0031039056   92.6454416612   97.5161763827   -1.9988542013 
   0.0000000000    -53.000       50.000000   0.196844        985.4808    0.0001515369   -0.0030101725   91.7734058519   96.5073309900   -1.9955147655 
   0.0000000000    -52.000       50.000000   0.197814        988.3994    0.0001496732   -0.0029021326   90.8008013497   95.4038541208   -1.9922576978 
   0.0000000000    -51.000       50.000000   0.198752        991.2137    0.0001472496   -0.0027826713   89.7487851093   94.2256627144   -1.9890905784 
   0.0000000000    -50.000       50.000000   0.199654        993.9129    0.0001443559   -0.0026547116   88.6381738827   92.9919391693   -1.9860187698 
   0.0000000000    -49.000       50.000000   0.200518        996.4889    0.0001410848   -0.0025210544   87.4885612119   91.7205315525   -1.9830455463 
   0.0000000000    -48.000       50.000000   0.201340        998.9364    0.0001375266   -0.0023842567   86.3176755119   90.4275398680   -1.9801723098 
   0.0000000000    -47.000       50.000000   0.202120       1001.2522    0.0001337655   -0.0022465555   85.1409886210   89.1270809475   -1.9773988568 
   0.0000000000    -46.000       50.000000   0.202857       1003.4356    0.0001298766   -0.0021098300   83.9715506402   87.8312073926   -1.9747236661 
   0.0000000000    -45.000       50.000000   0.203551       1005.4874    0.0001259250   -0.0019755982   82.8200065176   86.5499469762   -1.9721441836 
   0.0000000000    -44.000       50.000000   0.204203       1007.4098    0.0001219652   -0.0018450367   81.6947426163   85.2914273022   -1.9696570850 
   0.0000000000    -43.000       50.000000   0.204811       1009.2048    0.0001180427   -0.0017190686   80.6026990858   84.0626998819   -1.9672605049 
   0.0000000000    -42.000       50.000000   0.205381       1010.8800    0.0001141902   -0.0015981841   79.5472084227   82.8672625671   -1.9649459423 
   0.0000000000    -41.000       50.000000   0.205912       1012.4383    0.0001104356   -0.0014828294   78.5320590053   81.7094471810   -1.9627113367 
   0.0000000000    -40.000       50.000000   0.206406       1013.8848    0.0001067983   -0.0013732102   77.5591356706   80.5917321227   -1.9605522359 
   0.0000000000    -39.000       50.000000   0.206864       1015.2251    0.0001032922   -0.0012693914   76.6293425736   79.5156810296   -1.9584642210 
   0.0000000000    -38.000       50.000000   0.207288       1016.4645    0.0000999260   -0.0011713308   75.7428150740   78.4821120184   -1.9564429763 
   0.0000000000    -37.000       50.000000   0.207680       1017.6084    0.0000967045   -0.0010789061   74.8990999936   77.4912453187   -1.9544843385 
   0.0000000000    -36.000       50.000000   0.208041       1018.6623    0.0000936297   -0.0009919380   74.0973053979   76.5428295007   -1.9525843288 
   0.0000000000    -35.000       50.000000   0.208373       1019.6301    0.0000907018   -0.0009102426   73.3365977407   75.6366821004   -1.9507406518 
   0.0000000000    -34.000       50.000000   0.208678       1020.5193    0.0000879168   -0.0008335029   72.6147311527   74.7709635596   -1.9489465575 
   0.0000000000    -33.000       50.000000   0.208958       1021.3333    0.0000852721   -0.0007615039   71.9305908677   73.9450984623   -1.9472004476 
   0.0000000000    -32.000       50.000000   0.209214       1022.0766    0.0000827631   -0.0006939838   71.2825232679   73.1578393351   -1.9454991861 
   0.0000000000    -31.000       50.000000   0.209447       1022.7536    0.0000803847   -0.0006306815   70.6688386014   72.4078397744   -1.9438398450 
   0.0000000000    -30.000       50.000000   0.209659       1023.3682    0.0000781313   -0.0005713409   70.0878454220   71.6936920420   -1.9422196954 
   0.0000000000    -29.000       50.000000   0.209851       1023.9244    0.0000759973   -0.0005157140   69.5378759991   71.0139567205   -1.9406361974 
   0.0000000000    -28.000       50.000000   0.210024       1024.4256    0.0000739769   -0.0004635633   69.0173045723   70.3671858116   -1.9390869887 
   0.0000000000    -27.000       50.000000   0.210179       1024.8753    0.0000720641   -0.0004146626   68.5245600691   69.7519405501   -1.9375698738 
   0.0000000000    -26.000       50.000000   0.210317       1025.2759    0.0000702539   -0.0003688174   68.0583593896   69.1670789539   -1.9360840276 
   0.0000000000    -25.000       50.000000   0.210440       1025.6319    0.0000685397   -0.0003257834   67.6167760255   68.6106257358   -1.9346249636 
   0.0000000000    -24.000       50.000000   0.210548       1025.9452    0.0000669166   -0.0002853950   67.1987093891   68.0815631027   -1.9331923167 
   0.0000000000    -23.000       50.000000   0.210643       1026.2185    0.0000653796   -0.0002474746   66.8028612455   67.5785918807   -1.9317844442 
   0.0000000000    -22.000       50.000000   0.210724       1026.4541    0.0000639239   -0.0002118568   66.4280047118   67.1004616820   -1.9303998182 
   0.0000000000    -21.000       50.000000   0.210793       1026.6543    0.0000625447   -0.0001783869   66.0729827056   66.6459728949   -1.9290370160 
   0.0000000000    -20.000       50.000000   0.210851       1026.8212    0.0000612377   -0.0001469209   65.7367057171   66.2139776181   -1.9276947127 
   0.0000000000    -19.000       50.000000   0.210898       1026.9567    0.0000599988   -0.0001173250   65.4181491302   65.8033797861   -1.9263716729 
   0.0000000000    -18.000       50.000000   0.210935       1027.0628    0.0000588240   -0.0000894743   65.1163502604   65.4131346748   -1.9250667438 
   0.0000000000    -17.000       50.000000   0.210962       1027.1411    0.0000577097   -0.0000632530   64.8304052359   65.0422479415   -1.9237788489 
   0.0000000000    -16.000       50.000000   0.210980       1027.1933    0.0000566523   -0.0000385532   64.5594658255   64.6897743311   -1.9225069818 
   0.0000000000    -15.000       50.000000   0.210990       1027.2208    0.0000556487   -0.0000152749   64.3027362697   64.3548161291   -1.9212502009 
   0.0000000000    -14.000       50.000000   0.210991       1027.2252    0.0000546957    0.0000066753   64.0594701778   64.0365214572   -1.9200076242 
   0.0000000000    -13.000       50.000000   0.210984       1027.2070    0.0000537908    0.0000273744   63.8290824341   63.7342311462   -1.9187794837 
   0.0000000000    -12.000       50.000000   0.210971       1027.1688    0.0000529307    0.0000469234   63.6106719233   63.4468636123   -1.9175627893 
   0.0000000000    -11.000       50.000000   0.210951       1027.1111    0.0000521132    0.0000653863   63.4037545052   63.1738631252   -1.9163579777 
   0.0000000000    -10.000       50.000000   0.210925       1027.0349    0.0000513359    0.0000828331   63.2077520942   62.9145421842   -1.9151643621 
   0.0000000000     -9.000       50.000000   0.210893       1026.9413    0.0000505966    0.0000993287   63.0221222766   62.6682498316   -1.9139812959 
   0.0000000000     -8.000       50.000000   0.210855       1026.8313    0.0000498932    0.0001149338   62.8463559776   62.4343698159   -1.9128081700 
   0.0000000000     -7.000       50.000000   0.210811       1026.7056    0.0000492237    0.0001297050   62.6799752728   62.2123188103   -1.9116444097 
   0.0000000000     -6.000       50.000000   0.210763       1026.5653    0.0000485864    0.0001436950   62.5225313379   62.0015446900   -1.9104894728 
   0.0000000000     -5.000       50.000000   0.210709       1026.4109    0.0000479795    0.0001569530   62.3736025347   61.8015248799   -1.9093428466 
   0.0000000000     -4.000       50.000000   0.210652       1026.2433    0.0000474014    0.0001695249   62.2327926235   61.6117647695   -1.9082040463 
   0.0000000000     -3.000       50.000000   0.210589       1026.0632    0.0000468506    0.0001814538   62.0997290979   61.4317962019   -1.9070726127 
   0.0000000000     -2.000       50.000000   0.210523       1025.8712    0.0000463256    0.0001927798   61.9740616315   61.2611760324   -1.9059481105 
   0.0000000000     -1.000       50.000000   0.210453       1025.6679    0.0000458252    0.0002035404   61.8554606342   61.0994847596   -1.9048301269 
   0.0000000000      0.000       50.000000   0.210379       1025.4539    0.0000453481    0.0002137709   61.7436159063   60.9463252262   -1.9037182697 
   0.0000000000      1.000       50.000000   0.210302       1025.2297    0.0000448932    0.0002235042   61.6382353877   60.8013213871   -1.9026121661 
   0.0000000000      2.000       50.000000   0.210221       1024.9958    0.0000444592    0.0002327711   61.5390439939   60.6641171441   -1.9015114613 
   0.0000000000      3.000       50.000000   0.210137       1024.7527    0.0000440453    0.0002416006   61.4457825326   60.5343752437   -1.9004158174 
   0.0000000000      4.000       50.000000   0.210050       1024.5008    0.0000436503    0.0002500199   61.3582066965   60.4117762352   -1.8993249125 
   0.0000000000      5.000       50.000000   0.209960       1024.2405    0.0000432735    0.0002580544   61.2760861255   60.2960174876   -1.8982384390 
   0.0000000000      6.000       50.000000   0.209868       1023.9723    0.0000429139    0.0002657282   61.1992035337   60.1868122602   -1.8971561035 
   0.0000000000      7.000       50.000000   0.209773       1023.6964    0.0000425707    0.0002730638   61.1273538976   60.0838888279   -1.8960776253 
   0.0000000000      8.000       50.000000   0.209675       1023.4133    0.0000422433    0.0002800823   61.0603436990   59.9869896546   -1.8950027358 
   0.0000000000      9.000       50.000000   0.209575       1023.1233    0.0000419307    0.0002868037   60.9979902202   59.8958706138   -1.8939311779 
   0.0000000000     10.000       50.000000   0.209473       1022.8266    0.0000416325    0.0002932467   60.9401208873   59.8103002551   -1.8928627049 
   0.0000000000     11.000       50.000000   0.209369       1022.5235    0.0000413479    0.0002994291   60.8865726577   59.7300591110   -1.8917970802 
   0.0000000000     12.000       50.000000   0.209262       1022.2143    0.0000410764    0.0003053674   60.8371914486   59.6549390453   -1.8907340768 
   0.0000000000     13.000       50.000000   0.209154       1021.8993    0.0000408173    0.0003110775   60.7918316044   59.5847426373   -1.8896734761 
   0.0000000000     14.000       50.000000   0.209043       1021.5786    0.0000405703    0.0003165741   60.7503553986   59.5192826031   -1.8886150681 
   0.0000000000     15.000       50.000000   0.208931       1021.2525    0.0000403347    0.0003218712   60.7126325697   59.4583812480   -1.8875586504 
   0.0000000000     16.000       50.000000   0.208817       1020.9212    0.0000401101    0.0003269821   60.6785398856   59.4018699526   -1.8865040280 
   0.0000000000     17.000       50.000000   0.208702       1020.5849    0.0000398960    0.0003319193   60.6479607391   59.3495886864   -1.8854510130 
   0.0000000000     18.000       50.000000   0.208585       1020.2438    0.0000396921    0.0003366945   60.6207847669   59.3013855504   -1.8843994236 
   0.0000000000     19.000       50.000000   0.208466       1019.8980    0.0000394979    0.0003413190   60.5969074948   59.2571163453   -1.8833490843 
   0.0000000000     20.000       50.000000   0.208346       1019.5476    0.0000393131    0.0003458033   60.5762300046   59.2166441644   -1.8822998256 
   0.0000000000     21.000       50.000000   0.208223       1019.1926    0.0000391374    0.0003501559   60.5586831593   59.1798749148   -1.8812522501 
   0.0000000000     22.000       50.000000   0.208100       1018.8336    0.0000389704    0.0003543895   60.5441279164   59.1466115661   -1.8802046433 
   0.0000000000     23.000       50.000000   0.207975       1018.4705    0.0000388117    0.0003585114   60.5325061279   59.1167746930   -1.8791576407 
   0.0000000000     24.000       50.000000   0.207850       1018.1034    0.0000386611    0.0003625303   60.5237381613   59.0902529160   -1.8781110923 
   0.0000000000     25.000       50.000000   0.207722       1017.7323    0.0000385183    0.0003664540   60.5177485661   59.0669404345   -1.8770648527 
   0.0000000000     26.000       50.000000   0.207594       1017.3575    0.0000383831    0.0003702905   60.5144658459   59.0467367384   -1.8760187804 
   0.0000000000     27.000       50.000000   0.207464       1016.9789    0.0000382552    0.0003740469   60.5138222461   59.0295463373   -1.8749727377 
   0.0000000000     28.000       50.000000   0.207333       1016.5968    0.0000381344    0.0003777302   60.5157535541   59.0152785029   -1.8739265906 
   0.0000000000     29.000       50.000000   0.207201       1016.2110    0.0000380204    0.0003813470   60.5201989104   59.0038470276   -1.8728802085 
   0.0000000000     30.000       50.000000   0.207068       1015.8217    0.0000379131    0.0003849036   60.5271006321   58.9951699943   -1.8718334641 
   0.0000000000     31.000       50.000000   0.206934       1015.4290    0.0000378123    0.0003884060   60.5364040464   58.9891695609   -1.8707862330 
   0.0000000000     32.000       50.000000   0.206799       1015.0330    0.0000377178    0.0003918598   60.5480573334   58.9857717549   -1.8697383939 
   0.0000000000     33.000       50.000000   0.206662       1014.6336    0.0000376294    0.0003952705   60.5620113781   58.9849062802   -1.8686898280 
   0.0000000000     34.000       50.000000   0.206525       1014.2309    0.0000375470    0.0003986433   60.5782196318   58.9865063338   -1.8676404191 
   0.0000000000     35.000       50.000000   0.206386       1013.8249    0.0000374703    0.0004019830   60.5966379801   58.9905084325   -1.8665900536 
   0.0000000000     36.000       50.000000   0.206246       1013.4158    0.0000373994    0.0004052944   60.6172246191   58.9968522492   -1.8655386199 
   0.0000000000     37.000       50.000000   0.206106       1013.0035    0.0000373340    0.0004085821   60.6399399384   59.0054804576   -1.8644860088 
   0.0000000000     38.000       50.000000   0.205964       1012.5880    0.0000372740    0.0004118502   60.6647464109   59.0163385852   -1.8634321130 
   0.0000000000     39.000       50.000000   0.205821       1012.1694    0.0000372192    0.0004151029   60.6916084878   59.0293748741   -1.8623768272 
   0.0000000000     40.000       50.000000   0.205678       1011.7477    0.0000371697    0.0004183442   60.7204925003   59.0445401493   -1.8613200478 
   0.0000000000     41.000       50.000000   0.205533       1011.3229    0.0000371253    0.0004215777   60.7513665665   59.0617876935   -1.8602616730 
   0.0000000000     42.000       50.000000   0.205387       1010.8950    0.0000370858    0.0004248071   60.7842005024   59.0810731290   -1.8592016025 
   0.0000000000     43.000       50.000000   0.205241       1010.4641    0.0000370513    0.0004280358   60.8189657390   59.1023543050   -1.8581397376 
   0.0000000000     44.000       50.000000   0.205093       1010.0300    0.0000370216    0.0004312672   60.8556352424   59.1255911914   -1.8570759809 
   0.0000000000     45.000       50.000000   0.204944       1009.5929    0.0000369966    0.0004345045   60.8941834396   59.1507457775   -1.8560102366 
   0.0000000000     46.000       50.000000   0.204795       1009.1527    0.0000369763    0.0004377506   60.9345861461   59.1777819761   -1.8549424097 
   0.0000000000     47.000       50.000000   0.204644       1008.7094    0.0000369605    0.0004410085   60.9768204997   59.2066655323   -1.8538724069 
   0.0000000000     48.000       50.000000   0.204492       1008.2630    0.0000369494    0.0004442810   61.0208648954   59.2373639371   -1.8528001355 
   0.0000000000     49.000       50.000000   0.204340       1007.8135    0.0000369427    0.0004475709   61.0666989248   59.2698463455   -1.8517255041 
   0.0000000000     50.000       50.000000   0.204186       1007.3608    0.0000369404    0.0004508807   61.1143033183   59.3040834977   -1.8506484223 
   0.0000000000     51.000       50.000000   0.204032       1006.9051    0.0000369426    0.0004542130   61.1636598898   59.3400476450   -1.8495688004 
   0.0000000000     52.000       50.000000   0.203876       1006.4461    0.0000369490    0.0004575702   61.2147514845   59.3777124795   -1.8484865496 
   0.0000000000     53.000       50.000000   0.203720       1005.9840    0.0000369598    0.0004609545   61.2675619285   59.4170530664   -1.8474015820 
   0.0000000000     54.000       50.000000   0.203562       1005.5187    0.0000369749    0.0004643684   61.3220759820   59.4580457800   -1.8463138103 
   0.0000000000     55.000       50.000000   0.203403       1005.0501    0.0000369941    0.0004678140   61.3782792931   59.5006682428   -1.8452231479 
   0.0000000000     56.000       50.000000   0.203244       1004.5783    0.0000370176    0.0004712933   61.4361583547   59.5448992672   -1.8441295087 
   0.0000000000     57.000       50.000000   0.203083       1004.1032    0.0000370453    0.0004748084   61.4957004633   59.5907188001   -1.8430328074 
   0.0000000000     58.000       50.000000   0.202921       1003.6248    0.0000370771    0.0004783614   61.5568936792   59.6381078701   -1.8419329590 
   0.0000000000     59.000       50.000000   0.202759       1003.1430    0.0000371130    0.0004819540   61.6197267882   59.6870485365   -1.8408298791 
   0.0000000000     60.000       50.000000   0.202595       1002.6579    0.0000371531    0.0004855882   61.6841892661   59.7375238419   -1.8397234836 
   0.0000000000     61.000       50.000000   0.202430       1002.1693    0.0000371973    0.0004892658   61.7502712431   59.7895177649   -1.8386136889 
   0.0000000000     62.000       50.000000   0.202264       1001.6772    0.0000372456    0.0004929885   61.8179634707   59.8430151770   -1.8375004118 
   0.0000000000     63.000       50.000000   0.202097       1001.1816    0.0000372980    0.0004967581   61.8872572895   59.8980018000   -1.8363835693 
   0.0000000000     64.000       50.000000   0.201928       1000.6825    0.0000373544    0.0005005761   61.9581445983   59.9544641654   -1.8352630786 
   0.0000000000     65.000       50.000000   0.201759       1000.1798    0.0000374150    0.0005044442   62.0306178240   60.0123895757   -1.8341388574 
   0.0000000000     66.000       50.000000   0.201589        999.6734    0.0000374796    0.0005083640   62.1046698934   60.0717660672   -1.8330108233 
   0.0000000000     67.000       50.000000   0.201417        999.1633    0.0000375483    0.0005123370   62.1802942051   60.1325823744   -1.8318788943 
   0.0000000000     68.000       50.000000   0.201244        998.6496    0.0000376211    0.0005163646   62.2574846026   60.1948278953   -1.8307429884 
   0.0000000000     69.000       50.000000   0.201070        998.1320    0.0000376980    0.0005204484   62.3362353486   60.2584926588   -1.8296030239 
   0.0000000000     70.000       50.000000   0.200895        997.6106    0.0000377789    0.0005245898   62.4165410998   60.3235672927   -1.8284589190 
   0.0000000000     71.000       50.000000   0.200718        997.0853    0.0000378640    0.0005287901   62.4983968823   60.3900429929   -1.8273105920 
   0.0000000000     72.000       50.000000   0.200541        996.5561    0.0000379532    0.0005330508   62.5817980681   60.4579114940   -1.8261579613 
   0.0000000000     73.000       50.000000   0.200362        996.0228    0.0000380466    0.0005373731   62.6667403517   60.5271650407   -1.8250009453 
   0.0000000000     74.000       50.000000   0.200182        995.4856    0.0000381441    0.0005417583   62.7532197280   60.5977963600   -1.8238394624 
   0.0000000000     75.000       50.000000   0.200000        994.9442    0.0000382457    0.0005462077   62.8412324697   60.6697986347   -1.8226734308 
   0.0000000000     76.000       50.000000   0.199818        994.3986    0.0000383516    0.0005507227   62.9307751065   60.7431654772   -1.8215027688 
   0.0000000000     77.000       50.000000   0.199633        993.8489    0.0000384616    0.0005553043   63.0218444036   60.8178909047   -1.8203273946 
   0.0000000000     78.000       50.000000   0.199448        993.2948    0.0000385759    0.0005599539   63.1144373412   60.8939693142   -1.8191472264 
   0.0000000000     79.000       50.000000   0.199261        992.7365    0.0000386944    0.0005646725   63.2085510943   60.9713954591   -1.8179621821 
   0.0000000000     80.000       50.000000   0.199073        992.1737    0.0000388172    0.0005694614   63.3041830127   61.0501644261   -1.8167721795 
   0.0000000000     81.000       50.000000   0.198884        991.6064    0.0000389443    0.0005743216   63.4013306015   61.1302716119   -1.8155771364 
   0.0000000000     82.000       50.000000   0.198693        991.0346    0.0000390757    0.0005792544   63.4999915014   61.2117127021   -1.8143769703 
   0.0000000000     83.000       50.000000   0.198501        990.4583    0.0000392115    0.0005842608   63.6001634701   61.2944836486   -1.8131715985 
   0.0000000000     84.000       50.000000   0.198307        989.8772    0.0000393517    0.0005893419   63.7018443631   61.3785806491   -1.8119609382 
   0.0000000000     85.000       50.000000   0.198112        989.2915    0.0000394963    0.0005944987   63.8050321148   61.4640001258   -1.8107449065 
   0.0000000000     86.000       50.000000   0.197915        988.7009    0.0000396453    0.0005997323   63.9097247206   61.5507387054   -1.8095234199 
   0.0000000000     87.000       50.000000   0.197717        988.1055    0.0000397988    0.0006050438   64.0159202176   61.6387931988   -1.8082963952 
   0.0000000000     88.000       50.000000   0.197517        987.5052    0.0000399568    0.0006104340   64.1236166668   61.7281605810   -1.8070637484 
   0.0000000000     89.000       50.000000   0.197316        986.8999    0.0000401194    0.0006159042   64.2328121349   61.8188379721   -1.8058253958 
   0.0000000000     90.000       50.000000   0.197114        986.2898    0.0000402864    0.0006214537   64.3434777251   61.9107914159   -1.8045805979 
   0.0000000000     91.000       50.000000   0.196909        985.6743    0.0000404582    0.0006270863   64.4556644712   62.0040797327   -1.8033305699 
   0.0000000000     92.000       50.000000   0.196703        985.0536    0.0000406347    0.0006328017   64.5693442470   62.0986700519   -1.8020745821 
   0.0000000000     93.000       50.000000   0.196496        984.4276    0.0000408158    0.0006386006   64.6845149579   62.1945598799   -1.8008125495 
   0.0000000000     94.000       50.000000   0.196287        983.7963    0.0000410017    0.0006444842   64.8011744244   62.2917467728   -1.7995443869 
   0.0000000000     95.000       50.000000   0.196076        983.1595    0.0000411924    0.0006504531   64.9193203633   62.3902283186   -1.7982700086 
   0.0000000000     96.000       50.000000   0.195863        982.5172    0.0000413879    0.0006565084   65.0389503700   62.4900021181   -1.7969893288 
   0.0000000000     97.000       50.000000   0.195649        981.8694    0.0000415882    0.0006626509   65.1600619002   62.5910657665   -1.7957022614 
   0.0000000000     98.000       50.000000   0.195433        981.2159    0.0000417935    0.0006688814   65.2826522514   62.6934168354   -1.7944087199 
   0.0000000000     99.000       50.000000   0.195215        980.5568    0.0000420037    0.0006752008   65.4067185446   62.7970528542   -1.7931086176 
   0.0000000000    100.000       50.000000   0.194996        979.8918    0.0000422190    0.0006816098   65.5322577062   62.9019712919   -1.7918018675 
   0.0000000000    101.000       50.000000   0.194774        979.2209    0.0000424392    0.0006881092   65.6592664488   63.0081695388   -1.7904883824 
   0.0000000000    102.000       50.000000   0.194551        978.5441    0.0000426646    0.0006946999   65.7877412531   63.1156448878   -1.7891680747 
   0.0000000000    103.000       50.000000   0.194326        977.8613    0.0000428951    0.0007013826   65.9176783488   63.2243945164   -1.7878408567 
   0.0000000000    104.000       50.000000   0.194100        977.1724    0.0000431308    0.0007081579   66.0490736961   63.3344154682   -1.7865066401 
   0.0000000000    105.000       50.000000   0.193871        976.4773    0.0000433717    0.0007150266   66.1819229662   63.4457046341   -1.7851653367 
   0.0000000000    106.000       50.000000   0.193640        975.7759    0.0000436179    0.0007219895   66.3162215228   63.5582587338   -1.7838168580 
   0.0000000000    107.000       50.000000   0.193408        975.0683    0.0000438694    0.0007290471   66.4519644024   63.6720742975   -1.7824611151 
   0.0000000000    108.000       50.000000   0.193174        974.3542    0.0000441263    0.0007362000   66.5891462951   63.7871476466   -1.7810980190 
   0.0000000000    109.000       50.000000   0.192937        973.6336    0.0000443886    0.0007434490   66.7277615253   63.9034748751   -1.7797274803 
   0.0000000000    110.000       50.000000   0.192699        972.9064    0.0000446563    0.0007507946   66.8678040319   64.0210518306   -1.7783494098 
   0.0000000000    111.000       50.000000   0.192459        972.1727    0.0000449296    0.0007582373   67.0092673489   64.1398740953   -1.7769637177 
   0.0000000000    112.000       50.000000   0.192216        971.4321    0.0000452085    0.0007657778   67.1521445851   64.2599369666   -1.7755703142 
   0.0000000000    113.000       50.000000   0.191972        970.6848    0.0000454929    0.0007734164   67.2964284046   64.3812354377   -1.7741691095 
   0.0000000000    114.000       50.000000   0.191726        969.9306    0.0000457831    0.0007811538   67.4421110067   64.5037641788   -1.7727600133 
   0.0000000000    115.000       50.000000   0.191477        969.1695    0.0000460789    0.0007889902   67.5891841057   64.6275175167   -1.7713429355 
   0.0000000000    116.000       50.000000   0.191226        968.4013    0.0000463805    0.0007969262   67.7376389109   64.7524894155   -1.7699177859 
   0.0000000000    117.000       50.000000   0.190974        967.6259    0.0000466879    0.0008049621   67.8874661061   64.8786734570   -1.7684844741 
   0.0000000000    118.000       50.000000   0.190719        966.8434    0.0000470011    0.0008130983   68.0386558295   65.0060628205   -1.7670429098 
   0.0000000000    119.000       50.000000   0.190462        966.0536    0.0000473203    0.0008213351   68.1911976530   65.1346502630   -1.7655930025 
   0.0000000000    120.000       50.000000   0.190203        965.2565    0.0000476454    0.0008296727   68.3450805624   65.2644280987   -1.7641346619 
   0.0000000000    121.000       50.000000   0.189941        964.4519    0.0000479764    0.0008381113   68.5002929364   65.3953881794   -1.7626677977 
   0.0000000000    122.000       50.000000   0.189678        963.6398    0.0000483136    0.0008466512   68.6568225265   65.5275218736   -1.7611923197 
   0.0000000000    123.000       50.000000   0.189412        962.8201    0.0000486567    0.0008552925   68.8146564367   65.6608200467   -1.7597081378 
   0.0000000000    124.000       50.000000   0.189143        961.9928    0.0000490061    0.0008640353   68.9737811030   65.7952730401   -1.7582151620 
   0.0000000000    125.000       50.000000   0.188873        961.1577    0.0000493615    0.0008728796   69.1341822732   65.9308706509   -1.7567133026 
   0.0000000000    126.000       50.000000   0.188600        960.3148    0.0000497232    0.0008818255   69.2958449866   66.0676021116   -1.7552024700 
