  #sigma_s    Temp(C) Press(Mpa) p_meanfield density (kg/m^3)      kappa      alpha Cp(J/molK) Cv(J/molK)  mu(J/mol)
   0.0000000000   -173.000      190.000000   0.283027        963.7088    0.0000187023    0.0007149924   60.8717618441   55.7072012375   -2.0368307411 
   0.0000000000   -172.000      190.000000   0.282805        963.0259    0.0000188621    0.0007028274   60.8033936974   55.7300089180   -2.0357861815 
   0.0000000000   -171.000      190.000000   0.282588        962.3553    0.0000190401    0.0006902507   60.7406908112   55.7617629518   -2.0347438767 
   0.0000000000   -170.000      190.000000   0.282375        961.6975    0.0000192379    0.0006772188   60.6839114125   55.8030368220   -2.0337036091 
   0.0000000000   -169.000      190.000000   0.282166        961.0529    0.0000194585    0.0006636852   60.6334078252   55.8545472935   -2.0326651400 
   0.0000000000   -168.000      190.000000   0.281962        960.4220    0.0000197044    0.0006495972   60.5895263715   55.9170309203   -2.0316282076 
   0.0000000000   -167.000      190.000000   0.281763        959.8053    0.0000199787    0.0006348943   60.5527094111   55.9913783894   -2.0305925250 
   0.0000000000   -166.000      190.000000   0.281568        959.2034    0.0000202843    0.0006195147   60.5233861083   56.0784591074   -2.0295577780 
   0.0000000000   -165.000      190.000000   0.281379        958.6170    0.0000206248    0.0006033896   60.5020622853   56.1792741939   -2.0285236226 
   0.0000000000   -164.000      190.000000   0.281195        958.0468    0.0000210042    0.0005864437   60.4892785967   56.2948922464   -2.0274896826 
   0.0000000000   -163.000      190.000000   0.281017        957.4936    0.0000214265    0.0005685928   60.4856402509   56.4264958996   -2.0264555458 
   0.0000000000   -162.000      190.000000   0.280844        956.9583    0.0000218962    0.0005497469   60.4917812224   56.5753219744   -2.0254207618 
   0.0000000000   -161.000      190.000000   0.280678        956.4418    0.0000224182    0.0005298058   60.5084217319   56.7427472341   -2.0243848376 
   0.0000000000   -160.000      190.000000   0.280518        955.9452    0.0000229981    0.0005086614   60.5363257257   56.9302311725   -2.0233472339 
   0.0000000000   -159.000      190.000000   0.280365        955.4697    0.0000236417    0.0004861939   60.5763188938   57.1393453650   -2.0223073606 
   0.0000000000   -158.000      190.000000   0.280219        955.0165    0.0000243557    0.0004622718   60.6292998658   57.3717836157   -2.0212645721 
   0.0000000000   -157.000      190.000000   0.280081        954.5872    0.0000251472    0.0004367506   60.6962410958   57.6293645751   -2.0202181615 
   0.0000000000   -156.000      190.000000   0.279951        954.1832    0.0000260243    0.0004094700   60.7781973071   57.9140534484   -2.0191673547 
   0.0000000000   -155.000      190.000000   0.279830        953.8064    0.0000269959    0.0003802542   60.8762960652   58.2279352867   -2.0181113038 
   0.0000000000   -154.000      190.000000   0.279718        953.4585    0.0000280717    0.0003489069   60.9917599415   58.5732575179   -2.0170490788 
   0.0000000000   -153.000      190.000000   0.279616        953.1417    0.0000292629    0.0003152106   61.1259074922   58.9524307414   -2.0159796597 
   0.0000000000   -152.000      190.000000   0.279525        952.8584    0.0000305817    0.0002789224   61.2801557382   59.3680259779   -2.0149019265 
   0.0000000000   -151.000      190.000000   0.279446        952.6110    0.0000320420    0.0002397707   61.4560346566   59.8228014731   -2.0138146479 
   0.0000000000   -150.000      190.000000   0.279379        952.4025    0.0000336594    0.0001974500   61.6551919956   60.3197055630   -2.0127164692 
   0.0000000000   -149.000      190.000000   0.279326        952.2359    0.0000354517    0.0001516157   61.8794038834   60.8618948991   -2.0116058975 
   0.0000000000   -148.000      190.000000   0.279287        952.1148    0.0000374390    0.0001018774   62.1305809804   61.4527328224   -2.0104812856 
   0.0000000000   -147.000      190.000000   0.279264        952.0431    0.0000396446    0.0000477896   62.4107929542   62.0958304927   -2.0093408126 
   0.0000000000   -146.000      190.000000   0.279259        952.0256    0.0000420965   -0.0000111895   62.7224865812   62.7954613242   -2.0081812047 
   0.0000000000   -145.000      190.000000   0.279272        952.0665    0.0000448234   -0.0000755966   63.0677229960   63.5550494781   -2.0070023879 
   0.0000000000   -144.000      190.000000   0.279305        952.1714    0.0000478624   -0.0001461390   63.4492888301   64.3793250914   -2.0058008508 
   0.0000000000   -143.000      190.000000   0.279361        952.3468    0.0000512562   -0.0002236160   63.8700395659   65.2730073771   -2.0045737763 
   0.0000000000   -142.000      190.000000   0.279442        952.5997    0.0000550552   -0.0003089709   64.3330942701   66.2411523479   -2.0033180032 
   0.0000000000   -141.000      190.000000   0.279551        952.9380    0.0000593202   -0.0004033253   64.8418716025   67.2891641423   -2.0020299712 
   0.0000000000   -140.000      190.000000   0.279689        953.3712    0.0000641241   -0.0005080268   65.4001450684   68.4228353790   -2.0007056533 
   0.0000000000   -139.000      190.000000   0.279863        953.9110    0.0000695621   -0.0006248177   66.0126700691   69.6494741587   -1.9993384137 
   0.0000000000   -138.000      190.000000   0.280074        954.5681    0.0000757373   -0.0007555620   66.6833102129   70.9740673155   -1.9979262276 
   0.0000000000   -137.000      190.000000   0.280328        955.3582    0.0000827931   -0.0009028494   67.4178197578   72.4045465927   -1.9964615100 
   0.0000000000   -136.000      190.000000   0.280630        956.2985    0.0000909082   -0.0010698784   68.2224129665   73.9486485459   -1.9949371065 
   0.0000000000   -135.000      190.000000   0.280990        957.4126    0.0001003283   -0.0012610238   69.1054764736   75.6167318325   -1.9933416195 
   0.0000000000   -134.000      190.000000   0.281412        958.7229    0.0001113463   -0.0014814335   70.0744182511   77.4149833524   -1.9916693135 
   0.0000000000   -133.000      190.000000   0.281911        960.2653    0.0001244099   -0.0017389693   71.1421819073   79.3566425548   -1.9899031204 
   0.0000000000   -132.000      190.000000   0.282497        962.0774    0.0001400977   -0.0020436639   72.3218591241   81.4497838357   -1.9880315165 
   0.0000000000   -131.000      190.000000   0.283191        964.2176    0.0001593229   -0.0024112994   73.6357761993   83.7106053219   -1.9860295927 
   0.0000000000   -130.000      190.000000   0.284016        966.7565    0.0001834289   -0.0028648523   75.1126641881   86.1515972904   -1.9838730394 
   0.0000000000   -129.000      190.000000   0.285008        969.7972    0.0002146333   -0.0034419942   76.7994266119   88.7896133002   -1.9815248503 
   0.0000000000   -128.000      190.000000   0.286216        973.4925    0.0002568572   -0.0042087924   78.7770810303   91.6447254613   -1.9789315542 
   0.0000000000   -127.000      190.000000   0.287728        978.0950    0.0003179566   -0.0052965731   81.2075627927   94.7456384300   -1.9760053613 
   0.0000000000   -126.000      190.000000   0.289698        984.0580    0.0004164830   -0.0070126852   84.4715733681   98.1289405567   -1.9725955557 
   0.0000000000   -125.000      190.000000   0.292475        992.4074    0.0006129910   -0.0103508970   89.8238543546  101.8582199494   -1.9683681984 
   0.0000000000   -124.000      190.000000   0.297421       1007.1016    0.0013836341   -0.0230322696  107.2808931901  106.1152225621   -1.9620656806 
   0.0000000000   -123.000      190.000000   0.346633       1143.0383    0.0003566935   -0.0017525300   73.9435690382   75.5104506491   -1.9274596680 
   0.0000000000   -122.000      190.000000   0.347285       1144.7320    0.0002994401   -0.0012492253   72.5955471190   74.1865984541   -1.9258036278 
   0.0000000000   -121.000      190.000000   0.347760       1145.9601    0.0002594116   -0.0009048938   71.6189653193   73.0705287265   -1.9242242609 
   0.0000000000   -120.000      190.000000   0.348100       1146.8441    0.0002297209   -0.0006547771   70.8679756290   72.1094230422   -1.9227044974 
   0.0000000000   -119.000      190.000000   0.348347       1147.4820    0.0002065883   -0.0004635949   70.2606129912   71.2612517534   -1.9212249955 
   0.0000000000   -118.000      190.000000   0.348519       1147.9265    0.0001879944   -0.0003127340   69.7533643403   70.5028566080   -1.9197776838 
   0.0000000000   -117.000      190.000000   0.348629       1148.2122    0.0001727067   -0.0001909429   69.3196436676   69.8187530663   -1.9183583415 
   0.0000000000   -116.000      190.000000   0.348693       1148.3745    0.0001598473   -0.0000902303   68.9399131403   69.1938357276   -1.9169590823 
   0.0000000000   -115.000      190.000000   0.348715       1148.4294    0.0001488903   -0.0000059003   68.6029131363   68.6206087125   -1.9155792004 
   0.0000000000   -114.000      190.000000   0.348701       1148.3943    0.0001394287    0.0000656842   68.2996370328   68.0913762372   -1.9142157552 
   0.0000000000   -113.000      190.000000   0.348658       1148.2825    0.0001311681    0.0001271291   68.0235773607   67.6001892106   -1.9128666292 
   0.0000000000   -112.000      190.000000   0.348589       1148.1045    0.0001238890    0.0001803590   67.7698904573   67.1423161776   -1.9115302400 
   0.0000000000   -111.000      190.000000   0.348497       1147.8689    0.0001174246    0.0002268287   67.5348832431   66.7139237522   -1.9102054120 
   0.0000000000   -110.000      190.000000   0.348389       1147.5869    0.0001116256    0.0002678509   67.3150588726   66.3103944660   -1.9088882018 
   0.0000000000   -109.000      190.000000   0.348261       1147.2569    0.0001064229    0.0003039753   67.1092467140   65.9315796971   -1.9075829275 
   0.0000000000   -108.000      190.000000   0.348121       1146.8911    0.0001017033    0.0003362085   66.9146106914   65.5728617823   -1.9062838975 
   0.0000000000   -107.000      190.000000   0.347964       1146.4871    0.0000974255    0.0003648619   66.7305414395   65.2343924734   -1.9049953134 
   0.0000000000   -106.000      190.000000   0.347798       1146.0552    0.0000935091    0.0003906507   66.5549629229   64.9124048619   -1.9037116849 
   0.0000000000   -105.000      190.000000   0.347621       1145.5950    0.0000899221    0.0004138199   66.3873392845   64.6066038356   -1.9024353914 
   0.0000000000   -104.000      190.000000   0.347432       1145.1073    0.0000866313    0.0004346342   66.2270206453   64.3162345213   -1.9011676639 
   0.0000000000   -103.000      190.000000   0.347237       1144.5996    0.0000835880    0.0004535255   66.0727170997   64.0386860722   -1.8999040144 
   0.0000000000   -102.000      190.000000   0.347033       1144.0713    0.0000807737    0.0004706285   65.9241481496   63.7738015181   -1.8986465209 
   0.0000000000   -101.000      190.000000   0.346823       1143.5244    0.0000781639    0.0004861426   65.7807741314   63.5206432471   -1.8973948336 
   0.0000000000   -100.000      190.000000   0.346605       1142.9592    0.0000757421    0.0005001959   65.6422866043   63.2788014586   -1.8961501326 
   0.0000000000    -99.000      190.000000   0.346382       1142.3807    0.0000734806    0.0005130306   65.5079420383   63.0465858878   -1.8949088739 
   0.0000000000    -98.000      190.000000   0.346155       1141.7884    0.0000713694    0.0005247149   65.3776056125   62.8239034167   -1.8936727651 
   0.0000000000    -97.000      190.000000   0.345923       1141.1836    0.0000693947    0.0005353599   65.2509738931   62.6101479894   -1.8924415942 
   0.0000000000    -96.000      190.000000   0.345684       1140.5658    0.0000675479    0.0005450260   65.1279154406   62.4051599463   -1.8912168248 
   0.0000000000    -95.000      190.000000   0.345444       1139.9397    0.0000658102    0.0005538807   65.0078947763   62.2075732609   -1.8899946647 
   0.0000000000    -94.000      190.000000   0.345201       1139.3042    0.0000641769    0.0005619507   64.8908825279   62.0174418343   -1.8887770323 
   0.0000000000    -93.000      190.000000   0.344954       1138.6601    0.0000626394    0.0005693032   64.7766931927   61.8343462081   -1.8875637818 
   0.0000000000    -92.000      190.000000   0.344704       1138.0084    0.0000611901    0.0005759979   64.6651616324   61.6579024149   -1.8863547842 
   0.0000000000    -91.000      190.000000   0.344452       1137.3497    0.0000598221    0.0005820880   64.5561407001   61.4877587569   -1.8851499240 
   0.0000000000    -90.000      190.000000   0.344196       1136.6834    0.0000585318    0.0005875951   64.4495935571   61.3238859023   -1.8839507316 
   0.0000000000    -89.000      190.000000   0.343940       1136.0131    0.0000573082    0.0005926194   64.3451908259   61.1653355179   -1.8827535730 
   0.0000000000    -88.000      190.000000   0.343681       1135.3377    0.0000561494    0.0005971670   64.2429447614   61.0121970220   -1.8815603152 
   0.0000000000    -87.000      190.000000   0.343422       1134.6577    0.0000550509    0.0006012729   64.1427570863   60.8642103334   -1.8803708676 
   0.0000000000    -86.000      190.000000   0.343161       1133.9737    0.0000540084    0.0006049691   64.0445387008   60.7211338970   -1.8791851473 
   0.0000000000    -85.000      190.000000   0.342898       1133.2861    0.0000530183    0.0006082845   63.9482083241   60.5827427609   -1.8780030781 
   0.0000000000    -84.000      190.000000   0.342635       1132.5954    0.0000520770    0.0006112456   63.8536918817   60.4488273382   -1.8768245891 
   0.0000000000    -83.000      190.000000   0.342371       1131.9019    0.0000511815    0.0006138765   63.7609216640   60.3191916710   -1.8756496142 
   0.0000000000    -82.000      190.000000   0.342106       1131.2060    0.0000503287    0.0006161992   63.6698353715   60.1936523048   -1.8744780912 
   0.0000000000    -81.000      190.000000   0.341840       1130.5080    0.0000495161    0.0006182340   63.5803758052   60.0720371962   -1.8733099615 
   0.0000000000    -80.000      190.000000   0.341572       1129.8074    0.0000487424    0.0006199865   63.4925357341   59.9543457722   -1.8721465261 
   0.0000000000    -79.000      190.000000   0.341306       1129.1064    0.0000480027    0.0006215022   63.4061675509   59.8400790701   -1.8709848548 
   0.0000000000    -78.000      190.000000   0.341039       1128.4042    0.0000472963    0.0006227815   63.3212807322   59.7292841689   -1.8698264401 
   0.0000000000    -77.000      190.000000   0.340772       1127.7012    0.0000466214    0.0006238392   63.2378330717   59.6218252814   -1.8686712295 
   0.0000000000    -76.000      190.000000   0.340505       1126.9975    0.0000459760    0.0006246888   63.1557854628   59.5175743814   -1.8675191731 
   0.0000000000    -75.000      190.000000   0.340238       1126.2934    0.0000453586    0.0006253432   63.0751013242   59.4164103431   -1.8663702231 
   0.0000000000    -74.000      190.000000   0.339971       1125.5891    0.0000447676    0.0006258143   62.9957466955   59.3182188195   -1.8652243333 
   0.0000000000    -73.000      190.000000   0.339704       1124.8848    0.0000442015    0.0006261130   62.9176897582   59.2228913862   -1.8640814593 
   0.0000000000    -72.000      190.000000   0.339438       1124.1806    0.0000436589    0.0006262496   62.8409007855   59.1303254507   -1.8629415581 
   0.0000000000    -71.000      190.000000   0.339171       1123.4769    0.0000431387    0.0006262338   62.7653518719   59.0404235787   -1.8618045877 
   0.0000000000    -70.000      190.000000   0.338906       1122.7736    0.0000426396    0.0006260746   62.6910168765   58.9530933645   -1.8606705075 
   0.0000000000    -69.000      190.000000   0.338640       1122.0711    0.0000421606    0.0006257805   62.6178711593   58.8682469107   -1.8595392776 
   0.0000000000    -68.000      190.000000   0.338375       1121.3694    0.0000417006    0.0006253593   62.5458915728   58.7858007149   -1.8584108591 
   0.0000000000    -67.000      190.000000   0.338111       1120.6687    0.0000412586    0.0006248186   62.4750562557   58.7056752292   -1.8572852139 
   0.0000000000    -66.000      190.000000   0.337847       1119.9691    0.0000408337    0.0006241653   62.4053445958   58.6277947646   -1.8561623044 
   0.0000000000    -65.000      190.000000   0.337583       1119.2707    0.0000404251    0.0006234062   62.3367371363   58.5520871964   -1.8550420938 
   0.0000000000    -64.000      190.000000   0.337320       1118.5729    0.0000400325    0.0006225414   62.2692298184   58.4785588378   -1.8539257290 
   0.0000000000    -63.000      190.000000   0.337058       1117.8774    0.0000396541    0.0006215894   62.2027743440   58.4069854749   -1.8528107157 
   0.0000000000    -62.000      190.000000   0.336797       1117.1834    0.0000392897    0.0006205491   62.1373709496   58.3373890025   -1.8516983025 
   0.0000000000    -61.000      190.000000   0.336536       1116.4910    0.0000389386    0.0006194257   62.0730039284   58.2697094877   -1.8505884534 
   0.0000000000    -60.000      190.000000   0.336277       1115.8003    0.0000386002    0.0006182244   62.0096583380   58.2038896337   -1.8494811329 
   0.0000000000    -59.000      190.000000   0.336018       1115.1115    0.0000382740    0.0006169497   61.9473199885   58.1398746851   -1.8483763058 
   0.0000000000    -58.000      190.000000   0.335760       1114.4245    0.0000379593    0.0006156063   61.8859754327   58.0776123551   -1.8472739375 
   0.0000000000    -57.000      190.000000   0.335503       1113.7395    0.0000376556    0.0006141984   61.8256118364   58.0170525720   -1.8461739935 
   0.0000000000    -56.000      190.000000   0.335247       1113.0565    0.0000373625    0.0006127301   61.7662170153   57.9581474575   -1.8450764396 
   0.0000000000    -55.000      190.000000   0.334992       1112.3755    0.0000370794    0.0006112051   61.7077793374   57.9008511423   -1.8439812421 
   0.0000000000    -54.000      190.000000   0.334738       1111.6968    0.0000368059    0.0006096272   61.6502877506   57.8451197671   -1.8428883674 
   0.0000000000    -53.000      190.000000   0.334485       1111.0202    0.0000365416    0.0006080000   61.5937317007   57.7909112731   -1.8417977819 
   0.0000000000    -52.000      190.000000   0.334233       1110.3458    0.0000362860    0.0006063266   61.5381011350   57.7381853914   -1.8407094525 
   0.0000000000    -51.000      190.000000   0.333982       1109.6738    0.0000360388    0.0006046104   61.4833864657   57.6869035271   -1.8396233461 
   0.0000000000    -50.000      190.000000   0.333731       1109.0040    0.0000357997    0.0006028544   61.4295785423   57.6370286800   -1.8385394298 
   0.0000000000    -49.000      190.000000   0.333482       1108.3367    0.0000355682    0.0006010613   61.3766686415   57.5885253790   -1.8374576707 
   0.0000000000    -48.000      190.000000   0.333234       1107.6717    0.0000353441    0.0005992341   61.3246484309   57.5413596130   -1.8363780361 
   0.0000000000    -47.000      190.000000   0.332987       1107.0092    0.0000351270    0.0005973754   61.2735099642   57.4954987585   -1.8353004935 
   0.0000000000    -46.000      190.000000   0.332741       1106.3491    0.0000349166    0.0005954877   61.2232456576   57.4509115189   -1.8342250102 
   0.0000000000    -45.000      190.000000   0.332496       1105.6916    0.0000347127    0.0005935734   61.1738482712   57.4075678708   -1.8331515539 
   0.0000000000    -44.000      190.000000   0.332253       1105.0366    0.0000345150    0.0005916349   61.1253108988   57.3654389993   -1.8320800920 
   0.0000000000    -43.000      190.000000   0.332010       1104.3841    0.0000343233    0.0005896744   61.0776269541   57.3244972634   -1.8310105923 
   0.0000000000    -42.000      190.000000   0.331768       1103.7341    0.0000341372    0.0005876940   61.0307901452   57.2847161180   -1.8299430224 
   0.0000000000    -41.000      190.000000   0.331528       1103.0868    0.0000339566    0.0005856958   60.9847944795   57.2460700944   -1.8288773499 
   0.0000000000    -40.000      190.000000   0.331288       1102.4420    0.0000337813    0.0005836817   60.9396342446   57.2085347472   -1.8278135428 
   0.0000000000    -39.000      190.000000   0.331050       1101.7998    0.0000336110    0.0005816536   60.8953039912   57.1720865974   -1.8267515685 
   0.0000000000    -38.000      190.000000   0.330813       1101.1603    0.0000334455    0.0005796133   60.8517985321   57.1367031194   -1.8256913950 
   0.0000000000    -37.000      190.000000   0.330577       1100.5234    0.0000332847    0.0005775626   60.8091129286   57.1023626774   -1.8246329900 
   0.0000000000    -36.000      190.000000   0.330342       1099.8891    0.0000331284    0.0005755031   60.7672424790   57.0690444993   -1.8235763212 
   0.0000000000    -35.000      190.000000   0.330108       1099.2574    0.0000329764    0.0005734365   60.7261827167   57.0367286544   -1.8225213563 
   0.0000000000    -34.000      190.000000   0.329875       1098.6284    0.0000328286    0.0005713642   60.6859293889   57.0053959885   -1.8214680631 
   0.0000000000    -33.000      190.000000   0.329642       1098.0015    0.0000326849    0.0005692859   60.6464748760   56.9750506322   -1.8204174421 
   0.0000000000    -32.000      190.000000   0.329412       1097.3777    0.0000325448    0.0005672069   60.6078224708   56.9456283421   -1.8193673519 
   0.0000000000    -31.000      190.000000   0.329183       1096.7566    0.0000324084    0.0005651266   60.5699650340   56.9171364028   -1.8183188388 
   0.0000000000    -30.000      190.000000   0.328954       1096.1382    0.0000322757    0.0005630462   60.5328991317   56.8895585460   -1.8172718704 
   0.0000000000    -29.000      190.000000   0.328727       1095.5223    0.0000321463    0.0005609670   60.4966215142   56.8628791524   -1.8162264141 
   0.0000000000    -28.000      190.000000   0.328501       1094.9091    0.0000320203    0.0005588904   60.4611291107   56.8370832305   -1.8151824373 
   0.0000000000    -27.000      190.000000   0.328276       1094.2985    0.0000318974    0.0005568173   60.4264190289   56.8121563986   -1.8141399075 
   0.0000000000    -26.000      190.000000   0.328052       1093.6905    0.0000317776    0.0005547491   60.3924885417   56.7880848497   -1.8130987919 
   0.0000000000    -25.000      190.000000   0.327829       1093.0851    0.0000316608    0.0005526867   60.3593350885   56.7648553415   -1.8120590579 
   0.0000000000    -24.000      190.000000   0.327607       1092.4823    0.0000315469    0.0005506313   60.3269562620   56.7424551627   -1.8110206728 
   0.0000000000    -23.000      190.000000   0.327387       1091.8820    0.0000314358    0.0005485839   60.2953498161   56.7208721314   -1.8099836039 
   0.0000000000    -22.000      190.000000   0.327167       1091.2843    0.0000313273    0.0005465454   60.2645136448   56.7000945531   -1.8089478184 
   0.0000000000    -21.000      190.000000   0.326948       1090.6891    0.0000312215    0.0005445168   60.2344457940   56.6801112210   -1.8079132833 
   0.0000000000    -20.000      190.000000   0.326731       1090.0965    0.0000311181    0.0005424991   60.2051444407   56.6609113853   -1.8068799660 
   0.0000000000    -19.000      190.000000   0.326514       1089.5064    0.0000310172    0.0005404930   60.1766079030   56.6424847445   -1.8058478333 
   0.0000000000    -18.000      190.000000   0.326299       1088.9188    0.0000309187    0.0005384995   60.1488346280   56.6248214257   -1.8048168523 
   0.0000000000    -17.000      190.000000   0.326084       1088.3337    0.0000308224    0.0005365194   60.1218231886   56.6079119669   -1.8037869899 
   0.0000000000    -16.000      190.000000   0.325871       1087.7510    0.0000307283    0.0005345534   60.0955722823   56.5917473064   -1.8027582131 
   0.0000000000    -15.000      190.000000   0.325658       1087.1708    0.0000306364    0.0005326025   60.0700807261   56.5763187655   -1.8017304887 
   0.0000000000    -14.000      190.000000   0.325447       1086.5929    0.0000305466    0.0005306672   60.0453474507   56.5616180323   -1.8007037834 
   0.0000000000    -13.000      190.000000   0.325236       1086.0175    0.0000304588    0.0005287483   60.0213715012   56.5476371543   -1.7996780639 
   0.0000000000    -12.000      190.000000   0.325027       1085.4445    0.0000303729    0.0005268466   59.9981520301   56.5343685186   -1.7986532969 
   0.0000000000    -11.000      190.000000   0.324818       1084.8738    0.0000302890    0.0005249627   59.9756882970   56.5218048454   -1.7976294490 
   0.0000000000    -10.000      190.000000   0.324611       1084.3055    0.0000302069    0.0005230972   59.9539796627   56.5099391729   -1.7966064866 
   0.0000000000     -9.000      190.000000   0.324404       1083.7394    0.0000301266    0.0005212508   59.9330255880   56.4987648456   -1.7955843762 
   0.0000000000     -8.000      190.000000   0.324198       1083.1757    0.0000300481    0.0005194241   59.9128256312   56.4882755059   -1.7945630842 
   0.0000000000     -7.000      190.000000   0.323994       1082.6142    0.0000299713    0.0005176177   59.8933794418   56.4784650790   -1.7935425768 
   0.0000000000     -6.000      190.000000   0.323790       1082.0549    0.0000298962    0.0005158321   59.8746867632   56.4693277685   -1.7925228203 
   0.0000000000     -5.000      190.000000   0.323587       1081.4979    0.0000298227    0.0005140679   59.8567474250   56.4608580407   -1.7915037807 
   0.0000000000     -4.000      190.000000   0.323385       1080.9430    0.0000297508    0.0005123258   59.8395613442   56.4530506201   -1.7904854243 
   0.0000000000     -3.000      190.000000   0.323184       1080.3903    0.0000296805    0.0005106060   59.8231285196   56.4459004764   -1.7894677169 
   0.0000000000     -2.000      190.000000   0.322984       1079.8397    0.0000296117    0.0005089093   59.8074490320   56.4394028190   -1.7884506245 
   0.0000000000     -1.000      190.000000   0.322784       1079.2912    0.0000295443    0.0005072361   59.7925230405   56.4335530861   -1.7874341130 
   0.0000000000      0.000      190.000000   0.322586       1078.7448    0.0000294785    0.0005055868   59.7783507805   56.4283469375   -1.7864181480 
   0.0000000000      1.000      190.000000   0.322388       1078.2004    0.0000294140    0.0005039620   59.7649325607   56.4237802461   -1.7854026952 
   0.0000000000      2.000      190.000000   0.322191       1077.6580    0.0000293510    0.0005023620   59.7522687637   56.4198490924   -1.7843877203 
   0.0000000000      3.000      190.000000   0.321995       1077.1176    0.0000292893    0.0005007873   59.7403598413   56.4165497564   -1.7833731887 
   0.0000000000      4.000      190.000000   0.321800       1076.5792    0.0000292290    0.0004992384   59.7292063126   56.4138787077   -1.7823590659 
   0.0000000000      5.000      190.000000   0.321605       1076.0427    0.0000291699    0.0004977156   59.7188087644   56.4118326036   -1.7813453173 
   0.0000000000      6.000      190.000000   0.321412       1075.5081    0.0000291122    0.0004962194   59.7091678474   56.4104082794   -1.7803319080 
   0.0000000000      7.000      190.000000   0.321219       1074.9753    0.0000290558    0.0004947502   59.7002842748   56.4096027429   -1.7793188032 
   0.0000000000      8.000      190.000000   0.321027       1074.4444    0.0000290006    0.0004933082   59.6921588214   56.4094131700   -1.7783059680 
   0.0000000000      9.000      190.000000   0.320835       1073.9152    0.0000289467    0.0004918940   59.6847923212   56.4098368959   -1.7772933675 
   0.0000000000     10.000      190.000000   0.320645       1073.3879    0.0000288939    0.0004905078   59.6781856656   56.4108714121   -1.7762809664 
   0.0000000000     11.000      190.000000   0.320455       1072.8622    0.0000288424    0.0004891501   59.6723398036   56.4125143609   -1.7752687297 
   0.0000000000     12.000      190.000000   0.320266       1072.3383    0.0000287921    0.0004878211   59.6672557383   56.4147635291   -1.7742566220 
   0.0000000000     13.000      190.000000   0.320077       1071.8160    0.0000287429    0.0004865212   59.6629345267   56.4176168434   -1.7732446080 
   0.0000000000     14.000      190.000000   0.319889       1071.2954    0.0000286949    0.0004852508   59.6593772779   56.4210723661   -1.7722326521 
   0.0000000000     15.000      190.000000   0.319702       1070.7763    0.0000286480    0.0004840101   59.6565851523   56.4251282911   -1.7712207189 
   0.0000000000     16.000      190.000000   0.319515       1070.2588    0.0000286023    0.0004827994   59.6545593604   56.4297829387   -1.7702087727 
   0.0000000000     17.000      190.000000   0.319329       1069.7429    0.0000285577    0.0004816192   59.6533011603   56.4350347501   -1.7691967778 
   0.0000000000     18.000      190.000000   0.319144       1069.2284    0.0000285142    0.0004804696   59.6528118593   56.4408822872   -1.7681846982 
   0.0000000000     19.000      190.000000   0.318960       1068.7154    0.0000284718    0.0004793509   59.6530928095   56.4473242242   -1.7671724980 
   0.0000000000     20.000      190.000000   0.318776       1068.2038    0.0000284305    0.0004782635   59.6541454098   56.4543593475   -1.7661601413 
   0.0000000000     21.000      190.000000   0.318592       1067.6936    0.0000283903    0.0004772077   59.6559711030   56.4619865502   -1.7651475918 
   0.0000000000     22.000      190.000000   0.318409       1067.1848    0.0000283511    0.0004761836   59.6585713756   56.4702048286   -1.7641348133 
   0.0000000000     23.000      190.000000   0.318227       1066.6772    0.0000283131    0.0004751916   59.6619477569   56.4790132802   -1.7631217696 
   0.0000000000     24.000      190.000000   0.318045       1066.1710    0.0000282761    0.0004742320   59.6661018182   56.4884110995   -1.7621084240 
   0.0000000000     25.000      190.000000   0.317864       1065.6660    0.0000282401    0.0004733050   59.6710351715   56.4983975748   -1.7610947401 
   0.0000000000     26.000      190.000000   0.317683       1065.1622    0.0000282052    0.0004724108   59.6767494697   56.5089720862   -1.7600806812 
   0.0000000000     27.000      190.000000   0.317503       1064.6596    0.0000281714    0.0004715498   59.6832464049   56.5201341019   -1.7590662106 
   0.0000000000     28.000      190.000000   0.317323       1064.1581    0.0000281386    0.0004707221   59.6905277084   56.5318831763   -1.7580512914 
   0.0000000000     29.000      190.000000   0.317144       1063.6578    0.0000281069    0.0004699280   59.6985951496   56.5442189466   -1.7570358866 
   0.0000000000     30.000      190.000000   0.316965       1063.1584    0.0000280762    0.0004691677   59.7074505359   56.5571411311   -1.7560199592 
   0.0000000000     31.000      190.000000   0.316787       1062.6602    0.0000280465    0.0004684416   59.7170957114   56.5706495259   -1.7550034719 
   0.0000000000     32.000      190.000000   0.316609       1062.1628    0.0000280179    0.0004677497   59.7275325569   56.5847440037   -1.7539863874 
   0.0000000000     33.000      190.000000   0.316431       1061.6665    0.0000279904    0.0004670925   59.7387629896   56.5994245109   -1.7529686684 
   0.0000000000     34.000      190.000000   0.316254       1061.1710    0.0000279638    0.0004664700   59.7507889616   56.6146910654   -1.7519502773 
   0.0000000000     35.000      190.000000   0.316077       1060.6765    0.0000279383    0.0004658825   59.7636124605   56.6305437549   -1.7509311765 
   0.0000000000     36.000      190.000000   0.315901       1060.1827    0.0000279139    0.0004653302   59.7772355086   56.6469827355   -1.7499113281 
   0.0000000000     37.000      190.000000   0.315725       1059.6898    0.0000278905    0.0004648133   59.7916601621   56.6640082284   -1.7488906944 
   0.0000000000     38.000      190.000000   0.315550       1059.1976    0.0000278681    0.0004643322   59.8068885113   56.6816205199   -1.7478692373 
   0.0000000000     39.000      190.000000   0.315374       1058.7061    0.0000278468    0.0004638869   59.8229226798   56.6998199576   -1.7468469188 
   0.0000000000     40.000      190.000000   0.315199       1058.2154    0.0000278265    0.0004634777   59.8397648241   56.7186069506   -1.7458237005 
   0.0000000000     41.000      190.000000   0.315025       1057.7252    0.0000278073    0.0004631049   59.8574171339   56.7379819674   -1.7447995442 
   0.0000000000     42.000      190.000000   0.314851       1057.2357    0.0000277892    0.0004627685   59.8758818311   56.7579455339   -1.7437744113 
   0.0000000000     43.000      190.000000   0.314677       1056.7467    0.0000277721    0.0004624689   59.8951611694   56.7784982321   -1.7427482633 
   0.0000000000     44.000      190.000000   0.314503       1056.2582    0.0000277560    0.0004622063   59.9152574348   56.7996406990   -1.7417210614 
   0.0000000000     45.000      190.000000   0.314329       1055.7703    0.0000277411    0.0004619808   59.9361729444   56.8213736250   -1.7406927668 
   0.0000000000     46.000      190.000000   0.314156       1055.2827    0.0000277272    0.0004617927   59.9579100469   56.8436977530   -1.7396633405 
   0.0000000000     47.000      190.000000   0.313983       1054.7956    0.0000277143    0.0004616421   59.9804711217   56.8666138764   -1.7386327433 
   0.0000000000     48.000      190.000000   0.313810       1054.3088    0.0000277026    0.0004615293   60.0038585791   56.8901228384   -1.7376009360 
   0.0000000000     49.000      190.000000   0.313637       1053.8224    0.0000276920    0.0004614545   60.0280748594   56.9142255309   -1.7365678793 
   0.0000000000     50.000      190.000000   0.313465       1053.3363    0.0000276824    0.0004614179   60.0531224338   56.9389228931   -1.7355335335 
   0.0000000000     51.000      190.000000   0.313293       1052.8503    0.0000276739    0.0004614196   60.0790038027   56.9642159103   -1.7344978592 
   0.0000000000     52.000      190.000000   0.313120       1052.3646    0.0000276666    0.0004614600   60.1057214964   56.9901056134   -1.7334608163 
   0.0000000000     53.000      190.000000   0.312948       1051.8791    0.0000276604    0.0004615391   60.1332780749   57.0165930772   -1.7324223651 
   0.0000000000     54.000      190.000000   0.312777       1051.3937    0.0000276553    0.0004616573   60.1616761269   57.0436794200   -1.7313824654 
   0.0000000000     55.000      190.000000   0.312605       1050.9083    0.0000276513    0.0004618147   60.1909182700   57.0713658019   -1.7303410770 
   0.0000000000     56.000      190.000000   0.312433       1050.4230    0.0000276485    0.0004620114   60.2210071506   57.0996534247   -1.7292981596 
   0.0000000000     57.000      190.000000   0.312261       1049.9377    0.0000276468    0.0004622478   60.2519454433   57.1285435304   -1.7282536726 
   0.0000000000     58.000      190.000000   0.312090       1049.4523    0.0000276462    0.0004625241   60.2837358503   57.1580373999   -1.7272075753 
   0.0000000000     59.000      190.000000   0.311918       1048.9669    0.0000276468    0.0004628403   60.3163811020   57.1881363537   -1.7261598270 
   0.0000000000     60.000      190.000000   0.311747       1048.4813    0.0000276486    0.0004631968   60.3498839558   57.2188417489   -1.7251103866 
   0.0000000000     61.000      190.000000   0.311575       1047.9955    0.0000276516    0.0004635937   60.3842471962   57.2501549800   -1.7240592131 
   0.0000000000     62.000      190.000000   0.311404       1047.5096    0.0000276558    0.0004640313   60.4194736341   57.2820774769   -1.7230062651 
   0.0000000000     63.000      190.000000   0.311232       1047.0234    0.0000276612    0.0004645097   60.4555661068   57.3146107050   -1.7219515012 
   0.0000000000     64.000      190.000000   0.311061       1046.5369    0.0000276678    0.0004650292   60.4925274774   57.3477561636   -1.7208948798 
   0.0000000000     65.000      190.000000   0.310889       1046.0500    0.0000276756    0.0004655899   60.5303606344   57.3815153856   -1.7198363592 
   0.0000000000     66.000      190.000000   0.310718       1045.5628    0.0000276846    0.0004661922   60.5690684910   57.4158899361   -1.7187758973 
   0.0000000000     67.000      190.000000   0.310546       1045.0752    0.0000276949    0.0004668361   60.6086539852   57.4508814121   -1.7177134521 
   0.0000000000     68.000      190.000000   0.310374       1044.5870    0.0000277064    0.0004675220   60.6491200785   57.4864914413   -1.7166489814 
   0.0000000000     69.000      190.000000   0.310203       1044.0984    0.0000277192    0.0004682499   60.6904697561   57.5227216813   -1.7155824426 
   0.0000000000     70.000      190.000000   0.310031       1043.6092    0.0000277333    0.0004690203   60.7327060257   57.5595738189   -1.7145137932 
   0.0000000000     71.000      190.000000   0.309859       1043.1194    0.0000277487    0.0004698331   60.7758319174   57.5970495689   -1.7134429903 
   0.0000000000     72.000      190.000000   0.309686       1042.6290    0.0000277653    0.0004706888   60.8198504826   57.6351506739   -1.7123699911 
   0.0000000000     73.000      190.000000   0.309514       1042.1379    0.0000277833    0.0004715874   60.8647647938   57.6738789023   -1.7112947524 
   0.0000000000     74.000      190.000000   0.309341       1041.6461    0.0000278026    0.0004725292   60.9105779433   57.7132360485   -1.7102172307 
   0.0000000000     75.000      190.000000   0.309169       1041.1535    0.0000278233    0.0004735145   60.9572930428   57.7532239313   -1.7091373827 
   0.0000000000     76.000      190.000000   0.308996       1040.6601    0.0000278453    0.0004745434   61.0049132225   57.7938443930   -1.7080551646 
   0.0000000000     77.000      190.000000   0.308823       1040.1658    0.0000278686    0.0004756163   61.0534416303   57.8350992990   -1.7069705325 
   0.0000000000     78.000      190.000000   0.308649       1039.6706    0.0000278934    0.0004767332   61.1028814306   57.8769905360   -1.7058834424 
   0.0000000000     79.000      190.000000   0.308476       1039.1745    0.0000279195    0.0004778944   61.1532358035   57.9195200114   -1.7047938500 
   0.0000000000     80.000      190.000000   0.308302       1038.6774    0.0000279470    0.0004791003   61.2045079442   57.9626896524   -1.7037017108 
   0.0000000000     81.000      190.000000   0.308127       1038.1792    0.0000279760    0.0004803509   61.2567010611   58.0065014045   -1.7026069802 
   0.0000000000     82.000      190.000000   0.307953       1037.6800    0.0000280064    0.0004816465   61.3098183753   58.0509572308   -1.7015096132 
   0.0000000000     83.000      190.000000   0.307778       1037.1796    0.0000280382    0.0004829874   61.3638631191   58.0960591108   -1.7004095650 
   0.0000000000     84.000      190.000000   0.307603       1036.6781    0.0000280715    0.0004843738   61.4188385350   58.1418090388   -1.6993067901 
   0.0000000000     85.000      190.000000   0.307428       1036.1753    0.0000281063    0.0004858060   61.4747478740   58.1882090232   -1.6982012432 
   0.0000000000     86.000      190.000000   0.307252       1035.6713    0.0000281425    0.0004872841   61.5315943948   58.2352610851   -1.6970928785 
   0.0000000000     87.000      190.000000   0.307076       1035.1660    0.0000281803    0.0004888084   61.5893813618   58.2829672571   -1.6959816502 
   0.0000000000     88.000      190.000000   0.306899       1034.6593    0.0000282196    0.0004903792   61.6481120438   58.3313295815   -1.6948675122 
   0.0000000000     89.000      190.000000   0.306722       1034.1512    0.0000282604    0.0004919967   61.7077897125   58.3803501096   -1.6937504182 
   0.0000000000     90.000      190.000000   0.306545       1033.6417    0.0000283028    0.0004936611   61.7684176407   58.4300308998   -1.6926303217 
   0.0000000000     91.000      190.000000   0.306367       1033.1307    0.0000283468    0.0004953727   61.8299991006   58.4803740165   -1.6915071760 
   0.0000000000     92.000      190.000000   0.306189       1032.6181    0.0000283923    0.0004971317   61.8925373623   58.5313815282   -1.6903809341 
   0.0000000000     93.000      190.000000   0.306010       1032.1040    0.0000284395    0.0004989384   61.9560356912   58.5830555063   -1.6892515488 
   0.0000000000     94.000      190.000000   0.305831       1031.5882    0.0000284883    0.0005007931   62.0204973469   58.6353980231   -1.6881189728 
   0.0000000000     95.000      190.000000   0.305651       1031.0707    0.0000285387    0.0005026959   62.0859255805   58.6884111506   -1.6869831585 
   0.0000000000     96.000      190.000000   0.305471       1030.5515    0.0000285907    0.0005046472   62.1523236327   58.7420969584   -1.6858440581 
   0.0000000000     97.000      190.000000   0.305290       1030.0306    0.0000286445    0.0005066472   62.2196947317   58.7964575120   -1.6847016234 
   0.0000000000     98.000      190.000000   0.305109       1029.5078    0.0000286999    0.0005086962   62.2880420907   58.8514948712   -1.6835558063 
   0.0000000000     99.000      190.000000   0.304927       1028.9831    0.0000287570    0.0005107943   62.3573689056   58.9072110878   -1.6824065582 
   0.0000000000    100.000      190.000000   0.304744       1028.4566    0.0000288159    0.0005129419   62.4276783527   58.9636082041   -1.6812538304 
   0.0000000000    101.000      190.000000   0.304561       1027.9280    0.0000288765    0.0005151393   62.4989735855   59.0206882503   -1.6800975740 
   0.0000000000    102.000      190.000000   0.304378       1027.3975    0.0000289389    0.0005173866   62.5712577329   59.0784532430   -1.6789377397 
   0.0000000000    103.000      190.000000   0.304194       1026.8649    0.0000290030    0.0005196842   62.6445338956   59.1369051827   -1.6777742781 
   0.0000000000    104.000      190.000000   0.304009       1026.3302    0.0000290690    0.0005220323   62.7188051439   59.1960460516   -1.6766071396 
   0.0000000000    105.000      190.000000   0.303823       1025.7933    0.0000291367    0.0005244311   62.7940745142   59.2558778115   -1.6754362743 
   0.0000000000    106.000      190.000000   0.303637       1025.2543    0.0000292063    0.0005268810   62.8703450064   59.3164024012   -1.6742616321 
   0.0000000000    107.000      190.000000   0.303450       1024.7129    0.0000292778    0.0005293822   62.9476195803   59.3776217341   -1.6730831626 
   0.0000000000    108.000      190.000000   0.303263       1024.1693    0.0000293511    0.0005319350   63.0259011525   59.4395376958   -1.6719008153 
   0.0000000000    109.000      190.000000   0.303074       1023.6233    0.0000294263    0.0005345395   63.1051925931   59.5021521415   -1.6707145394 
   0.0000000000    110.000      190.000000   0.302886       1023.0750    0.0000295035    0.0005371962   63.1854967222   59.5654668932   -1.6695242837 
   0.0000000000    111.000      190.000000   0.302696       1022.5241    0.0000295826    0.0005399052   63.2668163059   59.6294837372   -1.6683299971 
   0.0000000000    112.000      190.000000   0.302505       1021.9708    0.0000296636    0.0005426669   63.3491540530   59.6942044209   -1.6671316280 
   0.0000000000    113.000      190.000000   0.302314       1021.4150    0.0000297466    0.0005454814   63.4325126113   59.7596306503   -1.6659291247 
   0.0000000000    114.000      190.000000   0.302122       1020.8565    0.0000298316    0.0005483491   63.5168945629   59.8257640867   -1.6647224352 
   0.0000000000    115.000      190.000000   0.301929       1020.2954    0.0000299186    0.0005512702   63.6023024211   59.8926063439   -1.6635115073 
   0.0000000000    116.000      190.000000   0.301736       1019.7315    0.0000300077    0.0005542450   63.6887386255   59.9601589848   -1.6622962885 
   0.0000000000    117.000      190.000000   0.301541       1019.1650    0.0000300988    0.0005572737   63.7762055378   60.0284235184   -1.6610767263 
   0.0000000000    118.000      190.000000   0.301346       1018.5956    0.0000301920    0.0005603566   63.8647054376   60.0974013962   -1.6598527678 
   0.0000000000    119.000      190.000000   0.301150       1018.0234    0.0000302873    0.0005634940   63.9542405180   60.1670940090   -1.6586243597 
   0.0000000000    120.000      190.000000   0.300952       1017.4483    0.0000303847    0.0005666861   64.0448128804   60.2375026833   -1.6573914489 
   0.0000000000    121.000      190.000000   0.300754       1016.8703    0.0000304842    0.0005699331   64.1364245300   60.3086286779   -1.6561539817 
   0.0000000000    122.000      190.000000   0.300556       1016.2892    0.0000305860    0.0005732354   64.2290773711   60.3804731798   -1.6549119043 
   0.0000000000    123.000      190.000000   0.300356       1015.7051    0.0000306899    0.0005765932   64.3227732016   60.4530373010   -1.6536651629 
   0.0000000000    124.000      190.000000   0.300155       1015.1179    0.0000307960    0.0005800066   64.4175137083   60.5263220741   -1.6524137032 
   0.0000000000    125.000      190.000000   0.299953       1014.5275    0.0000309043    0.0005834761   64.5133004612   60.6003284488   -1.6511574707 
   0.0000000000    126.000      190.000000   0.299750       1013.9340    0.0000310149    0.0005870018   64.6101349083   60.6750572874   -1.6498964110 
