  #sigma_s    Temp(C) Press(Mpa) p_meanfield density (kg/m^3)      kappa      alpha Cp(J/molK) Cv(J/molK)  mu(J/mol)
   0.0000000000   -173.000      100.000000   0.217556        946.6860    0.0000216866    0.0007062824   59.1104248297   55.2712866913   -2.1195095628 
   0.0000000000   -172.000      100.000000   0.217344        946.0226    0.0000216033    0.0006958464   59.0180030224   55.2338342314   -2.1185597651 
   0.0000000000   -171.000      100.000000   0.217136        945.3694    0.0000215186    0.0006855693   58.9282072557   55.1981687848   -2.1176135166 
   0.0000000000   -170.000      100.000000   0.216932        944.7263    0.0000214326    0.0006754488   58.8409529083   55.1642217499   -2.1166707498 
   0.0000000000   -169.000      100.000000   0.216730        944.0931    0.0000213456    0.0006654824   58.7561626226   55.1319334432   -2.1157313970 
   0.0000000000   -168.000      100.000000   0.216532        943.4697    0.0000212577    0.0006556670   58.6737662560   55.1012531008   -2.1147953905 
   0.0000000000   -167.000      100.000000   0.216337        942.8558    0.0000211691    0.0006459993   58.5937007365   55.0721388252   -2.1138626624 
   0.0000000000   -166.000      100.000000   0.216145        942.2514    0.0000210800    0.0006364755   58.5159100591   55.0445576413   -2.1129331443 
   0.0000000000   -165.000      100.000000   0.215957        941.6563    0.0000209904    0.0006270917   58.4403452600   55.0184855838   -2.1120067677 
   0.0000000000   -164.000      100.000000   0.215771        941.0704    0.0000209007    0.0006178433   58.3669645965   54.9939079818   -2.1110834630 
   0.0000000000   -163.000      100.000000   0.215588        940.4934    0.0000208110    0.0006087254   58.2957335400   54.9708195465   -2.1101631604 
   0.0000000000   -162.000      100.000000   0.215408        939.9253    0.0000207215    0.0005997327   58.2266251468   54.9492249876   -2.1092457886 
   0.0000000000   -161.000      100.000000   0.215231        939.3660    0.0000206324    0.0005908593   58.1596200429   54.9291390455   -2.1083312756 
   0.0000000000   -160.000      100.000000   0.215057        938.8152    0.0000205438    0.0005820990   58.0947069035   54.9105871954   -2.1074195475 
   0.0000000000   -159.000      100.000000   0.214886        938.2730    0.0000204561    0.0005734450   58.0318827186   54.8936061343   -2.1065105291 
   0.0000000000   -158.000      100.000000   0.214717        937.7391    0.0000203695    0.0005648899   57.9711531639   54.8782443147   -2.1056041430 
   0.0000000000   -157.000      100.000000   0.214551        937.2135    0.0000202842    0.0005564258   57.9125330299   54.8645626228   -2.1047003093 
   0.0000000000   -156.000      100.000000   0.214388        936.6961    0.0000202005    0.0005480442   57.8560467476   54.8526351515   -2.1037989457 
   0.0000000000   -155.000      100.000000   0.214227        936.1868    0.0000201186    0.0005397357   57.8017288990   54.8425499689   -2.1028999664 
   0.0000000000   -154.000      100.000000   0.214069        935.6855    0.0000200390    0.0005314904   57.7496248442   54.8344100220   -2.1020032823 
   0.0000000000   -153.000      100.000000   0.213914        935.1921    0.0000199618    0.0005232976   57.6997913119   54.8283340252   -2.1011088001 
   0.0000000000   -152.000      100.000000   0.213761        934.7067    0.0000198875    0.0005151457   57.6522971826   54.8244575724   -2.1002164217 
   0.0000000000   -151.000      100.000000   0.213611        934.2291    0.0000198165    0.0005070223   57.6072242192   54.8229341965   -2.0993260440 
   0.0000000000   -150.000      100.000000   0.213463        933.7593    0.0000197491    0.0004989140   57.5646678295   54.8239364409   -2.0984375580 
   0.0000000000   -149.000      100.000000   0.213318        933.2974    0.0000196858    0.0004908064   57.5247380930   54.8276573250   -2.0975508481 
   0.0000000000   -148.000      100.000000   0.213175        932.8432    0.0000196271    0.0004826839   57.4875605731   54.8343114966   -2.0966657915 
   0.0000000000   -147.000      100.000000   0.213035        932.3968    0.0000195735    0.0004745300   57.4532773662   54.8441366999   -2.0957822570 
   0.0000000000   -146.000      100.000000   0.212897        931.9583    0.0000195256    0.0004663268   57.4220481749   54.8573952471   -2.0949001049 
   0.0000000000   -145.000      100.000000   0.212762        931.5277    0.0000194839    0.0004580549   57.3940514662   54.8743756485   -2.0940191851 
   0.0000000000   -144.000      100.000000   0.212630        931.1050    0.0000194492    0.0004496939   57.3694856246   54.8953941916   -2.0931393368 
   0.0000000000   -143.000      100.000000   0.212500        930.6903    0.0000194221    0.0004412214   57.3485702295   54.9207966884   -2.0922603872 
   0.0000000000   -142.000      100.000000   0.212372        930.2837    0.0000194034    0.0004326138   57.3315474004   54.9509603126   -2.0913821502 
   0.0000000000   -141.000      100.000000   0.212248        929.8854    0.0000193940    0.0004238455   57.3186831656   54.9862954436   -2.0905044252 
   0.0000000000   -140.000      100.000000   0.212126        929.4955    0.0000193946    0.0004148891   57.3102689387   55.0272476486   -2.0896269959 
   0.0000000000   -139.000      100.000000   0.212006        929.1142    0.0000194064    0.0004057155   57.3066230532   55.0742997441   -2.0887496285 
   0.0000000000   -138.000      100.000000   0.211890        928.7417    0.0000194302    0.0003962931   57.3080923434   55.1279738840   -2.0878720706 
   0.0000000000   -137.000      100.000000   0.211776        928.3782    0.0000194673    0.0003865884   57.3150538091   55.1888337459   -2.0869940493 
   0.0000000000   -136.000      100.000000   0.211665        928.0240    0.0000195188    0.0003765652   57.3279163204   55.2574867516   -2.0861152693 
   0.0000000000   -135.000      100.000000   0.211558        927.6794    0.0000195861    0.0003661852   57.3471224224   55.3345864113   -2.0852354111 
   0.0000000000   -134.000      100.000000   0.211453        927.3447    0.0000196705    0.0003554069   57.3731501317   55.4208345908   -2.0843541293 
   0.0000000000   -133.000      100.000000   0.211352        927.0203    0.0000197736    0.0003441864   57.4065149070   55.5169840510   -2.0834710497 
   0.0000000000   -132.000      100.000000   0.211254        926.7067    0.0000198969    0.0003324763   57.4477714595   55.6238406520   -2.0825857677 
   0.0000000000   -131.000      100.000000   0.211160        926.4043    0.0000200423    0.0003202262   57.4975158379   55.7422659385   -2.0816978456 
   0.0000000000   -130.000      100.000000   0.211069        926.1135    0.0000202115    0.0003073821   57.5563874088   55.8731795472   -2.0808068096 
   0.0000000000   -129.000      100.000000   0.210982        925.8351    0.0000204067    0.0002938864   57.6250708731   56.0175615623   -2.0799121477 
   0.0000000000   -128.000      100.000000   0.210899        925.5696    0.0000206300    0.0002796773   57.7042982679   56.1764548275   -2.0790133059 
   0.0000000000   -127.000      100.000000   0.210821        925.3176    0.0000208837    0.0002646889   57.7948511365   56.3509674140   -2.0781096857 
   0.0000000000   -126.000      100.000000   0.210747        925.0800    0.0000211704    0.0002488506   57.8975623986   56.5422745812   -2.0772006403 
   0.0000000000   -125.000      100.000000   0.210677        924.8575    0.0000214927    0.0002320872   58.0133184014   56.7516209199   -2.0762854711 
   0.0000000000   -124.000      100.000000   0.210613        924.6510    0.0000218536    0.0002143179   58.1430608176   56.9803221697   -2.0753634239 
   0.0000000000   -123.000      100.000000   0.210554        924.4615    0.0000222563    0.0001954567   58.2877884847   57.2297668451   -2.0744336846 
   0.0000000000   -122.000      100.000000   0.210501        924.2899    0.0000227040    0.0001754113   58.4485590132   57.5014174031   -2.0734953749 
   0.0000000000   -121.000      100.000000   0.210453        924.1376    0.0000232006    0.0001540830   58.6264903854   57.7968112718   -2.0725475479 
   0.0000000000   -120.000      100.000000   0.210412        924.0056    0.0000237498    0.0001313664   58.8227622177   58.1175612071   -2.0715891826 
   0.0000000000   -119.000      100.000000   0.210378        923.8953    0.0000243559    0.0001071483   59.0386168111   58.4653552003   -2.0706191790 
   0.0000000000   -118.000      100.000000   0.210351        923.8081    0.0000250236    0.0000813077   59.2753598362   58.8419556139   -2.0696363526 
   0.0000000000   -117.000      100.000000   0.210331        923.7455    0.0000257577    0.0000537149   59.5343606708   59.2491976266   -2.0686394277 
   0.0000000000   -116.000      100.000000   0.210320        923.7094    0.0000265637    0.0000242307   59.8170521651   59.6889865396   -2.0676270321 
   0.0000000000   -115.000      100.000000   0.210318        923.7014    0.0000274472   -0.0000072941   60.1249299188   60.1632941026   -2.0665976892 
   0.0000000000   -114.000      100.000000   0.210324        923.7235    0.0000284146   -0.0000410196   60.4595507662   60.6741533210   -2.0655498116 
   0.0000000000   -113.000      100.000000   0.210341        923.7779    0.0000294726   -0.0000771178   60.8225305208   61.2236518059   -2.0644816933 
   0.0000000000   -112.000      100.000000   0.210369        923.8667    0.0000306286   -0.0001157736   61.2155406504   61.8139230768   -2.0633915012 
   0.0000000000   -111.000      100.000000   0.210408        923.9926    0.0000318906   -0.0001571857   61.6403038654   62.4471357849   -2.0622772670 
   0.0000000000   -110.000      100.000000   0.210459        924.1581    0.0000332673   -0.0002015679   62.0985883047   63.1254802392   -2.0611368780 
   0.0000000000   -109.000      100.000000   0.210524        924.3661    0.0000347682   -0.0002491506   62.5922001415   63.8511519518   -2.0599680675 
   0.0000000000   -108.000      100.000000   0.210603        924.6197    0.0000364036   -0.0003001817   63.1229743186   64.6263315996   -2.0587684050 
   0.0000000000   -107.000      100.000000   0.210697        924.9222    0.0000381847   -0.0003549286   63.6927630805   65.4531608365   -2.0575352855 
   0.0000000000   -106.000      100.000000   0.210808        925.2774    0.0000401240   -0.0004136795   64.3034219492   66.3337132529   -2.0562659189 
   0.0000000000   -105.000      100.000000   0.210937        925.6893    0.0000422355   -0.0004767658   64.9569997290   67.2702628550   -2.0549562613 
   0.0000000000   -104.000      100.000000   0.211084        926.1617    0.0000445328   -0.0005444892   65.6549573074   68.2641285985   -2.0536049595 
   0.0000000000   -103.000      100.000000   0.211251        926.6994    0.0000470327   -0.0006172273   66.3992064288   69.3171832233   -2.0522077366 
   0.0000000000   -102.000      100.000000   0.211441        927.3073    0.0000497529   -0.0006953711   67.1914157669   70.4308219851   -2.0507609252 
   0.0000000000   -101.000      100.000000   0.211655        927.9908    0.0000527128   -0.0007793419   68.0331334466   71.6061253560   -2.0492606100 
   0.0000000000   -100.000      100.000000   0.211894        928.7556    0.0000559340   -0.0008695931   68.9257462588   72.8437802706   -2.0477026167 
   0.0000000000    -99.000      100.000000   0.212160        929.6080    0.0000594400   -0.0009666117   69.8704312080   74.1439876970   -2.0460825020 
   0.0000000000    -98.000      100.000000   0.212456        930.5547    0.0000632566   -0.0010709191   70.8680980533   75.5063548058   -2.0443955457 
   0.0000000000    -97.000      100.000000   0.212786        931.6040    0.0000674147   -0.0011831303   71.9198129398   76.9304687462   -2.0426349701 
   0.0000000000    -96.000      100.000000   0.213149        932.7623    0.0000719414   -0.0013037417   73.0249565828   78.4132385354   -2.0407983807 
   0.0000000000    -95.000      100.000000   0.213550        934.0388    0.0000768724   -0.0014334145   74.1835448826   79.9521792180   -2.0388788572 
   0.0000000000    -94.000      100.000000   0.213992        935.4427    0.0000822444   -0.0015727917   75.3946280805   81.5430916366   -2.0368704962 
   0.0000000000    -93.000      100.000000   0.214478        936.9840    0.0000880972   -0.0017225270   76.6565018406   83.1803391335   -2.0347671407 
   0.0000000000    -92.000      100.000000   0.215012        938.6749    0.0000944782   -0.0018833856   77.9673676653   84.8577078098   -2.0325598019 
   0.0000000000    -91.000      100.000000   0.215597        940.5242    0.0001014238   -0.0020557989   79.3222313831   86.5641910870   -2.0302460297 
   0.0000000000    -90.000      100.000000   0.216238        942.5451    0.0001089826   -0.0022403799   80.7166094570   88.2890488745   -2.0278173221 
   0.0000000000    -89.000      100.000000   0.216939        944.7523    0.0001172060   -0.0024376702   82.1447191841   90.0193235129   -2.0252642894 
   0.0000000000    -88.000      100.000000   0.217705        947.1559    0.0001261245   -0.0026476162   83.5965932629   91.7363083606   -2.0225846400 
   0.0000000000    -87.000      100.000000   0.218539        949.7706    0.0001357751   -0.0028701192   85.0618192834   93.4205951182   -2.0197705028 
   0.0000000000    -86.000      100.000000   0.219450        952.6125    0.0001461861   -0.0031046779   86.5276459365   95.0498547162   -2.0168129711 
   0.0000000000    -85.000      100.000000   0.220438        955.6896    0.0001573349   -0.0033494633   87.9749440900   96.5947571722   -2.0137135390 
   0.0000000000    -84.000      100.000000   0.221512        959.0179    0.0001691961   -0.0036022970   89.3840014621   98.0264801476   -2.0104638845 
   0.0000000000    -83.000      100.000000   0.222670        962.6005    0.0001816523   -0.0038588177   90.7267182238   99.3091664327   -2.0070699311 
   0.0000000000    -82.000      100.000000   0.223920        966.4470    0.0001945504   -0.0041136204   91.9729142154  100.4080535009   -2.0035290183 
   0.0000000000    -81.000      100.000000   0.225257        970.5485    0.0002075943   -0.0043582676   93.0831818711  101.2842066467   -1.9998558547 
   0.0000000000    -80.000      100.000000   0.226683        974.9007    0.0002204186   -0.0045828552   94.0160654497  101.9028472656   -1.9960571595 
   0.0000000000    -79.000      100.000000   0.228189        979.4771    0.0002324940   -0.0047746271   94.7238939193  102.2315080844   -1.9921574330 
   0.0000000000    -78.000      100.000000   0.229763        984.2386    0.0002431924   -0.0049197381   95.1599013690  102.2468882250   -1.9881871295 
   0.0000000000    -77.000      100.000000   0.231392        989.1422    0.0002518694   -0.0050052499   95.2843994768  101.9380159908   -1.9841744859 
   0.0000000000    -76.000      100.000000   0.233053        994.1175    0.0002578903   -0.0050205117   95.0703797007  101.3095619884   -1.9801656724 
   0.0000000000    -75.000      100.000000   0.234723        999.0958    0.0002608181   -0.0049605700   94.5126571581  100.3828409293   -1.9761998382 
   0.0000000000    -74.000      100.000000   0.236378       1004.0020    0.0002604751   -0.0048272435   93.6311242015   99.1947113315   -1.9723175390 
   0.0000000000    -73.000      100.000000   0.237994       1008.7694    0.0002569961   -0.0046291604   92.4690356204   97.7924278939   -1.9685504077 
   0.0000000000    -72.000      100.000000   0.239546       1013.3277    0.0002507821   -0.0043803569   91.0896161378   96.2323399550   -1.9649336577 
   0.0000000000    -71.000      100.000000   0.241017       1017.6306    0.0002424265   -0.0040972990   89.5626929148   94.5689009738   -1.9614850711 
   0.0000000000    -70.000      100.000000   0.242399       1021.6567    0.0002325755   -0.0037956811   87.9530692224   92.8485682610   -1.9582062657 
   0.0000000000    -69.000      100.000000   0.243685       1025.3860    0.0002218407   -0.0034893369   86.3194881623   91.1138377078   -1.9551019513 
   0.0000000000    -68.000      100.000000   0.244872       1028.8160    0.0002107353   -0.0031887377   84.7068898474   89.3969929255   -1.9521671548 
   0.0000000000    -67.000      100.000000   0.245958       1031.9497    0.0001996573   -0.0029012493   83.1483003645   87.7230047876   -1.9493957095 
   0.0000000000    -66.000      100.000000   0.246953       1034.8080    0.0001888715   -0.0026308221   81.6615646331   86.1052324401   -1.9467700610 
   0.0000000000    -65.000      100.000000   0.247859       1037.4033    0.0001785623   -0.0023798648   80.2595234368   84.5555315411   -1.9442815651 
   0.0000000000    -64.000      100.000000   0.248680       1039.7515    0.0001688368   -0.0021491711   78.9479332935   83.0806959075   -1.9419203377 
   0.0000000000    -63.000      100.000000   0.249426       1041.8781    0.0001597318   -0.0019380291   77.7247907956   81.6804678556   -1.9396690137 
   0.0000000000    -62.000      100.000000   0.250100       1043.7982    0.0001512640   -0.0017456727   76.5887484622   80.3563175314   -1.9375197659 
   0.0000000000    -61.000      100.000000   0.250708       1045.5273    0.0001434241   -0.0015709267   75.5362253275   79.1076050092   -1.9354646940 
   0.0000000000    -60.000      100.000000   0.251258       1047.0875    0.0001361743   -0.0014120782   74.5600472786   77.9294530454   -1.9334896647 
   0.0000000000    -59.000      100.000000   0.251753       1048.4911    0.0001294840   -0.0012678418   73.6556662104   76.8199322397   -1.9315894268 
   0.0000000000    -58.000      100.000000   0.252197       1049.7496    0.0001233174   -0.0011369211   72.8181446724   75.7763913310   -1.9297589568 
   0.0000000000    -57.000      100.000000   0.252598       1050.8810    0.0001176251   -0.0010177610   72.0403115715   74.7930156967   -1.9279866982 
   0.0000000000    -56.000      100.000000   0.252957       1051.8938    0.0001123727   -0.0009093014   71.3180048276   73.8673421874   -1.9262698515 
   0.0000000000    -55.000      100.000000   0.253278       1052.7983    0.0001075227   -0.0008104490   70.6464271009   72.9957505295   -1.9246033094 
   0.0000000000    -54.000      100.000000   0.253563       1053.6040    0.0001030398   -0.0007202215   70.0211793504   72.1747694898   -1.9229825476 
   0.0000000000    -53.000      100.000000   0.253816       1054.3176    0.0000988941   -0.0006378012   69.4386955876   71.4016910777   -1.9214052429 
   0.0000000000    -52.000      100.000000   0.254041       1054.9503    0.0000950508   -0.0005622727   68.8943557048   70.6721071368   -1.9198640936 
   0.0000000000    -51.000      100.000000   0.254239       1055.5069    0.0000914861   -0.0004930200   68.3854523765   69.9838731306   -1.9183580425 
   0.0000000000    -50.000      100.000000   0.254412       1055.9937    0.0000881755   -0.0004294252   67.9090157710   69.3342735256   -1.9168842358 
   0.0000000000    -49.000      100.000000   0.254563       1056.4161    0.0000850970   -0.0003709398   67.4623685990   68.7207832611   -1.9154401211 
   0.0000000000    -48.000      100.000000   0.254690       1056.7779    0.0000822323   -0.0003171211   67.0434444915   68.1415422079   -1.9140251125 
   0.0000000000    -47.000      100.000000   0.254801       1057.0868    0.0000795597   -0.0002674361   66.6492971393   67.5933071000   -1.9126334434 
   0.0000000000    -46.000      100.000000   0.254893       1057.3453    0.0000770651   -0.0002215557   66.2784017576   67.0746718754   -1.9112653223 
   0.0000000000    -45.000      100.000000   0.254968       1057.5570    0.0000747339   -0.0001791351   65.9289793738   66.5837651111   -1.9099190611 
   0.0000000000    -44.000      100.000000   0.255029       1057.7256    0.0000725527   -0.0001398664   65.5994212558   66.1188535779   -1.9085931314 
   0.0000000000    -43.000      100.000000   0.255075       1057.8542    0.0000705095   -0.0001034737   65.2882705808   65.6783315536   -1.9072861457 
   0.0000000000    -42.000      100.000000   0.255107       1057.9457    0.0000685936   -0.0000697102   64.9942061033   65.2607107426   -1.9059968411 
   0.0000000000    -41.000      100.000000   0.255128       1058.0027    0.0000667951   -0.0000383538   64.7160276811   64.8646109108   -1.9047240655 
   0.0000000000    -40.000      100.000000   0.255135       1058.0267    0.0000651060   -0.0000092294   64.4528427595   64.4890466026   -1.9034682179 
   0.0000000000    -39.000      100.000000   0.255134       1058.0222    0.0000635160    0.0000178968   64.2032218197   64.1321859410   -1.9022252249 
   0.0000000000    -38.000      100.000000   0.255122       1057.9899    0.0000620189    0.0000431573   63.9664990173   63.7932802218   -1.9009958853 
   0.0000000000    -37.000      100.000000   0.255102       1057.9317    0.0000606081    0.0000666997   63.7418428822   63.4712994632   -1.8997793765 
   0.0000000000    -36.000      100.000000   0.255073       1057.8495    0.0000592772    0.0000886575   63.5284923492   63.1652852395   -1.8985749401 
   0.0000000000    -35.000      100.000000   0.255035       1057.7448    0.0000580208    0.0001091520   63.3257496909   62.8743449450   -1.8973818750 
   0.0000000000    -34.000      100.000000   0.254991       1057.6192    0.0000568336    0.0001282938   63.1329742806   62.5976466058   -1.8961995322 
   0.0000000000    -33.000      100.000000   0.254939       1057.4740    0.0000557109    0.0001461833   62.9495770325   62.3344141070   -1.8950273094 
   0.0000000000    -32.000      100.000000   0.254881       1057.3106    0.0000546484    0.0001629125   62.7750154708   62.0839228668   -1.8938646468 
   0.0000000000    -31.000      100.000000   0.254817       1057.1300    0.0000536421    0.0001785654   62.6087893338   61.8454958712   -1.8927110226 
   0.0000000000    -30.000      100.000000   0.254747       1056.9335    0.0000526883    0.0001932188   62.4504366647   61.6185000675   -1.8915659503 
   0.0000000000    -29.000      100.000000   0.254672       1056.7220    0.0000517837    0.0002069434   62.2995303055   61.4023430551   -1.8904289748 
   0.0000000000    -28.000      100.000000   0.254591       1056.4964    0.0000509250    0.0002198040   62.1556747742   61.1964700678   -1.8892996702 
   0.0000000000    -27.000      100.000000   0.254507       1056.2578    0.0000501095    0.0002318602   62.0185034604   61.0003612096   -1.8881776368 
   0.0000000000    -26.000      100.000000   0.254416       1056.0063    0.0000493349    0.0002431579   61.8877512584   60.8136512264   -1.8870635824 
   0.0000000000    -25.000      100.000000   0.254323       1055.7440    0.0000485978    0.0002537673   61.7629416363   60.6356222961   -1.8859548879 
   0.0000000000    -24.000      100.000000   0.254226       1055.4708    0.0000478965    0.0002637246   61.6438672265   60.4659849845   -1.8848524142 
   0.0000000000    -23.000      100.000000   0.254126       1055.1876    0.0000472288    0.0002730732   61.5302539342   60.3043352196   -1.8837558456 
   0.0000000000    -22.000      100.000000   0.254022       1054.8948    0.0000465927    0.0002818532   61.4218462848   60.1502931209   -1.8826648837 
   0.0000000000    -21.000      100.000000   0.253915       1054.5932    0.0000459864    0.0002901019   61.3184059176   60.0035013338   -1.8815792466 
   0.0000000000    -20.000      100.000000   0.253805       1054.2832    0.0000454083    0.0002978537   61.2197102234   59.8636234928   -1.8804986666 
   0.0000000000    -19.000      100.000000   0.253692       1053.9654    0.0000448566    0.0003051409   61.1255511166   59.7303428159   -1.8794228902 
   0.0000000000    -18.000      100.000000   0.253577       1053.6402    0.0000443300    0.0003119932   61.0357339105   59.6033607965   -1.8783516762 
   0.0000000000    -17.000      100.000000   0.253459       1053.3081    0.0000438271    0.0003184385   60.9500763022   59.4823960046   -1.8772847952 
   0.0000000000    -16.000      100.000000   0.253339       1052.9696    0.0000433465    0.0003245026   60.8684074455   59.3671829746   -1.8762220289 
   0.0000000000    -15.000      100.000000   0.253217       1052.6249    0.0000428871    0.0003302098   60.7905671048   59.2574711760   -1.8751631686 
   0.0000000000    -14.000      100.000000   0.253092       1052.2745    0.0000424478    0.0003355827   60.7164048864   59.1530240654   -1.8741080155 
   0.0000000000    -13.000      100.000000   0.252966       1051.9188    0.0000420275    0.0003406423   60.6457795298   59.0536181988   -1.8730563791 
   0.0000000000    -12.000      100.000000   0.252839       1051.5580    0.0000416251    0.0003454084   60.5785582680   58.9590424225   -1.8720080774 
   0.0000000000    -11.000      100.000000   0.252709       1051.1925    0.0000412399    0.0003498996   60.5146162294   58.8690971040   -1.8709629356 
   0.0000000000    -10.000      100.000000   0.252578       1050.8225    0.0000408709    0.0003541331   60.4538358992   58.7835934335   -1.8699207863 
   0.0000000000     -9.000      100.000000   0.252446       1050.4483    0.0000405174    0.0003581253   60.3961066201   58.7023527647   -1.8688814685 
   0.0000000000     -8.000      100.000000   0.252312       1050.0702    0.0000401785    0.0003618913   60.3413241320   58.6252060054   -1.8678448275 
   0.0000000000     -7.000      100.000000   0.252177       1049.6884    0.0000398535    0.0003654456   60.2893901515   58.5519930490   -1.8668107144 
   0.0000000000     -6.000      100.000000   0.252041       1049.3031    0.0000395418    0.0003688016   60.2402119809   58.4825622441   -1.8657789855 
   0.0000000000     -5.000      100.000000   0.251904       1048.9145    0.0000392428    0.0003719720   60.1937021481   58.4167698999   -1.8647495024 
   0.0000000000     -4.000      100.000000   0.251766       1048.5228    0.0000389558    0.0003749688   60.1497780760   58.3544798248   -1.8637221315 
   0.0000000000     -3.000      100.000000   0.251626       1048.1282    0.0000386803    0.0003778032   60.1083617744   58.2955628976   -1.8626967434 
   0.0000000000     -2.000      100.000000   0.251486       1047.7309    0.0000384158    0.0003804858   60.0693795545   58.2398966605   -1.8616732132 
   0.0000000000     -1.000      100.000000   0.251345       1047.3310    0.0000381617    0.0003830266   60.0327617660   58.1873649464   -1.8606514197 
   0.0000000000      0.000      100.000000   0.251203       1046.9287    0.0000379177    0.0003854351   59.9984425523   58.1378575239   -1.8596312457 
   0.0000000000      1.000      100.000000   0.251061       1046.5240    0.0000376833    0.0003877202   59.9663596224   58.0912697670   -1.8586125771 
   0.0000000000      2.000      100.000000   0.250916       1046.1168    0.0000374581    0.0003898880   59.9364716341   58.0475385406   -1.8575961917 
   0.0000000000      3.000      100.000000   0.250772       1045.7079    0.0000372416    0.0003919512   59.9086862728   58.0064946548   -1.8565801694 
   0.0000000000      4.000      100.000000   0.250628       1045.2971    0.0000370334    0.0003939150   59.8829698108   57.9680874184   -1.8555653325 
   0.0000000000      5.000      100.000000   0.250483       1044.8845    0.0000368334    0.0003957864   59.8592722357   57.9322316982   -1.8545515787 
   0.0000000000      6.000      100.000000   0.250337       1044.4701    0.0000366410    0.0003975722   59.8375461818   57.8988466008   -1.8535388088 
   0.0000000000      7.000      100.000000   0.250191       1044.0540    0.0000364561    0.0003992789   59.8177467811   57.8678552484   -1.8525269258 
   0.0000000000      8.000      100.000000   0.250044       1043.6364    0.0000362783    0.0004009125   59.7998315252   57.8391845658   -1.8515158352 
   0.0000000000      9.000      100.000000   0.249897       1043.2173    0.0000361074    0.0004024788   59.7837601348   57.8127650807   -1.8505054444 
   0.0000000000     10.000      100.000000   0.249749       1042.7967    0.0000359430    0.0004039832   59.7694944378   57.7885307352   -1.8494956633 
   0.0000000000     11.000      100.000000   0.249601       1042.3748    0.0000357850    0.0004054310   59.7569982559   57.7664187099   -1.8484864034 
   0.0000000000     12.000      100.000000   0.249452       1041.9515    0.0000356331    0.0004068270   59.7462372982   57.7463692562   -1.8474775781 
   0.0000000000     13.000      100.000000   0.249303       1041.5270    0.0000354872    0.0004081761   59.7371790605   57.7283255397   -1.8464691029 
   0.0000000000     14.000      100.000000   0.249154       1041.1013    0.0000353469    0.0004094826   59.7297927317   57.7122334920   -1.8454608944 
   0.0000000000     15.000      100.000000   0.249005       1040.6744    0.0000352121    0.0004107508   59.7240491067   57.6980416717   -1.8444528712 
   0.0000000000     16.000      100.000000   0.248855       1040.2464    0.0000350826    0.0004119848   59.7199205022   57.6857011312   -1.8434449531 
   0.0000000000     17.000      100.000000   0.248704       1039.8173    0.0000349583    0.0004131884   59.7173806803   57.6751652937   -1.8424370616 
   0.0000000000     18.000      100.000000   0.248554       1039.3871    0.0000348389    0.0004143653   59.7164047740   57.6663898351   -1.8414291192 
   0.0000000000     19.000      100.000000   0.248403       1038.9559    0.0000347243    0.0004155190   59.7169692200   57.6593325732   -1.8404210498 
   0.0000000000     20.000      100.000000   0.248252       1038.5237    0.0000346144    0.0004166528   59.7190516923   57.6539533628   -1.8394127784 
   0.0000000000     21.000      100.000000   0.248100       1038.0906    0.0000345091    0.0004177699   59.7226310427   57.6502139968   -1.8384042313 
   0.0000000000     22.000      100.000000   0.247949       1037.6564    0.0000344081    0.0004188734   59.7276872419   57.6480781123   -1.8373953357 
   0.0000000000     23.000      100.000000   0.247797       1037.2213    0.0000343114    0.0004199662   59.7342013264   57.6475111019   -1.8363860196 
   0.0000000000     24.000      100.000000   0.247644       1036.7852    0.0000342189    0.0004210511   59.7421553462   57.6484800300   -1.8353762124 
   0.0000000000     25.000      100.000000   0.247492       1036.3482    0.0000341304    0.0004221307   59.7515323178   57.6509535536   -1.8343658441 
   0.0000000000     26.000      100.000000   0.247339       1035.9103    0.0000340459    0.0004232075   59.7623161772   57.6549018463   -1.8333548454 
   0.0000000000     27.000      100.000000   0.247186       1035.4714    0.0000339652    0.0004242841   59.7744917375   57.6602965275   -1.8323431482 
   0.0000000000     28.000      100.000000   0.247033       1035.0316    0.0000338882    0.0004253627   59.7880446487   57.6671105960   -1.8313306846 
   0.0000000000     29.000      100.000000   0.246879       1034.5909    0.0000338150    0.0004264456   59.8029613576   57.6753183640   -1.8303173880 
   0.0000000000     30.000      100.000000   0.246725       1034.1492    0.0000337453    0.0004275350   59.8192290726   57.6848953982   -1.8293031919 
   0.0000000000     31.000      100.000000   0.246571       1033.7066    0.0000336791    0.0004286328   59.8368357287   57.6958184610   -1.8282880308 
   0.0000000000     32.000      100.000000   0.246417       1033.2631    0.0000336163    0.0004297411   59.8557699546   57.7080654571   -1.8272718397 
   0.0000000000     33.000      100.000000   0.246262       1032.8186    0.0000335569    0.0004308618   59.8760210421   57.7216153807   -1.8262545539 
   0.0000000000     34.000      100.000000   0.246107       1032.3731    0.0000335008    0.0004319967   59.8975789163   57.7364482673   -1.8252361095 
   0.0000000000     35.000      100.000000   0.245952       1031.9266    0.0000334480    0.0004331475   59.9204341080   57.7525451461   -1.8242164430 
   0.0000000000     36.000      100.000000   0.245797       1031.4791    0.0000333983    0.0004343160   59.9445777268   57.7698879963   -1.8231954913 
   0.0000000000     37.000      100.000000   0.245641       1031.0306    0.0000333517    0.0004355038   59.9700014365   57.7884597046   -1.8221731918 
   0.0000000000     38.000      100.000000   0.245485       1030.5811    0.0000333083    0.0004367124   59.9966974308   57.8082440257   -1.8211494821 
   0.0000000000     39.000      100.000000   0.245329       1030.1305    0.0000332679    0.0004379433   60.0246584108   57.8292255435   -1.8201243003 
   0.0000000000     40.000      100.000000   0.245172       1029.6788    0.0000332304    0.0004391981   60.0538775632   57.8513896355   -1.8190975848 
   0.0000000000     41.000      100.000000   0.245015       1029.2260    0.0000331960    0.0004404781   60.0843485401   57.8747224383   -1.8180692744 
   0.0000000000     42.000      100.000000   0.244858       1028.7721    0.0000331644    0.0004417847   60.1160654389   57.8992108142   -1.8170393080 
   0.0000000000     43.000      100.000000   0.244700       1028.3170    0.0000331357    0.0004431191   60.1490227843   57.9248423208   -1.8160076249 
   0.0000000000     44.000      100.000000   0.244542       1027.8607    0.0000331099    0.0004444828   60.1832155098   57.9516051808   -1.8149741646 
   0.0000000000     45.000      100.000000   0.244384       1027.4033    0.0000330869    0.0004458769   60.2186389415   57.9794882540   -1.8139388667 
   0.0000000000     46.000      100.000000   0.244225       1026.9445    0.0000330667    0.0004473025   60.2552887811   58.0084810099   -1.8129016712 
   0.0000000000     47.000      100.000000   0.244066       1026.4846    0.0000330492    0.0004487609   60.2931610912   58.0385735022   -1.8118625181 
   0.0000000000     48.000      100.000000   0.243907       1026.0232    0.0000330345    0.0004502532   60.3322522800   58.0697563443   -1.8108213476 
   0.0000000000     49.000      100.000000   0.243747       1025.5606    0.0000330225    0.0004517805   60.3725590871   58.1020206857   -1.8097781001 
   0.0000000000     50.000      100.000000   0.243587       1025.0966    0.0000330133    0.0004533438   60.4140785704   58.1353581899   -1.8087327160 
   0.0000000000     51.000      100.000000   0.243426       1024.6311    0.0000330067    0.0004549441   60.4568080928   58.1697610128   -1.8076851358 
   0.0000000000     52.000      100.000000   0.243265       1024.1643    0.0000330028    0.0004565825   60.5007453095   58.2052217819   -1.8066353003 
   0.0000000000     53.000      100.000000   0.243103       1023.6959    0.0000330016    0.0004582600   60.5458881565   58.2417335777   -1.8055831500 
   0.0000000000     54.000      100.000000   0.242942       1023.2260    0.0000330030    0.0004599774   60.5922348386   58.2792899142   -1.8045286257 
   0.0000000000     55.000      100.000000   0.242779       1022.7546    0.0000330071    0.0004617358   60.6397838188   58.3178847214   -1.8034716682 
   0.0000000000     56.000      100.000000   0.242616       1022.2815    0.0000330138    0.0004635360   60.6885338072   58.3575123278   -1.8024122183 
   0.0000000000     57.000      100.000000   0.242453       1021.8068    0.0000330231    0.0004653789   60.7384837510   58.3981674444   -1.8013502167 
   0.0000000000     58.000      100.000000   0.242289       1021.3305    0.0000330351    0.0004672653   60.7896328241   58.4398451485   -1.8002856043 
   0.0000000000     59.000      100.000000   0.242125       1020.8524    0.0000330497    0.0004691962   60.8419804179   58.4825408689   -1.7992183217 
   0.0000000000     60.000      100.000000   0.241960       1020.3725    0.0000330669    0.0004711724   60.8955261320   58.5262503711   -1.7981483096 
   0.0000000000     61.000      100.000000   0.241794       1019.8908    0.0000330868    0.0004731946   60.9502697645   58.5709697435   -1.7970755087 
   0.0000000000     62.000      100.000000   0.241628       1019.4073    0.0000331093    0.0004752636   61.0062113040   58.6166953836   -1.7959998597 
   0.0000000000     63.000      100.000000   0.241462       1018.9218    0.0000331344    0.0004773803   61.0633509205   58.6634239856   -1.7949213029 
   0.0000000000     64.000      100.000000   0.241294       1018.4344    0.0000331621    0.0004795455   61.1216889574   58.7111525271   -1.7938397787 
   0.0000000000     65.000      100.000000   0.241127       1017.9450    0.0000331925    0.0004817597   61.1812259231   58.7598782578   -1.7927552276 
   0.0000000000     66.000      100.000000   0.240958       1017.4536    0.0000332255    0.0004840239   61.2419624832   58.8095986874   -1.7916675897 
   0.0000000000     67.000      100.000000   0.240789       1016.9601    0.0000332611    0.0004863388   61.3038994524   58.8603115741   -1.7905768051 
   0.0000000000     68.000      100.000000   0.240619       1016.4644    0.0000332994    0.0004887050   61.3670377874   58.9120149144   -1.7894828137 
   0.0000000000     69.000      100.000000   0.240449       1015.9665    0.0000333404    0.0004911232   61.4313785789   58.9647069316   -1.7883855552 
   0.0000000000     70.000      100.000000   0.240278       1015.4665    0.0000333841    0.0004935943   61.4969230443   59.0183860663   -1.7872849694 
   0.0000000000     71.000      100.000000   0.240106       1014.9641    0.0000334304    0.0004961187   61.5636725206   59.0730509657   -1.7861809958 
   0.0000000000     72.000      100.000000   0.239934       1014.4594    0.0000334795    0.0004986974   61.6316284571   59.1287004745   -1.7850735735 
   0.0000000000     73.000      100.000000   0.239761       1013.9522    0.0000335312    0.0005013308   61.7007924081   59.1853336249   -1.7839626418 
   0.0000000000     74.000      100.000000   0.239587       1013.4427    0.0000335857    0.0005040197   61.7711660260   59.2429496276   -1.7828481396 
   0.0000000000     75.000      100.000000   0.239412       1012.9306    0.0000336430    0.0005067648   61.8427510542   59.3015478626   -1.7817300055 
   0.0000000000     76.000      100.000000   0.239237       1012.4160    0.0000337029    0.0005095666   61.9155493202   59.3611278705   -1.7806081781 
   0.0000000000     77.000      100.000000   0.239060       1011.8988    0.0000337657    0.0005124259   61.9895627285   59.4216893436   -1.7794825958 
   0.0000000000     78.000      100.000000   0.238883       1011.3790    0.0000338312    0.0005153432   62.0647932539   59.4832321177   -1.7783531966 
   0.0000000000     79.000      100.000000   0.238705       1010.8564    0.0000338996    0.0005183192   62.1412429341   59.5457561632   -1.7772199183 
   0.0000000000     80.000      100.000000   0.238526       1010.3311    0.0000339708    0.0005213546   62.2189138636   59.6092615774   -1.7760826985 
   0.0000000000     81.000      100.000000   0.238347       1009.8029    0.0000340448    0.0005244499   62.2978081856   59.6737485759   -1.7749414747 
   0.0000000000     82.000      100.000000   0.238166       1009.2719    0.0000341217    0.0005276058   62.3779280860   59.7392174848   -1.7737961839 
   0.0000000000     83.000      100.000000   0.237985       1008.7379    0.0000342015    0.0005308228   62.4592757858   59.8056687328   -1.7726467630 
   0.0000000000     84.000      100.000000   0.237803       1008.2009    0.0000342842    0.0005341016   62.5418535343   59.8731028429   -1.7714931486 
   0.0000000000     85.000      100.000000   0.237619       1007.6609    0.0000343698    0.0005374429   62.6256636018   59.9415204251   -1.7703352770 
   0.0000000000     86.000      100.000000   0.237435       1007.1178    0.0000344584    0.0005408470   62.7107082726   60.0109221684   -1.7691730842 
   0.0000000000     87.000      100.000000   0.237250       1006.5715    0.0000345500    0.0005443148   62.7969898376   60.0813088330   -1.7680065061 
   0.0000000000     88.000      100.000000   0.237064       1006.0220    0.0000346446    0.0005478468   62.8845105872   60.1526812425   -1.7668354781 
   0.0000000000     89.000      100.000000   0.236876       1005.4692    0.0000347422    0.0005514434   62.9732728032   60.2250402766   -1.7656599354 
   0.0000000000     90.000      100.000000   0.236688       1004.9130    0.0000348428    0.0005551055   63.0632787524   60.2983868630   -1.7644798129 
   0.0000000000     91.000      100.000000   0.236499       1004.3535    0.0000349466    0.0005588334   63.1545306780   60.3727219698   -1.7632950452 
   0.0000000000     92.000      100.000000   0.236308       1003.7905    0.0000350534    0.0005626278   63.2470307924   60.4480465982   -1.7621055667 
   0.0000000000     93.000      100.000000   0.236117       1003.2239    0.0000351634    0.0005664893   63.3407812692   60.5243617742   -1.7609113112 
   0.0000000000     94.000      100.000000   0.235924       1002.6538    0.0000352765    0.0005704183   63.4357842351   60.6016685410   -1.7597122126 
   0.0000000000     95.000      100.000000   0.235731       1002.0800    0.0000353929    0.0005744156   63.5320417624   60.6799679515   -1.7585082042 
   0.0000000000     96.000      100.000000   0.235536       1001.5026    0.0000355125    0.0005784815   63.6295558599   60.7592610602   -1.7572992191 
   0.0000000000     97.000      100.000000   0.235340       1000.9213    0.0000356353    0.0005826168   63.7283284654   60.8395489153   -1.7560851901 
   0.0000000000     98.000      100.000000   0.235143       1000.3362    0.0000357614    0.0005868219   63.8283614367   60.9208325508   -1.7548660495 
   0.0000000000     99.000      100.000000   0.234945        999.7473    0.0000358908    0.0005910974   63.9296565431   61.0031129784   -1.7536417296 
   0.0000000000    100.000      100.000000   0.234745        999.1543    0.0000360235    0.0005954437   64.0322154567   61.0863911797   -1.7524121621 
   0.0000000000    101.000      100.000000   0.234544        998.5573    0.0000361597    0.0005998615   64.1360397433   61.1706680975   -1.7511772786 
   0.0000000000    102.000      100.000000   0.234342        997.9563    0.0000362992    0.0006043513   64.2411308533   61.2559446278   -1.7499370102 
   0.0000000000    103.000      100.000000   0.234139        997.3511    0.0000364422    0.0006089136   64.3474901127   61.3422216116   -1.7486912879 
   0.0000000000    104.000      100.000000   0.233934        996.7417    0.0000365886    0.0006135489   64.4551187132   61.4294998260   -1.7474400422 
   0.0000000000    105.000      100.000000   0.233728        996.1280    0.0000367386    0.0006182577   64.5640177032   61.5177799759   -1.7461832033 
   0.0000000000    106.000      100.000000   0.233521        995.5099    0.0000368921    0.0006230405   64.6741879772   61.6070626854   -1.7449207013 
   0.0000000000    107.000      100.000000   0.233312        994.8874    0.0000370492    0.0006278978   64.7856302668   61.6973484886   -1.7436524657 
   0.0000000000    108.000      100.000000   0.233102        994.2605    0.0000372098    0.0006328302   64.8983451295   61.7886378210   -1.7423784259 
   0.0000000000    109.000      100.000000   0.232891        993.6290    0.0000373741    0.0006378380   65.0123329394   61.8809310103   -1.7410985109 
   0.0000000000    110.000      100.000000   0.232678        992.9929    0.0000375421    0.0006429218   65.1275938760   61.9742282673   -1.7398126495 
   0.0000000000    111.000      100.000000   0.232464        992.3522    0.0000377138    0.0006480820   65.2441279138   62.0685296762   -1.7385207702 
   0.0000000000    112.000      100.000000   0.232248        991.7066    0.0000378893    0.0006533191   65.3619348113   62.1638351860   -1.7372228011 
   0.0000000000    113.000      100.000000   0.232031        991.0563    0.0000380685    0.0006586336   65.4810141002   62.2601445998   -1.7359186702 
   0.0000000000    114.000      100.000000   0.231813        990.4011    0.0000382516    0.0006640258   65.6013650735   62.3574575660   -1.7346083051 
   0.0000000000    115.000      100.000000   0.231593        989.7410    0.0000384385    0.0006694962   65.7229867750   62.4557735678   -1.7332916331 
   0.0000000000    116.000      100.000000   0.231371        989.0758    0.0000386292    0.0006750452   65.8458779871   62.5550919135   -1.7319685814 
   0.0000000000    117.000      100.000000   0.231148        988.4056    0.0000388240    0.0006806732   65.9700372189   62.6554117260   -1.7306390769 
   0.0000000000    118.000      100.000000   0.230923        987.7302    0.0000390226    0.0006863807   66.0954626946   62.7567319332   -1.7293030463 
   0.0000000000    119.000      100.000000   0.230697        987.0497    0.0000392253    0.0006921679   66.2221523412   62.8590512564   -1.7279604159 
   0.0000000000    120.000      100.000000   0.230469        986.3638    0.0000394320    0.0006980352   66.3501037762   62.9623682007   -1.7266111119 
   0.0000000000    121.000      100.000000   0.230239        985.6726    0.0000396428    0.0007039831   66.4793142948   63.0666810438   -1.7252550605 
   0.0000000000    122.000      100.000000   0.230008        984.9760    0.0000398577    0.0007100118   66.6097808576   63.1719878250   -1.7238921874 
   0.0000000000    123.000      100.000000   0.229775        984.2739    0.0000400767    0.0007161216   66.7415000778   63.2782863343   -1.7225224183 
   0.0000000000    124.000      100.000000   0.229541        983.5662    0.0000402999    0.0007223129   66.8744682079   63.3855741013   -1.7211456788 
   0.0000000000    125.000      100.000000   0.229305        982.8529    0.0000405274    0.0007285859   67.0086811265   63.4938483836   -1.7197618941 
   0.0000000000    126.000      100.000000   0.229067        982.1340    0.0000407590    0.0007349410   67.1441343256   63.6031061554   -1.7183709895 
