  #sigma_s    Temp(C) Press(Mpa) p_meanfield density (kg/m^3)      kappa      alpha Cp(J/molK) Cv(J/molK)  mu(J/mol)
   0.0000000000   -173.000      290.000000   0.463359       1266.4380    0.0000157362    0.0009414195   74.9809125274   66.9061004392   -1.9189948222 
   0.0000000000   -172.000      290.000000   0.462858       1265.2620    0.0000140153    0.0009303906   74.8644959648   66.7638967468   -1.9176475929 
   0.0000000000   -171.000      290.000000   0.462356       1264.0850    0.0000147672    0.0009316415   74.4824089288   66.4216478923   -1.9162989793 
   0.0000000000   -170.000      290.000000   0.461856       1262.9073    0.0000150176    0.0009388240   74.2579560608   66.1508167757   -1.9149519210 
   0.0000000000   -169.000      290.000000   0.461356       1261.7317    0.0000149149    0.0009372776   74.0528861662   65.9504171020   -1.9136046379 
   0.0000000000   -168.000      290.000000   0.460857       1260.5560    0.0000150300    0.0009340788   73.8054953220   65.7369730466   -1.9122589837 
   0.0000000000   -167.000      290.000000   0.460358       1259.3809    0.0000148655    0.0009305516   73.6167155765   65.5658568955   -1.9109133223 
   0.0000000000   -166.000      290.000000   0.459860       1258.2070    0.0000148496    0.0009312078   73.3968838243   65.3376890795   -1.9095685832 
   0.0000000000   -165.000      290.000000   0.459364       1257.0332    0.0000154143    0.0009338219   73.1726083975   65.1275072979   -1.9082245058 
   0.0000000000   -164.000      290.000000   0.458868       1255.8611    0.0000154346    0.0009316324   72.9893224901   64.9627778602   -1.9068813952 
   0.0000000000   -163.000      290.000000   0.458372       1254.6892    0.0000157851    0.0009334200   72.7819836957   64.7618491345   -1.9055388808 
   0.0000000000   -162.000      290.000000   0.457878       1253.5186    0.0000159247    0.0009334608   72.5833585142   64.5704425065   -1.9041971965 
   0.0000000000   -161.000      290.000000   0.457383       1252.3487    0.0000158824    0.0009326896   72.3857186878   64.3748705018   -1.9028572933 
   0.0000000000   -160.000      290.000000   0.456891       1251.1802    0.0000161998    0.0009336255   72.1993426327   64.1997012163   -1.9015172250 
   0.0000000000   -159.000      290.000000   0.456399       1250.0129    0.0000164419    0.0009340143   72.0187191336   64.0298612889   -1.9001780746 
   0.0000000000   -158.000      290.000000   0.455909       1248.8468    0.0000165694    0.0009332498   71.8374230334   63.8616035566   -1.8988398730 
   0.0000000000   -157.000      290.000000   0.455419       1247.6821    0.0000166980    0.0009328962   71.6656318089   63.6993483519   -1.8975026146 
   0.0000000000   -156.000      290.000000   0.454931       1246.5188    0.0000168502    0.0009326693   71.4958995274   63.5395327345   -1.8961663015 
   0.0000000000   -155.000      290.000000   0.454443       1245.3568    0.0000170268    0.0009323350   71.3271170004   63.3830883926   -1.8948310234 
   0.0000000000   -154.000      290.000000   0.453957       1244.1964    0.0000171896    0.0009320887   71.1625163505   63.2291044593   -1.8934967767 
   0.0000000000   -153.000      290.000000   0.453472       1243.0376    0.0000173473    0.0009315645   71.0035707254   63.0827408078   -1.8921635933 
   0.0000000000   -152.000      290.000000   0.452988       1241.8804    0.0000175153    0.0009312021   70.8461303821   62.9370764905   -1.8908315162 
   0.0000000000   -151.000      290.000000   0.452505       1240.7249    0.0000176437    0.0009304815   70.6925556844   62.7957439556   -1.8895005588 
   0.0000000000   -150.000      290.000000   0.452023       1239.5712    0.0000178144    0.0009299947   70.5418546324   62.6578948769   -1.8881707397 
   0.0000000000   -149.000      290.000000   0.451543       1238.4194    0.0000179665    0.0009293090   70.3947800189   62.5241129119   -1.8868420997 
   0.0000000000   -148.000      290.000000   0.451063       1237.2695    0.0000181145    0.0009285721   70.2497197104   62.3924538131   -1.8855146647 
   0.0000000000   -147.000      290.000000   0.450585       1236.1216    0.0000182695    0.0009278147   70.1078383833   62.2645012502   -1.8841884658 
   0.0000000000   -146.000      290.000000   0.450109       1234.9758    0.0000184150    0.0009269855   69.9683992885   62.1389475386   -1.8828635247 
   0.0000000000   -145.000      290.000000   0.449633       1233.8321    0.0000185639    0.0009260728   69.8316190022   62.0168898323   -1.8815398777 
   0.0000000000   -144.000      290.000000   0.449159       1232.6906    0.0000187057    0.0009250970   69.6971638146   61.8971876811   -1.8802175465 
   0.0000000000   -143.000      290.000000   0.448686       1231.5514    0.0000188491    0.0009240731   69.5651759872   61.7803853035   -1.8788965561 
   0.0000000000   -142.000      290.000000   0.448215       1230.4145    0.0000189921    0.0009230154   69.4354057879   61.6659928254   -1.8775769375 
   0.0000000000   -141.000      290.000000   0.447745       1229.2800    0.0000191330    0.0009218767   69.3080520841   61.5545044501   -1.8762587188 
   0.0000000000   -140.000      290.000000   0.447277       1228.1480    0.0000192714    0.0009206940   69.1825418873   61.4450150325   -1.8749419218 
   0.0000000000   -139.000      290.000000   0.446810       1227.0186    0.0000194084    0.0009194321   69.0592717367   61.3382844836   -1.8736265781 
   0.0000000000   -138.000      290.000000   0.446345       1225.8917    0.0000195437    0.0009181238   68.9380928289   61.2338638763   -1.8723127089 
   0.0000000000   -137.000      290.000000   0.445881       1224.7675    0.0000196785    0.0009167651   68.8186575648   61.1315183856   -1.8710003439 
   0.0000000000   -136.000      290.000000   0.445419       1223.6461    0.0000198088    0.0009153367   68.7011525739   61.0313645014   -1.8696895048 
   0.0000000000   -135.000      290.000000   0.444958       1222.5275    0.0000199385    0.0009138539   68.5854309145   60.9333534025   -1.8683802204 
   0.0000000000   -134.000      290.000000   0.444499       1221.4117    0.0000200675    0.0009123234   68.4714388184   60.8373701645   -1.8670725128 
   0.0000000000   -133.000      290.000000   0.444041       1220.2988    0.0000201931    0.0009107298   68.3591370909   60.7433524217   -1.8657664069 
   0.0000000000   -132.000      290.000000   0.443585       1219.1890    0.0000203185    0.0009090943   68.2484438359   60.6512224871   -1.8644619269 
   0.0000000000   -131.000      290.000000   0.443131       1218.0822    0.0000204406    0.0009073900   68.1393670076   60.5610393485   -1.8631590957 
   0.0000000000   -130.000      290.000000   0.442679       1216.9785    0.0000205605    0.0009056349   68.0318252139   60.4726414069   -1.8618579372 
   0.0000000000   -129.000      290.000000   0.442228       1215.8779    0.0000206792    0.0009038291   67.9257868172   60.3860470437   -1.8605584731 
   0.0000000000   -128.000      290.000000   0.441779       1214.7806    0.0000207957    0.0009019712   67.8211746472   60.3011348946   -1.8592607265 
   0.0000000000   -127.000      290.000000   0.441332       1213.6865    0.0000209104    0.0009000624   67.7179809553   60.2179219095   -1.8579647183 
   0.0000000000   -126.000      290.000000   0.440886       1212.5958    0.0000210231    0.0008981016   67.6161331232   60.1363219561   -1.8566704701 
   0.0000000000   -125.000      290.000000   0.440442       1211.5085    0.0000211337    0.0008960928   67.5156059485   60.0562867138   -1.8553780025 
   0.0000000000   -124.000      290.000000   0.440000       1210.4246    0.0000212425    0.0008940333   67.4163740918   59.9778167467   -1.8540873360 
   0.0000000000   -123.000      290.000000   0.439560       1209.3442    0.0000213492    0.0008919275   67.3183925732   59.9008294841   -1.8527984903 
   0.0000000000   -122.000      290.000000   0.439122       1208.2673    0.0000214539    0.0008897736   67.2216202070   59.8252968187   -1.8515114845 
   0.0000000000   -121.000      290.000000   0.438685       1207.1940    0.0000215567    0.0008875742   67.1260347437   59.7511886273   -1.8502263374 
   0.0000000000   -120.000      290.000000   0.438251       1206.1244    0.0000216575    0.0008853288   67.0316003004   59.6784635950   -1.8489430675 
   0.0000000000   -119.000      290.000000   0.437818       1205.0584    0.0000217563    0.0008830393   66.9382902098   59.6070839882   -1.8476616923 
   0.0000000000   -118.000      290.000000   0.437387       1203.9962    0.0000218531    0.0008807069   66.8460735780   59.5370153328   -1.8463822291 
   0.0000000000   -117.000      290.000000   0.436958       1202.9377    0.0000219480    0.0008783324   66.7549168513   59.4682160437   -1.8451046943 
   0.0000000000   -116.000      290.000000   0.436531       1201.8830    0.0000220408    0.0008759156   66.6648036503   59.4006684885   -1.8438291044 
   0.0000000000   -115.000      290.000000   0.436106       1200.8322    0.0000221317    0.0008734590   66.5757020379   59.3343313191   -1.8425554748 
   0.0000000000   -114.000      290.000000   0.435683       1199.7853    0.0000222206    0.0008709630   66.4875902307   59.2691784358   -1.8412838205 
   0.0000000000   -113.000      290.000000   0.435262       1198.7423    0.0000223075    0.0008684284   66.4004452475   59.2051787487   -1.8400141561 
   0.0000000000   -112.000      290.000000   0.434842       1197.7033    0.0000223924    0.0008658567   66.3142452810   59.1423051036   -1.8387464954 
   0.0000000000   -111.000      290.000000   0.434425       1196.6682    0.0000224755    0.0008632489   66.2289667680   59.0805282144   -1.8374808520 
   0.0000000000   -110.000      290.000000   0.434010       1195.6372    0.0000225566    0.0008606058   66.1445910151   59.0198223609   -1.8362172387 
   0.0000000000   -109.000      290.000000   0.433597       1194.6103    0.0000226358    0.0008579285   66.0611005954   58.9601654971   -1.8349556677 
   0.0000000000   -108.000      290.000000   0.433185       1193.5875    0.0000227131    0.0008552182   65.9784720982   58.9015279236   -1.8336961508 
   0.0000000000   -107.000      290.000000   0.432775       1192.5683    0.0000227886    0.0008524771   65.8966787714   58.8438883096   -1.8324397885 
   0.0000000000   -106.000      290.000000   0.432368       1191.5538    0.0000228621    0.0008497035   65.8157276055   58.7872230014   -1.8311843949 
   0.0000000000   -105.000      290.000000   0.431962       1190.5434    0.0000229337    0.0008469001   65.7355900021   58.7315082489   -1.8299310878 
   0.0000000000   -104.000      290.000000   0.431559       1189.5373    0.0000230035    0.0008440680   65.6562485871   58.6767219011   -1.8286798767 
   0.0000000000   -103.000      290.000000   0.431158       1188.5354    0.0000230714    0.0008412078   65.5776911204   58.6228459080   -1.8274307708 
   0.0000000000   -102.000      290.000000   0.430759       1187.5377    0.0000231376    0.0008383209   65.4999011637   58.5698589256   -1.8261837783 
   0.0000000000   -101.000      290.000000   0.430362       1186.5443    0.0000232019    0.0008354081   65.4228658406   58.5177396096   -1.8249389073 
   0.0000000000   -100.000      290.000000   0.429967       1185.5552    0.0000232644    0.0008324707   65.3465718969   58.4664703357   -1.8236961652 
   0.0000000000    -99.000      290.000000   0.429574       1184.5704    0.0000233252    0.0008295096   65.2710067287   58.4160326516   -1.8224555588 
   0.0000000000    -98.000      290.000000   0.429183       1183.5900    0.0000233843    0.0008265257   65.1961581122   58.3664086367   -1.8212170944 
   0.0000000000    -97.000      290.000000   0.428794       1182.6139    0.0000234416    0.0008235201   65.1220146422   58.3175805495   -1.8199807779 
   0.0000000000    -96.000      290.000000   0.428407       1181.6422    0.0000234972    0.0008204939   65.0485653705   58.2695320022   -1.8187466145 
   0.0000000000    -95.000      290.000000   0.428023       1180.6749    0.0000235511    0.0008174479   64.9758000104   58.2222475556   -1.8175146090 
   0.0000000000    -94.000      290.000000   0.427640       1179.7120    0.0000236034    0.0008143832   64.9037080483   58.1757104046   -1.8162847656 
   0.0000000000    -93.000      290.000000   0.427259       1178.7534    0.0000236540    0.0008113008   64.8322802283   58.1299059827   -1.8150570882 
   0.0000000000    -92.000      290.000000   0.426881       1177.7993    0.0000237030    0.0008082016   64.7615072023   58.0848197085   -1.8138315799 
   0.0000000000    -91.000      290.000000   0.426504       1176.8496    0.0000237504    0.0008050866   64.6913800728   58.0404368878   -1.8126082435 
   0.0000000000    -90.000      290.000000   0.426130       1175.9044    0.0000237962    0.0008019567   64.6218908502   57.9967447156   -1.8113870812 
   0.0000000000    -89.000      290.000000   0.425758       1174.9636    0.0000238405    0.0007988128   64.5530312977   57.9537292830   -1.8101680947 
   0.0000000000    -88.000      290.000000   0.425387       1174.0273    0.0000238832    0.0007956559   64.4847937567   57.9113779095   -1.8089512854 
   0.0000000000    -87.000      290.000000   0.425019       1173.0954    0.0000239245    0.0007924869   64.4171711149   57.8696782413   -1.8077366541 
   0.0000000000    -86.000      290.000000   0.424653       1172.1680    0.0000239642    0.0007893066   64.3501563864   57.8286183993   -1.8065242010 
   0.0000000000    -85.000      290.000000   0.424289       1171.2450    0.0000240025    0.0007861160   64.2837426382   57.7881862330   -1.8053139259 
   0.0000000000    -84.000      290.000000   0.423927       1170.3265    0.0000240393    0.0007829159   64.2179240692   57.7483712445   -1.8041058283 
   0.0000000000    -83.000      290.000000   0.423567       1169.4125    0.0000240747    0.0007797071   64.1526942571   57.7091619191   -1.8028999071 
   0.0000000000    -82.000      290.000000   0.423209       1168.5029    0.0000241087    0.0007764905   64.0880477605   57.6705482145   -1.8016961607 
   0.0000000000    -81.000      290.000000   0.422853       1167.5978    0.0000241413    0.0007732670   64.0239790497   57.6325198623   -1.8004945871 
   0.0000000000    -80.000      290.000000   0.422499       1166.6972    0.0000241726    0.0007700373   63.9604828886   57.5950668599   -1.7992951839 
   0.0000000000    -79.000      290.000000   0.422147       1165.8010    0.0000242025    0.0007668022   63.8975544913   57.5581799162   -1.7980979483 
   0.0000000000    -78.000      290.000000   0.421797       1164.9093    0.0000242312    0.0007635625   63.8351891911   57.5218499531   -1.7969028768 
   0.0000000000    -77.000      290.000000   0.421449       1164.0221    0.0000242585    0.0007603191   63.7733825187   57.4860679794   -1.7957099659 
   0.0000000000    -76.000      290.000000   0.421103       1163.1393    0.0000242846    0.0007570726   63.7121303080   57.4508254499   -1.7945192112 
   0.0000000000    -75.000      290.000000   0.420759       1162.2609    0.0000243094    0.0007538238   63.6514285189   57.4161140779   -1.7933306082 
   0.0000000000    -74.000      290.000000   0.420417       1161.3870    0.0000243331    0.0007505734   63.5912735190   57.3819260361   -1.7921441520 
   0.0000000000    -73.000      290.000000   0.420077       1160.5175    0.0000243555    0.0007473222   63.5316617656   57.3482536154   -1.7909598372 
   0.0000000000    -72.000      290.000000   0.419740       1159.6525    0.0000243767    0.0007440708   63.4725898279   57.3150892519   -1.7897776578 
   0.0000000000    -71.000      290.000000   0.419404       1158.7918    0.0000243969    0.0007408200   63.4140545926   57.2824258751   -1.7885976078 
   0.0000000000    -70.000      290.000000   0.419070       1157.9356    0.0000244158    0.0007375704   63.3560531402   57.2502566412   -1.7874196806 
   0.0000000000    -69.000      290.000000   0.418738       1157.0837    0.0000244337    0.0007343227   63.2985826379   57.2185747941   -1.7862438691 
   0.0000000000    -68.000      290.000000   0.418408       1156.2362    0.0000244505    0.0007310775   63.2416404820   57.1873739704   -1.7850701660 
   0.0000000000    -67.000      290.000000   0.418079       1155.3931    0.0000244662    0.0007278355   63.1852242390   57.1566479352   -1.7838985635 
   0.0000000000    -66.000      290.000000   0.417753       1154.5544    0.0000244809    0.0007245972   63.1293316454   57.1263908213   -1.7827290536 
   0.0000000000    -65.000      290.000000   0.417429       1153.7199    0.0000244945    0.0007213634   63.0739605462   57.0965968331   -1.7815616278 
   0.0000000000    -64.000      290.000000   0.417107       1152.8899    0.0000245072    0.0007181346   63.0191089768   57.0672604743   -1.7803962771 
   0.0000000000    -63.000      290.000000   0.416786       1152.0641    0.0000245188    0.0007149113   62.9647751269   57.0383764310   -1.7792329926 
   0.0000000000    -62.000      290.000000   0.416468       1151.2426    0.0000245295    0.0007116942   62.9109572784   57.0099395992   -1.7780717644 
   0.0000000000    -61.000      290.000000   0.416151       1150.4254    0.0000245393    0.0007084839   62.8576539368   56.9819451140   -1.7769125829 
   0.0000000000    -60.000      290.000000   0.415836       1149.6125    0.0000245481    0.0007052808   62.8048636187   56.9543881943   -1.7757554377 
   0.0000000000    -59.000      290.000000   0.415523       1148.8038    0.0000245561    0.0007020855   62.7525850712   56.9272643836   -1.7746003182 
   0.0000000000    -58.000      290.000000   0.415212       1147.9994    0.0000245632    0.0006988985   62.7008171120   56.9005692738   -1.7734472135 
   0.0000000000    -57.000      290.000000   0.414903       1147.1992    0.0000245694    0.0006957204   62.6495586888   56.8742987528   -1.7722961124 
   0.0000000000    -56.000      290.000000   0.414595       1146.4031    0.0000245747    0.0006925516   62.5988088812   56.8484488030   -1.7711470033 
   0.0000000000    -55.000      290.000000   0.414290       1145.6113    0.0000245793    0.0006893926   62.5485668720   56.8230156438   -1.7699998743 
   0.0000000000    -54.000      290.000000   0.413986       1144.8236    0.0000245830    0.0006862440   62.4988319108   56.7979955451   -1.7688547131 
   0.0000000000    -53.000      290.000000   0.413684       1144.0400    0.0000245860    0.0006831061   62.4496034234   56.7733850718   -1.7677115073 
   0.0000000000    -52.000      290.000000   0.413384       1143.2606    0.0000245881    0.0006799794   62.4008808849   56.7491808546   -1.7665702440 
   0.0000000000    -51.000      290.000000   0.413086       1142.4852    0.0000245896    0.0006768645   62.3526638899   56.7253796932   -1.7654309101 
   0.0000000000    -50.000      290.000000   0.412789       1141.7140    0.0000245903    0.0006737616   62.3049521154   56.7019785518   -1.7642934920 
   0.0000000000    -49.000      290.000000   0.412494       1140.9468    0.0000245903    0.0006706713   62.2577453385   56.6789745230   -1.7631579762 
   0.0000000000    -48.000      290.000000   0.412201       1140.1836    0.0000245896    0.0006675940   62.2110434306   56.6563648533   -1.7620243484 
   0.0000000000    -47.000      290.000000   0.411910       1139.4244    0.0000245882    0.0006645300   62.1648463307   56.6341468949   -1.7608925945 
   0.0000000000    -46.000      290.000000   0.411620       1138.6692    0.0000245862    0.0006614798   62.1191540743   56.6123181574   -1.7597626997 
   0.0000000000    -45.000      290.000000   0.411332       1137.9180    0.0000245835    0.0006584437   62.0739667815   56.5908762831   -1.7586346493 
   0.0000000000    -44.000      290.000000   0.411046       1137.1707    0.0000245802    0.0006554221   62.0292846288   56.5698190003   -1.7575084279 
   0.0000000000    -43.000      290.000000   0.410761       1136.4273    0.0000245763    0.0006524155   61.9851078917   56.5491441993   -1.7563840202 
   0.0000000000    -42.000      290.000000   0.410478       1135.6879    0.0000245718    0.0006494241   61.9414369110   56.5288498786   -1.7552614105 
   0.0000000000    -41.000      290.000000   0.410197       1134.9522    0.0000245667    0.0006464483   61.8982720909   56.5089341313   -1.7541405827 
   0.0000000000    -40.000      290.000000   0.409918       1134.2205    0.0000245611    0.0006434885   61.8556139097   56.4893951790   -1.7530215206 
   0.0000000000    -39.000      290.000000   0.409640       1133.4925    0.0000245549    0.0006405450   61.8134629176   56.4702313549   -1.7519042077 
   0.0000000000    -38.000      290.000000   0.409363       1132.7684    0.0000245482    0.0006376181   61.7718197113   56.4514410729   -1.7507886272 
   0.0000000000    -37.000      290.000000   0.409089       1132.0480    0.0000245410    0.0006347081   61.7306849666   56.4330228728   -1.7496747621 
   0.0000000000    -36.000      290.000000   0.408816       1131.3313    0.0000245333    0.0006318154   61.6900594140   56.4149753928   -1.7485625951 
   0.0000000000    -35.000      290.000000   0.408544       1130.6184    0.0000245251    0.0006289402   61.6499438394   56.3972973543   -1.7474521087 
   0.0000000000    -34.000      290.000000   0.408274       1129.9091    0.0000245164    0.0006260829   61.6103390849   56.3799875778   -1.7463432851 
   0.0000000000    -33.000      290.000000   0.408006       1129.2035    0.0000245073    0.0006232437   61.5712460472   56.3630449714   -1.7452361063 
   0.0000000000    -32.000      290.000000   0.407739       1128.5016    0.0000244977    0.0006204229   61.5326656756   56.3464685416   -1.7441305540 
   0.0000000000    -31.000      290.000000   0.407474       1127.8032    0.0000244877    0.0006176209   61.4945989715   56.3302573651   -1.7430266097 
   0.0000000000    -30.000      290.000000   0.407210       1127.1085    0.0000244773    0.0006148378   61.4570469836   56.3144106183   -1.7419242548 
   0.0000000000    -29.000      290.000000   0.406948       1126.4173    0.0000244665    0.0006120739   61.4200108058   56.2989275413   -1.7408234703 
   0.0000000000    -28.000      290.000000   0.406687       1125.7296    0.0000244554    0.0006093296   61.3834915777   56.2838074619   -1.7397242369 
   0.0000000000    -27.000      290.000000   0.406428       1125.0454    0.0000244438    0.0006066050   61.3474904870   56.2690497856   -1.7386265353 
   0.0000000000    -26.000      290.000000   0.406170       1124.3647    0.0000244319    0.0006039003   61.3120087597   56.2546539825   -1.7375303459 
   0.0000000000    -25.000      290.000000   0.405913       1123.6874    0.0000244197    0.0006012159   61.2770476637   56.2406196028   -1.7364356488 
   0.0000000000    -24.000      290.000000   0.405659       1123.0135    0.0000244071    0.0005985520   61.2426085049   56.2269462542   -1.7353424239 
   0.0000000000    -23.000      290.000000   0.405405       1122.3430    0.0000243942    0.0005959087   61.2086926306   56.2136336254   -1.7342506509 
   0.0000000000    -22.000      290.000000   0.405153       1121.6759    0.0000243810    0.0005932864   61.1753014204   56.2006814585   -1.7331603094 
   0.0000000000    -21.000      290.000000   0.404902       1121.0120    0.0000243676    0.0005906852   61.1424362921   56.1880895602   -1.7320713787 
   0.0000000000    -20.000      290.000000   0.404653       1120.3515    0.0000243538    0.0005881054   61.1100986949   56.1758578017   -1.7309838378 
   0.0000000000    -19.000      290.000000   0.404405       1119.6943    0.0000243398    0.0005855470   61.0782901153   56.1639861113   -1.7298976656 
   0.0000000000    -18.000      290.000000   0.404159       1119.0402    0.0000243255    0.0005830105   61.0470120632   56.1524744691   -1.7288128408 
   0.0000000000    -17.000      290.000000   0.403914       1118.3894    0.0000243110    0.0005804959   61.0162660870   56.1413229171   -1.7277293420 
   0.0000000000    -16.000      290.000000   0.403670       1117.7418    0.0000242963    0.0005780035   60.9860537571   56.1305315426   -1.7266471473 
   0.0000000000    -15.000      290.000000   0.403427       1117.0973    0.0000242813    0.0005755333   60.9563766765   56.1201004916   -1.7255662348 
   0.0000000000    -14.000      290.000000   0.403186       1116.4559    0.0000242662    0.0005730858   60.9272364733   56.1100299558   -1.7244865825 
   0.0000000000    -13.000      290.000000   0.402946       1115.8177    0.0000242508    0.0005706609   60.8986347997   56.1003201712   -1.7234081681 
   0.0000000000    -12.000      290.000000   0.402708       1115.1824    0.0000242353    0.0005682589   60.8705733340   56.0909714263   -1.7223309691 
   0.0000000000    -11.000      290.000000   0.402470       1114.5502    0.0000242196    0.0005658800   60.8430537778   56.0819840495   -1.7212549627 
   0.0000000000    -10.000      290.000000   0.402234       1113.9210    0.0000242038    0.0005635242   60.8160778537   56.0733584120   -1.7201801262 
   0.0000000000     -9.000      290.000000   0.401999       1113.2948    0.0000241878    0.0005611919   60.7896473069   56.0650949273   -1.7191064365 
   0.0000000000     -8.000      290.000000   0.401766       1112.6715    0.0000241716    0.0005588832   60.7637639052   56.0571940511   -1.7180338703 
   0.0000000000     -7.000      290.000000   0.401533       1112.0511    0.0000241554    0.0005565981   60.7384294320   56.0496562720   -1.7169624043 
   0.0000000000     -6.000      290.000000   0.401302       1111.4335    0.0000241390    0.0005543369   60.7136456912   56.0424821182   -1.7158920150 
   0.0000000000     -5.000      290.000000   0.401072       1110.8188    0.0000241225    0.0005520998   60.6894145075   56.0356721570   -1.7148226784 
   0.0000000000     -4.000      290.000000   0.400843       1110.2069    0.0000241059    0.0005498868   60.6657377169   56.0292269814   -1.7137543708 
   0.0000000000     -3.000      290.000000   0.400616       1109.5978    0.0000240893    0.0005476981   60.6426171761   56.0231472242   -1.7126870680 
   0.0000000000     -2.000      290.000000   0.400389       1108.9915    0.0000240726    0.0005455340   60.6200547550   56.0174335463   -1.7116207457 
   0.0000000000     -1.000      290.000000   0.400164       1108.3879    0.0000240558    0.0005433944   60.5980523410   56.0120866413   -1.7105553795 
   0.0000000000      0.000      290.000000   0.399940       1107.7869    0.0000240390    0.0005412795   60.5766118310   56.0071072280   -1.7094909448 
   0.0000000000      1.000      290.000000   0.399716       1107.1886    0.0000240221    0.0005391896   60.5557351389   56.0024960574   -1.7084274169 
   0.0000000000      2.000      290.000000   0.399494       1106.5929    0.0000240052    0.0005371246   60.5354241904   55.9982539036   -1.7073647708 
   0.0000000000      3.000      290.000000   0.399274       1105.9998    0.0000239883    0.0005350848   60.5156809227   55.9943815693   -1.7063029814 
   0.0000000000      4.000      290.000000   0.399053       1105.4090    0.0000239714    0.0005330700   60.4964972858   55.9908828822   -1.7052430410 
   0.0000000000      5.000      290.000000   0.398834       1104.8210    0.0000239545    0.0005310809   60.4778954631   55.9877527043   -1.7041828767 
   0.0000000000      6.000      290.000000   0.398616       1104.2355    0.0000239376    0.0005291173   60.4598671943   55.9849948927   -1.7031234932 
   0.0000000000      7.000      290.000000   0.398399       1103.6524    0.0000239207    0.0005271793   60.4424144603   55.9826103419   -1.7020648647 
   0.0000000000      8.000      290.000000   0.398184       1103.0718    0.0000239038    0.0005252671   60.4255392486   55.9805999651   -1.7010069654 
   0.0000000000      9.000      290.000000   0.397969       1102.4936    0.0000238870    0.0005233808   60.4092435563   55.9789646954   -1.6999497692 
   0.0000000000     10.000      290.000000   0.397755       1101.9178    0.0000238703    0.0005215205   60.3935293885   55.9777054854   -1.6988932500 
   0.0000000000     11.000      290.000000   0.397542       1101.3443    0.0000238535    0.0005196863   60.3783987587   55.9768233065   -1.6978373814 
   0.0000000000     12.000      290.000000   0.397331       1100.7731    0.0000238369    0.0005178783   60.3638536861   55.9763191447   -1.6967821370 
   0.0000000000     13.000      290.000000   0.397120       1100.2041    0.0000238203    0.0005160967   60.3498961988   55.9761940058   -1.6957274901 
   0.0000000000     14.000      290.000000   0.396910       1099.6374    0.0000238039    0.0005143415   60.3365283297   55.9764489084   -1.6946734139 
   0.0000000000     15.000      290.000000   0.396701       1099.0729    0.0000237875    0.0005126128   60.3237521184   55.9770848870   -1.6936198816 
   0.0000000000     16.000      290.000000   0.396493       1098.5106    0.0000237712    0.0005109109   60.3115696103   55.9781029907   -1.6925668662 
   0.0000000000     17.000      290.000000   0.396286       1097.9505    0.0000237551    0.0005092357   60.2999828564   55.9795042814   -1.6915143403 
   0.0000000000     18.000      290.000000   0.396080       1097.3924    0.0000237391    0.0005075873   60.2889939125   55.9812898351   -1.6904622767 
   0.0000000000     19.000      290.000000   0.395874       1096.8364    0.0000237232    0.0005059660   60.2786048392   55.9834607382   -1.6894106480 
   0.0000000000     20.000      290.000000   0.395670       1096.2825    0.0000237074    0.0005043717   60.2688177024   55.9860180903   -1.6883594265 
   0.0000000000     21.000      290.000000   0.395466       1095.7305    0.0000236918    0.0005028046   60.2596345713   55.9889630012   -1.6873085844 
   0.0000000000     22.000      290.000000   0.395263       1095.1806    0.0000236764    0.0005012648   60.2510575208   55.9922965922   -1.6862580940 
   0.0000000000     23.000      290.000000   0.395061       1094.6326    0.0000236611    0.0004997523   60.2430886285   55.9960199942   -1.6852079272 
   0.0000000000     24.000      290.000000   0.394860       1094.0865    0.0000236460    0.0004982674   60.2357299759   56.0001343471   -1.6841580559 
   0.0000000000     25.000      290.000000   0.394659       1093.5423    0.0000236312    0.0004968100   60.2289836490   56.0046408009   -1.6831084517 
   0.0000000000     26.000      290.000000   0.394460       1092.9999    0.0000236165    0.0004953802   60.2228517364   56.0095405135   -1.6820590864 
   0.0000000000     27.000      290.000000   0.394261       1092.4594    0.0000236020    0.0004939782   60.2173363310   56.0148346519   -1.6810099314 
   0.0000000000     28.000      290.000000   0.394063       1091.9206    0.0000235877    0.0004926041   60.2124395283   56.0205243903   -1.6799609579 
   0.0000000000     29.000      290.000000   0.393865       1091.3836    0.0000235736    0.0004912579   60.2081634272   56.0266109103   -1.6789121374 
   0.0000000000     30.000      290.000000   0.393669       1090.8483    0.0000235598    0.0004899398   60.2045101300   56.0330954013   -1.6778634407 
   0.0000000000     31.000      290.000000   0.393473       1090.3147    0.0000235463    0.0004886498   60.2014817418   56.0399790588   -1.6768148390 
   0.0000000000     32.000      290.000000   0.393277       1089.7827    0.0000235329    0.0004873881   60.1990803711   56.0472630854   -1.6757663030 
   0.0000000000     33.000      290.000000   0.393083       1089.2524    0.0000235199    0.0004861546   60.1973081292   56.0549486897   -1.6747178035 
   0.0000000000     34.000      290.000000   0.392889       1088.7236    0.0000235071    0.0004849496   60.1961671305   56.0630370859   -1.6736693110 
   0.0000000000     35.000      290.000000   0.392696       1088.1964    0.0000234946    0.0004837731   60.1956594925   56.0715294941   -1.6726207961 
   0.0000000000     36.000      290.000000   0.392503       1087.6708    0.0000234823    0.0004826252   60.1957873362   56.0804271404   -1.6715722290 
   0.0000000000     37.000      290.000000   0.392311       1087.1466    0.0000234704    0.0004815059   60.1965527848   56.0897312553   -1.6705235801 
   0.0000000000     38.000      290.000000   0.392120       1086.6238    0.0000234588    0.0004804155   60.1979579658   56.0994430746   -1.6694748194 
   0.0000000000     39.000      290.000000   0.391929       1086.1025    0.0000234475    0.0004793539   60.2000050089   56.1095638390   -1.6684259169 
   0.0000000000     40.000      290.000000   0.391739       1085.5826    0.0000234365    0.0004783212   60.2026960482   56.1200947942   -1.6673768425 
   0.0000000000     41.000      290.000000   0.391550       1085.0640    0.0000234258    0.0004773176   60.2060332205   56.1310371904   -1.6663275659 
   0.0000000000     42.000      290.000000   0.391361       1084.5467    0.0000234155    0.0004763432   60.2100186661   56.1423922814   -1.6652780568 
   0.0000000000     43.000      290.000000   0.391172       1084.0307    0.0000234055    0.0004753979   60.2146545296   56.1541613263   -1.6642282847 
   0.0000000000     44.000      290.000000   0.390984       1083.5160    0.0000233959    0.0004744820   60.2199429585   56.1663455875   -1.6631782190 
   0.0000000000     45.000      290.000000   0.390797       1083.0025    0.0000233866    0.0004735955   60.2258861051   56.1789463320   -1.6621278290 
   0.0000000000     46.000      290.000000   0.390610       1082.4902    0.0000233777    0.0004727385   60.2324861248   56.1919648308   -1.6610770838 
   0.0000000000     47.000      290.000000   0.390424       1081.9790    0.0000233692    0.0004719111   60.2397451777   56.2054023582   -1.6600259526 
   0.0000000000     48.000      290.000000   0.390238       1081.4690    0.0000233611    0.0004711133   60.2476654282   56.2192601931   -1.6589744041 
   0.0000000000     49.000      290.000000   0.390053       1080.9600    0.0000233534    0.0004703454   60.2562490451   56.2335396177   -1.6579224073 
   0.0000000000     50.000      290.000000   0.389868       1080.4521    0.0000233460    0.0004696073   60.2654982017   56.2482419179   -1.6568699309 
   0.0000000000     51.000      290.000000   0.389684       1079.9453    0.0000233392    0.0004688991   60.2754150765   56.2633683839   -1.6558169434 
   0.0000000000     52.000      290.000000   0.389500       1079.4394    0.0000233327    0.0004682210   60.2860018526   56.2789203089   -1.6547634133 
   0.0000000000     53.000      290.000000   0.389316       1078.9344    0.0000233266    0.0004675731   60.2972607183   56.2948989899   -1.6537093090 
   0.0000000000     54.000      290.000000   0.389133       1078.4304    0.0000233211    0.0004669553   60.3091938672   56.3113057277   -1.6526545987 
   0.0000000000     55.000      290.000000   0.388951       1077.9273    0.0000233159    0.0004663679   60.3218034989   56.3281418268   -1.6515992506 
   0.0000000000     56.000      290.000000   0.388768       1077.4250    0.0000233112    0.0004658109   60.3350918181   56.3454085951   -1.6505432326 
   0.0000000000     57.000      290.000000   0.388586       1076.9235    0.0000233070    0.0004652845   60.3490610356   56.3631073442   -1.6494865127 
   0.0000000000     58.000      290.000000   0.388405       1076.4228    0.0000233033    0.0004647886   60.3637133683   56.3812393895   -1.6484290587 
   0.0000000000     59.000      290.000000   0.388224       1075.9229    0.0000233000    0.0004643234   60.3790510393   56.3998060498   -1.6473708382 
   0.0000000000     60.000      290.000000   0.388043       1075.4237    0.0000232973    0.0004638891   60.3950762782   56.4188086480   -1.6463118188 
   0.0000000000     61.000      290.000000   0.387862       1074.9251    0.0000232951    0.0004634856   60.4117913210   56.4382485101   -1.6452519679 
   0.0000000000     62.000      290.000000   0.387682       1074.4272    0.0000232933    0.0004631132   60.4291984109   56.4581269664   -1.6441912528 
   0.0000000000     63.000      290.000000   0.387502       1073.9299    0.0000232921    0.0004627718   60.4472997975   56.4784453504   -1.6431296408 
   0.0000000000     64.000      290.000000   0.387323       1073.4332    0.0000232914    0.0004624616   60.4660977380   56.4992049998   -1.6420670989 
   0.0000000000     65.000      290.000000   0.387144       1072.9371    0.0000232913    0.0004621827   60.4855944965   56.5204072557   -1.6410035942 
   0.0000000000     66.000      290.000000   0.386965       1072.4414    0.0000232917    0.0004619353   60.5057923447   56.5420534633   -1.6399390935 
   0.0000000000     67.000      290.000000   0.386786       1071.9463    0.0000232927    0.0004617193   60.5266935619   56.5641449712   -1.6388735635 
   0.0000000000     68.000      290.000000   0.386607       1071.4516    0.0000232942    0.0004615349   60.5483004350   56.5866831322   -1.6378069709 
   0.0000000000     69.000      290.000000   0.386429       1070.9573    0.0000232963    0.0004613822   60.5706152589   56.6096693028   -1.6367392822 
   0.0000000000     70.000      290.000000   0.386251       1070.4633    0.0000232991    0.0004612613   60.5936403363   56.6331048433   -1.6356704637 
   0.0000000000     71.000      290.000000   0.386073       1069.9697    0.0000233024    0.0004611723   60.6173779780   56.6569911177   -1.6346004818 
   0.0000000000     72.000      290.000000   0.385895       1069.4764    0.0000233063    0.0004611154   60.6418305029   56.6813294941   -1.6335293026 
   0.0000000000     73.000      290.000000   0.385718       1068.9834    0.0000233108    0.0004610906   60.6670002384   56.7061213441   -1.6324568921 
   0.0000000000     74.000      290.000000   0.385540       1068.4906    0.0000233159    0.0004610980   60.6928895198   56.7313680432   -1.6313832163 
   0.0000000000     75.000      290.000000   0.385363       1067.9980    0.0000233217    0.0004611377   60.7195006912   56.7570709709   -1.6303082409 
   0.0000000000     76.000      290.000000   0.385186       1067.5056    0.0000233281    0.0004612099   60.7468361047   56.7832315099   -1.6292319317 
   0.0000000000     77.000      290.000000   0.385009       1067.0133    0.0000233352    0.0004613147   60.7748981211   56.8098510472   -1.6281542542 
   0.0000000000     78.000      290.000000   0.384832       1066.5212    0.0000233429    0.0004614521   60.8036891095   56.8369309730   -1.6270751738 
   0.0000000000     79.000      290.000000   0.384656       1066.0290    0.0000233513    0.0004616224   60.8332114475   56.8644726812   -1.6259946559 
   0.0000000000     80.000      290.000000   0.384479       1065.5369    0.0000233604    0.0004618255   60.8634675210   56.8924775691   -1.6249126655 
   0.0000000000     81.000      290.000000   0.384303       1065.0448    0.0000233702    0.0004620617   60.8944597243   56.9209470376   -1.6238291679 
   0.0000000000     82.000      290.000000   0.384126       1064.5527    0.0000233806    0.0004623310   60.9261904599   56.9498824907   -1.6227441278 
   0.0000000000     83.000      290.000000   0.383950       1064.0605    0.0000233918    0.0004626335   60.9586621387   56.9792853357   -1.6216575103 
   0.0000000000     84.000      290.000000   0.383773       1063.5681    0.0000234037    0.0004629694   60.9918771792   57.0091569829   -1.6205692798 
   0.0000000000     85.000      290.000000   0.383597       1063.0757    0.0000234163    0.0004633389   61.0258380082   57.0394988456   -1.6194794011 
   0.0000000000     86.000      290.000000   0.383421       1062.5830    0.0000234297    0.0004637419   61.0605470602   57.0703123396   -1.6183878384 
   0.0000000000     87.000      290.000000   0.383244       1062.0901    0.0000234438    0.0004641787   61.0960067769   57.1015988835   -1.6172945562 
   0.0000000000     88.000      290.000000   0.383068       1061.5970    0.0000234587    0.0004646493   61.1322196079   57.1333598983   -1.6161995186 
   0.0000000000     89.000      290.000000   0.382892       1061.1036    0.0000234744    0.0004651539   61.1691880094   57.1655968071   -1.6151026897 
   0.0000000000     90.000      290.000000   0.382715       1060.6098    0.0000234908    0.0004656926   61.2069144445   57.1983110348   -1.6140040333 
   0.0000000000     91.000      290.000000   0.382539       1060.1157    0.0000235080    0.0004662656   61.2454013831   57.2315040083   -1.6129035133 
   0.0000000000     92.000      290.000000   0.382363       1059.6212    0.0000235260    0.0004668729   61.2846513008   57.2651771556   -1.6118010933 
   0.0000000000     93.000      290.000000   0.382186       1059.1263    0.0000235448    0.0004675148   61.3246666795   57.2993319060   -1.6106967368 
   0.0000000000     94.000      290.000000   0.382009       1058.6309    0.0000235645    0.0004681912   61.3654500060   57.3339696896   -1.6095904072 
   0.0000000000     95.000      290.000000   0.381833       1058.1350    0.0000235850    0.0004689025   61.4070037725   57.3690919369   -1.6084820677 
   0.0000000000     96.000      290.000000   0.381656       1057.6386    0.0000236063    0.0004696486   61.4493304753   57.4047000787   -1.6073716816 
   0.0000000000     97.000      290.000000   0.381479       1057.1416    0.0000236285    0.0004704297   61.4924326149   57.4407955452   -1.6062592117 
   0.0000000000     98.000      290.000000   0.381302       1056.6439    0.0000236515    0.0004712461   61.5363126952   57.4773797664   -1.6051446209 
   0.0000000000     99.000      290.000000   0.381124       1056.1457    0.0000236754    0.0004720977   61.5809732230   57.5144541707   -1.6040278719 
   0.0000000000    100.000      290.000000   0.380947       1055.6467    0.0000237002    0.0004729847   61.6264167072   57.5520201852   -1.6029089273 
   0.0000000000    101.000      290.000000   0.380769       1055.1471    0.0000237259    0.0004739074   61.6726456584   57.5900792350   -1.6017877494 
   0.0000000000    102.000      290.000000   0.380592       1054.6466    0.0000237525    0.0004748657   61.7196625880   57.6286327426   -1.6006643007 
   0.0000000000    103.000      290.000000   0.380414       1054.1454    0.0000237800    0.0004758599   61.7674700076   57.6676821273   -1.5995385431 
   0.0000000000    104.000      290.000000   0.380236       1053.6434    0.0000238085    0.0004768902   61.8160704281   57.7072288047   -1.5984104389 
   0.0000000000    105.000      290.000000   0.380057       1053.1405    0.0000238379    0.0004779565   61.8654663588   57.7472741863   -1.5972799496 
   0.0000000000    106.000      290.000000   0.379879       1052.6366    0.0000238682    0.0004790592   61.9156603068   57.7878196786   -1.5961470373 
   0.0000000000    107.000      290.000000   0.379700       1052.1319    0.0000238995    0.0004801983   61.9666547759   57.8288666826   -1.5950116633 
   0.0000000000    108.000      290.000000   0.379521       1051.6262    0.0000239318    0.0004813739   62.0184522654   57.8704165928   -1.5938737891 
   0.0000000000    109.000      290.000000   0.379341       1051.1194    0.0000239650    0.0004825863   62.0710552697   57.9124707970   -1.5927333760 
   0.0000000000    110.000      290.000000   0.379161       1050.6116    0.0000239993    0.0004838356   62.1244662766   57.9550306751   -1.5915903852 
   0.0000000000    111.000      290.000000   0.378981       1050.1028    0.0000240345    0.0004851219   62.1786877665   57.9980975985   -1.5904447776 
   0.0000000000    112.000      290.000000   0.378801       1049.5928    0.0000240708    0.0004864454   62.2337222111   58.0416729293   -1.5892965141 
   0.0000000000    113.000      290.000000   0.378621       1049.0816    0.0000241081    0.0004878062   62.2895720723   58.0857580192   -1.5881455555 
   0.0000000000    114.000      290.000000   0.378440       1048.5693    0.0000241465    0.0004892045   62.3462398009   58.1303542089   -1.5869918621 
   0.0000000000    115.000      290.000000   0.378258       1048.0557    0.0000241859    0.0004906405   62.4037278353   58.1754628269   -1.5858353946 
   0.0000000000    116.000      290.000000   0.378077       1047.5408    0.0000242264    0.0004921142   62.4620385998   58.2210851888   -1.5846761131 
   0.0000000000    117.000      290.000000   0.377895       1047.0246    0.0000242680    0.0004936259   62.5211745036   58.2672225961   -1.5835139777 
   0.0000000000    118.000      290.000000   0.377712       1046.5071    0.0000243106    0.0004951757   62.5811379392   58.3138763352   -1.5823489484 
   0.0000000000    119.000      290.000000   0.377529       1045.9882    0.0000243544    0.0004967637   62.6419312806   58.3610476761   -1.5811809850 
   0.0000000000    120.000      290.000000   0.377346       1045.4679    0.0000243992    0.0004983901   62.7035568819   58.4087378718   -1.5800100473 
   0.0000000000    121.000      290.000000   0.377162       1044.9461    0.0000244452    0.0005000551   62.7660170755   58.4569481566   -1.5788360946 
   0.0000000000    122.000      290.000000   0.376978       1044.4228    0.0000244924    0.0005017588   62.8293141706   58.5056797452   -1.5776590865 
   0.0000000000    123.000      290.000000   0.376794       1043.8980    0.0000245407    0.0005035014   62.8934504511   58.5549338311   -1.5764789820 
   0.0000000000    124.000      290.000000   0.376609       1043.3716    0.0000245901    0.0005052831   62.9584281739   58.6047115859   -1.5752957403 
   0.0000000000    125.000      290.000000   0.376423       1042.8436    0.0000246408    0.0005071039   63.0242495669   58.6550141573   -1.5741093204 
   0.0000000000    126.000      290.000000   0.376237       1042.3139    0.0000246926    0.0005089641   63.0909168272   58.7058426682   -1.5729196809 
