  #sigma_s    Temp(C) Press(Mpa) p_meanfield density (kg/m^3)      kappa      alpha Cp(J/molK) Cv(J/molK)  mu(J/mol)
   0.0000000000   -173.000        2.000000   0.145308        924.7273    0.0000261060    0.0005681968   57.1946870674   55.2679863784   -2.2123310450 
   0.0000000000   -172.000        2.000000   0.145146        924.2069    0.0000259053    0.0005576312   57.1234347836   55.2298397869   -2.2114877093 
   0.0000000000   -171.000        2.000000   0.144987        923.6965    0.0000257063    0.0005473309   57.0546163341   55.1933502635   -2.2106468012 
   0.0000000000   -170.000        2.000000   0.144831        923.1957    0.0000255091    0.0005372882   56.9881202866   55.1584279078   -2.2098082568 
   0.0000000000   -169.000        2.000000   0.144679        922.7044    0.0000253137    0.0005274958   56.9238417734   55.1249888032   -2.2089720140 
   0.0000000000   -168.000        2.000000   0.144529        922.2222    0.0000251202    0.0005179463   56.8616820489   55.0929545886   -2.2081380126 
   0.0000000000   -167.000        2.000000   0.144382        921.7490    0.0000249285    0.0005086328   56.8015480877   55.0622520726   -2.2073061942 
   0.0000000000   -166.000        2.000000   0.144238        921.2844    0.0000247387    0.0004995482   56.7433522183   55.0328128838   -2.2064765023 
   0.0000000000   -165.000        2.000000   0.144097        920.8284    0.0000245508    0.0004906860   56.6870117915   55.0045731566   -2.2056488819 
   0.0000000000   -164.000        2.000000   0.143958        920.3807    0.0000243648    0.0004820397   56.6324488798   54.9774732498   -2.2048232798 
   0.0000000000   -163.000        2.000000   0.143821        919.9411    0.0000241808    0.0004736028   56.5795900057   54.9514574937   -2.2039996444 
   0.0000000000   -162.000        2.000000   0.143688        919.5093    0.0000239987    0.0004653693   56.5283658983   54.9264739687   -2.2031779254 
   0.0000000000   -161.000        2.000000   0.143556        919.0852    0.0000238185    0.0004573332   56.4787112741   54.9024743063   -2.2023580741 
   0.0000000000   -160.000        2.000000   0.143428        918.6686    0.0000236403    0.0004494885   56.4305646447   54.8794135207   -2.2015400432 
   0.0000000000   -159.000        2.000000   0.143301        918.2592    0.0000234640    0.0004418297   56.3838681451   54.8572498604   -2.2007237867 
   0.0000000000   -158.000        2.000000   0.143177        917.8571    0.0000232897    0.0004343511   56.3385673868   54.8359446869   -2.1999092597 
   0.0000000000   -157.000        2.000000   0.143055        917.4619    0.0000231173    0.0004270473   56.2946113310   54.8154623738   -2.1990964186 
   0.0000000000   -156.000        2.000000   0.142935        917.0734    0.0000229469    0.0004199132   56.2519521841   54.7957702309   -2.1982852209 
   0.0000000000   -155.000        2.000000   0.142817        916.6916    0.0000227783    0.0004129434   56.2105453129   54.7768384481   -2.1974756250 
   0.0000000000   -154.000        2.000000   0.142701        916.3163    0.0000226118    0.0004061330   56.1703491817   54.7586400641   -2.1966675905 
   0.0000000000   -153.000        2.000000   0.142587        915.9473    0.0000224472    0.0003994769   56.1313253079   54.7411509545   -2.1958610776 
   0.0000000000   -152.000        2.000000   0.142475        915.5844    0.0000222845    0.0003929703   56.0934382401   54.7243498444   -2.1950560475 
   0.0000000000   -151.000        2.000000   0.142365        915.2276    0.0000221237    0.0003866084   56.0566555555   54.7082183430   -2.1942524619 
   0.0000000000   -150.000        2.000000   0.142257        914.8767    0.0000219649    0.0003803865   56.0209478772   54.6927409999   -2.1934502833 
   0.0000000000   -149.000        2.000000   0.142151        914.5316    0.0000218080    0.0003742999   55.9862889156   54.6779053870   -2.1926494745 
   0.0000000000   -148.000        2.000000   0.142046        914.1921    0.0000216530    0.0003683440   55.9526555280   54.6637022028   -2.1918499988 
   0.0000000000   -147.000        2.000000   0.141943        913.8581    0.0000214999    0.0003625141   55.9200278025   54.6501254023   -2.1910518199 
   0.0000000000   -146.000        2.000000   0.141842        913.5295    0.0000213488    0.0003568057   55.8883891638   54.6371723525   -2.1902549014 
   0.0000000000   -145.000        2.000000   0.141743        913.2061    0.0000211996    0.0003512141   55.8577265022   54.6248440134   -2.1894592070 
   0.0000000000   -144.000        2.000000   0.141645        912.8880    0.0000210524    0.0003457347   55.8280303273   54.6131451477   -2.1886647005 
   0.0000000000   -143.000        2.000000   0.141549        912.5749    0.0000209072    0.0003403630   55.7992949466   54.6020845586   -2.1878713451 
   0.0000000000   -142.000        2.000000   0.141454        912.2667    0.0000207639    0.0003350941   55.7715186694   54.5916753556   -2.1870791037 
   0.0000000000   -141.000        2.000000   0.141361        911.9634    0.0000206226    0.0003299234   55.7447040389   54.5819352541   -2.1862879386 
   0.0000000000   -140.000        2.000000   0.141269        911.6649    0.0000204833    0.0003248459   55.7188580901   54.5728869027   -2.1854978111 
   0.0000000000   -139.000        2.000000   0.141179        911.3711    0.0000203461    0.0003198568   55.6939926384   54.5645582473   -2.1847086817 
   0.0000000000   -138.000        2.000000   0.141090        911.0819    0.0000202110    0.0003149508   55.6701245977   54.5569829269   -2.1839205094 
   0.0000000000   -137.000        2.000000   0.141003        910.7972    0.0000200780    0.0003101227   55.6472763284   54.5502007060   -2.1831332517 
   0.0000000000   -136.000        2.000000   0.140917        910.5170    0.0000199471    0.0003053671   55.6254760197   54.5442579446   -2.1823468643 
   0.0000000000   -135.000        2.000000   0.140833        910.2411    0.0000198185    0.0003006783   55.6047581031   54.5392081044   -2.1815613009 
   0.0000000000   -134.000        2.000000   0.140749        909.9696    0.0000196922    0.0002960504   55.5851637022   54.5351122966   -2.1807765127 
   0.0000000000   -133.000        2.000000   0.140667        909.7023    0.0000195682    0.0002914774   55.5667411166   54.5320398685   -2.1799924479 
   0.0000000000   -132.000        2.000000   0.140587        909.4392    0.0000194467    0.0002869527   55.5495463441   54.5300690339   -2.1792090517 
   0.0000000000   -131.000        2.000000   0.140508        909.1803    0.0000193277    0.0002824696   55.5336436391   54.5292875450   -2.1784262658 
   0.0000000000   -130.000        2.000000   0.140430        908.9256    0.0000192113    0.0002780210   55.5191061122   54.5297934109   -2.1776440277 
   0.0000000000   -129.000        2.000000   0.140353        908.6749    0.0000190976    0.0002735994   55.5060163681   54.5316956596   -2.1768622705 
   0.0000000000   -128.000        2.000000   0.140278        908.4283    0.0000189869    0.0002691968   55.4944671854   54.5351151471   -2.1760809221 
   0.0000000000   -127.000        2.000000   0.140203        908.1858    0.0000188791    0.0002648049   55.4845622384   54.5401854153   -2.1752999052 
   0.0000000000   -126.000        2.000000   0.140130        907.9474    0.0000187745    0.0002604147   55.4764168608   54.5470535957   -2.1745191358 
   0.0000000000   -125.000        2.000000   0.140059        907.7129    0.0000186732    0.0002560168   55.4701588562   54.5558813656   -2.1737385234 
   0.0000000000   -124.000        2.000000   0.139988        907.4826    0.0000185754    0.0002516012   55.4659293481   54.5668459495   -2.1729579700 
   0.0000000000   -123.000        2.000000   0.139919        907.2563    0.0000184814    0.0002471572   55.4638836781   54.5801411728   -2.1721773692 
   0.0000000000   -122.000        2.000000   0.139851        907.0341    0.0000183913    0.0002426734   55.4641923489   54.5959785664   -2.1713966055 
   0.0000000000   -121.000        2.000000   0.139785        906.8161    0.0000183054    0.0002381378   55.4670420110   54.6145885169   -2.1706155537 
   0.0000000000   -120.000        2.000000   0.139719        906.6023    0.0000182240    0.0002335375   55.4726364940   54.6362214686   -2.1698340775 
   0.0000000000   -119.000        2.000000   0.139655        906.3927    0.0000181474    0.0002288588   55.4811978845   54.6611491715   -2.1690520292 
   0.0000000000   -118.000        2.000000   0.139593        906.1874    0.0000180758    0.0002240871   55.4929676460   54.6896659784   -2.1682692480 
   0.0000000000   -117.000        2.000000   0.139532        905.9866    0.0000180097    0.0002192070   55.5082077808   54.7220901818   -2.1674855592 
   0.0000000000   -116.000        2.000000   0.139472        905.7902    0.0000179493    0.0002142018   55.5272020340   54.7587653971   -2.1667007731 
   0.0000000000   -115.000        2.000000   0.139413        905.5986    0.0000178952    0.0002090539   55.5502571354   54.8000619818   -2.1659146838 
   0.0000000000   -114.000        2.000000   0.139356        905.4116    0.0000178478    0.0002037446   55.5776994511   54.8463753055   -2.1651273386 
   0.0000000000   -113.000        2.000000   0.139301        905.2296    0.0000178075    0.0001982542   55.6098946414   54.8981396917   -2.1643379485 
   0.0000000000   -112.000        2.000000   0.139247        905.0527    0.0000177748    0.0001925613   55.6472216844   54.9558116295   -2.1635465259 
   0.0000000000   -111.000        2.000000   0.139194        904.8811    0.0000177504    0.0001866434   55.6900923223   55.0198832469   -2.1627527856 
   0.0000000000   -110.000        2.000000   0.139144        904.7150    0.0000177347    0.0001804767   55.7389479452   55.0908809147   -2.1619564185 
   0.0000000000   -109.000        2.000000   0.139095        904.5547    0.0000177285    0.0001740357   55.7942609788   55.1693667763   -2.1611570903 
   0.0000000000   -108.000        2.000000   0.139048        904.4003    0.0000177324    0.0001672935   55.8565362700   55.2559402625   -2.1603544391 
   0.0000000000   -107.000        2.000000   0.139003        904.2522    0.0000177472    0.0001602216   55.9263124665   55.3512395821   -2.1595480740 
   0.0000000000   -106.000        2.000000   0.138960        904.1106    0.0000177736    0.0001527897   56.0041633708   55.4559431665   -2.1587375729 
   0.0000000000   -105.000        2.000000   0.138919        903.9760    0.0000178125    0.0001449657   56.0906992628   55.5707710565   -2.1579224803 
   0.0000000000   -104.000        2.000000   0.138880        903.8486    0.0000178648    0.0001367159   56.1865681688   55.6964862055   -2.1571023051 
   0.0000000000   -103.000        2.000000   0.138844        903.7290    0.0000179314    0.0001280043   56.2924570596   55.8338956765   -2.1562765184 
   0.0000000000   -102.000        2.000000   0.138810        903.6174    0.0000180134    0.0001187930   56.4090929609   55.9838517090   -2.1554445510 
   0.0000000000   -101.000        2.000000   0.138778        903.5144    0.0000181118    0.0001090423   56.5372439453   56.1472526192   -2.1546057912 
   0.0000000000   -100.000        2.000000   0.138750        903.4206    0.0000182278    0.0000987098   56.6777199833   56.3250435037   -2.1537595816 
   0.0000000000    -99.000        2.000000   0.138724        903.3363    0.0000183627    0.0000877513   56.8313736193   56.5182167031   -2.1529052169 
   0.0000000000    -98.000        2.000000   0.138702        903.2622    0.0000185177    0.0000761200   56.9991004394   56.7278119843   -2.1520419412 
   0.0000000000    -97.000        2.000000   0.138682        903.1990    0.0000186943    0.0000637663   57.1818531308   56.9549318138   -2.1511686506 
   0.0000000000    -96.000        2.000000   0.138667        903.1473    0.0000188938    0.0000506396   57.3805875136   57.2006809573   -2.1502850560 
   0.0000000000    -95.000        2.000000   0.138655        903.1078    0.0000191180    0.0000366853   57.5963409696   57.4662527939   -2.1493899466 
   0.0000000000    -94.000        2.000000   0.138647        903.0813    0.0000193683    0.0000218466   57.8301802616   57.7528711113   -2.1484823336 
   0.0000000000    -93.000        2.000000   0.138643        903.0686    0.0000196466    0.0000060644   58.0832128089   58.0618018184   -2.1475611627 
   0.0000000000    -92.000        2.000000   0.138643        903.0706    0.0000199547   -0.0000107235   58.3565848658   58.3943501462   -2.1466253107 
   0.0000000000    -91.000        2.000000   0.138649        903.0883    0.0000202945   -0.0000285818   58.6514790902   58.7518570750   -2.1456735824 
   0.0000000000    -90.000        2.000000   0.138659        903.1226    0.0000206681   -0.0000475776   58.9691114177   59.1356948817   -2.1447047077 
   0.0000000000    -89.000        2.000000   0.138675        903.1746    0.0000210777   -0.0000677813   59.3107271416   59.5472616906   -2.1437173388 
   0.0000000000    -88.000        2.000000   0.138697        903.2454    0.0000215254   -0.0000892652   59.6775961083   59.9879749194   -2.1427100467 
   0.0000000000    -87.000        2.000000   0.138724        903.3362    0.0000220138   -0.0001121048   60.0710069083   60.4592634788   -2.1416813188 
   0.0000000000    -86.000        2.000000   0.138758        903.4483    0.0000225451   -0.0001363776   60.4922599458   60.9625585920   -2.1406295564 
   0.0000000000    -85.000        2.000000   0.138799        903.5831    0.0000231222   -0.0001621636   60.9426592615   61.4992830864   -2.1395530721 
   0.0000000000    -84.000        2.000000   0.138848        903.7419    0.0000237476   -0.0001895448   61.4235029722   62.0708390061   -2.1384500880 
   0.0000000000    -83.000        2.000000   0.138904        903.9262    0.0000244242   -0.0002186051   61.9360721796   62.6785933799   -2.1373187338 
   0.0000000000    -82.000        2.000000   0.138968        904.1376    0.0000251550   -0.0002494301   62.4816182022   63.3238619840   -2.1361570459 
   0.0000000000    -81.000        2.000000   0.139041        904.3778    0.0000259430   -0.0002821061   63.0613479747   64.0078909380   -2.1349629665 
   0.0000000000    -80.000        2.000000   0.139124        904.6484    0.0000267913   -0.0003167203   63.6764074571   64.7318359668   -2.1337343439 
   0.0000000000    -79.000        2.000000   0.139216        904.9514    0.0000277033   -0.0003533600   64.3278628975   65.4967391827   -2.1324689335 
   0.0000000000    -78.000        2.000000   0.139319        905.2886    0.0000286822   -0.0003921116   65.0166797943   66.3035032393   -2.1311643992 
   0.0000000000    -77.000        2.000000   0.139432        905.6620    0.0000297314   -0.0004330601   65.7436994212   67.1528627537   -2.1298183172 
   0.0000000000    -76.000        2.000000   0.139558        906.0737    0.0000308545   -0.0004762878   66.5096127825   68.0453528972   -2.1284281795 
   0.0000000000    -75.000        2.000000   0.139696        906.5258    0.0000320548   -0.0005218732   67.3149319020   68.9812751244   -2.1269914005 
   0.0000000000    -74.000        2.000000   0.139847        907.0206    0.0000333359   -0.0005698896   68.1599583792   69.9606600566   -2.1255053242 
   0.0000000000    -73.000        2.000000   0.140012        907.5603    0.0000347013   -0.0006204032   69.0447491899   70.9832276024   -2.1239672345 
   0.0000000000    -72.000        2.000000   0.140191        908.1474    0.0000361543   -0.0006734716   69.9690797809   72.0483445154   -2.1223743664 
   0.0000000000    -71.000        2.000000   0.140386        908.7843    0.0000376982   -0.0007291409   70.9324045699   73.1549796829   -2.1207239215 
   0.0000000000    -70.000        2.000000   0.140597        909.4736    0.0000393364   -0.0007874536   71.9339530898   74.3018263258   -2.1190123604 
   0.0000000000    -69.000        2.000000   0.140825        910.2176    0.0000410711   -0.0008484086   72.9721703594   75.4866233805   -2.1172381558 
   0.0000000000    -68.000        2.000000   0.141071        911.0189    0.0000429051   -0.0009120093   74.0454000643   76.7069989379   -2.1153979296 
   0.0000000000    -67.000        2.000000   0.141335        911.8801    0.0000448405   -0.0009782277   75.1513785824   77.9598601275   -2.1134889507 
   0.0000000000    -66.000        2.000000   0.141619        912.8037    0.0000468787   -0.0010470074   76.2872981269   79.2414815643   -2.1115085775 
   0.0000000000    -65.000        2.000000   0.141923        913.7923    0.0000490205   -0.0011182594   77.4497618481   80.5474636876   -2.1094542957 
   0.0000000000    -64.000        2.000000   0.142248        914.8482    0.0000512658   -0.0011918566   78.6347416066   81.8726967409   -2.1073237607 
   0.0000000000    -63.000        2.000000   0.142595        915.9737    0.0000536137   -0.0012676283   79.8375401794   83.2113326758   -2.1051148453 
   0.0000000000    -62.000        2.000000   0.142964        917.1710    0.0000560618   -0.0013453547   81.0527600767   84.5567676725   -2.1028256929 
   0.0000000000    -61.000        2.000000   0.143358        918.4423    0.0000586070   -0.0014247783   82.2744861096   85.9018824214   -2.1004537942 
   0.0000000000    -60.000        2.000000   0.143774        919.7889    0.0000612431   -0.0015055323   83.4955104532   87.2381411687   -2.0979997009 
   0.0000000000    -59.000        2.000000   0.144215        921.2122    0.0000639632   -0.0015872272   84.7084154671   88.5569137716   -2.0954619568 
   0.0000000000    -58.000        2.000000   0.144681        922.7134    0.0000667582   -0.0016693881   85.9049193611   89.8487205384   -2.0928403969 
   0.0000000000    -57.000        2.000000   0.145173        924.2930    0.0000696163   -0.0017514644   87.0760833880   91.1035083413   -2.0901354540 
   0.0000000000    -56.000        2.000000   0.145689        925.9509    0.0000725236   -0.0018328279   88.2123846590   92.3107639484   -2.0873482300 
   0.0000000000    -55.000        2.000000   0.146231        927.6867    0.0000754631   -0.0019127727   89.3038188501   93.4596590371   -2.0844805642 
   0.0000000000    -54.000        2.000000   0.146797        929.4990    0.0000784154   -0.0019905183   90.3400356627   94.5392276292   -2.0815350956 
   0.0000000000    -53.000        2.000000   0.147389        931.3867    0.0000813594   -0.0020652468   91.3107476434   95.5388480338   -2.0785137130 
   0.0000000000    -52.000        2.000000   0.148004        933.3456    0.0000842677   -0.0021360013   92.2050123087   96.4474230162   -2.0754235978 
   0.0000000000    -51.000        2.000000   0.148642        935.3725    0.0000871140   -0.0022018621   93.0127992553   97.2551656909   -2.0722687692 
   0.0000000000    -50.000        2.000000   0.149301        937.4628    0.0000898688   -0.0022618673   93.7244042510   97.9528954471   -2.0690554219 
   0.0000000000    -49.000        2.000000   0.149979        939.6111    0.0000925014   -0.0023150632   94.3309388103   98.5325506515   -2.0657906307 
   0.0000000000    -48.000        2.000000   0.150676        941.8108    0.0000949802   -0.0023605355   94.8246235993   98.9874557694   -2.0624822915 
   0.0000000000    -47.000        2.000000   0.151388        944.0546    0.0000972742   -0.0023974431   95.1990751636   99.3125628292   -2.0591390296 
   0.0000000000    -46.000        2.000000   0.152115        946.3353    0.0000993548   -0.0024250757   95.4496190597   99.5047071526   -2.0557682208 
   0.0000000000    -45.000        2.000000   0.152851        948.6421    0.0001011923   -0.0024428006   95.5732700016   99.5624872627   -2.0523829627 
   0.0000000000    -44.000        2.000000   0.153594        950.9666    0.0001027641   -0.0024502226   95.5692904235   99.4867799727   -2.0489916555 
   0.0000000000    -43.000        2.000000   0.154342        953.2989    0.0001040511   -0.0024471229   95.4389854026   99.2804220701   -2.0456043537 
   0.0000000000    -42.000        2.000000   0.155091        955.6288    0.0001050396   -0.0024334948   95.1857703047   98.9482092579   -2.0422309910 
   0.0000000000    -41.000        2.000000   0.155837        957.9465    0.0001057222   -0.0024095480   94.8150714898   98.4967353544   -2.0388811774 
   0.0000000000    -40.000        2.000000   0.156579        960.2419    0.0001060974   -0.0023757013   94.3341386747   97.9341636899   -2.0355640085 
   0.0000000000    -39.000        2.000000   0.157311        962.5058    0.0001061705   -0.0023325642   93.7517807170   97.2699453697   -2.0322878965 
   0.0000000000    -38.000        2.000000   0.158033        964.7293    0.0001059522   -0.0022809095   93.0780431625   96.5145027630   -2.0290604316 
   0.0000000000    -37.000        2.000000   0.158740        966.9041    0.0001054587   -0.0022216389   92.3238504666   95.6788982033   -2.0258882779 
   0.0000000000    -36.000        2.000000   0.159431        969.0232    0.0001047105   -0.0021557436   91.5006374010   94.7745074509   -2.0227771081 
   0.0000000000    -35.000        2.000000   0.160103        971.0802    0.0001037313   -0.0020842657   90.6199931384   93.8127150854   -2.0197315758 
   0.0000000000    -34.000        2.000000   0.160754        973.0696    0.0001025473   -0.0020082595   89.6933377223   92.8046452655   -2.0167553234 
   0.0000000000    -33.000        2.000000   0.161383        974.9873    0.0001011856   -0.0019287587   88.7316456493   91.7609368642   -2.0138510191 
   0.0000000000    -32.000        2.000000   0.161989        976.8298    0.0000996737   -0.0018467476   87.7452251794   90.6915674276   -2.0110204199 
   0.0000000000    -31.000        2.000000   0.162570        978.5947    0.0000980385   -0.0017631406   86.7435563949   89.6057263415   -2.0082644509 
   0.0000000000    -30.000        2.000000   0.163126        980.2803    0.0000963058   -0.0016787661   85.7351861362   88.5117343122   -2.0055832974 
   0.0000000000    -29.000        2.000000   0.163656        981.8860    0.0000944994   -0.0015943589   84.7276742907   87.4170039489   -2.0029765014 
   0.0000000000    -28.000        2.000000   0.164161        983.4115    0.0000926412   -0.0015105555   83.7275836963   86.3280349271   -2.0004430591 
   0.0000000000    -27.000        2.000000   0.164640        984.8574    0.0000907510   -0.0014278958   82.7405048164   85.2504366547   -1.9979815161 
   0.0000000000    -26.000        2.000000   0.165094        986.2246    0.0000888458   -0.0013468270   81.7711063615   84.1889715694   -1.9955900547 
   0.0000000000    -25.000        2.000000   0.165523        987.5145    0.0000869409   -0.0012677100   80.8232036850   83.1476127557   -1.9932665754 
   0.0000000000    -24.000        2.000000   0.165927        988.7291    0.0000850489   -0.0011908271   79.8998378731   82.1296104595   -1.9910087678 
   0.0000000000    -23.000        2.000000   0.166307        989.8702    0.0000831807   -0.0011163914   79.0033597887   81.1375630399   -1.9888141731 
   0.0000000000    -22.000        2.000000   0.166664        990.9401    0.0000813449   -0.0010445548   78.1355146006   80.1734888699   -1.9866802374 
   0.0000000000    -21.000        2.000000   0.166998        991.9412    0.0000795488   -0.0009754170   77.2975235342   79.2388965887   -1.9846043566 
   0.0000000000    -20.000        2.000000   0.167310        992.8753    0.0000777982   -0.0009090509   76.4904432838   78.3351535019   -1.9825851651 
   0.0000000000    -19.000        2.000000   0.167601        993.7466    0.0000760970   -0.0008454393   75.7140717746   77.4623056005   -1.9806174230 
   0.0000000000    -18.000        2.000000   0.167872        994.5567    0.0000744484   -0.0007845905   74.9688136955   76.6210546043   -1.9786999654 
   0.0000000000    -17.000        2.000000   0.168124        995.3082    0.0000728548   -0.0007264693   74.2544962976   75.8114885362   -1.9768302864 
   0.0000000000    -16.000        2.000000   0.168358        996.0038    0.0000713174   -0.0006710214   73.5707391418   75.0334681952   -1.9750059509 
   0.0000000000    -15.000        2.000000   0.168573        996.6458    0.0000698370   -0.0006181780   72.9169967169   74.2866673765   -1.9732246051 
   0.0000000000    -14.000        2.000000   0.168772        997.2369    0.0000684137   -0.0005678590   72.2925949179   73.5706079995   -1.9714839829 
   0.0000000000    -13.000        2.000000   0.168954        997.7793    0.0000670472   -0.0005199766   71.6967619665   72.8846905347   -1.9697819101 
   0.0000000000    -12.000        2.000000   0.169121        998.2753    0.0000657366   -0.0004744375   71.1286544008   72.2282201650   -1.9681163070 
   0.0000000000    -11.000        2.000000   0.169273        998.7273    0.0000644810   -0.0004311451   70.5873787259   71.6004291248   -1.9664851886 
   0.0000000000    -10.000        2.000000   0.169410        999.1373    0.0000632792   -0.0003900013   70.0720093013   71.0004956526   -1.9648866641 
   0.0000000000     -9.000        2.000000   0.169535        999.5073    0.0000621296   -0.0003509077   69.5816029869   70.4275599615   -1.9633189353 
   0.0000000000     -8.000        2.000000   0.169647        999.8394    0.0000610309   -0.0003137666   69.1152110250   69.8807376130   -1.9617802938 
   0.0000000000     -7.000        2.000000   0.169747       1000.1354    0.0000599814   -0.0002784820   68.6718885755   69.3591306350   -1.9602691189 
   0.0000000000     -6.000        2.000000   0.169835       1000.3970    0.0000589792   -0.0002449603   68.2507022775   68.8618366985   -1.9587838735 
   0.0000000000     -5.000        2.000000   0.169912       1000.6261    0.0000580229   -0.0002131104   67.8507361571   68.3879566279   -1.9573231011 
   0.0000000000     -4.000        2.000000   0.169979       1000.8240    0.0000571105   -0.0001828445   67.4710961593   67.9366004888   -1.9558854219 
   0.0000000000     -3.000        2.000000   0.170035       1000.9921    0.0000562406   -0.0001540853   67.1110416374   67.5070370115   -1.9544704444 
   0.0000000000     -2.000        2.000000   0.170082       1001.1325    0.0000554110   -0.0001267361   66.7694615695   67.0981040187   -1.9530750306 
   0.0000000000     -1.000        2.000000   0.170120       1001.2463    0.0000546204   -0.0001007276   66.4456880579   66.7091262536   -1.9516990019 
   0.0000000000      0.000        2.000000   0.170150       1001.3347    0.0000538671   -0.0000759856   66.1389398623   66.3392898420   -1.9503412483 
   0.0000000000      1.000        2.000000   0.170172       1001.3989    0.0000531494   -0.0000524394   65.8484668361   65.9878058300   -1.9490007186 
   0.0000000000      2.000        2.000000   0.170186       1001.4402    0.0000524659   -0.0000300220   65.5735500767   65.6539113353   -1.9476764172 
   0.0000000000      3.000        2.000000   0.170192       1001.4595    0.0000518150   -0.0000086694   65.3135017548   65.3368702839   -1.9463674007 
   0.0000000000      4.000        2.000000   0.170192       1001.4579    0.0000511954    0.0000116789   65.0676646938   65.0359737998   -1.9450727753 
   0.0000000000      5.000        2.000000   0.170185       1001.4364    0.0000506056    0.0000310804   64.8354117544   64.7505403157   -1.9437916931 
   0.0000000000      6.000        2.000000   0.170171       1001.3960    0.0000500444    0.0000495893   64.6161450731   64.4799154538   -1.9425233504 
   0.0000000000      7.000        2.000000   0.170151       1001.3374    0.0000495105    0.0000672572   64.4092951924   64.2234717234   -1.9412669841 
   0.0000000000      8.000        2.000000   0.170126       1001.2615    0.0000490028    0.0000841329   64.2143201141   63.9806080725   -1.9400218699 
   0.0000000000      9.000        2.000000   0.170095       1001.1692    0.0000485199    0.0001002624   64.0307043003   63.7507493236   -1.9387873199 
   0.0000000000     10.000        2.000000   0.170058       1001.0610    0.0000480609    0.0001156892   63.8579576446   63.5333455220   -1.9375626802 
   0.0000000000     11.000        2.000000   0.170017       1000.9378    0.0000476248    0.0001304547   63.6956144278   63.3278712168   -1.9363473290 
   0.0000000000     12.000        2.000000   0.169970       1000.8001    0.0000472105    0.0001445977   63.5432322732   63.1338246957   -1.9351406747 
   0.0000000000     13.000        2.000000   0.169919       1000.6486    0.0000468171    0.0001581551   63.4003911089   62.9507271847   -1.9339421540 
   0.0000000000     14.000        2.000000   0.169864       1000.4838    0.0000464437    0.0001711617   63.2666921490   62.7781220282   -1.9327512304 
   0.0000000000     15.000        2.000000   0.169804       1000.3062    0.0000460895    0.0001836504   63.1417568961   62.6155738594   -1.9315673923 
   0.0000000000     16.000        2.000000   0.169740       1000.1165    0.0000457537    0.0001956521   63.0252261726   62.4626677690   -1.9303901520 
   0.0000000000     17.000        2.000000   0.169672        999.9151    0.0000454355    0.0002071965   62.9167591812   62.3190084779   -1.9292190436 
   0.0000000000     18.000        2.000000   0.169601        999.7023    0.0000451342    0.0002183111   62.8160326001   62.1842195209   -1.9280536224 
   0.0000000000     19.000        2.000000   0.169525        999.4787    0.0000448492    0.0002290224   62.7227397119   62.0579424458   -1.9268934633 
   0.0000000000     20.000        2.000000   0.169447        999.2446    0.0000445797    0.0002393552   62.6365895678   61.9398360290   -1.9257381595 
   0.0000000000     21.000        2.000000   0.169365        999.0005    0.0000443252    0.0002493329   62.5573061880   61.8295755131   -1.9245873220 
   0.0000000000     22.000        2.000000   0.169279        998.7466    0.0000440850    0.0002589779   62.4846277979   61.7268518665   -1.9234405778 
   0.0000000000     23.000        2.000000   0.169191        998.4833    0.0000438588    0.0002683112   62.4183060984   61.6313710670   -1.9222975697 
   0.0000000000     24.000        2.000000   0.169099        998.2109    0.0000436458    0.0002773527   62.3581055716   61.5428534101   -1.9211579549 
   0.0000000000     25.000        2.000000   0.169005        997.9296    0.0000434458    0.0002861213   62.3038028200   61.4610328427   -1.9200214043 
   0.0000000000     26.000        2.000000   0.168907        997.6399    0.0000432581    0.0002946350   62.2551859380   61.3856563227   -1.9188876018 
   0.0000000000     27.000        2.000000   0.168807        997.3418    0.0000430824    0.0003029106   62.2120539151   61.3164832042   -1.9177562436 
   0.0000000000     28.000        2.000000   0.168704        997.0358    0.0000429182    0.0003109643   62.1742160685   61.2532846472   -1.9166270371 
   0.0000000000     29.000        2.000000   0.168599        996.7218    0.0000427652    0.0003188113   62.1414915067   61.1958430539   -1.9154997009 
   0.0000000000     30.000        2.000000   0.168491        996.4003    0.0000426230    0.0003264660   62.1137086188   61.1439515283   -1.9143739636 
   0.0000000000     31.000        2.000000   0.168381        996.0713    0.0000424913    0.0003339422   62.0907045916   61.0974133603   -1.9132495635 
   0.0000000000     32.000        2.000000   0.168268        995.7351    0.0000423698    0.0003412528   62.0723249515   61.0560415330   -1.9121262482 
   0.0000000000     33.000        2.000000   0.168153        995.3918    0.0000422581    0.0003484103   62.0584231306   61.0196582525   -1.9110037735 
   0.0000000000     34.000        2.000000   0.168035        995.0415    0.0000421559    0.0003554265   62.0488600562   60.9880944998   -1.9098819036 
   0.0000000000     35.000        2.000000   0.167916        994.6845    0.0000420630    0.0003623124   62.0435037611   60.9611896034   -1.9087604104 
   0.0000000000     36.000        2.000000   0.167794        994.3208    0.0000419792    0.0003690788   62.0422290151   60.9387908325   -1.9076390728 
   0.0000000000     37.000        2.000000   0.167670        993.9505    0.0000419042    0.0003757357   62.0449169765   60.9207530091   -1.9065176767 
   0.0000000000     38.000        2.000000   0.167544        993.5739    0.0000418377    0.0003822928   62.0514548607   60.9069381392   -1.9053960143 
   0.0000000000     39.000        2.000000   0.167416        993.1909    0.0000417796    0.0003887592   62.0617356280   60.8972150620   -1.9042738840 
   0.0000000000     40.000        2.000000   0.167286        992.8017    0.0000417297    0.0003951436   62.0756576866   60.8914591152   -1.9031510898 
   0.0000000000     41.000        2.000000   0.167154        992.4063    0.0000416878    0.0004014545   62.0931246122   60.8895518178   -1.9020274413 
   0.0000000000     42.000        2.000000   0.167020        992.0049    0.0000416538    0.0004076997   62.1140448816   60.8913805674   -1.9009027529 
   0.0000000000     43.000        2.000000   0.166883        991.5975    0.0000416273    0.0004138867   62.1383316208   60.8968383531   -1.8997768442 
   0.0000000000     44.000        2.000000   0.166745        991.1841    0.0000416084    0.0004200230   62.1659023664   60.9058234820   -1.8986495390 
   0.0000000000     45.000        2.000000   0.166606        990.7648    0.0000415969    0.0004261152   62.1966788387   60.9182393191   -1.8975206656 
   0.0000000000     46.000        2.000000   0.166464        990.3397    0.0000415926    0.0004321701   62.2305867273   60.9339940402   -1.8963900562 
   0.0000000000     47.000        2.000000   0.166320        989.9089    0.0000415955    0.0004381940   62.2675554874   60.9530003968   -1.8952575470 
   0.0000000000     48.000        2.000000   0.166175        989.4722    0.0000416054    0.0004441929   62.3075181467   60.9751754926   -1.8941229775 
   0.0000000000     49.000        2.000000   0.166027        989.0298    0.0000416222    0.0004501726   62.3504111220   61.0004405708   -1.8929861909 
   0.0000000000     50.000        2.000000   0.165878        988.5817    0.0000416458    0.0004561386   62.3961740451   61.0287208115   -1.8918470333 
   0.0000000000     51.000        2.000000   0.165727        988.1280    0.0000416762    0.0004620963   62.4447495974   61.0599451399   -1.8907053540 
   0.0000000000     52.000        2.000000   0.165574        987.6685    0.0000417132    0.0004680507   62.4960833532   61.0940460424   -1.8895610049 
   0.0000000000     53.000        2.000000   0.165419        987.2034    0.0000417568    0.0004740067   62.5501236299   61.1309593928   -1.8884138409 
   0.0000000000     54.000        2.000000   0.165263        986.7326    0.0000418069    0.0004799691   62.6068213465   61.1706242861   -1.8872637191 
   0.0000000000     55.000        2.000000   0.165105        986.2562    0.0000418635    0.0004859424   62.6661298882   61.2129828808   -1.8861104989 
   0.0000000000     56.000        2.000000   0.164945        985.7741    0.0000419266    0.0004919308   62.7280049776   61.2579802478   -1.8849540421 
   0.0000000000     57.000        2.000000   0.164783        985.2863    0.0000419959    0.0004979387   62.7924045527   61.3055642275   -1.8837942125 
   0.0000000000     58.000        2.000000   0.164619        984.7929    0.0000420716    0.0005039699   62.8592886496   61.3556852927   -1.8826308757 
   0.0000000000     59.000        2.000000   0.164454        984.2937    0.0000421536    0.0005100284   62.9286192914   61.4082964184   -1.8814638991 
   0.0000000000     60.000        2.000000   0.164286        983.7888    0.0000422419    0.0005161179   63.0003603820   61.4633529575   -1.8802931521 
   0.0000000000     61.000        2.000000   0.164117        983.2782    0.0000423364    0.0005222420   63.0744776045   61.5208125217   -1.8791185053 
   0.0000000000     62.000        2.000000   0.163946        982.7618    0.0000424371    0.0005284042   63.1509383238   61.5806348686   -1.8779398308 
   0.0000000000     63.000        2.000000   0.163773        982.2396    0.0000425440    0.0005346079   63.2297114948   61.6427817930   -1.8767570023 
   0.0000000000     64.000        2.000000   0.163599        981.7115    0.0000426571    0.0005408562   63.3107675726   61.7072170235   -1.8755698946 
   0.0000000000     65.000        2.000000   0.163422        981.1776    0.0000427764    0.0005471524   63.3940784280   61.7739061235   -1.8743783836 
   0.0000000000     66.000        2.000000   0.163244        980.6378    0.0000429018    0.0005534996   63.4796172658   61.8428163965   -1.8731823465 
   0.0000000000     67.000        2.000000   0.163064        980.0920    0.0000430334    0.0005599005   63.5673585465   61.9139167947   -1.8719816614 
   0.0000000000     68.000        2.000000   0.162882        979.5403    0.0000431712    0.0005663582   63.6572779111   61.9871778327   -1.8707762072 
   0.0000000000     69.000        2.000000   0.162698        978.9825    0.0000433152    0.0005728753   63.7493521091   62.0625715038   -1.8695658638 
   0.0000000000     70.000        2.000000   0.162512        978.4186    0.0000434653    0.0005794545   63.8435589285   62.1400711993   -1.8683505118 
   0.0000000000     71.000        2.000000   0.162324        977.8486    0.0000436217    0.0005860986   63.9398771291   62.2196516325   -1.8671300327 
   0.0000000000     72.000        2.000000   0.162135        977.2723    0.0000437843    0.0005928099   64.0382863777   62.3012887635   -1.8659043083 
   0.0000000000     73.000        2.000000   0.161943        976.6899    0.0000439532    0.0005995909   64.1387671857   62.3849597288   -1.8646732214 
   0.0000000000     74.000        2.000000   0.161749        976.1011    0.0000441283    0.0006064441   64.2413008491   62.4706427723   -1.8634366549 
   0.0000000000     75.000        2.000000   0.161554        975.5059    0.0000443097    0.0006133718   64.3458693894   62.5583171789   -1.8621944926 
   0.0000000000     76.000        2.000000   0.161356        974.9043    0.0000444974    0.0006203762   64.4524554979   62.6479632107   -1.8609466184 
   0.0000000000     77.000        2.000000   0.161157        974.2963    0.0000446915    0.0006274595   64.5610424801   62.7395620453   -1.8596929167 
   0.0000000000     78.000        2.000000   0.160955        973.6816    0.0000448920    0.0006346238   64.6716142032   62.8330957158   -1.8584332723 
   0.0000000000     79.000        2.000000   0.160751        973.0604    0.0000450989    0.0006418714   64.7841550435   62.9285470527   -1.8571675702 
   0.0000000000     80.000        2.000000   0.160546        972.4324    0.0000453123    0.0006492041   64.8986498364   63.0258996281   -1.8558956957 
   0.0000000000     81.000        2.000000   0.160338        971.7977    0.0000455322    0.0006566239   65.0150838275   63.1251377012   -1.8546175343 
   0.0000000000     82.000        2.000000   0.160128        971.1562    0.0000457586    0.0006641329   65.1334426243   63.2262461645   -1.8533329716 
   0.0000000000     83.000        2.000000   0.159916        970.5077    0.0000459916    0.0006717328   65.2537121493   63.3292104930   -1.8520418936 
   0.0000000000     84.000        2.000000   0.159702        969.8523    0.0000462312    0.0006794254   65.3758785944   63.4340166933   -1.8507441861 
   0.0000000000     85.000        2.000000   0.159486        969.1898    0.0000464775    0.0006872127   65.4999283762   63.5406512550   -1.8494397351 
   0.0000000000     86.000        2.000000   0.159267        968.5202    0.0000467306    0.0006950962   65.6258480916   63.6491011021   -1.8481284269 
   0.0000000000     87.000        2.000000   0.159046        967.8433    0.0000469905    0.0007030777   65.7536244750   63.7593535466   -1.8468101476 
   0.0000000000     88.000        2.000000   0.158824        967.1592    0.0000472571    0.0007111588   65.8832443557   63.8713962419   -1.8454847833 
   0.0000000000     89.000        2.000000   0.158598        966.4677    0.0000475307    0.0007193411   66.0146946162   63.9852171382   -1.8441522204 
   0.0000000000     90.000        2.000000   0.158372        965.7690    0.0000478111    0.0007276241   66.1479283294   64.1007656542   -1.8428117800 
   0.0000000000     91.000        2.000000   0.158142        965.0625    0.0000480986    0.0007360132   66.2829982138   64.2181057410   -1.8414644569 
   0.0000000000     92.000        2.000000   0.157910        964.3484    0.0000483932    0.0007445080   66.4198589285   64.3371890942   -1.8401095926 
   0.0000000000     93.000        2.000000   0.157676        963.6265    0.0000486949    0.0007531098   66.5584971584   64.4580044064   -1.8387470734 
   0.0000000000     94.000        2.000000   0.157439        962.8969    0.0000490038    0.0007618201   66.6988994418   64.5805404518   -1.8373767854 
   0.0000000000     95.000        2.000000   0.157200        962.1594    0.0000493199    0.0007706401   66.8410521317   64.7047860445   -1.8359986145 
   0.0000000000     96.000        2.000000   0.156958        961.4139    0.0000496433    0.0007795711   66.9849413580   64.8307299977   -1.8346124467 
   0.0000000000     97.000        2.000000   0.156715        960.6604    0.0000499741    0.0007886143   67.1305529902   64.9583610833   -1.8332181682 
   0.0000000000     98.000        2.000000   0.156468        959.8987    0.0000503124    0.0007977709   67.2778725996   65.0876679922   -1.8318156649 
   0.0000000000     99.000        2.000000   0.156219        959.1288    0.0000506581    0.0008070420   67.4268854227   65.2186392939   -1.8304048226 
   0.0000000000    100.000        2.000000   0.155968        958.3505    0.0000510114    0.0008164286   67.5775763250   65.3512633978   -1.8289855274 
   0.0000000000    101.000        2.000000   0.155714        957.5639    0.0000513723    0.0008259317   67.7299297639   65.4855285136   -1.8275576653 
   0.0000000000    102.000        2.000000   0.155458        956.7687    0.0000517409    0.0008355523   67.8839297540   65.6214226126   -1.8261211221 
   0.0000000000    103.000        2.000000   0.155199        955.9650    0.0000521172    0.0008452913   68.0395598307   65.7589333887   -1.8246757841 
   0.0000000000    104.000        2.000000   0.154938        955.1526    0.0000525014    0.0008551495   68.1968030152   65.8980482202   -1.8232215371 
   0.0000000000    105.000        2.000000   0.154674        954.3314    0.0000528934    0.0008651277   68.3556417799   66.0387541315   -1.8217582676 
   0.0000000000    106.000        2.000000   0.154407        953.5013    0.0000532934    0.0008752265   68.5160580134   66.1810377544   -1.8202858618 
   0.0000000000    107.000        2.000000   0.154138        952.6622    0.0000537013    0.0008854467   68.6780329867   66.3248852908   -1.8188042061 
   0.0000000000    108.000        2.000000   0.153866        951.8142    0.0000541174    0.0008957888   68.8415473189   66.4702824741   -1.8173131873 
   0.0000000000    109.000        2.000000   0.153591        950.9569    0.0000545415    0.0009062533   69.0065809443   66.6172145320   -1.8158126921 
   0.0000000000    110.000        2.000000   0.153314        950.0905    0.0000549739    0.0009168407   69.1731130788   66.7656661487   -1.8143026079 
   0.0000000000    111.000        2.000000   0.153034        949.2147    0.0000554145    0.0009275512   69.3411221875   66.9156214272   -1.8127828220 
   0.0000000000    112.000        2.000000   0.152751        948.3296    0.0000558634    0.0009383853   69.5105859523   67.0670638526   -1.8112532223 
   0.0000000000    113.000        2.000000   0.152465        947.4349    0.0000563207    0.0009493430   69.6814812406   67.2199762544   -1.8097136970 
   0.0000000000    114.000        2.000000   0.152177        946.5306    0.0000567863    0.0009604245   69.8537840734   67.3743407698   -1.8081641348 
   0.0000000000    115.000        2.000000   0.151886        945.6167    0.0000572605    0.0009716299   70.0274695953   67.5301388070   -1.8066044248 
   0.0000000000    116.000        2.000000   0.151592        944.6930    0.0000577431    0.0009829590   70.2025120438   67.6873510088   -1.8050344569 
   0.0000000000    117.000        2.000000   0.151295        943.7594    0.0000582344    0.0009944118   70.3788847204   67.8459572160   -1.8034541215 
   0.0000000000    118.000        2.000000   0.150995        942.8160    0.0000587342    0.0010059880   70.5565599614   68.0059364318   -1.8018633097 
   0.0000000000    119.000        2.000000   0.150693        941.8625    0.0000592427    0.0010176871   70.7355091103   68.1672667862   -1.8002619134 
   0.0000000000    120.000        2.000000   0.150387        940.8989    0.0000597599    0.0010295089   70.9157024899   68.3299255007   -1.7986498254 
   0.0000000000    121.000        2.000000   0.150079        939.9251    0.0000602858    0.0010414526   71.0971093769   68.4938888533   -1.7970269394 
   0.0000000000    122.000        2.000000   0.149768        938.9410    0.0000608205    0.0010535177   71.2796979753   68.6591321445   -1.7953931501 
   0.0000000000    123.000        2.000000   0.149453        937.9466    0.0000613640    0.0010657034   71.4634353929   68.8256296634   -1.7937483534 
   0.0000000000    124.000        2.000000   0.149136        936.9418    0.0000619163    0.0010780087   71.6482876170   68.9933546545   -1.7920924463 
   0.0000000000    125.000        2.000000   0.148816        935.9265    0.0000624775    0.0010904325   71.8342194928   69.1622792851   -1.7904253270 
   0.0000000000    126.000        2.000000   0.148493        934.9006    0.0000630475    0.0011029739   72.0211947014   69.3323746134   -1.7887468953 
