  #sigma_s    Temp(C) Press(Mpa) p_meanfield density (kg/m^3)      kappa      alpha Cp(J/molK) Cv(J/molK)  mu(J/mol)
   0.0000000000   -173.000       10.000000   0.151240        926.6484    0.0000257763    0.0005839217   57.3466007273   55.2679964426   -2.2046064184 
   0.0000000000   -172.000       10.000000   0.151073        926.1125    0.0000255854    0.0005732327   57.2730929797   55.2298526371   -2.2037544658 
   0.0000000000   -171.000       10.000000   0.150909        925.5866    0.0000253959    0.0005628052   57.2020574570   55.1933665956   -2.2029050680 
   0.0000000000   -170.000       10.000000   0.150748        925.0705    0.0000252079    0.0005526319   57.1333825768   55.1584485728   -2.2020581591 
   0.0000000000   -169.000       10.000000   0.150590        924.5641    0.0000250214    0.0005427058   57.0669633017   55.1250148369   -2.2012136752 
   0.0000000000   -168.000       10.000000   0.150435        924.0669    0.0000248364    0.0005330200   57.0027007063   55.0929872475   -2.2003715543 
   0.0000000000   -167.000       10.000000   0.150284        923.5789    0.0000246530    0.0005235679   56.9405015828   55.0622928743   -2.1995317362 
   0.0000000000   -166.000       10.000000   0.150135        923.0997    0.0000244712    0.0005143429   56.8802780847   55.0328636542   -2.1986941624 
   0.0000000000   -165.000       10.000000   0.149988        922.6292    0.0000242910    0.0005053385   56.8219474042   55.0046360851   -2.1978587761 
   0.0000000000   -164.000       10.000000   0.149845        922.1672    0.0000241124    0.0004965486   56.7654314812   54.9775509518   -2.1970255222 
   0.0000000000   -163.000       10.000000   0.149704        921.7134    0.0000239356    0.0004879670   56.7106567414   54.9515530830   -2.1961943469 
   0.0000000000   -162.000       10.000000   0.149566        921.2676    0.0000237604    0.0004795878   56.6575538636   54.9265911388   -2.1953651982 
   0.0000000000   -161.000       10.000000   0.149430        920.8297    0.0000235870    0.0004714052   56.6060575719   54.9026174249   -2.1945380254 
   0.0000000000   -160.000       10.000000   0.149296        920.3994    0.0000234153    0.0004634135   56.5561064553   54.8795877355   -2.1937127792 
   0.0000000000   -159.000       10.000000   0.149165        919.9765    0.0000232453    0.0004556071   56.5076428085   54.8574612198   -2.1928894113 
   0.0000000000   -158.000       10.000000   0.149037        919.5610    0.0000230771    0.0004479806   56.4606124984   54.8362002750   -2.1920678752 
   0.0000000000   -157.000       10.000000   0.148910        919.1526    0.0000229106    0.0004405287   56.4149648528   54.8157704638   -2.1912481249 
   0.0000000000   -156.000       10.000000   0.148786        918.7511    0.0000227459    0.0004332461   56.3706525710   54.7961404559   -2.1904301160 
   0.0000000000   -155.000       10.000000   0.148664        918.3565    0.0000225829    0.0004261278   56.3276316558   54.7772819934   -2.1896138048 
   0.0000000000   -154.000       10.000000   0.148544        917.9684    0.0000224218    0.0004191687   56.2858613693   54.7591698804   -2.1887991484 
   0.0000000000   -153.000       10.000000   0.148426        917.5868    0.0000222624    0.0004123639   56.2453042077   54.7417819963   -2.1879861052 
   0.0000000000   -152.000       10.000000   0.148310        917.2116    0.0000221048    0.0004057083   56.2059259012   54.7250993357   -2.1871746337 
   0.0000000000   -151.000       10.000000   0.148196        916.8426    0.0000219490    0.0003991973   56.1676954329   54.7091060687   -2.1863646935 
   0.0000000000   -150.000       10.000000   0.148084        916.4796    0.0000217950    0.0003928259   56.1305850818   54.6937896307   -2.1855562445 
   0.0000000000   -149.000       10.000000   0.147974        916.1225    0.0000216428    0.0003865894   56.0945704891   54.6791408361   -2.1847492470 
   0.0000000000   -148.000       10.000000   0.147866        915.7712    0.0000214925    0.0003804831   56.0596307469   54.6651540189   -2.1839436617 
   0.0000000000   -147.000       10.000000   0.147759        915.4256    0.0000213440    0.0003745022   56.0257485111   54.6518272008   -2.1831394494 
   0.0000000000   -146.000       10.000000   0.147654        915.0855    0.0000211973    0.0003686418   55.9929101395   54.6391622873   -2.1823365709 
   0.0000000000   -145.000       10.000000   0.147551        914.7509    0.0000210526    0.0003628972   55.9611058551   54.6271652937   -2.1815349866 
   0.0000000000   -144.000       10.000000   0.147450        914.4215    0.0000209097    0.0003572636   55.9303299361   54.6158466006   -2.1807346571 
   0.0000000000   -143.000       10.000000   0.147350        914.0975    0.0000207687    0.0003517359   55.9005809325   54.6052212416   -2.1799355422 
   0.0000000000   -142.000       10.000000   0.147252        913.7785    0.0000206297    0.0003463091   55.8718619116   54.5953092230   -2.1791376008 
   0.0000000000   -141.000       10.000000   0.147155        913.4645    0.0000204927    0.0003409782   55.8441807330   54.5861358778   -2.1783407914 
   0.0000000000   -140.000       10.000000   0.147060        913.1555    0.0000203576    0.0003357378   55.8175503522   54.5777322534   -2.1775450709 
   0.0000000000   -139.000       10.000000   0.146967        912.8513    0.0000202247    0.0003305825   55.7919891580   54.5701355380   -2.1767503952 
   0.0000000000   -138.000       10.000000   0.146875        912.5519    0.0000200939    0.0003255067   55.7675213406   54.5633895219   -2.1759567181 
   0.0000000000   -137.000       10.000000   0.146784        912.2572    0.0000199652    0.0003205046   55.7441772945   54.5575451002   -2.1751639920 
   0.0000000000   -136.000       10.000000   0.146695        911.9671    0.0000198388    0.0003155701   55.7219940560   54.5526608143   -2.1743721665 
   0.0000000000   -135.000       10.000000   0.146607        911.6816    0.0000197147    0.0003106970   55.7010157747   54.5488034340   -2.1735811890 
   0.0000000000   -134.000       10.000000   0.146521        911.4006    0.0000195931    0.0003058785   55.6812942271   54.5460485862   -2.1727910036 
   0.0000000000   -133.000       10.000000   0.146436        911.1241    0.0000194739    0.0003011079   55.6628893622   54.5444814227   -2.1720015512 
   0.0000000000   -132.000       10.000000   0.146353        910.8519    0.0000193573    0.0002963777   55.6458698917   54.5441973377   -2.1712127688 
   0.0000000000   -131.000       10.000000   0.146271        910.5841    0.0000192435    0.0002916804   55.6303139188   54.5453027298   -2.1704245892 
   0.0000000000   -130.000       10.000000   0.146190        910.3207    0.0000191325    0.0002870077   55.6163096072   54.5479158107   -2.1696369402 
   0.0000000000   -129.000       10.000000   0.146111        910.0616    0.0000190246    0.0002823511   55.6039558964   54.5521674658   -2.1688497443 
   0.0000000000   -128.000       10.000000   0.146032        909.8068    0.0000189198    0.0002777015   55.5933632554   54.5582021598   -2.1680629182 
   0.0000000000   -127.000       10.000000   0.145956        909.5563    0.0000188184    0.0002730492   55.5846544861   54.5661788964   -2.1672763719 
   0.0000000000   -126.000       10.000000   0.145880        909.3101    0.0000187205    0.0002683840   55.5779655686   54.5762722279   -2.1664900081 
   0.0000000000   -125.000       10.000000   0.145806        909.0682    0.0000186264    0.0002636949   55.5734465513   54.5886733129   -2.1657037215 
   0.0000000000   -124.000       10.000000   0.145734        908.8307    0.0000185362    0.0002589704   55.5712624893   54.6035910291   -2.1649173982 
   0.0000000000   -123.000       10.000000   0.145662        908.5975    0.0000184504    0.0002541981   55.5715944292   54.6212531368   -2.1641309143 
   0.0000000000   -122.000       10.000000   0.145592        908.3687    0.0000183690    0.0002493648   55.5746404363   54.6419074895   -2.1633441359 
   0.0000000000   -121.000       10.000000   0.145524        908.1445    0.0000182925    0.0002444566   55.5806166719   54.6658232984   -2.1625569171 
   0.0000000000   -120.000       10.000000   0.145456        907.9248    0.0000182212    0.0002394586   55.5897585132   54.6932924432   -2.1617690999 
   0.0000000000   -119.000       10.000000   0.145391        907.7097    0.0000181555    0.0002343549   55.6023217190   54.7246308309   -2.1609805124 
   0.0000000000   -118.000       10.000000   0.145326        907.4994    0.0000180957    0.0002291286   55.6185836352   54.7601797959   -2.1601909682 
   0.0000000000   -117.000       10.000000   0.145264        907.2939    0.0000180422    0.0002237616   55.6388444450   54.8003075459   -2.1594002648 
   0.0000000000   -116.000       10.000000   0.145202        907.0934    0.0000179956    0.0002182349   55.6634284551   54.8454106431   -2.1586081825 
   0.0000000000   -115.000       10.000000   0.145143        906.8980    0.0000179563    0.0002125280   55.6926802233   54.8959117995   -2.1578147655 
   0.0000000000   -114.000       10.000000   0.145085        906.7079    0.0000179248    0.0002066193   55.7269864947   54.9522759580   -2.1570191859 
   0.0000000000   -113.000       10.000000   0.145028        906.5233    0.0000179018    0.0002004858   55.7667469601   55.0149905061   -2.1562214505 
   0.0000000000   -112.000       10.000000   0.144974        906.3445    0.0000178879    0.0001941029   55.8123959178   55.0845807920   -2.1554212557 
   0.0000000000   -111.000       10.000000   0.144921        906.1716    0.0000178836    0.0001874445   55.8643986549   55.1616082834   -2.1546182728 
   0.0000000000   -110.000       10.000000   0.144870        906.0049    0.0000178898    0.0001804832   55.9232528674   55.2466721370   -2.1538121461 
   0.0000000000   -109.000       10.000000   0.144821        905.8446    0.0000179072    0.0001731895   55.9894900732   55.3404107424   -2.1530024912 
   0.0000000000   -108.000       10.000000   0.144774        905.6912    0.0000179367    0.0001655324   56.0636770133   55.4435032350   -2.1521888927 
   0.0000000000   -107.000       10.000000   0.144730        905.5449    0.0000179790    0.0001574790   56.1464170194   55.5566709460   -2.1513709023 
   0.0000000000   -106.000       10.000000   0.144687        905.4061    0.0000180352    0.0001489944   56.2383513456   55.6806787903   -2.1505480366 
   0.0000000000   -105.000       10.000000   0.144647        905.2752    0.0000181063    0.0001400417   56.3401604271   55.8163365394   -2.1497197745 
   0.0000000000   -104.000       10.000000   0.144610        905.1527    0.0000181932    0.0001305820   56.4525650687   55.9644999868   -2.1488855551 
   0.0000000000   -103.000       10.000000   0.144575        905.0390    0.0000182973    0.0001205741   56.5763275195   56.1260719456   -2.1480447749 
   0.0000000000   -102.000       10.000000   0.144544        904.9346    0.0000184196    0.0001099744   56.7122524194   56.3020030614   -2.1471967854 
   0.0000000000   -101.000       10.000000   0.144515        904.8401    0.0000185615    0.0000987371   56.8611875844   56.4932923976   -2.1463408901 
   0.0000000000   -100.000       10.000000   0.144489        904.7562    0.0000187244    0.0000868135   57.0240381909   56.7010028084   -2.1454760386 
   0.0000000000    -99.000       10.000000   0.144467        904.6833    0.0000189097    0.0000741535   57.2017141290   56.9262024347   -2.1446020270 
   0.0000000000    -98.000       10.000000   0.144449        904.6222    0.0000191189    0.0000607032   57.3952076900   57.1700496610   -2.1437177029 
   0.0000000000    -97.000       10.000000   0.144434        904.5737    0.0000193538    0.0000464065   57.6055427126   57.4337368424   -2.1428221494 
   0.0000000000    -96.000       10.000000   0.144423        904.5385    0.0000196160    0.0000312044   57.8337863258   57.7185024811   -2.1419143864 
   0.0000000000    -95.000       10.000000   0.144417        904.5176    0.0000199074    0.0000150351   58.0810478592   58.0256292895   -2.1409933681 
   0.0000000000    -94.000       10.000000   0.144415        904.5117    0.0000202300   -0.0000021662   58.3484772394   58.3564415821   -2.1400579794 
   0.0000000000    -93.000       10.000000   0.144418        904.5218    0.0000205858   -0.0000204671   58.6372627897   58.7123018883   -2.1391070327 
   0.0000000000    -92.000       10.000000   0.144426        904.5490    0.0000209769   -0.0000399381   58.9486283576   59.0946067006   -2.1381392645 
   0.0000000000    -91.000       10.000000   0.144440        904.5944    0.0000214058   -0.0000606528   59.2838296601   59.5047812171   -2.1371533325 
   0.0000000000    -90.000       10.000000   0.144460        904.6591    0.0000218747   -0.0000826876   59.6441497685   59.9442729878   -2.1361478124 
   0.0000000000    -89.000       10.000000   0.144486        904.7444    0.0000223863   -0.0001061221   60.0308935929   60.4145442941   -2.1351211946 
   0.0000000000    -88.000       10.000000   0.144518        904.8516    0.0000229432   -0.0001310383   60.4453812663   60.9170631456   -2.1340718816 
   0.0000000000    -87.000       10.000000   0.144558        904.9820    0.0000235482   -0.0001575213   60.8889402864   61.4532927242   -2.1329981852 
   0.0000000000    -86.000       10.000000   0.144606        905.1372    0.0000242043   -0.0001856585   61.3628962720   62.0246791111   -2.1318983241 
   0.0000000000    -85.000       10.000000   0.144661        905.3186    0.0000249144   -0.0002155397   61.8685621921   62.6326371352   -2.1307704220 
   0.0000000000    -84.000       10.000000   0.144725        905.5280    0.0000256818   -0.0002472567   62.4072258985   63.2785341527   -2.1296125058 
   0.0000000000    -83.000       10.000000   0.144798        905.7670    0.0000265098   -0.0002809031   62.9801358070   63.9636715902   -2.1284225044 
   0.0000000000    -82.000       10.000000   0.144880        906.0374    0.0000274019   -0.0003165736   63.5884845413   64.6892640509   -2.1271982486 
   0.0000000000    -81.000       10.000000   0.144973        906.3413    0.0000283616   -0.0003543635   64.2333903863   65.4564158341   -2.1259374713 
   0.0000000000    -80.000       10.000000   0.145076        906.6804    0.0000293925   -0.0003943682   64.9158763526   66.2660946696   -2.1246378087 
   0.0000000000    -79.000       10.000000   0.145191        907.0571    0.0000304986   -0.0004366821   65.6368467111   67.1191025504   -2.1232968026 
   0.0000000000    -78.000       10.000000   0.145318        907.4733    0.0000316835   -0.0004813977   66.3970608196   68.0160435175   -2.1219119044 
   0.0000000000    -77.000       10.000000   0.145458        907.9315    0.0000329513   -0.0005286044   67.1971041204   68.9572883346   -2.1204804800 
   0.0000000000    -76.000       10.000000   0.145612        908.4340    0.0000343059   -0.0005783870   68.0373561960   69.9429360156   -2.1189998169 
   0.0000000000    -75.000       10.000000   0.145780        908.9831    0.0000357512   -0.0006308239   68.9179558180   70.9727722582   -2.1174671334 
   0.0000000000    -74.000       10.000000   0.145963        909.5816    0.0000372910   -0.0006859852   69.8387629755   72.0462249113   -2.1158795896 
   0.0000000000    -73.000       10.000000   0.146163        910.2320    0.0000389297   -0.0007439400   70.7994488907   73.1624786969   -2.1142336127 
   0.0000000000    -72.000       10.000000   0.146379        910.9369    0.0000406701   -0.0008047180   71.7989637835   74.3198211347   -2.1125275106 
   0.0000000000    -71.000       10.000000   0.146613        911.6990    0.0000425160   -0.0008683560   72.8361800650   75.5164447045   -2.1107577985 
   0.0000000000    -70.000       10.000000   0.146865        912.5211    0.0000444704   -0.0009348632   73.9094093951   76.7498565219   -2.1089215690 
   0.0000000000    -69.000       10.000000   0.147137        913.4061    0.0000465360   -0.0010042244   75.0164562286   78.0169542385   -2.1070159605 
   0.0000000000    -68.000       10.000000   0.147430        914.3565    0.0000487149   -0.0010763949   76.1545675322   79.3139756023   -2.1050381902 
   0.0000000000    -67.000       10.000000   0.147743        915.3753    0.0000510083   -0.0011512957   77.3203829859   80.6364511898   -2.1029855927 
   0.0000000000    -66.000       10.000000   0.148079        916.4650    0.0000534167   -0.0012288074   78.5098871724   81.9791624309   -2.1008556642 
   0.0000000000    -65.000       10.000000   0.148439        917.6283    0.0000559396   -0.0013087634   79.7183654912   83.3361073551   -2.0986461127 
   0.0000000000    -64.000       10.000000   0.148822        918.8676    0.0000585749   -0.0013909437   80.9403660876   84.7004770262   -2.0963549135 
   0.0000000000    -63.000       10.000000   0.149230        920.1855    0.0000613199   -0.0014750916   82.1699374760   86.0649665438   -2.0939791315 
   0.0000000000    -62.000       10.000000   0.149664        921.5832    0.0000641679   -0.0015608160   83.3996146956   87.4205850136   -2.0915195977 
   0.0000000000    -61.000       10.000000   0.150123        923.0627    0.0000671120   -0.0016477108   84.6218190212   88.7583731012   -2.0889745064 
   0.0000000000    -60.000       10.000000   0.150609        924.6253    0.0000701422   -0.0017352689   85.8279940270   90.0683962831   -2.0863435602 
   0.0000000000    -59.000       10.000000   0.151122        926.2717    0.0000732460   -0.0018228955   87.0088555487   91.3400815285   -2.0836270880 
   0.0000000000    -58.000       10.000000   0.151662        928.0020    0.0000764078   -0.0019099044   88.1544616747   92.5623357553   -2.0808261254 
   0.0000000000    -57.000       10.000000   0.152229        929.8159    0.0000796086   -0.0019955169   89.2543159518   93.7237004264   -2.0779424937 
   0.0000000000    -56.000       10.000000   0.152824        931.7129    0.0000828279   -0.0020788994   90.2977939548   94.8128723648   -2.0749771532 
   0.0000000000    -55.000       10.000000   0.153445        933.6895    0.0000860374   -0.0021590381   91.2732278339   95.8176711441   -2.0719366811 
   0.0000000000    -54.000       10.000000   0.154091        935.7433    0.0000892093   -0.0022349382   92.1696961198   96.7271114299   -2.0688242964 
   0.0000000000    -53.000       10.000000   0.154762        937.8704    0.0000923118   -0.0023055249   92.9762871421   97.5305403493   -2.0656455568 
   0.0000000000    -52.000       10.000000   0.155456        940.0657    0.0000953104   -0.0023696967   93.6826343584   98.2182229949   -2.0624070203 
   0.0000000000    -51.000       10.000000   0.156171        942.3232    0.0000981687   -0.0024263577   94.2792395196   98.7816571765   -2.0591162152 
   0.0000000000    -50.000       10.000000   0.156907        944.6366    0.0001008513   -0.0024744842   94.7579348507   99.2140131672   -2.0557796930 
   0.0000000000    -49.000       10.000000   0.157658        946.9960    0.0001033185   -0.0025130539   95.1116879574   99.5098385240   -2.0524100796 
   0.0000000000    -48.000       10.000000   0.158424        949.3930    0.0001055365   -0.0025412552   95.3357113743   99.6661578416   -2.0490157388 
   0.0000000000    -47.000       10.000000   0.159200        951.8177    0.0001074733   -0.0025584229   95.4271788604   99.6820437748   -2.0456070672 
   0.0000000000    -46.000       10.000000   0.159983        954.2595    0.0001091016   -0.0025641026   95.3855406550   99.5588387644   -2.0421947453 
   0.0000000000    -45.000       10.000000   0.160771        956.7074    0.0001103999   -0.0025580789   95.2126112127   99.3001375276   -2.0387895113 
   0.0000000000    -44.000       10.000000   0.161559        959.1502    0.0001113535   -0.0025403928   94.9125499141   98.9116739656   -2.0354019251 
   0.0000000000    -43.000       10.000000   0.162343        961.5767    0.0001119556   -0.0025113444   94.4917302069   98.4011177004   -2.0320421367 
   0.0000000000    -42.000       10.000000   0.163121        963.9762    0.0001122068   -0.0024714806   93.9585033157   97.7777932208   -2.0287196716 
   0.0000000000    -41.000       10.000000   0.163889        966.3382    0.0001121158   -0.0024215695   93.3228727435   97.0523410578   -2.0254432438 
   0.0000000000    -40.000       10.000000   0.164644        968.6543    0.0001116989   -0.0023625559   92.5958340520   96.2360599688   -2.0222187483 
   0.0000000000    -39.000       10.000000   0.165382        970.9136    0.0001109761   -0.0022955387   91.7899959283   95.3416264927   -2.0190565742 
   0.0000000000    -38.000       10.000000   0.166100        973.1095    0.0001099747   -0.0022216928   90.9176444238   94.3811349008   -2.0159604842 
   0.0000000000    -37.000       10.000000   0.166798        975.2356    0.0001087247   -0.0021422357   89.9913003505   93.3667775389   -2.0129349106 
   0.0000000000    -36.000       10.000000   0.167471        977.2852    0.0001072579   -0.0020583966   89.0234968200   92.3106932484   -2.0099849497 
   0.0000000000    -35.000       10.000000   0.168120        979.2566    0.0001056076   -0.0019713088   88.0250394902   91.2232270087   -2.0071092420 
   0.0000000000    -34.000       10.000000   0.168744        981.1453    0.0001038061   -0.0018820800   87.0069469692   90.1150151574   -2.0043109352 
   0.0000000000    -33.000       10.000000   0.169341        982.9494    0.0001018845   -0.0017917051   85.9788718005   88.9953811352   -2.0015904774 
   0.0000000000    -32.000       10.000000   0.169910        984.6676    0.0000998720   -0.0017010685   84.9493680788   87.8726421132   -1.9989475647 
   0.0000000000    -31.000       10.000000   0.170451        986.2996    0.0000977955   -0.0016109374   83.9258636611   86.7540919972   -1.9963812545 
   0.0000000000    -30.000       10.000000   0.170965        987.8458    0.0000956788   -0.0015219616   82.9146783715   85.6460200382   -1.9938900765 
   0.0000000000    -29.000       10.000000   0.171452        989.3072    0.0000935431   -0.0014346779   81.9210768973   84.5537563110   -1.9914721374 
   0.0000000000    -28.000       10.000000   0.171911        990.6852    0.0000914065   -0.0013495178   80.9493456112   83.4817359623   -1.9891252162 
   0.0000000000    -27.000       10.000000   0.172344        991.9819    0.0000892845   -0.0012668173   80.0028840216   82.4335751980   -1.9868468484 
   0.0000000000    -26.000       10.000000   0.172751        993.1995    0.0000871899   -0.0011868275   79.0843031822   81.4121532469   -1.9846344002 
   0.0000000000    -25.000       10.000000   0.173133        994.3404    0.0000851333   -0.0011097261   78.1955251733   80.4196957976   -1.9824851303 
   0.0000000000    -24.000       10.000000   0.173491        995.4074    0.0000831229   -0.0010356278   77.3378793923   79.4578565769   -1.9803962420 
   0.0000000000    -23.000       10.000000   0.173825        996.4032    0.0000811655   -0.0009645949   76.5121927804   78.5277947653   -1.9783649261 
   0.0000000000    -22.000       10.000000   0.174136        997.3307    0.0000792658   -0.0008966460   75.7188722813   77.6302467825   -1.9763883940 
   0.0000000000    -21.000       10.000000   0.174426        998.1927    0.0000774273   -0.0008317648   74.9579786812   76.7655916247   -1.9744639052 
   0.0000000000    -20.000       10.000000   0.174694        998.9915    0.0000756529   -0.0007699236   74.2295497721   75.9341906939   -1.9725899634 
   0.0000000000    -19.000       10.000000   0.174943        999.7313    0.0000739431   -0.0007110206   73.5325896075   75.1352777891   -1.9707614909 
   0.0000000000    -18.000       10.000000   0.175173       1000.4142    0.0000722990   -0.0006549926   72.8667740337   74.3688069962   -1.9689773159 
   0.0000000000    -17.000       10.000000   0.175385       1001.0429    0.0000707204   -0.0006017448   72.2313461491   73.6342471898   -1.9672350396 
   0.0000000000    -16.000       10.000000   0.175580       1001.6200    0.0000692068   -0.0005511741   71.6254483348   72.9309388457   -1.9655323674 
   0.0000000000    -15.000       10.000000   0.175758       1002.1480    0.0000677570   -0.0005031719   71.0481509493   72.2581229471   -1.9638671108 
   0.0000000000    -14.000       10.000000   0.175920       1002.6294    0.0000663699   -0.0004576264   70.4984759861   71.6149654812   -1.9622371869 
   0.0000000000    -13.000       10.000000   0.176068       1003.0665    0.0000650436   -0.0004144249   69.9754163864   71.0005780432   -1.9606406174 
   0.0000000000    -12.000       10.000000   0.176201       1003.4615    0.0000637766   -0.0003734547   69.4779516575   70.4140350608   -1.9590755262 
   0.0000000000    -11.000       10.000000   0.176321       1003.8167    0.0000625667   -0.0003346050   69.0050603667   69.8543880814   -1.9575401361 
   0.0000000000    -10.000       10.000000   0.176429       1004.1340    0.0000614121   -0.0002977670   68.5557300213   69.3206775479   -1.9560327654 
   0.0000000000     -9.000       10.000000   0.176524       1004.4154    0.0000603107   -0.0002628352   68.1289647627   68.8119424135   -1.9545518234 
   0.0000000000     -8.000       10.000000   0.176608       1004.6626    0.0000592604   -0.0002297077   67.7237912554   68.3272279295   -1.9530958069 
   0.0000000000     -7.000       10.000000   0.176680       1004.8775    0.0000582591   -0.0001982862   67.3392630905   67.8655918803   -1.9516632952 
   0.0000000000     -6.000       10.000000   0.176743       1005.0617    0.0000573049   -0.0001684767   66.9744639729   67.4261095118   -1.9502529463 
   0.0000000000     -5.000       10.000000   0.176795       1005.2167    0.0000563956   -0.0001401893   66.6285099192   67.0078773635   -1.9488634924 
   0.0000000000     -4.000       10.000000   0.176838       1005.3435    0.0000555295   -0.0001133454   66.3006682473   66.6101516062   -1.9474946202 
   0.0000000000     -3.000       10.000000   0.176872       1005.4446    0.0000547044   -0.0000878483   65.9898746797   66.2317935417   -1.9461433572 
   0.0000000000     -2.000       10.000000   0.176898       1005.5207    0.0000539185   -0.0000636286   65.6954807246   65.8721303894   -1.9448095976 
   0.0000000000     -1.000       10.000000   0.176915       1005.5730    0.0000531701   -0.0000406130   65.4167396633   65.5303657639   -1.9434923293 
   0.0000000000      0.000       10.000000   0.176926       1005.6028    0.0000524575   -0.0000187318   65.1529389272   65.2057327584   -1.9421905955 
   0.0000000000      1.000       10.000000   0.176928       1005.6111    0.0000517791    0.0000020807   64.9033993984   64.8974941639   -1.9409034910 
   0.0000000000      2.000       10.000000   0.176924       1005.5989    0.0000511332    0.0000218867   64.6674745320   64.6049424074   -1.9396301592 
   0.0000000000      3.000       10.000000   0.176914       1005.5674    0.0000505184    0.0000407450   64.4445493484   64.3273992658   -1.9383697888 
   0.0000000000      4.000       10.000000   0.176897       1005.5173    0.0000499332    0.0000587112   64.2340393356   64.0642154008   -1.9371216113 
   0.0000000000      5.000       10.000000   0.176874       1005.4496    0.0000493763    0.0000758377   64.0353892924   63.8147697550   -1.9358848982 
   0.0000000000      6.000       10.000000   0.176845       1005.3651    0.0000488464    0.0000921738   63.8480721380   63.5784688423   -1.9346589588 
   0.0000000000      7.000       10.000000   0.176811       1005.2646    0.0000483423    0.0001077663   63.6715877065   63.3547459570   -1.9334431373 
   0.0000000000      8.000       10.000000   0.176772       1005.1487    0.0000478627    0.0001226592   63.5054615425   63.1430603257   -1.9322368111 
   0.0000000000      9.000       10.000000   0.176728       1005.0182    0.0000474066    0.0001368939   63.3492437121   62.9428962219   -1.9310393886 
   0.0000000000     10.000       10.000000   0.176679       1004.8738    0.0000469730    0.0001505097   63.2025076344   62.7537620531   -1.9298503073 
   0.0000000000     11.000       10.000000   0.176626       1004.7159    0.0000465607    0.0001635435   63.0648489437   62.5751894390   -1.9286690321 
   0.0000000000     12.000       10.000000   0.176568       1004.5453    0.0000461689    0.0001760303   62.9358843866   62.4067322855   -1.9274950534 
   0.0000000000     13.000       10.000000   0.176506       1004.3625    0.0000457967    0.0001880028   62.8152507560   62.2479658653   -1.9263278857 
   0.0000000000     14.000       10.000000   0.176440       1004.1678    0.0000454433    0.0001994921   62.7026038685   62.0984859116   -1.9251670662 
   0.0000000000     15.000       10.000000   0.176371       1003.9620    0.0000451077    0.0002105276   62.5976175806   61.9579077263   -1.9240121532 
   0.0000000000     16.000       10.000000   0.176297       1003.7453    0.0000447894    0.0002211369   62.4999828505   61.8258653128   -1.9228627252 
   0.0000000000     17.000       10.000000   0.176221       1003.5182    0.0000444875    0.0002313462   62.4094068407   61.7020105292   -1.9217183792 
   0.0000000000     18.000       10.000000   0.176141       1003.2811    0.0000442013    0.0002411801   62.3256120637   61.5860122698   -1.9205787301 
   0.0000000000     19.000       10.000000   0.176057       1003.0343    0.0000439304    0.0002506619   62.2483355697   61.4775556732   -1.9194434092 
   0.0000000000     20.000       10.000000   0.175971       1002.7783    0.0000436739    0.0002598138   62.1773281745   61.3763413591   -1.9183120636 
   0.0000000000     21.000       10.000000   0.175881       1002.5134    0.0000434314    0.0002686565   62.1123537261   61.2820846939   -1.9171843550 
   0.0000000000     22.000       10.000000   0.175789       1002.2398    0.0000432024    0.0002772099   62.0531884105   61.1945150857   -1.9160599589 
   0.0000000000     23.000       10.000000   0.175694       1001.9578    0.0000429863    0.0002854924   61.9996200929   61.1133753086   -1.9149385640 
   0.0000000000     24.000       10.000000   0.175596       1001.6678    0.0000427826    0.0002935218   61.9514476944   61.0384208551   -1.9138198713 
   0.0000000000     25.000       10.000000   0.175496       1001.3699    0.0000425909    0.0003013149   61.9084806021   60.9694193182   -1.9127035930 
   0.0000000000     26.000       10.000000   0.175393       1001.0644    0.0000424107    0.0003088874   61.8705381108   60.9061497999   -1.9115894527 
   0.0000000000     27.000       10.000000   0.175287       1000.7515    0.0000422417    0.0003162543   61.8374488951   60.8484023469   -1.9104771839 
   0.0000000000     28.000       10.000000   0.175179       1000.4315    0.0000420835    0.0003234298   61.8090505105   60.7959774137   -1.9093665301 
   0.0000000000     29.000       10.000000   0.175069       1000.1044    0.0000419357    0.0003304275   61.7851889216   60.7486853493   -1.9082572437 
   0.0000000000     30.000       10.000000   0.174957        999.7706    0.0000417979    0.0003372602   61.7657180559   60.7063459096   -1.9071490858 
   0.0000000000     31.000       10.000000   0.174842        999.4301    0.0000416700    0.0003439399   61.7504993831   60.6687877930   -1.9060418256 
   0.0000000000     32.000       10.000000   0.174725        999.0832    0.0000415515    0.0003504782   61.7394015164   60.6358481979   -1.9049352401 
   0.0000000000     33.000       10.000000   0.174607        998.7298    0.0000414421    0.0003568861   61.7322998364   60.6073724033   -1.9038291135 
   0.0000000000     34.000       10.000000   0.174486        998.3703    0.0000413417    0.0003631739   61.7290761352   60.5832133683   -1.9027232366 
   0.0000000000     35.000       10.000000   0.174363        998.0047    0.0000412500    0.0003693516   61.7296182804   60.5632313528   -1.9016174070 
   0.0000000000     36.000       10.000000   0.174238        997.6331    0.0000411666    0.0003754286   61.7338198976   60.5472935565   -1.9005114282 
   0.0000000000     37.000       10.000000   0.174111        997.2557    0.0000410915    0.0003814137   61.7415800698   60.5352737761   -1.8994051093 
   0.0000000000     38.000       10.000000   0.173982        996.8724    0.0000410244    0.0003873156   61.7528030536   60.5270520794   -1.8982982651 
   0.0000000000     39.000       10.000000   0.173852        996.4835    0.0000409651    0.0003931424   61.7673980103   60.5225144959   -1.8971907154 
   0.0000000000     40.000       10.000000   0.173720        996.0889    0.0000409135    0.0003989018   61.7852787520   60.5215527231   -1.8960822848 
   0.0000000000     41.000       10.000000   0.173585        995.6888    0.0000408693    0.0004046011   61.8063635015   60.5240638472   -1.8949728025 
   0.0000000000     42.000       10.000000   0.173449        995.2832    0.0000408324    0.0004102476   61.8305746646   60.5299500783   -1.8938621018 
   0.0000000000     43.000       10.000000   0.173312        994.8722    0.0000408027    0.0004158477   61.8578386149   60.5391184981   -1.8927500204 
   0.0000000000     44.000       10.000000   0.173172        994.4558    0.0000407799    0.0004214081   61.8880854896   60.5514808216   -1.8916363996 
   0.0000000000     45.000       10.000000   0.173031        994.0341    0.0000407641    0.0004269348   61.9212489968   60.5669531689   -1.8905210843 
   0.0000000000     46.000       10.000000   0.172888        993.6071    0.0000407551    0.0004324337   61.9572662323   60.5854558505   -1.8894039229 
   0.0000000000     47.000       10.000000   0.172744        993.1748    0.0000407527    0.0004379103   61.9960775063   60.6069131613   -1.8882847668 
   0.0000000000     48.000       10.000000   0.172597        992.7372    0.0000407568    0.0004433702   62.0376261786   60.6312531865   -1.8871634706 
   0.0000000000     49.000       10.000000   0.172449        992.2945    0.0000407675    0.0004488184   62.0818585029   60.6584076161   -1.8860398918 
   0.0000000000     50.000       10.000000   0.172300        991.8465    0.0000407845    0.0004542599   62.1287234787   60.6883115687   -1.8849138904 
   0.0000000000     51.000       10.000000   0.172148        991.3934    0.0000408078    0.0004596994   62.1781727104   60.7209034246   -1.8837853288 
   0.0000000000     52.000       10.000000   0.171995        990.9350    0.0000408373    0.0004651414   62.2301602742   60.7561246663   -1.8826540721 
   0.0000000000     53.000       10.000000   0.171841        990.4715    0.0000408730    0.0004705904   62.2846425907   60.7939197272   -1.8815199875 
   0.0000000000     54.000       10.000000   0.171684        990.0028    0.0000409147    0.0004760505   62.3415783047   60.8342358473   -1.8803829440 
   0.0000000000     55.000       10.000000   0.171526        989.5289    0.0000409626    0.0004815257   62.4009281698   60.8770229364   -1.8792428129 
   0.0000000000     56.000       10.000000   0.171367        989.0498    0.0000410164    0.0004870200   62.4626549398   60.9222334433   -1.8780994672 
   0.0000000000     57.000       10.000000   0.171206        988.5655    0.0000410761    0.0004925370   62.5267232637   60.9698222310   -1.8769527816 
   0.0000000000     58.000       10.000000   0.171043        988.0760    0.0000411418    0.0004980804   62.5930995871   61.0197464589   -1.8758026323 
   0.0000000000     59.000       10.000000   0.170878        987.5812    0.0000412133    0.0005036536   62.6617520574   61.0719654691   -1.8746488973 
   0.0000000000     60.000       10.000000   0.170712        987.0812    0.0000412907    0.0005092600   62.7326504331   61.1264406788   -1.8734914556 
   0.0000000000     61.000       10.000000   0.170544        986.5759    0.0000413739    0.0005149029   62.8057659977   61.1831354776   -1.8723301878 
   0.0000000000     62.000       10.000000   0.170374        986.0652    0.0000414630    0.0005205853   62.8810714773   61.2420151287   -1.8711649755 
   0.0000000000     63.000       10.000000   0.170203        985.5492    0.0000415578    0.0005263102   62.9585409614   61.3030466756   -1.8699957016 
   0.0000000000     64.000       10.000000   0.170030        985.0278    0.0000416584    0.0005320807   63.0381498274   61.3661988519   -1.8688222499 
   0.0000000000     65.000       10.000000   0.169855        984.5010    0.0000417647    0.0005378994   63.1198746680   61.4314419959   -1.8676445052 
   0.0000000000     66.000       10.000000   0.169679        983.9686    0.0000418768    0.0005437693   63.2036932219   61.4987479681   -1.8664623531 
   0.0000000000     67.000       10.000000   0.169501        983.4308    0.0000419947    0.0005496928   63.2895843071   61.5680900723   -1.8652756802 
   0.0000000000     68.000       10.000000   0.169321        982.8875    0.0000421183    0.0005556727   63.3775277563   61.6394429809   -1.8640843737 
   0.0000000000     69.000       10.000000   0.169139        982.3385    0.0000422478    0.0005617114   63.4675043555   61.7127826617   -1.8628883215 
   0.0000000000     70.000       10.000000   0.168956        981.7839    0.0000423830    0.0005678112   63.5594957848   61.7880863089   -1.8616874121 
   0.0000000000     71.000       10.000000   0.168771        981.2235    0.0000425239    0.0005739747   63.6534845606   61.8653322760   -1.8604815347 
   0.0000000000     72.000       10.000000   0.168584        980.6574    0.0000426707    0.0005802041   63.7494539803   61.9445000118   -1.8592705787 
   0.0000000000     73.000       10.000000   0.168395        980.0855    0.0000428234    0.0005865015   63.8473880694   62.0255699983   -1.8580544343 
   0.0000000000     74.000       10.000000   0.168204        979.5078    0.0000429818    0.0005928693   63.9472715290   62.1085236915   -1.8568329918 
   0.0000000000     75.000       10.000000   0.168012        978.9241    0.0000431462    0.0005993094   64.0490896861   62.1933434633   -1.8556061422 
   0.0000000000     76.000       10.000000   0.167817        978.3344    0.0000433164    0.0006058240   64.1528284452   62.2800125464   -1.8543737764 
   0.0000000000     77.000       10.000000   0.167621        977.7387    0.0000434926    0.0006124151   64.2584742404   62.3685149804   -1.8531357858 
   0.0000000000     78.000       10.000000   0.167423        977.1368    0.0000436747    0.0006190845   64.3660139904   62.4588355598   -1.8518920621 
   0.0000000000     79.000       10.000000   0.167223        976.5288    0.0000438628    0.0006258343   64.4754350530   62.5509597839   -1.8506424970 
   0.0000000000     80.000       10.000000   0.167021        975.9145    0.0000440570    0.0006326663   64.5867251823   62.6448738075   -1.8493869826 
   0.0000000000     81.000       10.000000   0.166817        975.2939    0.0000442572    0.0006395823   64.6998724855   62.7405643938   -1.8481254108 
   0.0000000000     82.000       10.000000   0.166611        974.6669    0.0000444635    0.0006465840   64.8148653820   62.8380188677   -1.8468576738 
   0.0000000000     83.000       10.000000   0.166404        974.0335    0.0000446759    0.0006536731   64.9316925623   62.9372250715   -1.8455836640 
   0.0000000000     84.000       10.000000   0.166194        973.3935    0.0000448945    0.0006608515   65.0503429485   63.0381713205   -1.8443032735 
   0.0000000000     85.000       10.000000   0.165982        972.7469    0.0000451194    0.0006681206   65.1708056551   63.1408463603   -1.8430163947 
   0.0000000000     86.000       10.000000   0.165768        972.0936    0.0000453505    0.0006754821   65.2930699509   63.2452393251   -1.8417229198 
   0.0000000000     87.000       10.000000   0.165552        971.4336    0.0000455879    0.0006829376   65.4171252209   63.3513396963   -1.8404227412 
   0.0000000000     88.000       10.000000   0.165334        970.7667    0.0000458317    0.0006904886   65.5429609297   63.4591372627   -1.8391157511 
   0.0000000000     89.000       10.000000   0.165114        970.0930    0.0000460819    0.0006981365   65.6705665846   63.5686220809   -1.8378018416 
   0.0000000000     90.000       10.000000   0.164891        969.4122    0.0000463386    0.0007058828   65.7999316998   63.6797844365   -1.8364809050 
   0.0000000000     91.000       10.000000   0.164667        968.7243    0.0000466018    0.0007137288   65.9310457607   63.7926148057   -1.8351528331 
   0.0000000000     92.000       10.000000   0.164440        968.0293    0.0000468716    0.0007216760   66.0638981888   63.9071038181   -1.8338175180 
   0.0000000000     93.000       10.000000   0.164211        967.3271    0.0000471481    0.0007297257   66.1984783070   64.0232422195   -1.8324748515 
   0.0000000000     94.000       10.000000   0.163980        966.6175    0.0000474312    0.0007378791   66.3347753049   64.1410208350   -1.8311247254 
   0.0000000000     95.000       10.000000   0.163747        965.9006    0.0000477210    0.0007461375   66.4727782052   64.2604305329   -1.8297670313 
   0.0000000000     96.000       10.000000   0.163512        965.1761    0.0000480177    0.0007545021   66.6124758295   64.3814621891   -1.8284016608 
   0.0000000000     97.000       10.000000   0.163274        964.4441    0.0000483212    0.0007629740   66.7538567649   64.5041066510   -1.8270285053 
   0.0000000000     98.000       10.000000   0.163034        963.7044    0.0000486317    0.0007715544   66.8969093308   64.6283547027   -1.8256474562 
   0.0000000000     99.000       10.000000   0.162791        962.9569    0.0000489491    0.0007802443   67.0416215460   64.7541970300   -1.8242584048 
   0.0000000000    100.000       10.000000   0.162546        962.2016    0.0000492736    0.0007890448   67.1879810957   64.8816241852   -1.8228612422 
   0.0000000000    101.000       10.000000   0.162299        961.4384    0.0000496051    0.0007979569   67.3359752990   65.0106265529   -1.8214558596 
   0.0000000000    102.000       10.000000   0.162050        960.6672    0.0000499439    0.0008069814   67.4855910767   65.1411943156   -1.8200421479 
   0.0000000000    103.000       10.000000   0.161797        959.8879    0.0000502898    0.0008161193   67.6368149186   65.2733174192   -1.8186199983 
   0.0000000000    104.000       10.000000   0.161543        959.1004    0.0000506431    0.0008253713   67.7896328523   65.4069855388   -1.8171893018 
   0.0000000000    105.000       10.000000   0.161286        958.3046    0.0000510037    0.0008347384   67.9440304108   65.5421880450   -1.8157499492 
   0.0000000000    106.000       10.000000   0.161027        957.5005    0.0000513716    0.0008442213   68.0999926014   65.6789139697   -1.8143018318 
   0.0000000000    107.000       10.000000   0.160765        956.6879    0.0000517471    0.0008538205   68.2575038739   65.8171519723   -1.8128448404 
   0.0000000000    108.000       10.000000   0.160500        955.8668    0.0000521301    0.0008635368   68.4165480897   65.9568903058   -1.8113788662 
   0.0000000000    109.000       10.000000   0.160233        955.0370    0.0000525207    0.0008733707   68.5771084908   66.0981167834   -1.8099038005 
   0.0000000000    110.000       10.000000   0.159964        954.1985    0.0000529189    0.0008833227   68.7391676695   66.2408187442   -1.8084195347 
   0.0000000000    111.000       10.000000   0.159692        953.3512    0.0000533248    0.0008933932   68.9027075372   66.3849830206   -1.8069259603 
   0.0000000000    112.000       10.000000   0.159417        952.4950    0.0000537385    0.0009035827   69.0677092950   66.5305959037   -1.8054229690 
   0.0000000000    113.000       10.000000   0.159140        951.6298    0.0000541600    0.0009138915   69.2341534038   66.6776431106   -1.8039104530 
   0.0000000000    114.000       10.000000   0.158860        950.7556    0.0000545894    0.0009243197   69.4020195541   66.8261097508   -1.8023883045 
   0.0000000000    115.000       10.000000   0.158577        949.8722    0.0000550267    0.0009348676   69.5712866379   66.9759802931   -1.8008564162 
   0.0000000000    116.000       10.000000   0.158291        948.9795    0.0000554720    0.0009455352   69.7419327195   67.1272385321   -1.7993146811 
   0.0000000000    117.000       10.000000   0.158003        948.0775    0.0000559253    0.0009563225   69.9139350067   67.2798675557   -1.7977629929 
   0.0000000000    118.000       10.000000   0.157712        947.1661    0.0000563867    0.0009672296   70.0872698240   67.4338497119   -1.7962012455 
   0.0000000000    119.000       10.000000   0.157419        946.2456    0.0000568560    0.0009782525   70.2618647134   67.5891121008   -1.7946287843 
   0.0000000000    120.000       10.000000   0.157123        945.3152    0.0000573336    0.0009893981   70.4377875218   67.7457417075   -1.7930465845 
   0.0000000000    121.000       10.000000   0.156824        944.3750    0.0000578195    0.0010006627   70.6149661432   67.9036665872   -1.7914540108 
   0.0000000000    122.000       10.000000   0.156522        943.4251    0.0000583136    0.0010120458   70.7933730949   68.0628657990   -1.7898509598 
   0.0000000000    123.000       10.000000   0.156217        942.4654    0.0000588160    0.0010235468   70.9729798797   68.2233175019   -1.7882373292 
   0.0000000000    124.000       10.000000   0.155910        941.4958    0.0000593268    0.0010351652   71.1537569620   68.3849989234   -1.7866130175 
   0.0000000000    125.000       10.000000   0.155599        940.5162    0.0000598458    0.0010469002   71.3356737449   68.5478863286   -1.7849779241 
   0.0000000000    126.000       10.000000   0.155286        939.5265    0.0000603733    0.0010587509   71.5186985476   68.7119549910   -1.7833319498 
