  #sigma_s    Temp(C) Press(Mpa) p_meanfield density (kg/m^3)      kappa      alpha Cp(J/molK) Cv(J/molK)  mu(J/mol)
   0.0000000000   -173.000      280.000000   0.455911       1264.6040    0.0000161493    0.0009547782   75.0754558774   67.0479904334   -1.9257789657 
   0.0000000000   -172.000      280.000000   0.455401       1263.4029    0.0000153219    0.0009470350   74.7739822779   66.7527275022   -1.9244309818 
   0.0000000000   -171.000      280.000000   0.454890       1262.2051    0.0000149637    0.0009435568   74.5084645847   66.4903188292   -1.9230847816 
   0.0000000000   -170.000      280.000000   0.454382       1261.0077    0.0000156182    0.0009490669   74.2751377102   66.2540110918   -1.9217381065 
   0.0000000000   -169.000      280.000000   0.453874       1259.8112    0.0000156531    0.0009519847   73.9610524480   65.9160402641   -1.9203918639 
   0.0000000000   -168.000      280.000000   0.453367       1258.6159    0.0000160651    0.0009482122   73.8295602778   65.8429594090   -1.9190466243 
   0.0000000000   -167.000      280.000000   0.452861       1257.4206    0.0000160064    0.0009495011   73.5770482300   65.5738820597   -1.9177020204 
   0.0000000000   -166.000      280.000000   0.452356       1256.2256    0.0000162837    0.0009492752   73.3362372640   65.3520813531   -1.9163583473 
   0.0000000000   -165.000      280.000000   0.451851       1255.0327    0.0000164655    0.0009507365   73.1261152666   65.1402061428   -1.9150152214 
   0.0000000000   -164.000      280.000000   0.451347       1253.8400    0.0000167605    0.0009508929   72.9295117646   64.9603420955   -1.9136739689 
   0.0000000000   -163.000      280.000000   0.450844       1252.6488    0.0000168714    0.0009506991   72.7199878713   64.7580247461   -1.9123325220 
   0.0000000000   -162.000      280.000000   0.450342       1251.4587    0.0000170787    0.0009508944   72.5252674767   64.5736088936   -1.9109917881 
   0.0000000000   -161.000      280.000000   0.449842       1250.2698    0.0000173402    0.0009511055   72.3356897147   64.3976913763   -1.9096521361 
   0.0000000000   -160.000      280.000000   0.449342       1249.0822    0.0000174055    0.0009500752   72.1509261329   64.2239039232   -1.9083133342 
   0.0000000000   -159.000      280.000000   0.448843       1247.8959    0.0000175247    0.0009499089   71.9624343308   64.0426801634   -1.9069754896 
   0.0000000000   -158.000      280.000000   0.448346       1246.7110    0.0000177363    0.0009498730   71.7828712279   63.8752766066   -1.9056386825 
   0.0000000000   -157.000      280.000000   0.447849       1245.5276    0.0000179326    0.0009494622   71.6091627760   63.7157423235   -1.9043028454 
   0.0000000000   -156.000      280.000000   0.447354       1244.3457    0.0000180897    0.0009491263   71.4368844039   63.5543835186   -1.9029680466 
   0.0000000000   -155.000      280.000000   0.446860       1243.1655    0.0000182673    0.0009489673   71.2664421570   63.3946385599   -1.9016343199 
   0.0000000000   -154.000      280.000000   0.446366       1241.9870    0.0000184054    0.0009479929   71.1045477275   63.2475943955   -1.9003016839 
   0.0000000000   -153.000      280.000000   0.445875       1240.8103    0.0000185775    0.0009475552   70.9424414469   63.0979818241   -1.8989701760 
   0.0000000000   -152.000      280.000000   0.445384       1239.6355    0.0000187395    0.0009469276   70.7849917803   62.9538738930   -1.8976398264 
   0.0000000000   -151.000      280.000000   0.444895       1238.4625    0.0000189148    0.0009463095   70.6308620609   62.8137635125   -1.8963106527 
   0.0000000000   -150.000      280.000000   0.444407       1237.2916    0.0000190670    0.0009455038   70.4790723379   62.6760153168   -1.8949826899 
   0.0000000000   -149.000      280.000000   0.443920       1236.1228    0.0000192257    0.0009447307   70.3305683894   62.5416051220   -1.8936559664 
   0.0000000000   -148.000      280.000000   0.443433       1234.9558    0.0000193762    0.0009438016   70.1850922116   62.4109486128   -1.8923315126 
   0.0000000000   -147.000      280.000000   0.442949       1233.7914    0.0000195345    0.0009428741   70.0426982582   62.2837445995   -1.8910072771 
   0.0000000000   -146.000      280.000000   0.442467       1232.6292    0.0000196809    0.0009418673   69.9018349683   62.1579137769   -1.8896843773 
   0.0000000000   -145.000      280.000000   0.441986       1231.4695    0.0000198342    0.0009408085   69.7646107352   62.0365065330   -1.8883628356 
   0.0000000000   -144.000      280.000000   0.441506       1230.3122    0.0000199796    0.0009396628   69.6293568784   61.9172264406   -1.8870426849 
   0.0000000000   -143.000      280.000000   0.441028       1229.1574    0.0000201243    0.0009384734   69.4963656801   61.8004507462   -1.8857239452 
   0.0000000000   -142.000      280.000000   0.440551       1228.0052    0.0000202646    0.0009371780   69.3659332649   61.6867770490   -1.8844066458 
   0.0000000000   -141.000      280.000000   0.440076       1226.8557    0.0000204074    0.0009358860   69.2375322585   61.5751812636   -1.8830908150 
   0.0000000000   -140.000      280.000000   0.439603       1225.7089    0.0000205449    0.0009344903   69.1113362580   61.4662640851   -1.8817764773 
   0.0000000000   -139.000      280.000000   0.439131       1224.5649    0.0000206816    0.0009330458   68.9872019920   61.3596873323   -1.8804636611 
   0.0000000000   -138.000      280.000000   0.438660       1223.4237    0.0000208163    0.0009315459   68.8650434498   61.2553603245   -1.8791523907 
   0.0000000000   -137.000      280.000000   0.438192       1222.2855    0.0000209504    0.0009300008   68.7447257493   61.1531465407   -1.8778426934 
   0.0000000000   -136.000      280.000000   0.437725       1221.1503    0.0000210799    0.0009283766   68.6263434943   61.0531850862   -1.8765345927 
   0.0000000000   -135.000      280.000000   0.437260       1220.0182    0.0000212084    0.0009266903   68.5098455225   60.9554995198   -1.8752281148 
   0.0000000000   -134.000      280.000000   0.436796       1218.8892    0.0000213342    0.0009249565   68.3949852678   60.8596177260   -1.8739232829 
   0.0000000000   -133.000      280.000000   0.436334       1217.7634    0.0000214579    0.0009231626   68.2818627158   60.7657918086   -1.8726201223 
   0.0000000000   -132.000      280.000000   0.435874       1216.6408    0.0000215791    0.0009213104   68.1703992696   60.6739067005   -1.8713186564 
   0.0000000000   -131.000      280.000000   0.435416       1215.5216    0.0000216984    0.0009194041   68.0604935942   60.5838492514   -1.8700189082 
   0.0000000000   -130.000      280.000000   0.434959       1214.4058    0.0000218154    0.0009174435   67.9521249944   60.4955926084   -1.8687209010 
   0.0000000000   -129.000      280.000000   0.434505       1213.2933    0.0000219303    0.0009154307   67.8452643149   60.4091007618   -1.8674246566 
   0.0000000000   -128.000      280.000000   0.434052       1212.1844    0.0000220429    0.0009133633   67.7398572257   60.3243320606   -1.8661301972 
   0.0000000000   -127.000      280.000000   0.433601       1211.0790    0.0000221532    0.0009112449   67.6358473337   60.2412020013   -1.8648375441 
   0.0000000000   -126.000      280.000000   0.433152       1209.9773    0.0000222609    0.0009090715   67.5332141321   60.1597006581   -1.8635467183 
   0.0000000000   -125.000      280.000000   0.432704       1208.8792    0.0000223668    0.0009068528   67.4319120507   60.0797624536   -1.8622577400 
   0.0000000000   -124.000      280.000000   0.432259       1207.7848    0.0000224703    0.0009045824   67.3319052603   60.0013600335   -1.8609706294 
   0.0000000000   -123.000      280.000000   0.431816       1206.6941    0.0000225716    0.0009022655   67.2331503834   59.9244326212   -1.8596854054 
   0.0000000000   -122.000      280.000000   0.431374       1205.6073    0.0000226706    0.0008999009   67.1356182087   59.8489482341   -1.8584020872 
   0.0000000000   -121.000      280.000000   0.430935       1204.5243    0.0000227675    0.0008974912   67.0392770996   59.7748741493   -1.8571206927 
   0.0000000000   -120.000      280.000000   0.430497       1203.4452    0.0000228621    0.0008950356   66.9440981444   59.7021751567   -1.8558412400 
   0.0000000000   -119.000      280.000000   0.430062       1202.3700    0.0000229546    0.0008925373   66.8500453099   59.6308031776   -1.8545637460 
   0.0000000000   -118.000      280.000000   0.429628       1201.2989    0.0000230448    0.0008899957   66.7570965360   59.5607360318   -1.8532882274 
   0.0000000000   -117.000      280.000000   0.429197       1200.2318    0.0000231330    0.0008874133   66.6652204656   59.4919326121   -1.8520147003 
   0.0000000000   -116.000      280.000000   0.428768       1199.1687    0.0000232189    0.0008847899   66.5743932707   59.4243631360   -1.8507431801 
   0.0000000000   -115.000      280.000000   0.428340       1198.1097    0.0000233026    0.0008821274   66.4845876914   59.3579957983   -1.8494736819 
   0.0000000000   -114.000      280.000000   0.427915       1197.0549    0.0000233843    0.0008794267   66.3957808562   59.2928004586   -1.8482062199 
   0.0000000000   -113.000      280.000000   0.427491       1196.0043    0.0000234638    0.0008766888   66.3079509060   59.2287510253   -1.8469408080 
   0.0000000000   -112.000      280.000000   0.427070       1194.9579    0.0000235412    0.0008739151   66.2210778366   59.1658207642   -1.8456774593 
   0.0000000000   -111.000      280.000000   0.426651       1193.9158    0.0000236165    0.0008711067   66.1351344660   59.1039743581   -1.8444161866 
   0.0000000000   -110.000      280.000000   0.426234       1192.8779    0.0000236898    0.0008682645   66.0501035081   59.0431916193   -1.8431570020 
   0.0000000000   -109.000      280.000000   0.425819       1191.8443    0.0000237610    0.0008653897   65.9659684164   58.9834478496   -1.8418999169 
   0.0000000000   -108.000      280.000000   0.425406       1190.8151    0.0000238303    0.0008624836   65.8827077766   58.9247163967   -1.8406449423 
   0.0000000000   -107.000      280.000000   0.424995       1189.7902    0.0000238975    0.0008595473   65.8003034821   58.8669721796   -1.8393920886 
   0.0000000000   -106.000      280.000000   0.424587       1188.7697    0.0000239627    0.0008565817   65.7187403445   58.8101964579   -1.8381413656 
   0.0000000000   -105.000      280.000000   0.424180       1187.7537    0.0000240261    0.0008535883   65.6380006909   58.7543624042   -1.8368927826 
   0.0000000000   -104.000      280.000000   0.423776       1186.7420    0.0000240874    0.0008505678   65.5580707194   58.6994531596   -1.8356463483 
   0.0000000000   -103.000      280.000000   0.423373       1185.7349    0.0000241469    0.0008475214   65.4789340483   58.6454450930   -1.8344020707 
   0.0000000000   -102.000      280.000000   0.422973       1184.7322    0.0000242045    0.0008444504   65.4005775293   58.5923197502   -1.8331599576 
   0.0000000000   -101.000      280.000000   0.422575       1183.7340    0.0000242603    0.0008413558   65.3229869389   58.5400567815   -1.8319200159 
   0.0000000000   -100.000      280.000000   0.422179       1182.7403    0.0000243142    0.0008382386   65.2461493109   58.4886382889   -1.8306822521 
   0.0000000000    -99.000      280.000000   0.421785       1181.7511    0.0000243663    0.0008350999   65.1700519344   58.4380445706   -1.8294466722 
   0.0000000000    -98.000      280.000000   0.421394       1180.7665    0.0000244167    0.0008319407   65.0946837575   58.3882603846   -1.8282132815 
   0.0000000000    -97.000      280.000000   0.421004       1179.7865    0.0000244653    0.0008287621   65.0200329026   58.3392679473   -1.8269820850 
   0.0000000000    -96.000      280.000000   0.420617       1178.8110    0.0000245121    0.0008255652   64.9460884272   58.2910504178   -1.8257530869 
   0.0000000000    -95.000      280.000000   0.420232       1177.8401    0.0000245573    0.0008223509   64.8728397009   58.2435922796   -1.8245262911 
   0.0000000000    -94.000      280.000000   0.419849       1176.8738    0.0000246008    0.0008191202   64.8002775423   58.1968788859   -1.8233017009 
   0.0000000000    -93.000      280.000000   0.419466       1175.9117    0.0000246429    0.0008158749   64.7283783396   58.1508989568   -1.8220804227 
   0.0000000000    -92.000      280.000000   0.419088       1174.9546    0.0000246831    0.0008126145   64.6571601689   58.1056293306   -1.8208602287 
   0.0000000000    -91.000      280.000000   0.418711       1174.0021    0.0000247218    0.0008093407   64.5866008505   58.0610611943   -1.8196422476 
   0.0000000000    -90.000      280.000000   0.418336       1173.0543    0.0000247589    0.0008060544   64.5166921763   58.0171810634   -1.8184264805 
   0.0000000000    -89.000      280.000000   0.417964       1172.1111    0.0000247944    0.0008027566   64.4474258703   57.9739757253   -1.8172129283 
   0.0000000000    -88.000      280.000000   0.417594       1171.1725    0.0000248285    0.0007994482   64.3787948246   57.9314330154   -1.8160015912 
   0.0000000000    -87.000      280.000000   0.417226       1170.2385    0.0000248611    0.0007961302   64.3107913958   57.8895404942   -1.8147924690 
   0.0000000000    -86.000      280.000000   0.416860       1169.3092    0.0000248922    0.0007928033   64.2434091561   57.8482869429   -1.8135855608 
   0.0000000000    -85.000      280.000000   0.416496       1168.3845    0.0000249219    0.0007894686   64.1766411787   57.8076605873   -1.8123808656 
   0.0000000000    -84.000      280.000000   0.416134       1167.4644    0.0000249502    0.0007861268   64.1104813924   57.7676508253   -1.8111783817 
   0.0000000000    -83.000      280.000000   0.415774       1166.5489    0.0000249771    0.0007827788   64.0449237563   57.7282468571   -1.8099781069 
   0.0000000000    -82.000      280.000000   0.415416       1165.6381    0.0000250026    0.0007794254   63.9799626997   57.6894387488   -1.8087800388 
   0.0000000000    -81.000      280.000000   0.415061       1164.7319    0.0000250269    0.0007760675   63.9155926771   57.6512163553   -1.8075841742 
   0.0000000000    -80.000      280.000000   0.414707       1163.8303    0.0000250498    0.0007727059   63.8518088583   57.6135705588   -1.8063905098 
   0.0000000000    -79.000      280.000000   0.414356       1162.9333    0.0000250715    0.0007693413   63.7886061425   57.5764919035   -1.8051990415 
   0.0000000000    -78.000      280.000000   0.414007       1162.0409    0.0000250919    0.0007659745   63.7259799622   57.5399715438   -1.8040097652 
   0.0000000000    -77.000      280.000000   0.413659       1161.1531    0.0000251111    0.0007626063   63.6639258910   57.5040007899   -1.8028226760 
   0.0000000000    -76.000      280.000000   0.413314       1160.2699    0.0000251291    0.0007592374   63.6024398693   57.4685716234   -1.8016377687 
   0.0000000000    -75.000      280.000000   0.412971       1159.3913    0.0000251459    0.0007558686   63.5415178379   57.4336758176   -1.8004550378 
   0.0000000000    -74.000      280.000000   0.412630       1158.5173    0.0000251616    0.0007525005   63.4811561942   57.3993058676   -1.7992744772 
   0.0000000000    -73.000      280.000000   0.412291       1157.6478    0.0000251761    0.0007491339   63.4213513230   57.3654541440   -1.7980960806 
   0.0000000000    -72.000      280.000000   0.411954       1156.7828    0.0000251896    0.0007457695   63.3620999279   57.3321135825   -1.7969198411 
   0.0000000000    -71.000      280.000000   0.411619       1155.9224    0.0000252019    0.0007424079   63.3033988406   57.2992771760   -1.7957457515 
   0.0000000000    -70.000      280.000000   0.411286       1155.0665    0.0000252132    0.0007390497   63.2452451828   57.2669383555   -1.7945738042 
   0.0000000000    -69.000      280.000000   0.410955       1154.2151    0.0000252235    0.0007356957   63.1876360828   57.2350905620   -1.7934039913 
   0.0000000000    -68.000      280.000000   0.410626       1153.3682    0.0000252328    0.0007323464   63.1305690213   57.2037277488   -1.7922363044 
   0.0000000000    -67.000      280.000000   0.410299       1152.5258    0.0000252411    0.0007290025   63.0740415074   57.1728438160   -1.7910707348 
   0.0000000000    -66.000      280.000000   0.409974       1151.6878    0.0000252484    0.0007256646   63.0180512792   57.1424331160   -1.7899072734 
   0.0000000000    -65.000      280.000000   0.409651       1150.8543    0.0000252548    0.0007223332   62.9625961993   57.1124900372   -1.7887459107 
   0.0000000000    -64.000      280.000000   0.409330       1150.0252    0.0000252603    0.0007190089   62.9076742985   57.0830093134   -1.7875866369 
   0.0000000000    -63.000      280.000000   0.409010       1149.2005    0.0000252648    0.0007156923   62.8532837256   57.0539857799   -1.7864294418 
   0.0000000000    -62.000      280.000000   0.408693       1148.3803    0.0000252685    0.0007123839   62.7994227849   57.0254145428   -1.7852743151 
   0.0000000000    -61.000      280.000000   0.408378       1147.5644    0.0000252714    0.0007090843   62.7460899450   56.9972908796   -1.7841212456 
   0.0000000000    -60.000      280.000000   0.408064       1146.7528    0.0000252734    0.0007057941   62.6932837422   56.9696102413   -1.7829702224 
   0.0000000000    -59.000      280.000000   0.407753       1145.9456    0.0000252746    0.0007025136   62.6410029100   56.9423683023   -1.7818212338 
   0.0000000000    -58.000      280.000000   0.407443       1145.1428    0.0000252749    0.0006992434   62.5892462200   56.9155608306   -1.7806742680 
   0.0000000000    -57.000      280.000000   0.407135       1144.3442    0.0000252746    0.0006959840   62.5380126307   56.8891838582   -1.7795293129 
   0.0000000000    -56.000      280.000000   0.406829       1143.5499    0.0000252734    0.0006927360   62.4873011740   56.8632335092   -1.7783863558 
   0.0000000000    -55.000      280.000000   0.406525       1142.7598    0.0000252715    0.0006894996   62.4371110162   56.8377061279   -1.7772453840 
   0.0000000000    -54.000      280.000000   0.406223       1141.9740    0.0000252689    0.0006862754   62.3874414277   56.8125982061   -1.7761063844 
   0.0000000000    -53.000      280.000000   0.405922       1141.1924    0.0000252656    0.0006830639   62.3382917669   56.7879063681   -1.7749693434 
   0.0000000000    -52.000      280.000000   0.405624       1140.4150    0.0000252616    0.0006798655   62.2896615077   56.7636274124   -1.7738342474 
   0.0000000000    -51.000      280.000000   0.405327       1139.6418    0.0000252570    0.0006766805   62.2415502044   56.7397582613   -1.7727010824 
   0.0000000000    -50.000      280.000000   0.405032       1138.8727    0.0000252517    0.0006735095   62.1939575223   56.7162959958   -1.7715698339 
   0.0000000000    -49.000      280.000000   0.404739       1138.1077    0.0000252458    0.0006703527   62.1468832087   56.6932378351   -1.7704404873 
   0.0000000000    -48.000      280.000000   0.404447       1137.3468    0.0000252392    0.0006672107   62.1003271027   56.6705811249   -1.7693130277 
   0.0000000000    -47.000      280.000000   0.404157       1136.5900    0.0000252321    0.0006640838   62.0542891210   56.6483233487   -1.7681874400 
   0.0000000000    -46.000      280.000000   0.403869       1135.8372    0.0000252244    0.0006609723   62.0087692627   56.6264621032   -1.7670637086 
   0.0000000000    -45.000      280.000000   0.403583       1135.0885    0.0000252162    0.0006578766   61.9637676178   56.6049951308   -1.7659418177 
   0.0000000000    -44.000      280.000000   0.403298       1134.3437    0.0000252073    0.0006547971   61.9192843578   56.5839202951   -1.7648217514 
   0.0000000000    -43.000      280.000000   0.403016       1133.6029    0.0000251980    0.0006517342   61.8753197001   56.5632355477   -1.7637034933 
   0.0000000000    -42.000      280.000000   0.402734       1132.8661    0.0000251882    0.0006486881   61.8318739588   56.5429389708   -1.7625870268 
   0.0000000000    -41.000      280.000000   0.402455       1132.1332    0.0000251778    0.0006456593   61.7889475199   56.5230287815   -1.7614723352 
   0.0000000000    -40.000      280.000000   0.402177       1131.4042    0.0000251670    0.0006426479   61.7465408212   56.5035032589   -1.7603594013 
   0.0000000000    -39.000      280.000000   0.401901       1130.6790    0.0000251557    0.0006396544   61.7046543802   56.4843608238   -1.7592482077 
   0.0000000000    -38.000      280.000000   0.401626       1129.9577    0.0000251440    0.0006366791   61.6632887671   56.4655999803   -1.7581387369 
   0.0000000000    -37.000      280.000000   0.401353       1129.2401    0.0000251318    0.0006337222   61.6224446267   56.4472193384   -1.7570309710 
   0.0000000000    -36.000      280.000000   0.401082       1128.5264    0.0000251192    0.0006307840   61.5821226542   56.4292176060   -1.7559248920 
   0.0000000000    -35.000      280.000000   0.400812       1127.8164    0.0000251062    0.0006278649   61.5423235992   56.4115935733   -1.7548204814 
   0.0000000000    -34.000      280.000000   0.400544       1127.1102    0.0000250928    0.0006249650   61.5030482774   56.3943461338   -1.7537177208 
   0.0000000000    -33.000      280.000000   0.400278       1126.4076    0.0000250790    0.0006220848   61.4642975561   56.3774742659   -1.7526165912 
   0.0000000000    -32.000      280.000000   0.400013       1125.7087    0.0000250649    0.0006192243   61.4260723516   56.3609770313   -1.7515170737 
   0.0000000000    -31.000      280.000000   0.399749       1125.0135    0.0000250504    0.0006163840   61.3883736288   56.3448535738   -1.7504191489 
   0.0000000000    -30.000      280.000000   0.399487       1124.3218    0.0000250355    0.0006135640   61.3512024075   56.3291031202   -1.7493227973 
   0.0000000000    -29.000      280.000000   0.399227       1123.6338    0.0000250204    0.0006107647   61.3145597517   56.3137249756   -1.7482279993 
   0.0000000000    -28.000      280.000000   0.398968       1122.9493    0.0000250049    0.0006079861   61.2784467725   56.2987185207   -1.7471347348 
   0.0000000000    -27.000      280.000000   0.398711       1122.2683    0.0000249891    0.0006052287   61.2428646218   56.2840832129   -1.7460429836 
   0.0000000000    -26.000      280.000000   0.398455       1121.5908    0.0000249731    0.0006024925   61.2078144970   56.2698185695   -1.7449527254 
   0.0000000000    -25.000      280.000000   0.398200       1120.9168    0.0000249568    0.0005997779   61.1732976353   56.2559241922   -1.7438639396 
   0.0000000000    -24.000      280.000000   0.397947       1120.2462    0.0000249402    0.0005970850   61.1393153162   56.2423997427   -1.7427766053 
   0.0000000000    -23.000      280.000000   0.397696       1119.5790    0.0000249234    0.0005944141   61.1058688525   56.2292449402   -1.7416907015 
   0.0000000000    -22.000      280.000000   0.397445       1118.9152    0.0000249063    0.0005917653   61.0729595997   56.2164595843   -1.7406062069 
   0.0000000000    -21.000      280.000000   0.397197       1118.2548    0.0000248890    0.0005891389   61.0405889445   56.2040435207   -1.7395231002 
   0.0000000000    -20.000      280.000000   0.396949       1117.5976    0.0000248715    0.0005865351   61.0087583116   56.1919966605   -1.7384413595 
   0.0000000000    -19.000      280.000000   0.396703       1116.9437    0.0000248538    0.0005839541   60.9774691547   56.1803189696   -1.7373609632 
   0.0000000000    -18.000      280.000000   0.396459       1116.2931    0.0000248359    0.0005813960   60.9467229626   56.1690104717   -1.7362818891 
   0.0000000000    -17.000      280.000000   0.396215       1115.6457    0.0000248178    0.0005788610   60.9165212531   56.1580712420   -1.7352041151 
   0.0000000000    -16.000      280.000000   0.395973       1115.0015    0.0000247996    0.0005763494   60.8868655752   56.1475014093   -1.7341276186 
   0.0000000000    -15.000      280.000000   0.395733       1114.3604    0.0000247812    0.0005738613   60.8577575030   56.1373011491   -1.7330523770 
   0.0000000000    -14.000      280.000000   0.395493       1113.7225    0.0000247627    0.0005713968   60.8291986417   56.1274706887   -1.7319783675 
   0.0000000000    -13.000      280.000000   0.395255       1113.0877    0.0000247440    0.0005689562   60.8011906200   56.1180102992   -1.7309055671 
   0.0000000000    -12.000      280.000000   0.395019       1112.4559    0.0000247252    0.0005665396   60.7737350918   56.1089202972   -1.7298339526 
   0.0000000000    -11.000      280.000000   0.394783       1111.8272    0.0000247064    0.0005641472   60.7468337380   56.1002010457   -1.7287635007 
   0.0000000000    -10.000      280.000000   0.394549       1111.2014    0.0000246874    0.0005617791   60.7204882590   56.0918529465   -1.7276941877 
   0.0000000000     -9.000      280.000000   0.394316       1110.5787    0.0000246683    0.0005594355   60.6947003793   56.0838764424   -1.7266259900 
   0.0000000000     -8.000      280.000000   0.394084       1109.9588    0.0000246491    0.0005571165   60.6694718456   56.0762720169   -1.7255588836 
   0.0000000000     -7.000      280.000000   0.393854       1109.3419    0.0000246299    0.0005548223   60.6448044222   56.0690401890   -1.7244928444 
   0.0000000000     -6.000      280.000000   0.393625       1108.7279    0.0000246106    0.0005525530   60.6206998953   56.0621815138   -1.7234278481 
   0.0000000000     -5.000      280.000000   0.393396       1108.1166    0.0000245913    0.0005503089   60.5971600685   56.0556965826   -1.7223638704 
   0.0000000000     -4.000      280.000000   0.393169       1107.5082    0.0000245719    0.0005480899   60.5741867633   56.0495860193   -1.7213008866 
   0.0000000000     -3.000      280.000000   0.392944       1106.9026    0.0000245525    0.0005458963   60.5517818199   56.0438504815   -1.7202388719 
   0.0000000000     -2.000      280.000000   0.392719       1106.2997    0.0000245331    0.0005437282   60.5299470927   56.0384906559   -1.7191778015 
   0.0000000000     -1.000      280.000000   0.392495       1105.6995    0.0000245137    0.0005415857   60.5086844523   56.0335072608   -1.7181176501 
   0.0000000000      0.000      280.000000   0.392273       1105.1020    0.0000244943    0.0005394690   60.4879957845   56.0289010406   -1.7170583925 
   0.0000000000      1.000      280.000000   0.392052       1104.5072    0.0000244749    0.0005373782   60.4678829893   56.0246727713   -1.7160000034 
   0.0000000000      2.000      280.000000   0.391832       1103.9150    0.0000244555    0.0005353134   60.4483479794   56.0208232505   -1.7149424570 
   0.0000000000      3.000      280.000000   0.391612       1103.3253    0.0000244362    0.0005332747   60.4293926813   56.0173533052   -1.7138857277 
   0.0000000000      4.000      280.000000   0.391394       1102.7382    0.0000244169    0.0005312622   60.4110190331   56.0142637834   -1.7128297895 
   0.0000000000      5.000      280.000000   0.391177       1102.1536    0.0000243977    0.0005292762   60.3932289853   56.0115555605   -1.7117746165 
   0.0000000000      6.000      280.000000   0.390961       1101.5715    0.0000243785    0.0005273166   60.3760244987   56.0092295308   -1.7107201822 
   0.0000000000      7.000      280.000000   0.390746       1100.9918    0.0000243594    0.0005253837   60.3594075446   56.0072866099   -1.7096664605 
   0.0000000000      8.000      280.000000   0.390532       1100.4146    0.0000243403    0.0005234774   60.3433801061   56.0057277382   -1.7086134248 
   0.0000000000      9.000      280.000000   0.390320       1099.8398    0.0000243214    0.0005215980   60.3279441731   56.0045538703   -1.7075610484 
   0.0000000000     10.000      280.000000   0.390108       1099.2673    0.0000243025    0.0005197456   60.3131017473   56.0037659832   -1.7065093044 
   0.0000000000     11.000      280.000000   0.389896       1098.6967    0.0000242839    0.0005179199   60.2988458916   56.0033686832   -1.7054591656 
   0.0000000000     12.000      280.000000   0.389685       1098.1288    0.0000242652    0.0005161217   60.2851967364   56.0033557739   -1.7044085939 
   0.0000000000     13.000      280.000000   0.389476       1097.5632    0.0000242467    0.0005143507   60.2721471359   56.0037318784   -1.7033585736 
   0.0000000000     14.000      280.000000   0.389268       1096.9998    0.0000242284    0.0005126072   60.2596991230   56.0044980405   -1.7023090774 
   0.0000000000     15.000      280.000000   0.389061       1096.4385    0.0000242102    0.0005108910   60.2478547379   56.0056553184   -1.7012600777 
   0.0000000000     16.000      280.000000   0.388855       1095.8794    0.0000241921    0.0005092025   60.2366160267   56.0072047837   -1.7002115468 
   0.0000000000     17.000      280.000000   0.388649       1095.3225    0.0000241742    0.0005075417   60.2259850433   56.0091475240   -1.6991634569 
   0.0000000000     18.000      280.000000   0.388445       1094.7676    0.0000241565    0.0005059086   60.2159638469   56.0114846383   -1.6981157801 
   0.0000000000     19.000      280.000000   0.388241       1094.2148    0.0000241389    0.0005043034   60.2065545037   56.0142172396   -1.6970684882 
   0.0000000000     20.000      280.000000   0.388038       1093.6640    0.0000241216    0.0005027262   60.1977590840   56.0173464509   -1.6960215531 
   0.0000000000     21.000      280.000000   0.387836       1093.1151    0.0000241044    0.0005011771   60.1895796646   56.0208734078   -1.6949749463 
   0.0000000000     22.000      280.000000   0.387635       1092.5683    0.0000240875    0.0004996561   60.1820183280   56.0247992575   -1.6939286394 
   0.0000000000     23.000      280.000000   0.387434       1092.0233    0.0000240707    0.0004981634   60.1750771609   56.0291251558   -1.6928826037 
   0.0000000000     24.000      280.000000   0.387235       1091.4803    0.0000240542    0.0004966991   60.1687582555   56.0338522702   -1.6918368105 
   0.0000000000     25.000      280.000000   0.387036       1090.9390    0.0000240380    0.0004952632   60.1630637084   56.0389817765   -1.6907912308 
   0.0000000000     26.000      280.000000   0.386838       1090.3996    0.0000240219    0.0004938559   60.1579956218   56.0445148607   -1.6897458358 
   0.0000000000     27.000      280.000000   0.386640       1089.8620    0.0000240062    0.0004924772   60.1535561009   56.0504527166   -1.6887005962 
   0.0000000000     28.000      280.000000   0.386444       1089.3262    0.0000239906    0.0004911273   60.1497472566   56.0567965463   -1.6876554827 
   0.0000000000     29.000      280.000000   0.386248       1088.7920    0.0000239754    0.0004898062   60.1465712042   56.0635475612   -1.6866104660 
   0.0000000000     30.000      280.000000   0.386053       1088.2596    0.0000239604    0.0004885140   60.1440300629   56.0707069789   -1.6855655165 
   0.0000000000     31.000      280.000000   0.385858       1087.7288    0.0000239457    0.0004872508   60.1421259563   56.0782760246   -1.6845206045 
   0.0000000000     32.000      280.000000   0.385664       1087.1996    0.0000239313    0.0004860168   60.1408610124   56.0862559315   -1.6834757004 
   0.0000000000     33.000      280.000000   0.385471       1086.6720    0.0000239172    0.0004848119   60.1402373634   56.0946479384   -1.6824307741 
   0.0000000000     34.000      280.000000   0.385279       1086.1459    0.0000239035    0.0004836363   60.1402571461   56.1034532916   -1.6813857957 
   0.0000000000     35.000      280.000000   0.385087       1085.6214    0.0000238900    0.0004824901   60.1409225012   56.1126732431   -1.6803407351 
   0.0000000000     36.000      280.000000   0.384896       1085.0983    0.0000238769    0.0004813734   60.1422355739   56.1223090512   -1.6792955619 
   0.0000000000     37.000      280.000000   0.384705       1084.5767    0.0000238641    0.0004802862   60.1441985140   56.1323619803   -1.6782502458 
   0.0000000000     38.000      280.000000   0.384515       1084.0565    0.0000238516    0.0004792286   60.1468134753   56.1428332998   -1.6772047562 
   0.0000000000     39.000      280.000000   0.384326       1083.5377    0.0000238396    0.0004782008   60.1500826170   56.1537242858   -1.6761590625 
   0.0000000000     40.000      280.000000   0.384137       1083.0202    0.0000238278    0.0004772028   60.1540081021   56.1650362189   -1.6751131341 
   0.0000000000     41.000      280.000000   0.383949       1082.5040    0.0000238165    0.0004762348   60.1585920984   56.1767703849   -1.6740669399 
   0.0000000000     42.000      280.000000   0.383761       1081.9891    0.0000238055    0.0004752967   60.1638367789   56.1889280756   -1.6730204491 
   0.0000000000     43.000      280.000000   0.383574       1081.4755    0.0000237949    0.0004743887   60.1697443214   56.2015105868   -1.6719736305 
   0.0000000000     44.000      280.000000   0.383388       1080.9630    0.0000237848    0.0004735110   60.1763169087   56.2145192201   -1.6709264529 
   0.0000000000     45.000      280.000000   0.383202       1080.4518    0.0000237750    0.0004726635   60.1835567287   56.2279552812   -1.6698788849 
   0.0000000000     46.000      280.000000   0.383016       1079.9417    0.0000237656    0.0004718463   60.1914659750   56.2418200813   -1.6688308951 
   0.0000000000     47.000      280.000000   0.382831       1079.4326    0.0000237567    0.0004710597   60.2000468462   56.2561149355   -1.6677824520 
   0.0000000000     48.000      280.000000   0.382647       1078.9247    0.0000237482    0.0004703036   60.2093015470   56.2708411644   -1.6667335237 
   0.0000000000     49.000      280.000000   0.382462       1078.4178    0.0000237402    0.0004695781   60.2192322875   56.2860000924   -1.6656840786 
   0.0000000000     50.000      280.000000   0.382279       1077.9119    0.0000237326    0.0004688834   60.2298412843   56.3015930493   -1.6646340846 
   0.0000000000     51.000      280.000000   0.382096       1077.4069    0.0000237254    0.0004682195   60.2411307594   56.3176213688   -1.6635835098 
   0.0000000000     52.000      280.000000   0.381913       1076.9030    0.0000237188    0.0004675865   60.2531029417   56.3340863895   -1.6625323220 
   0.0000000000     53.000      280.000000   0.381730       1076.3999    0.0000237126    0.0004669846   60.2657600663   56.3509894542   -1.6614804888 
   0.0000000000     54.000      280.000000   0.381548       1075.8976    0.0000237069    0.0004664138   60.2791043751   56.3683319105   -1.6604279779 
   0.0000000000     55.000      280.000000   0.381367       1075.3962    0.0000237016    0.0004658742   60.2931381167   56.3861151106   -1.6593747568 
   0.0000000000     56.000      280.000000   0.381186       1074.8956    0.0000236969    0.0004653659   60.3078635468   56.4043404108   -1.6583207928 
   0.0000000000     57.000      280.000000   0.381005       1074.3958    0.0000236928    0.0004648890   60.3232829282   56.4230091723   -1.6572660533 
   0.0000000000     58.000      280.000000   0.380824       1073.8967    0.0000236891    0.0004644436   60.3393985313   56.4421227608   -1.6562105052 
   0.0000000000     59.000      280.000000   0.380644       1073.3982    0.0000236860    0.0004640298   60.3562126336   56.4616825462   -1.6551541158 
   0.0000000000     60.000      280.000000   0.380464       1072.9005    0.0000236834    0.0004636477   60.3737275208   56.4816899034   -1.6540968517 
   0.0000000000     61.000      280.000000   0.380285       1072.4033    0.0000236813    0.0004632974   60.3919454861   56.5021462118   -1.6530386799 
   0.0000000000     62.000      280.000000   0.380105       1071.9068    0.0000236798    0.0004629790   60.4108688310   56.5230528553   -1.6519795670 
   0.0000000000     63.000      280.000000   0.379926       1071.4108    0.0000236789    0.0004626926   60.4304998649   56.5444112222   -1.6509194795 
   0.0000000000     64.000      280.000000   0.379748       1070.9153    0.0000236786    0.0004624383   60.4508409059   56.5662227060   -1.6498583838 
   0.0000000000     65.000      280.000000   0.379569       1070.4203    0.0000236788    0.0004622163   60.4718942803   56.5884887042   -1.6487962464 
   0.0000000000     66.000      280.000000   0.379391       1069.9258    0.0000236797    0.0004620265   60.4936623232   56.6112106194   -1.6477330332 
   0.0000000000     67.000      280.000000   0.379213       1069.4316    0.0000236811    0.0004618692   60.5161473783   56.6343898588   -1.6466687105 
   0.0000000000     68.000      280.000000   0.379035       1068.9379    0.0000236832    0.0004617444   60.5393517983   56.6580278343   -1.6456032441 
   0.0000000000     69.000      280.000000   0.378858       1068.4445    0.0000236859    0.0004616522   60.5632779449   56.6821259620   -1.6445365999 
   0.0000000000     70.000      280.000000   0.378680       1067.9514    0.0000236892    0.0004615927   60.5879281886   56.7066856634   -1.6434687436 
   0.0000000000     71.000      280.000000   0.378503       1067.4585    0.0000236932    0.0004615662   60.6133049094   56.7317083641   -1.6423996408 
   0.0000000000     72.000      280.000000   0.378326       1066.9660    0.0000236978    0.0004615725   60.6394104963   56.7571954946   -1.6413292568 
   0.0000000000     73.000      280.000000   0.378149       1066.4736    0.0000237031    0.0004616120   60.6662473476   56.7831484899   -1.6402575571 
   0.0000000000     74.000      280.000000   0.377972       1065.9814    0.0000237090    0.0004616846   60.6938178710   56.8095687896   -1.6391845069 
   0.0000000000     75.000      280.000000   0.377796       1065.4893    0.0000237156    0.0004617905   60.7221244834   56.8364578377   -1.6381100712 
   0.0000000000     76.000      280.000000   0.377619       1064.9973    0.0000237230    0.0004619299   60.7511696112   56.8638170828   -1.6370342150 
   0.0000000000     77.000      280.000000   0.377443       1064.5054    0.0000237310    0.0004621028   60.7809556898   56.8916479779   -1.6359569031 
   0.0000000000     78.000      280.000000   0.377267       1064.0134    0.0000237397    0.0004623093   60.8114851642   56.9199519803   -1.6348781002 
   0.0000000000     79.000      280.000000   0.377090       1063.5215    0.0000237492    0.0004625496   60.8427604885   56.9487305514   -1.6337977710 
   0.0000000000     80.000      280.000000   0.376914       1063.0296    0.0000237594    0.0004628238   60.8747841260   56.9779851570   -1.6327158798 
   0.0000000000     81.000      280.000000   0.376738       1062.5375    0.0000237703    0.0004631319   60.9075585489   57.0077172666   -1.6316323910 
   0.0000000000     82.000      280.000000   0.376562       1062.0454    0.0000237820    0.0004634743   60.9410862386   57.0379283537   -1.6305472687 
   0.0000000000     83.000      280.000000   0.376386       1061.5531    0.0000237944    0.0004638508   60.9753696850   57.0686198956   -1.6294604771 
   0.0000000000     84.000      280.000000   0.376210       1061.0606    0.0000238077    0.0004642618   61.0104113869   57.0997933732   -1.6283719800 
   0.0000000000     85.000      280.000000   0.376034       1060.5678    0.0000238217    0.0004647072   61.0462138512   57.1314502705   -1.6272817413 
   0.0000000000     86.000      280.000000   0.375858       1060.0748    0.0000238365    0.0004651873   61.0827795933   57.1635920751   -1.6261897246 
   0.0000000000     87.000      280.000000   0.375682       1059.5816    0.0000238520    0.0004657022   61.1201111362   57.1962202770   -1.6250958934 
   0.0000000000     88.000      280.000000   0.375506       1059.0879    0.0000238685    0.0004662519   61.1582110109   57.2293363696   -1.6240002111 
   0.0000000000     89.000      280.000000   0.375330       1058.5939    0.0000238857    0.0004668367   61.1970817555   57.2629418483   -1.6229026410 
   0.0000000000     90.000      280.000000   0.375154       1058.0995    0.0000239037    0.0004674566   61.2367259152   57.2970382109   -1.6218031462 
   0.0000000000     91.000      280.000000   0.374977       1057.6047    0.0000239227    0.0004681118   61.2771460417   57.3316269571   -1.6207016897 
   0.0000000000     92.000      280.000000   0.374801       1057.1094    0.0000239424    0.0004688024   61.3183446930   57.3667095879   -1.6195982344 
   0.0000000000     93.000      280.000000   0.374625       1056.6135    0.0000239631    0.0004695286   61.3603244328   57.4022876058   -1.6184927428 
   0.0000000000     94.000      280.000000   0.374448       1056.1171    0.0000239846    0.0004702905   61.4030878302   57.4383625142   -1.6173851777 
   0.0000000000     95.000      280.000000   0.374271       1055.6202    0.0000240070    0.0004710882   61.4466374588   57.4749358167   -1.6162755013 
   0.0000000000     96.000      280.000000   0.374094       1055.1226    0.0000240303    0.0004719219   61.4909758966   57.5120090174   -1.6151636761 
   0.0000000000     97.000      280.000000   0.373917       1054.6243    0.0000240545    0.0004727917   61.5361057250   57.5495836193   -1.6140496641 
   0.0000000000     98.000      280.000000   0.373740       1054.1253    0.0000240796    0.0004736978   61.5820295284   57.5876611253   -1.6129334273 
   0.0000000000     99.000      280.000000   0.373563       1053.6256    0.0000241057    0.0004746403   61.6287498937   57.6262430362   -1.6118149276 
   0.0000000000    100.000      280.000000   0.373385       1053.1251    0.0000241327    0.0004756193   61.6762694090   57.6653308516   -1.6106941267 
   0.0000000000    101.000      280.000000   0.373208       1052.6238    0.0000241606    0.0004766350   61.7245906634   57.7049260681   -1.6095709862 
   0.0000000000    102.000      280.000000   0.373030       1052.1217    0.0000241895    0.0004776876   61.7737162459   57.7450301793   -1.6084454674 
   0.0000000000    103.000      280.000000   0.372852       1051.6186    0.0000242195    0.0004787772   61.8236487445   57.7856446754   -1.6073175316 
   0.0000000000    104.000      280.000000   0.372673       1051.1147    0.0000242504    0.0004799039   61.8743907456   57.8267710422   -1.6061871399 
   0.0000000000    105.000      280.000000   0.372495       1050.6098    0.0000242822    0.0004810679   61.9259448328   57.8684107602   -1.6050542533 
   0.0000000000    106.000      280.000000   0.372316       1050.1038    0.0000243152    0.0004822693   61.9783135859   57.9105653044   -1.6039188326 
   0.0000000000    107.000      280.000000   0.372136       1049.5969    0.0000243491    0.0004835084   62.0314995798   57.9532361433   -1.6027808386 
   0.0000000000    108.000      280.000000   0.371957       1049.0888    0.0000243841    0.0004847852   62.0855053837   57.9964247381   -1.6016402316 
   0.0000000000    109.000      280.000000   0.371777       1048.5797    0.0000244201    0.0004860999   62.1403335596   58.0401325420   -1.6004969720 
   0.0000000000    110.000      280.000000   0.371597       1048.0694    0.0000244572    0.0004874526   62.1959866614   58.0843609989   -1.5993510201 
   0.0000000000    111.000      280.000000   0.371416       1047.5579    0.0000244954    0.0004888436   62.2524672334   58.1291115434   -1.5982023360 
   0.0000000000    112.000      280.000000   0.371236       1047.0452    0.0000245346    0.0004902730   62.3097778088   58.1743855987   -1.5970508794 
   0.0000000000    113.000      280.000000   0.371054       1046.5312    0.0000245749    0.0004917409   62.3679209091   58.2201845767   -1.5958966102 
   0.0000000000    114.000      280.000000   0.370873       1046.0159    0.0000246164    0.0004932475   62.4268990417   58.2665098764   -1.5947394880 
   0.0000000000    115.000      280.000000   0.370691       1045.4993    0.0000246590    0.0004947930   62.4867146990   58.3133628828   -1.5935794722 
   0.0000000000    116.000      280.000000   0.370509       1044.9813    0.0000247027    0.0004963775   62.5473703569   58.3607449662   -1.5924165221 
   0.0000000000    117.000      280.000000   0.370326       1044.4619    0.0000247476    0.0004980012   62.6088684727   58.4086574808   -1.5912505968 
   0.0000000000    118.000      280.000000   0.370143       1043.9410    0.0000247936    0.0004996642   62.6712114840   58.4571017634   -1.5900816554 
   0.0000000000    119.000      280.000000   0.369959       1043.4186    0.0000248408    0.0005013667   62.7344018064   58.5060791326   -1.5889096565 
   0.0000000000    120.000      280.000000   0.369775       1042.8947    0.0000248892    0.0005031089   62.7984418323   58.5555908872   -1.5877345589 
   0.0000000000    121.000      280.000000   0.369591       1042.3692    0.0000249388    0.0005048909   62.8633339285   58.6056383049   -1.5865563212 
   0.0000000000    122.000      280.000000   0.369406       1041.8422    0.0000249896    0.0005067129   62.9290804348   58.6562226412   -1.5853749015 
   0.0000000000    123.000      280.000000   0.369220       1041.3134    0.0000250416    0.0005085751   62.9956836614   58.7073451278   -1.5841902583 
   0.0000000000    124.000      280.000000   0.369034       1040.7830    0.0000250949    0.0005104777   63.0631458872   58.7590069710   -1.5830023494 
   0.0000000000    125.000      280.000000   0.368848       1040.2508    0.0000251494    0.0005124207   63.1314693578   58.8112093506   -1.5818111329 
   0.0000000000    126.000      280.000000   0.368661       1039.7169    0.0000252052    0.0005144043   63.2006562831   58.8639534183   -1.5806165664 
