  #sigma_s    Temp(C) Press(Mpa) p_meanfield density (kg/m^3)      kappa      alpha Cp(J/molK) Cv(J/molK)  mu(J/mol)
   0.0000000000   -173.000       80.000000   0.202892        942.5002    0.0000226262    0.0006874870   58.7222302927   55.2691077587   -2.1381652885 
   0.0000000000   -172.000       80.000000   0.202688        941.8576    0.0000225202    0.0006767872   58.6326209492   55.2312156942   -2.1372367595 
   0.0000000000   -171.000       80.000000   0.202488        941.2253    0.0000224131    0.0006662772   58.5456308665   55.1950323577   -2.1363116437 
   0.0000000000   -170.000       80.000000   0.202290        940.6033    0.0000223050    0.0006559543   58.4611629293   55.1604770761   -2.1353898720 
   0.0000000000   -169.000       80.000000   0.202097        939.9913    0.0000221962    0.0006458153   58.3791266847   55.1274766148   -2.1344713763 
   0.0000000000   -168.000       80.000000   0.201906        939.3891    0.0000220868    0.0006358570   58.2994380203   55.0959648529   -2.1335560892 
   0.0000000000   -167.000       80.000000   0.201719        938.7966    0.0000219769    0.0006260759   58.2220190180   55.0658826639   -2.1326439437 
   0.0000000000   -166.000       80.000000   0.201535        938.2135    0.0000218666    0.0006164684   58.1467977706   55.0371777648   -2.1317348736 
   0.0000000000   -165.000       80.000000   0.201353        937.6397    0.0000217560    0.0006070305   58.0737082759   55.0098046449   -2.1308288130 
   0.0000000000   -164.000       80.000000   0.201175        937.0751    0.0000216453    0.0005977582   58.0026903628   54.9837245469   -2.1299256967 
   0.0000000000   -163.000       80.000000   0.201000        936.5194    0.0000215346    0.0005886472   57.9336896504   54.9589054788   -2.1290254594 
   0.0000000000   -162.000       80.000000   0.200827        935.9725    0.0000214240    0.0005796930   57.8666575912   54.9353223394   -2.1281280364 
   0.0000000000   -161.000       80.000000   0.200658        935.4342    0.0000213137    0.0005708909   57.8015514942   54.9129570194   -2.1272333628 
   0.0000000000   -160.000       80.000000   0.200491        934.9044    0.0000212037    0.0005622357   57.7383346576   54.8917986362   -2.1263413737 
   0.0000000000   -159.000       80.000000   0.200327        934.3829    0.0000210943    0.0005537224   57.6769764586   54.8718437117   -2.1254520039 
   0.0000000000   -158.000       80.000000   0.200165        933.8696    0.0000209855    0.0005453454   57.6174525896   54.8530965556   -2.1245651878 
   0.0000000000   -157.000       80.000000   0.200006        933.3643    0.0000208774    0.0005370987   57.5597452315   54.8355695433   -2.1236808590 
   0.0000000000   -156.000       80.000000   0.199850        932.8669    0.0000207704    0.0005289762   57.5038433392   54.8192835579   -2.1227989503 
   0.0000000000   -155.000       80.000000   0.199696        932.3773    0.0000206644    0.0005209714   57.4497429485   54.8042684492   -2.1219193934 
   0.0000000000   -154.000       80.000000   0.199545        931.8954    0.0000205597    0.0005130774   57.3974475105   54.7905635322   -2.1210421185 
   0.0000000000   -153.000       80.000000   0.199396        931.4210    0.0000204564    0.0005052869   57.3469683107   54.7782181964   -2.1201670541 
   0.0000000000   -152.000       80.000000   0.199250        930.9541    0.0000203548    0.0004975919   57.2983248747   54.7672924954   -2.1192941265 
   0.0000000000   -151.000       80.000000   0.199106        930.4945    0.0000202550    0.0004899843   57.2515454982   54.7578578973   -2.1184232596 
   0.0000000000   -150.000       80.000000   0.198964        930.0422    0.0000201573    0.0004824553   57.2066677263   54.7499979644   -2.1175543745 
   0.0000000000   -149.000       80.000000   0.198825        929.5971    0.0000200618    0.0004749954   57.1637389843   54.7438092446   -2.1166873890 
   0.0000000000   -148.000       80.000000   0.198688        929.1591    0.0000199690    0.0004675947   57.1228172029   54.7394021331   -2.1158222170 
   0.0000000000   -147.000       80.000000   0.198553        928.7281    0.0000198789    0.0004602425   57.0839714514   54.7369017542   -2.1149587682 
   0.0000000000   -146.000       80.000000   0.198420        928.3042    0.0000197920    0.0004529273   57.0472827407   54.7364490712   -2.1140969473 
   0.0000000000   -145.000       80.000000   0.198290        927.8872    0.0000197085    0.0004456371   57.0128447646   54.7382018915   -2.1132366537 
   0.0000000000   -144.000       80.000000   0.198162        927.4772    0.0000196289    0.0004383588   56.9807647631   54.7423360543   -2.1123777806 
   0.0000000000   -143.000       80.000000   0.198036        927.0741    0.0000195534    0.0004310784   56.9511644200   54.7490466289   -2.1115202142 
   0.0000000000   -142.000       80.000000   0.197913        926.6779    0.0000194825    0.0004237811   56.9241808099   54.7585492042   -2.1106638333 
   0.0000000000   -141.000       80.000000   0.197791        926.2886    0.0000194166    0.0004164510   56.8999674094   54.7710812421   -2.1098085081 
   0.0000000000   -140.000       80.000000   0.197672        925.9064    0.0000193563    0.0004090711   56.8786951752   54.7869035148   -2.1089540995 
   0.0000000000   -139.000       80.000000   0.197555        925.5311    0.0000193019    0.0004016230   56.8605536771   54.8063016012   -2.1081004580 
   0.0000000000   -138.000       80.000000   0.197440        925.1630    0.0000192542    0.0003940874   56.8457522718   54.8295874483   -2.1072474228 
   0.0000000000   -137.000       80.000000   0.197328        924.8020    0.0000192137    0.0003864433   56.8345213640   54.8571010172   -2.1063948209 
   0.0000000000   -136.000       80.000000   0.197218        924.4483    0.0000191810    0.0003786685   56.8271137122   54.8892119935   -2.1055424653 
   0.0000000000   -135.000       80.000000   0.197110        924.1019    0.0000191569    0.0003707391   56.8238057974   54.9263215619   -2.1046901542 
   0.0000000000   -134.000       80.000000   0.197004        923.7631    0.0000191422    0.0003626295   56.8248992430   54.9688642400   -2.1038376699 
   0.0000000000   -133.000       80.000000   0.196901        923.4320    0.0000191376    0.0003543125   56.8307223104   55.0173097902   -2.1029847765 
   0.0000000000   -132.000       80.000000   0.196801        923.1088    0.0000191441    0.0003457590   56.8416314377   55.0721651848   -2.1021312191 
   0.0000000000   -131.000       80.000000   0.196703        922.7937    0.0000191627    0.0003369378   56.8580128190   55.1339765967   -2.1012767220 
   0.0000000000   -130.000       80.000000   0.196608        922.4870    0.0000191943    0.0003278156   56.8802840795   55.2033314972   -2.1004209867 
   0.0000000000   -129.000       80.000000   0.196515        922.1890    0.0000192401    0.0003183570   56.9088959388   55.2808607183   -2.0995636902 
   0.0000000000   -128.000       80.000000   0.196425        921.9000    0.0000193012    0.0003085241   56.9443339607   55.3672406042   -2.0987044831 
   0.0000000000   -127.000       80.000000   0.196339        921.6203    0.0000193791    0.0002982763   56.9871203289   55.4631951598   -2.0978429872 
   0.0000000000   -126.000       80.000000   0.196255        921.3503    0.0000194750    0.0002875707   57.0378156348   55.5694981985   -2.0969787935 
   0.0000000000   -125.000       80.000000   0.196174        921.0905    0.0000195905    0.0002763611   57.0970207050   55.6869754837   -2.0961114596 
   0.0000000000   -124.000       80.000000   0.196097        920.8414    0.0000197271    0.0002645985   57.1653784344   55.8165068567   -2.0952405076 
   0.0000000000   -123.000       80.000000   0.196023        920.6034    0.0000198867    0.0002522307   57.2435756075   55.9590282878   -2.0943654207 
   0.0000000000   -122.000       80.000000   0.195953        920.3772    0.0000200710    0.0002392019   57.3323447106   56.1155338771   -2.0934856409 
   0.0000000000   -121.000       80.000000   0.195887        920.1633    0.0000202820    0.0002254527   57.4324657053   56.2870777282   -2.0926005658 
   0.0000000000   -120.000       80.000000   0.195825        919.9625    0.0000205218    0.0002109199   57.5447677449   56.4747756900   -2.0917095453 
   0.0000000000   -119.000       80.000000   0.195767        919.7755    0.0000207928    0.0001955362   57.6701308074   56.6798069169   -2.0908118783 
   0.0000000000   -118.000       80.000000   0.195713        919.6031    0.0000210974    0.0001792298   57.8094872231   56.9034151957   -2.0899068092 
   0.0000000000   -117.000       80.000000   0.195665        919.4461    0.0000214382    0.0001619244   57.9638230441   57.1469099750   -2.0889935238 
   0.0000000000   -116.000       80.000000   0.195621        919.3056    0.0000218180    0.0001435386   58.1341792685   57.4116670931   -2.0880711457 
   0.0000000000   -115.000       80.000000   0.195583        919.1826    0.0000222399    0.0001239860   58.3216527793   57.6991290065   -2.0871387318 
   0.0000000000   -114.000       80.000000   0.195551        919.0781    0.0000227071    0.0001031744   58.5273970587   58.0108045897   -2.0861952677 
   0.0000000000   -113.000       80.000000   0.195525        918.9933    0.0000232231    0.0000810057   58.7526225225   58.3482682703   -2.0852396635 
   0.0000000000   -112.000       80.000000   0.195505        918.9296    0.0000237916    0.0000573755   58.9985964874   58.7131585189   -2.0842707486 
   0.0000000000   -111.000       80.000000   0.195492        918.8883    0.0000244166    0.0000321729   59.2666425957   59.1071754044   -2.0832872661 
   0.0000000000   -110.000       80.000000   0.195487        918.8710    0.0000251025    0.0000052795   59.5581397163   59.5320772564   -2.0822878681 
   0.0000000000   -109.000       80.000000   0.195489        918.8792    0.0000258538   -0.0000234305   59.8745201211   59.9896761055   -2.0812711098 
   0.0000000000   -108.000       80.000000   0.195500        918.9146    0.0000266755   -0.0000540909   60.2172668870   60.4818318216   -2.0802354430 
   0.0000000000   -107.000       80.000000   0.195520        918.9792    0.0000275731   -0.0000868441   60.5879103498   61.0104446770   -2.0791792108 
   0.0000000000   -106.000       80.000000   0.195550        919.0749    0.0000285521   -0.0001218418   60.9880234529   61.5774460924   -2.0781006404 
   0.0000000000   -105.000       80.000000   0.195590        919.2038    0.0000296188   -0.0001592450   61.4192158388   62.1847873122   -2.0769978371 
   0.0000000000   -104.000       80.000000   0.195640        919.3684    0.0000307799   -0.0001992252   61.8831264862   62.8344257051   -2.0758687772 
   0.0000000000   -103.000       80.000000   0.195703        919.5710    0.0000320424   -0.0002419646   62.3814145961   63.5283082349   -2.0747113007 
   0.0000000000   -102.000       80.000000   0.195778        919.8143    0.0000334141   -0.0002876567   62.9157485819   64.2683518653   -2.0735231051 
   0.0000000000   -101.000       80.000000   0.195867        920.1011    0.0000349033   -0.0003365071   63.4877927373   65.0564202527   -2.0723017374 
   0.0000000000   -100.000       80.000000   0.195971        920.4345    0.0000365188   -0.0003887335   64.0991913730   65.8942964126   -2.0710445879 
   0.0000000000    -99.000       80.000000   0.196089        920.8177    0.0000382704   -0.0004445670   64.7515499148   66.7836505907   -2.0697488829 
   0.0000000000    -98.000       80.000000   0.196225        921.2543    0.0000401683   -0.0005042517   65.4464126632   67.7260029175   -2.0684116784 
   0.0000000000    -97.000       80.000000   0.196378        921.7483    0.0000422244   -0.0005680645   66.1854430005   68.7229685679   -2.0670288197 
   0.0000000000    -96.000       80.000000   0.196551        922.3031    0.0000444495   -0.0006362453   66.9696322701   69.7751436231   -2.0655988099 
   0.0000000000    -95.000       80.000000   0.196743        922.9233    0.0000468570   -0.0007090935   67.8003287605   70.8835370723   -2.0641173181 
   0.0000000000    -94.000       80.000000   0.196958        923.6135    0.0000494608   -0.0007869076   68.6785298554   72.0485719063   -2.0625806498 
   0.0000000000    -93.000       80.000000   0.197196        924.3785    0.0000522755   -0.0008699976   69.6049919266   73.2702304728   -2.0609849180 
   0.0000000000    -92.000       80.000000   0.197459        925.2235    0.0000553171   -0.0009586833   70.5801753358   74.5479691782   -2.0593260450 
   0.0000000000    -91.000       80.000000   0.197749        926.1541    0.0000586023   -0.0010532916   71.6041810277   75.8806220991   -2.0575997680 
   0.0000000000    -90.000       80.000000   0.198067        927.1763    0.0000621489   -0.0011541517   72.6766776320   77.2662926865   -2.0558016497 
   0.0000000000    -89.000       80.000000   0.198418        928.2968    0.0000659775   -0.0012616386   73.7972540110   78.7028245478   -2.0539254681 
   0.0000000000    -88.000       80.000000   0.198801        929.5212    0.0000701042   -0.0013759894   74.9637488300   80.1855264615   -2.0519691683 
   0.0000000000    -87.000       80.000000   0.199219        930.8570    0.0000745505   -0.0014975309   76.1743118660   81.7099825328   -2.0499266711 
   0.0000000000    -86.000       80.000000   0.199675        932.3113    0.0000793362   -0.0016265174   77.4259391930   83.2700666609   -2.0477930335 
   0.0000000000    -85.000       80.000000   0.200171        933.8919    0.0000844809   -0.0017631431   78.7146465086   84.8582046491   -2.0455633098 
   0.0000000000    -84.000       80.000000   0.200712        935.6076    0.0000900064   -0.0019075983   80.0359301118   86.4660010943   -2.0432305009 
   0.0000000000    -83.000       80.000000   0.201298        937.4645    0.0000959232   -0.0020597407   81.3823759609   88.0811993170   -2.0407933081 
   0.0000000000    -82.000       80.000000   0.201931        939.4715    0.0001022456   -0.0022194447   82.7464951563   89.6914630977   -2.0382457890 
   0.0000000000    -81.000       80.000000   0.202617        941.6364    0.0001089796   -0.0023863016   84.1186532727   91.2818195447   -2.0355839805 
   0.0000000000    -80.000       80.000000   0.203358        943.9685    0.0001161282   -0.0025597315   85.4880811916   92.8360914705   -2.0328017558 
   0.0000000000    -79.000       80.000000   0.204154        946.4716    0.0001236674   -0.0027384418   86.8397777934   94.3334144864   -2.0299012626 
   0.0000000000    -78.000       80.000000   0.205009        949.1526    0.0001315695   -0.0029209397   88.1582378957   95.7530966223   -2.0268793927 
   0.0000000000    -77.000       80.000000   0.205927        952.0179    0.0001397884   -0.0031052022   89.4256801076   97.0727788401   -2.0237334039 
   0.0000000000    -76.000       80.000000   0.206905        955.0655    0.0001482320   -0.0032881102   90.6196423930   98.2663592144   -2.0204708659 
   0.0000000000    -75.000       80.000000   0.207945        958.2957    0.0001567912   -0.0034660977   91.7170917673   99.3091130191   -2.0170945074 
   0.0000000000    -74.000       80.000000   0.209049        961.7067    0.0001653235   -0.0036348410   92.6930554451  100.1765528180   -2.0136082487 
   0.0000000000    -73.000       80.000000   0.210209        965.2833    0.0001736214   -0.0037887617   93.5191831317  100.8437747937   -2.0100296301 
   0.0000000000    -72.000       80.000000   0.211425        969.0155    0.0001814692   -0.0039222322   94.1692825400  101.2909513218   -2.0063672013 
   0.0000000000    -71.000       80.000000   0.212687        972.8770    0.0001885942   -0.0040288722   94.6169854606  101.5014733017   -2.0026450097 
   0.0000000000    -70.000       80.000000   0.213988        976.8423    0.0001947302   -0.0041029085   94.8410693952  101.4660534744   -1.9988823332 
   0.0000000000    -69.000       80.000000   0.215320        980.8817    0.0001996247   -0.0041394720   94.8264415020  101.1826669012   -1.9951000327 
   0.0000000000    -68.000       80.000000   0.216667        984.9510    0.0002030474   -0.0041350802   94.5667701471  100.6582911292   -1.9913306849 
   0.0000000000    -67.000       80.000000   0.218016        989.0121    0.0002048576   -0.0040886971   94.0667064011   99.9083016503   -1.9875979078 
   0.0000000000    -66.000       80.000000   0.219355        993.0236    0.0002050012   -0.0040017007   93.3419419937   98.9557985575   -1.9839269440 
   0.0000000000    -65.000       80.000000   0.220669        996.9461    0.0002035243   -0.0038778648   92.4182741810   97.8298043543   -1.9803403515 
   0.0000000000    -64.000       80.000000   0.221946       1000.7443    0.0002005644   -0.0037228853   91.3291377458   96.5629476585   -1.9768568513 
   0.0000000000    -63.000       80.000000   0.223177       1004.3888    0.0001963293   -0.0035436491   90.1122456910   95.1889952439   -1.9734906340 
   0.0000000000    -62.000       80.000000   0.224352       1007.8570    0.0001910680   -0.0033474285   88.8060631174   93.7406219828   -1.9702511701 
   0.0000000000    -61.000       80.000000   0.225466       1011.1332    0.0001850414   -0.0031411727   87.4467788361   92.2476950678   -1.9671434714 
   0.0000000000    -60.000       80.000000   0.226515       1014.2084    0.0001784984   -0.0029310027   86.0661806930   90.7361889815   -1.9641686728 
   0.0000000000    -59.000       80.000000   0.227497       1017.0794    0.0001716593   -0.0027219404   84.6905344525   89.2277030441   -1.9613247851 
   0.0000000000    -58.000       80.000000   0.228412       1019.7475    0.0001647078   -0.0025178397   83.3403291098   87.7394604512   -1.9586074858 
   0.0000000000    -57.000       80.000000   0.229259       1022.2152    0.0001577914   -0.0023215650   82.0314860540   86.2855894155   -1.9560132782 
   0.0000000000    -56.000       80.000000   0.230046       1024.4953    0.0001510138   -0.0021347024   80.7725054621   84.8736297968   -1.9535299368 
   0.0000000000    -55.000       80.000000   0.230771       1026.5939    0.0001444549   -0.0019584361   79.5709220362   83.5113970145   -1.9511530334 
   0.0000000000    -54.000       80.000000   0.231438       1028.5210    0.0001381665   -0.0017932416   78.4302190527   82.2031518594   -1.9488750494 
   0.0000000000    -53.000       80.000000   0.232048       1030.2849    0.0001321824   -0.0016392659   77.3523862726   80.9521669103   -1.9466909039 
   0.0000000000    -52.000       80.000000   0.232610       1031.9011    0.0001265123   -0.0014960522   76.3352599483   79.7573589088   -1.9445884063 
   0.0000000000    -51.000       80.000000   0.233123       1033.3771    0.0001211640   -0.0013632854   75.3782626912   78.6197040058   -1.9425637405 
   0.0000000000    -50.000       80.000000   0.233592       1034.7229    0.0001161338   -0.0012404103   74.4790759061   77.5382490469   -1.9406106540 
   0.0000000000    -49.000       80.000000   0.234019       1035.9479    0.0001114127   -0.0011268091   73.6349253965   76.5114863821   -1.9387233692 
   0.0000000000    -48.000       80.000000   0.234406       1037.0593    0.0001069899   -0.0010219063   72.8433496362   75.5382097841   -1.9368984950 
   0.0000000000    -47.000       80.000000   0.234759       1038.0690    0.0001028462   -0.0009249170   72.1000025698   74.6147988594   -1.9351269762 
   0.0000000000    -46.000       80.000000   0.235079       1038.9828    0.0000989682   -0.0008353071   71.4024966767   73.7398537417   -1.9334067569 
   0.0000000000    -45.000       80.000000   0.235368       1039.8077    0.0000953397   -0.0007524876   70.7478110014   72.9110522651   -1.9317337996 
   0.0000000000    -44.000       80.000000   0.235628       1040.5503    0.0000919445   -0.0006759059   70.1330516318   72.1260681284   -1.9301044352 
   0.0000000000    -43.000       80.000000   0.235862       1041.2167    0.0000887669   -0.0006050485   69.5554777353   71.3826098738   -1.9285153298 
   0.0000000000    -42.000       80.000000   0.236070       1041.8111    0.0000857932   -0.0005394831   69.0128847719   70.6789218620   -1.9269650771 
   0.0000000000    -41.000       80.000000   0.236256       1042.3415    0.0000830062   -0.0004786818   68.5020520122   70.0118105361   -1.9254473963 
   0.0000000000    -40.000       80.000000   0.236421       1042.8110    0.0000803942   -0.0004222986   68.0212081459   69.3798064686   -1.9239617346 
   0.0000000000    -39.000       80.000000   0.236566       1043.2240    0.0000779447   -0.0003699691   67.5682789937   68.7809443172   -1.9225057985 
   0.0000000000    -38.000       80.000000   0.236693       1043.5845    0.0000756461   -0.0003213610   67.1413473014   68.2133599229   -1.9210774968 
   0.0000000000    -37.000       80.000000   0.236803       1043.8962    0.0000734876   -0.0002761716   66.7386435312   67.6752904366   -1.9196749198 
   0.0000000000    -36.000       80.000000   0.236897       1044.1624    0.0000714592   -0.0002341255   66.3585360385   67.1650726507   -1.9182963208 
   0.0000000000    -35.000       80.000000   0.236975       1044.3863    0.0000695517   -0.0001949720   65.9995211245   66.6811401246   -1.9169401001 
   0.0000000000    -34.000       80.000000   0.237039       1044.5697    0.0000677573   -0.0001585068   65.6604380452   66.2223238534   -1.9156062009 
   0.0000000000    -33.000       80.000000   0.237091       1044.7175    0.0000660665   -0.0001244694   65.3395208057   65.7865783546   -1.9142902571 
   0.0000000000    -32.000       80.000000   0.237131       1044.8309    0.0000644729   -0.0000926995   65.0358645481   65.3729696412   -1.9129926624 
   0.0000000000    -31.000       80.000000   0.237160       1044.9122    0.0000629699   -0.0000630239   64.7483826775   64.9802756346   -1.9117122669 
   0.0000000000    -30.000       80.000000   0.237178       1044.9635    0.0000615514   -0.0000352847   64.4760728332   64.6073498538   -1.9104480087 
   0.0000000000    -29.000       80.000000   0.237186       1044.9867    0.0000602117   -0.0000093375   64.2180097256   64.2531168531   -1.9091989060 
   0.0000000000    -28.000       80.000000   0.237185       1044.9837    0.0000589454    0.0000149499   63.9733385693   63.9165678162   -1.9079640492 
   0.0000000000    -27.000       80.000000   0.237176       1044.9561    0.0000577479    0.0000376984   63.7412690730   63.5967563386   -1.9067425943 
   0.0000000000    -26.000       80.000000   0.237158       1044.9055    0.0000566145    0.0000590190   63.5210699565   63.2927944141   -1.9055337570 
   0.0000000000    -25.000       80.000000   0.237133       1044.8333    0.0000555413    0.0000790135   63.3120639565   63.0038486436   -1.9043368074 
   0.0000000000    -24.000       80.000000   0.237100       1044.7409    0.0000545242    0.0000977753   63.1136232823   62.7291366641   -1.9031510647 
   0.0000000000    -23.000       80.000000   0.237061       1044.6294    0.0000535599    0.0001153906   62.9251654791   62.4679237930   -1.9019758936 
   0.0000000000    -22.000       80.000000   0.237016       1044.5002    0.0000526451    0.0001319386   62.7461496709   62.2195198885   -1.9008106999 
   0.0000000000    -21.000       80.000000   0.236964       1044.3542    0.0000517766    0.0001474923   62.5760731461   61.9832764181   -1.8996549271 
   0.0000000000    -20.000       80.000000   0.236906       1044.1919    0.0000509521    0.0001621102   62.4145558100   61.7587121605   -1.8985091007 
   0.0000000000    -19.000       80.000000   0.236844       1044.0154    0.0000501682    0.0001758739   62.2609755549   61.5449805472   -1.8973705403 
   0.0000000000    -18.000       80.000000   0.236778       1043.8250    0.0000494228    0.0001888306   62.1150274367   61.3416892744   -1.8962399390 
   0.0000000000    -17.000       80.000000   0.236706       1043.6216    0.0000487136    0.0002010337   61.9763327555   61.1483303060   -1.8951168617 
   0.0000000000    -16.000       80.000000   0.236630       1043.4058    0.0000480387    0.0002125328   61.8445380497   60.9644253354   -1.8940008978 
   0.0000000000    -15.000       80.000000   0.236551       1043.1784    0.0000473960    0.0002233738   61.7193131448   60.7895238558   -1.8928916603 
   0.0000000000    -14.000       80.000000   0.236467       1042.9400    0.0000467837    0.0002335993   61.6003493788   60.6232013753   -1.8917887830 
   0.0000000000    -13.000       80.000000   0.236380       1042.6914    0.0000462001    0.0002432490   61.4873579754   60.4650577501   -1.8906919197 
   0.0000000000    -12.000       80.000000   0.236289       1042.4330    0.0000456436    0.0002523600   61.3800685641   60.3147156384   -1.8896007421 
   0.0000000000    -11.000       80.000000   0.236195       1042.1655    0.0000451127    0.0002609664   61.2782278243   60.1718190618   -1.8885149389 
   0.0000000000    -10.000       80.000000   0.236098       1041.8893    0.0000446061    0.0002691005   61.1815982434   60.0360320655   -1.8874342146 
   0.0000000000     -9.000       80.000000   0.235998       1041.6049    0.0000441224    0.0002767921   61.0899569816   59.9070374738   -1.8863582880 
   0.0000000000     -8.000       80.000000   0.235896       1041.3128    0.0000436604    0.0002840692   61.0030948292   59.7845357286   -1.8852868915 
   0.0000000000     -7.000       80.000000   0.235791       1041.0134    0.0000432191    0.0002909579   60.9208152482   59.6682438078   -1.8842197700 
   0.0000000000     -6.000       80.000000   0.235684       1040.7072    0.0000427973    0.0002974827   60.8429334969   59.5578942218   -1.8831566802 
   0.0000000000     -5.000       80.000000   0.235574       1040.3944    0.0000423940    0.0003036663   60.7692758179   59.4532340714   -1.8820973898 
   0.0000000000     -4.000       80.000000   0.235463       1040.0754    0.0000420084    0.0003095303   60.6996786947   59.3540241723   -1.8810416765 
   0.0000000000     -3.000       80.000000   0.235349       1039.7507    0.0000416395    0.0003150948   60.6339881667   59.2600382394   -1.8799893275 
   0.0000000000     -2.000       80.000000   0.235233       1039.4203    0.0000412864    0.0003203785   60.5720591962   59.1710621225   -1.8789401391 
   0.0000000000     -1.000       80.000000   0.235116       1039.0847    0.0000409486    0.0003253993   60.5137550836   59.0868930948   -1.8778939159 
   0.0000000000      0.000       80.000000   0.234997       1038.7442    0.0000406252    0.0003301737   60.4589469282   59.0073391850   -1.8768504700 
   0.0000000000      1.000       80.000000   0.234876       1038.3989    0.0000403155    0.0003347174   60.4075131290   58.9322185555   -1.8758096212 
   0.0000000000      2.000       80.000000   0.234754       1038.0491    0.0000400189    0.0003390452   60.3593389225   58.8613589205   -1.8747711959 
   0.0000000000      3.000       80.000000   0.234630       1037.6951    0.0000397348    0.0003431708   60.3143159534   58.7945969978   -1.8737350270 
   0.0000000000      4.000       80.000000   0.234505       1037.3370    0.0000394626    0.0003471074   60.2723418790   58.7317780014   -1.8727009533 
   0.0000000000      5.000       80.000000   0.234378       1036.9750    0.0000392018    0.0003508672   60.2333199993   58.6727551609   -1.8716688195 
   0.0000000000      6.000       80.000000   0.234251       1036.6094    0.0000389519    0.0003544619   60.1971589152   58.6173892734   -1.8706384756 
   0.0000000000      7.000       80.000000   0.234122       1036.2402    0.0000387125    0.0003579024   60.1637722093   58.5655482831   -1.8696097763 
   0.0000000000      8.000       80.000000   0.233992       1035.8677    0.0000384830    0.0003611991   60.1330781503   58.5171068865   -1.8685825814 
   0.0000000000      9.000       80.000000   0.233860       1035.4916    0.0000382632    0.0003643597   60.1050208999   58.4719836005   -1.8675576037 
   0.0000000000     10.000       80.000000   0.233728       1035.1128    0.0000380525    0.0003673977   60.0794828571   58.4299882859   -1.8665329823 
   0.0000000000     11.000       80.000000   0.233595       1034.7310    0.0000378505    0.0003703197   60.0564178543   58.3910537877   -1.8655094719 
   0.0000000000     12.000       80.000000   0.233461       1034.3465    0.0000376570    0.0003731339   60.0357603103   58.3550783051   -1.8644869481 
   0.0000000000     13.000       80.000000   0.233326       1033.9592    0.0000374716    0.0003758482   60.0174481256   58.3219651505   -1.8634652903 
   0.0000000000     14.000       80.000000   0.233191       1033.5693    0.0000372940    0.0003784700   60.0014224870   58.2916224785   -1.8624443810 
   0.0000000000     15.000       80.000000   0.233054       1033.1769    0.0000371239    0.0003810064   59.9876276844   58.2639630297   -1.8614241059 
   0.0000000000     16.000       80.000000   0.232917       1032.7821    0.0000369610    0.0003834640   59.9760109392   58.2389038893   -1.8604043537 
   0.0000000000     17.000       80.000000   0.232779       1032.3849    0.0000368051    0.0003858491   59.9665222445   58.2163662604   -1.8593850157 
   0.0000000000     18.000       80.000000   0.232640       1031.9854    0.0000366559    0.0003881679   59.9591142152   58.1962752511   -1.8583659862 
   0.0000000000     19.000       80.000000   0.232500       1031.5837    0.0000365131    0.0003904259   59.9537419462   58.1785596718   -1.8573471616 
   0.0000000000     20.000       80.000000   0.232360       1031.1799    0.0000363767    0.0003926288   59.9503628808   58.1631518460   -1.8563284408 
   0.0000000000     21.000       80.000000   0.232219       1030.7740    0.0000362463    0.0003947816   59.9489366866   58.1499874311   -1.8553097250 
   0.0000000000     22.000       80.000000   0.232078       1030.3661    0.0000361217    0.0003968892   59.9494251390   58.1390052492   -1.8542909174 
   0.0000000000     23.000       80.000000   0.231935       1029.9562    0.0000360028    0.0003989563   59.9517920116   58.1301471280   -1.8532719231 
   0.0000000000     24.000       80.000000   0.231793       1029.5443    0.0000358894    0.0004009875   59.9560029730   58.1233577495   -1.8522526493 
   0.0000000000     25.000       80.000000   0.231649       1029.1305    0.0000357814    0.0004029869   59.9620254902   58.1185845081   -1.8512330047 
   0.0000000000     26.000       80.000000   0.231505       1028.7149    0.0000356785    0.0004049586   59.9698287372   58.1157773764   -1.8502128999 
   0.0000000000     27.000       80.000000   0.231361       1028.2974    0.0000355806    0.0004069064   59.9793835091   58.1148887776   -1.8491922470 
   0.0000000000     28.000       80.000000   0.231216       1027.8781    0.0000354877    0.0004088342   59.9906621411   58.1158734662   -1.8481709594 
   0.0000000000     29.000       80.000000   0.231070       1027.4569    0.0000353995    0.0004107453   60.0036384322   58.1186884135   -1.8471489522 
   0.0000000000     30.000       80.000000   0.230924       1027.0340    0.0000353159    0.0004126431   60.0182875727   58.1232927007   -1.8461261417 
   0.0000000000     31.000       80.000000   0.230777       1026.6093    0.0000352368    0.0004145310   60.0345860768   58.1296474170   -1.8451024453 
   0.0000000000     32.000       80.000000   0.230629       1026.1829    0.0000351622    0.0004164118   60.0525117184   58.1377155636   -1.8440777819 
   0.0000000000     33.000       80.000000   0.230481       1025.7547    0.0000350919    0.0004182887   60.0720434697   58.1474619619   -1.8430520712 
   0.0000000000     34.000       80.000000   0.230333       1025.3248    0.0000350258    0.0004201644   60.0931614446   58.1588531679   -1.8420252342 
   0.0000000000     35.000       80.000000   0.230184       1024.8931    0.0000349638    0.0004220416   60.1158468439   58.1718573896   -1.8409971927 
   0.0000000000     36.000       80.000000   0.230034       1024.4597    0.0000349059    0.0004239229   60.1400819046   58.1864444101   -1.8399678695 
   0.0000000000     37.000       80.000000   0.229884       1024.0245    0.0000348519    0.0004258108   60.1658498504   58.2025855137   -1.8389371882 
   0.0000000000     38.000       80.000000   0.229734       1023.5876    0.0000348018    0.0004277077   60.1931348465   58.2202534160   -1.8379050734 
   0.0000000000     39.000       80.000000   0.229582       1023.1490    0.0000347555    0.0004296159   60.2219219557   58.2394221981   -1.8368714503 
   0.0000000000     40.000       80.000000   0.229431       1022.7085    0.0000347130    0.0004315376   60.2521970965   58.2600672437   -1.8358362449 
   0.0000000000     41.000       80.000000   0.229279       1022.2663    0.0000346742    0.0004334748   60.2839470047   58.2821651789   -1.8347993838 
   0.0000000000     42.000       80.000000   0.229126       1021.8223    0.0000346390    0.0004354297   60.3171591957   58.3056938163   -1.8337607943 
   0.0000000000     43.000       80.000000   0.228972       1021.3764    0.0000346074    0.0004374042   60.3518219289   58.3306321008   -1.8327204043 
   0.0000000000     44.000       80.000000   0.228818       1020.9287    0.0000345793    0.0004394002   60.3879241744   58.3569600585   -1.8316781422 
   0.0000000000     45.000       80.000000   0.228664       1020.4792    0.0000345547    0.0004414195   60.4254555808   58.3846587480   -1.8306339369 
   0.0000000000     46.000       80.000000   0.228509       1020.0278    0.0000345336    0.0004434638   60.4644064448   58.4137102144   -1.8295877178 
   0.0000000000     47.000       80.000000   0.228353       1019.5745    0.0000345159    0.0004455350   60.5047676824   58.4440974450   -1.8285394148 
   0.0000000000     48.000       80.000000   0.228197       1019.1193    0.0000345015    0.0004476345   60.5465308008   58.4758043273   -1.8274889580 
   0.0000000000     49.000       80.000000   0.228040       1018.6621    0.0000344905    0.0004497641   60.5896878726   58.5088156097   -1.8264362782 
   0.0000000000     50.000       80.000000   0.227883       1018.2030    0.0000344828    0.0004519252   60.6342315101   58.5431168628   -1.8253813061 
   0.0000000000     51.000       80.000000   0.227725       1017.7418    0.0000344783    0.0004541193   60.6801548420   58.5786944436   -1.8243239731 
   0.0000000000     52.000       80.000000   0.227566       1017.2786    0.0000344772    0.0004563479   60.7274514895   58.6155354607   -1.8232642108 
   0.0000000000     53.000       80.000000   0.227406       1016.8133    0.0000344792    0.0004586124   60.7761155451   58.6536277415   -1.8222019507 
   0.0000000000     54.000       80.000000   0.227246       1016.3460    0.0000344845    0.0004609140   60.8261415515   58.6929598009   -1.8211371251 
   0.0000000000     55.000       80.000000   0.227086       1015.8764    0.0000344930    0.0004632542   60.8775244809   58.7335208106   -1.8200696660 
   0.0000000000     56.000       80.000000   0.226925       1015.4047    0.0000345047    0.0004656343   60.9302597163   58.7753005710   -1.8189995059 
   0.0000000000     57.000       80.000000   0.226763       1014.9308    0.0000345195    0.0004680554   60.9843430326   58.8182894836   -1.8179265773 
   0.0000000000     58.000       80.000000   0.226600       1014.4546    0.0000345375    0.0004705187   61.0397705788   58.8624785245   -1.8168508128 
   0.0000000000     59.000       80.000000   0.226436       1013.9762    0.0000345587    0.0004730255   61.0965388609   58.9078592196   -1.8157721451 
   0.0000000000     60.000       80.000000   0.226272       1013.4953    0.0000345830    0.0004755770   61.1546447251   58.9544236199   -1.8146905071 
   0.0000000000     61.000       80.000000   0.226107       1013.0122    0.0000346104    0.0004781741   61.2140853423   59.0021642792   -1.8136058318 
   0.0000000000     62.000       80.000000   0.225942       1012.5265    0.0000346410    0.0004808181   61.2748581922   59.0510742310   -1.8125180520 
   0.0000000000     63.000       80.000000   0.225775       1012.0385    0.0000346747    0.0004835100   61.3369610487   59.1011469680   -1.8114271006 
   0.0000000000     64.000       80.000000   0.225608       1011.5479    0.0000347116    0.0004862509   61.4003919653   59.1523764210   -1.8103329107 
   0.0000000000     65.000       80.000000   0.225440       1011.0547    0.0000347516    0.0004890417   61.4651492611   59.2047569397   -1.8092354153 
   0.0000000000     66.000       80.000000   0.225272       1010.5589    0.0000347947    0.0004918835   61.5312315072   59.2582832732   -1.8081345471 
   0.0000000000     67.000       80.000000   0.225102       1010.0605    0.0000348410    0.0004947772   61.5986375137   59.3129505523   -1.8070302392 
   0.0000000000     68.000       80.000000   0.224932       1009.5594    0.0000348905    0.0004977239   61.6673663164   59.3687542714   -1.8059224242 
   0.0000000000     69.000       80.000000   0.224760       1009.0556    0.0000349431    0.0005007245   61.7374171644   59.4256902713   -1.8048110350 
   0.0000000000     70.000       80.000000   0.224588       1008.5489    0.0000349989    0.0005037799   61.8087895079   59.4837547235   -1.8036960041 
   0.0000000000     71.000       80.000000   0.224415       1008.0394    0.0000350578    0.0005068910   61.8814829862   59.5429441134   -1.8025772641 
   0.0000000000     72.000       80.000000   0.224241       1007.5269    0.0000351200    0.0005100588   61.9554974156   59.6032552253   -1.8014547473 
   0.0000000000     73.000       80.000000   0.224067       1007.0116    0.0000351854    0.0005132840   62.0308327783   59.6646851271   -1.8003283861 
   0.0000000000     74.000       80.000000   0.223891       1006.4932    0.0000352540    0.0005165677   62.1074892106   59.7272311561   -1.7991981125 
   0.0000000000     75.000       80.000000   0.223714       1005.9717    0.0000353258    0.0005199106   62.1854669918   59.7908909042   -1.7980638585 
   0.0000000000     76.000       80.000000   0.223536       1005.4471    0.0000354009    0.0005233135   62.2647665333   59.8556622048   -1.7969255559 
   0.0000000000     77.000       80.000000   0.223358       1004.9193    0.0000354792    0.0005267774   62.3453883674   59.9215431188   -1.7957831362 
   0.0000000000     78.000       80.000000   0.223178       1004.3883    0.0000355608    0.0005303031   62.4273331369   59.9885319215   -1.7946365308 
   0.0000000000     79.000       80.000000   0.222997       1003.8541    0.0000356458    0.0005338912   62.5106015837   60.0566270897   -1.7934856710 
   0.0000000000     80.000       80.000000   0.222816       1003.3164    0.0000357340    0.0005375428   62.5951945389   60.1258272892   -1.7923304876 
   0.0000000000     81.000       80.000000   0.222633       1002.7754    0.0000358257    0.0005412585   62.6811129115   60.1961313625   -1.7911709115 
   0.0000000000     82.000       80.000000   0.222449       1002.2309    0.0000359207    0.0005450391   62.7683576786   60.2675383160   -1.7900068731 
   0.0000000000     83.000       80.000000   0.222264       1001.6829    0.0000360191    0.0005488855   62.8569298739   60.3400473088   -1.7888383026 
   0.0000000000     84.000       80.000000   0.222078       1001.1312    0.0000361209    0.0005527983   62.9468305784   60.4136576404   -1.7876651302 
   0.0000000000     85.000       80.000000   0.221891       1000.5760    0.0000362261    0.0005567783   63.0380609087   60.4883687391   -1.7864872855 
   0.0000000000     86.000       80.000000   0.221703       1000.0170    0.0000363348    0.0005608263   63.1306220074   60.5641801505   -1.7853046980 
   0.0000000000     87.000       80.000000   0.221513        999.4543    0.0000364471    0.0005649431   63.2245150320   60.6410915263   -1.7841172969 
   0.0000000000     88.000       80.000000   0.221323        998.8877    0.0000365628    0.0005691293   63.3197411443   60.7191026124   -1.7829250112 
   0.0000000000     89.000       80.000000   0.221131        998.3173    0.0000366821    0.0005733856   63.4163015005   60.7982132386   -1.7817277694 
   0.0000000000     90.000       80.000000   0.220938        997.7429    0.0000368050    0.0005777128   63.5141972394   60.8784233063   -1.7805255000 
   0.0000000000     91.000       80.000000   0.220744        997.1644    0.0000369315    0.0005821117   63.6134294723   60.9597327785   -1.7793181309 
   0.0000000000     92.000       80.000000   0.220548        996.5819    0.0000370617    0.0005865828   63.7139992724   61.0421416678   -1.7781055899 
   0.0000000000     93.000       80.000000   0.220351        995.9952    0.0000371955    0.0005911269   63.8159076630   61.1256500258   -1.7768878044 
   0.0000000000     94.000       80.000000   0.220153        995.4044    0.0000373331    0.0005957447   63.9191556071   61.2102579322   -1.7756647016 
   0.0000000000     95.000       80.000000   0.219954        994.8092    0.0000374744    0.0006004368   64.0237439963   61.2959654833   -1.7744362083 
   0.0000000000     96.000       80.000000   0.219753        994.2097    0.0000376194    0.0006052040   64.1296736390   61.3827727815   -1.7732022510 
   0.0000000000     97.000       80.000000   0.219551        993.6058    0.0000377683    0.0006100468   64.2369452494   61.4706799234   -1.7719627559 
   0.0000000000     98.000       80.000000   0.219347        992.9974    0.0000379210    0.0006149660   64.3455594361   61.5596869897   -1.7707176488 
   0.0000000000     99.000       80.000000   0.219142        992.3844    0.0000380776    0.0006199621   64.4555166899   61.6497940329   -1.7694668553 
   0.0000000000    100.000       80.000000   0.218936        991.7669    0.0000382381    0.0006250359   64.5668173725   61.7410010672   -1.7682103007 
   0.0000000000    101.000       80.000000   0.218728        991.1446    0.0000384025    0.0006301879   64.6794617042   61.8333080563   -1.7669479098 
   0.0000000000    102.000       80.000000   0.218519        990.5176    0.0000385710    0.0006354188   64.7934497521   61.9267149025   -1.7656796073 
   0.0000000000    103.000       80.000000   0.218308        989.8858    0.0000387434    0.0006407291   64.9087814174   62.0212214349   -1.7644053175 
   0.0000000000    104.000       80.000000   0.218096        989.2491    0.0000389200    0.0006461195   65.0254564234   62.1168273982   -1.7631249644 
   0.0000000000    105.000       80.000000   0.217883        988.6074    0.0000391006    0.0006515906   65.1434743024   62.2135324409   -1.7618384716 
   0.0000000000    106.000       80.000000   0.217667        987.9607    0.0000392854    0.0006571429   65.2628343834   62.3113361032   -1.7605457626 
   0.0000000000    107.000       80.000000   0.217451        987.3089    0.0000394743    0.0006627770   65.3835357787   62.4102378057   -1.7592467603 
   0.0000000000    108.000       80.000000   0.217232        986.6519    0.0000396675    0.0006684934   65.5055773710   62.5102368369   -1.7579413877 
   0.0000000000    109.000       80.000000   0.217012        985.9897    0.0000398649    0.0006742928   65.6289578001   62.6113323413   -1.7566295671 
   0.0000000000    110.000       80.000000   0.216791        985.3222    0.0000400666    0.0006801755   65.7536754493   62.7135233071   -1.7553112209 
   0.0000000000    111.000       80.000000   0.216567        984.6493    0.0000402726    0.0006861423   65.8797284315   62.8168085538   -1.7539862709 
   0.0000000000    112.000       80.000000   0.216343        983.9710    0.0000404831    0.0006921934   66.0071145759   62.9211867195   -1.7526546390 
   0.0000000000    113.000       80.000000   0.216116        983.2871    0.0000406979    0.0006983295   66.1358314134   63.0266562486   -1.7513162464 
   0.0000000000    114.000       80.000000   0.215888        982.5976    0.0000409172    0.0007045509   66.2658761626   63.1332153785   -1.7499710145 
   0.0000000000    115.000       80.000000   0.215658        981.9025    0.0000411410    0.0007108583   66.3972457154   63.2408621270   -1.7486188642 
   0.0000000000    116.000       80.000000   0.215427        981.2019    0.0000413692    0.0007172498   66.5299015228   63.3495558949   -1.7472590256 
   0.0000000000    117.000       80.000000   0.215194        980.4952    0.0000416021    0.0007237300   66.6639086575   63.4593696233   -1.7458927862 
   0.0000000000    118.000       80.000000   0.214958        979.7827    0.0000418396    0.0007302973   66.7992291094   63.5702635149   -1.7445193896 
   0.0000000000    119.000       80.000000   0.214721        979.0642    0.0000420818    0.0007369521   66.9358583139   63.6822345736   -1.7431387560 
   0.0000000000    120.000       80.000000   0.214483        978.3396    0.0000423286    0.0007436947   67.0737913051   63.7952795159   -1.7417508054 
   0.0000000000    121.000       80.000000   0.214242        977.6090    0.0000425803    0.0007505255   67.2130227006   63.9093947578   -1.7403554578 
   0.0000000000    122.000       80.000000   0.214000        976.8721    0.0000428367    0.0007574448   67.3535466856   64.0245764001   -1.7389526328 
   0.0000000000    123.000       80.000000   0.213755        976.1291    0.0000430979    0.0007644529   67.4953569978   64.1408202150   -1.7375422501 
   0.0000000000    124.000       80.000000   0.213509        975.3797    0.0000433640    0.0007715500   67.6384469111   64.2581216313   -1.7361242294 
   0.0000000000    125.000       80.000000   0.213261        974.6239    0.0000436349    0.0007787364   67.7828092200   64.3764757200   -1.7346984901 
   0.0000000000    126.000       80.000000   0.213011        973.8617    0.0000439109    0.0007860123   67.9284362237   64.4958771800   -1.7332649518 
