  0.000000 -173.000000   0.000068   0.143899   1.521578   7.022595   1.205695   1.521578   1.996932   2.298389 
  0.000000 -172.000000   0.000068   0.143739   1.522429   7.034942   1.207300   1.522429   2.000203   2.305010 
  0.000000 -171.000000   0.000068   0.143581   1.523265   7.047243   1.208881   1.523265   2.003469   2.311628 
  0.000000 -170.000000   0.000068   0.143427   1.524085   7.059497   1.210440   1.524085   2.006731   2.318241 
  0.000000 -169.000000   0.000068   0.143275   1.524891   7.071705   1.211976   1.524891   2.009987   2.324850 
  0.000000 -168.000000   0.000068   0.143127   1.525683   7.083866   1.213490   1.525683   2.013238   2.331455 
  0.000000 -167.000000   0.000068   0.142981   1.526461   7.095981   1.214983   1.526461   2.016484   2.338054 
  0.000000 -166.000000   0.000068   0.142838   1.527225   7.108051   1.216454   1.527225   2.019724   2.344648 
  0.000000 -165.000000   0.000068   0.142698   1.527976   7.120074   1.217904   1.527976   2.022958   2.351237 
  0.000000 -164.000000   0.000068   0.142560   1.528713   7.132053   1.219334   1.528714   2.026186   2.357820 
  0.000000 -163.000000   0.000068   0.142425   1.529439   7.143985   1.220743   1.529439   2.029407   2.364397 
  0.000000 -162.000000   0.000068   0.142292   1.530152   7.155873   1.222133   1.530152   2.032621   2.370968 
  0.000000 -161.000000   0.000068   0.142162   1.530852   7.167716   1.223502   1.530852   2.035829   2.377532 
  0.000000 -160.000000   0.000068   0.142034   1.531541   7.179514   1.224853   1.531542   2.039030   2.384090 
  0.000000 -159.000000   0.000068   0.141909   1.532219   7.191267   1.226185   1.532219   2.042223   2.390641 
  0.000000 -158.000000   0.000068   0.141785   1.532885   7.202976   1.227498   1.532885   2.045409   2.397184 
  0.000000 -157.000000   0.000068   0.141664   1.533541   7.214641   1.228793   1.533541   2.048587   2.403720 
  0.000000 -156.000000   0.000068   0.141545   1.534185   7.226261   1.230070   1.534185   2.051757   2.410249 
  0.000000 -155.000000   0.000068   0.141429   1.534819   7.237837   1.231329   1.534820   2.054919   2.416770 
  0.000000 -154.000000   0.000068   0.141314   1.535443   7.249370   1.232571   1.535443   2.058073   2.423283 
  0.000000 -153.000000   0.000068   0.141201   1.536057   7.260859   1.233796   1.536057   2.061218   2.429788 
  0.000000 -152.000000   0.000068   0.141090   1.536661   7.272304   1.235004   1.536661   2.064355   2.436284 
  0.000000 -151.000000   0.000068   0.140981   1.537255   7.283705   1.236195   1.537256   2.067482   2.442772 
  0.000000 -150.000000   0.000068   0.140874   1.537840   7.295063   1.237371   1.537841   2.070601   2.449250 
  0.000000 -149.000000   0.000068   0.140768   1.538416   7.306378   1.238530   1.538417   2.073710   2.455720 
  0.000000 -148.000000   0.000068   0.140665   1.538983   7.317650   1.239675   1.538984   2.076810   2.462181 
  0.000000 -147.000000   0.000068   0.140563   1.539541   7.328878   1.240803   1.539543   2.079900   2.468632 
  0.000000 -146.000000   0.000068   0.140463   1.540090   7.340064   1.241917   1.540092   2.082981   2.475074 
  0.000000 -145.000000   0.000068   0.140364   1.540631   7.351207   1.243016   1.540634   2.086052   2.481506 
  0.000000 -144.000000   0.000068   0.140267   1.541163   7.362307   1.244100   1.541167   2.089112   2.487928 
  0.000000 -143.000000   0.000068   0.140172   1.541688   7.373364   1.245170   1.541692   2.092163   2.494339 
  0.000000 -142.000000   0.000068   0.140078   1.542204   7.384379   1.246226   1.542209   2.095203   2.500741 
  0.000000 -141.000000   0.000068   0.139986   1.542713   7.395352   1.247268   1.542719   2.098232   2.507132 
  0.000000 -140.000000   0.000068   0.139895   1.543214   7.406282   1.248297   1.543221   2.101251   2.513513 
  0.000000 -139.000000   0.000068   0.139805   1.543708   7.417170   1.249312   1.543716   2.104259   2.519883 
  0.000000 -138.000000   0.000068   0.139717   1.544194   7.428016   1.250314   1.544203   2.107256   2.526242 
  0.000000 -137.000000   0.000068   0.139631   1.544673   7.438819   1.251303   1.544684   2.110243   2.532590 
  0.000000 -136.000000   0.000068   0.139546   1.545144   7.449580   1.252280   1.545157   2.113217   2.538926 
  0.000000 -135.000000   0.000068   0.139462   1.545609   7.460300   1.253244   1.545624   2.116181   2.545251 
  0.000000 -134.000000   0.000068   0.139379   1.546066   7.470977   1.254195   1.546084   2.119133   2.551565 
  0.000000 -133.000000   0.000068   0.139298   1.546517   7.481613   1.255135   1.546538   2.122073   2.557867 
  0.000000 -132.000000   0.000068   0.139218   1.546960   7.492206   1.256063   1.546985   2.125002   2.564157 
  0.000000 -131.000000   0.000068   0.139140   1.547397   7.502758   1.256979   1.547426   2.127919   2.570434 
  0.000000 -130.000000   0.000068   0.139062   1.547828   7.513268   1.257884   1.547861   2.130823   2.576700 
  0.000000 -129.000000   0.000068   0.138986   1.548251   7.523736   1.258777   1.548289   2.133716   2.582953 
  0.000000 -128.000000   0.000068   0.138912   1.548668   7.534162   1.259660   1.548712   2.136597   2.589193 
  0.000000 -127.000000   0.000068   0.138838   1.549079   7.544546   1.260531   1.549129   2.139465   2.595421 
  0.000000 -126.000000   0.000068   0.138766   1.549482   7.554887   1.261391   1.549540   2.142320   2.601636 
  0.000000 -125.000000   0.000068   0.138695   1.549880   7.565187   1.262241   1.549946   2.145163   2.607837 
  0.000000 -124.000000   0.000068   0.138625   1.550270   7.575445   1.263081   1.550346   2.147993   2.614025 
  0.000000 -123.000000   0.000068   0.138556   1.550654   7.585660   1.263910   1.550741   2.150810   2.620199 
  0.000000 -122.000000   0.000068   0.138489   1.551031   7.595833   1.264729   1.551130   2.153615   2.626359 
  0.000000 -121.000000   0.000068   0.138423   1.551401   7.605963   1.265538   1.551515   2.156406   2.632505 
  0.000000 -120.000000   0.000068   0.138358   1.551765   7.616050   1.266337   1.551894   2.159183   2.638636 
  0.000000 -119.000000   0.000068   0.138295   1.552121   7.626094   1.267126   1.552268   2.161947   2.644752 
  0.000000 -118.000000   0.000068   0.138232   1.552471   7.636094   1.267906   1.552637   2.164698   2.650854 
  0.000000 -117.000000   0.000068   0.138171   1.552813   7.646051   1.268676   1.553001   2.167434   2.656939 
  0.000000 -116.000000   0.000068   0.138112   1.553148   7.655963   1.269437   1.553360   2.170157   2.663009 
  0.000000 -115.000000   0.000068   0.138054   1.553475   7.665832   1.270189   1.553715   2.172865   2.669062 
  0.000000 -114.000000   0.000068   0.137997   1.553794   7.675655   1.270931   1.554065   2.175559   2.675099 
  0.000000 -113.000000   0.000068   0.137942   1.554105   7.685434   1.271665   1.554410   2.178239   2.681120 
  0.000000 -112.000000   0.000068   0.137888   1.554408   7.695165   1.272389   1.554751   2.180904   2.687121 
  0.000000 -111.000000   0.000068   0.137836   1.554702   7.704850   1.273104   1.555087   2.183553   2.693105 
  0.000000 -110.000000   0.000068   0.137785   1.554987   7.714487   1.273811   1.555419   2.186188   2.699069 
  0.000000 -109.000000   0.000068   0.137737   1.555262   7.724076   1.274509   1.555746   2.188806   2.705014 
  0.000000 -108.000000   0.000068   0.137690   1.555528   7.733615   1.275198   1.556069   2.191409   2.710939 
  0.000000 -107.000000   0.000068   0.137644   1.555783   7.743105   1.275879   1.556388   2.193995   2.716843 
  0.000000 -106.000000   0.000068   0.137601   1.556027   7.752543   1.276551   1.556702   2.196565   2.722725 
  0.000000 -105.000000   0.000068   0.137560   1.556260   7.761930   1.277215   1.557012   2.199119   2.728584 
  0.000000 -104.000000   0.000068   0.137521   1.556481   7.771263   1.277870   1.557318   2.201654   2.734420 
  0.000000 -103.000000   0.000068   0.137484   1.556689   7.780540   1.278517   1.557620   2.204173   2.740231 
  0.000000 -102.000000   0.000068   0.137450   1.556883   7.789762   1.279155   1.557918   2.206673   2.746016 
  0.000000 -101.000000   0.000068   0.137418   1.557063   7.798926   1.279785   1.558211   2.209155   2.751775 
  0.000000 -100.000000   0.000068   0.137389   1.557229   7.808030   1.280407   1.558500   2.211618   2.757505 
  0.000000 -99.000000   0.000068   0.137363   1.557378   7.817073   1.281020   1.558785   2.214061   2.763207 
  0.000000 -98.000000   0.000068   0.137340   1.557510   7.826053   1.281625   1.559066   2.216485   2.768877 
  0.000000 -97.000000   0.000068   0.137320   1.557624   7.834965   1.282221   1.559343   2.218887   2.774514 
  0.000000 -96.000000   0.000068   0.137303   1.557719   7.843811   1.282809   1.559616   2.221268   2.780117 
  0.000000 -95.000000   0.000068   0.137290   1.557793   7.852587   1.283389   1.559885   2.223628   2.785686 
  0.000000 -94.000000   0.000068   0.137280   1.557846   7.861290   1.283960   1.560149   2.225965   2.791216 
  0.000000 -93.000000   0.000068   0.137275   1.557876   7.869918   1.284522   1.560410   2.228279   2.796707 
  0.000000 -92.000000   0.000068   0.137274   1.557881   7.878467   1.285076   1.560666   2.230569   2.802156 
  0.000000 -91.000000   0.000068   0.137278   1.557861   7.886933   1.285621   1.560918   2.232833   2.807561 
  0.000000 -90.000000   0.000068   0.137286   1.557812   7.895315   1.286157   1.561166   2.235072   2.812919 
  0.000000 -89.000000   0.000068   0.137300   1.557734   7.903607   1.286685   1.561409   2.237285   2.818228 
  0.000000 -88.000000   0.000068   0.137319   1.557625   7.911806   1.287203   1.561648   2.239469   2.823486 
  0.000000 -87.000000   0.000068   0.137345   1.557483   7.919908   1.287712   1.561883   2.241625   2.828688 
  0.000000 -86.000000   0.000068   0.137376   1.557305   7.927909   1.288212   1.562113   2.243751   2.833833 
  0.000000 -85.000000   0.000068   0.137414   1.557089   7.935803   1.288702   1.562339   2.245845   2.838916 
  0.000000 -84.000000   0.000068   0.137459   1.556834   7.943586   1.289182   1.562560   2.247908   2.843935 
  0.000000 -83.000000   0.000068   0.137512   1.556536   7.951253   1.289653   1.562777   2.249937   2.848886 
  0.000000 -82.000000   0.000068   0.137572   1.556193   7.958799   1.290114   1.562989   2.251931   2.853765 
  0.000000 -81.000000   0.000068   0.137641   1.555802   7.966217   1.290565   1.563196   2.253888   2.858568 
  0.000000 -80.000000   0.000068   0.137719   1.555361   7.973501   1.291005   1.563398   2.255808   2.863290 
  0.000000 -79.000000   0.000068   0.137807   1.554867   7.980645   1.291434   1.563595   2.257688   2.867928 
  0.000000 -78.000000   0.000068   0.137904   1.554316   7.987643   1.291853   1.563788   2.259528   2.872476 
  0.000000 -77.000000   0.000068   0.138013   1.553705   7.994488   1.292260   1.563974   2.261324   2.876930 
  0.000000 -76.000000   0.000068   0.138132   1.553032   8.001172   1.292656   1.564156   2.263076   2.881284 
  0.000000 -75.000000   0.000068   0.138264   1.552292   8.007688   1.293040   1.564332   2.264782   2.885534 
  0.000000 -74.000000   0.000068   0.138408   1.551482   8.014029   1.293412   1.564502   2.266440   2.889675 
  0.000000 -73.000000   0.000068   0.138566   1.550599   8.020185   1.293771   1.564667   2.268048   2.893699 
  0.000000 -72.000000   0.000068   0.138738   1.549638   8.026150   1.294118   1.564826   2.269604   2.897603 
  0.000000 -71.000000   0.000068   0.138924   1.548597   8.031915   1.294452   1.564979   2.271105   2.901379 
  0.000000 -70.000000   0.000068   0.139127   1.547470   8.037467   1.294772   1.565125   2.272550   2.905019 
  0.000000 -69.000000   0.000068   0.139345   1.546255   8.042804   1.295079   1.565265   2.273937   2.908523 
  0.000000 -68.000000   0.000068   0.139581   1.544948   8.047916   1.295371   1.565399   2.275264   2.911881 
  0.000000 -67.000000   0.000068   0.139835   1.543544   8.052793   1.295650   1.565526   2.276529   2.915088 
  0.000000 -66.000000   0.000068   0.140108   1.542041   8.057427   1.295913   1.565647   2.277730   2.918138 
  0.000000 -65.000000   0.000068   0.140400   1.540434   8.061810   1.296161   1.565760   2.278864   2.921024 
  0.000000 -64.000000   0.000068   0.140712   1.538721   8.065933   1.296394   1.565866   2.279930   2.923742 
  0.000000 -63.000000   0.000068   0.141046   1.536897   8.069788   1.296612   1.565966   2.280926   2.926285 
  0.000000 -62.000000   0.000068   0.141402   1.534961   8.073370   1.296813   1.566057   2.281851   2.928649 
  0.000000 -61.000000   0.000068   0.141781   1.532909   8.076671   1.296998   1.566142   2.282703   2.930829 
  0.000000 -60.000000   0.000068   0.142183   1.530740   8.079680   1.297166   1.566219   2.283478   2.932817 
  0.000000 -59.000000   0.000068   0.142609   1.528453   8.082404   1.297318   1.566288   2.284180   2.934618 
  0.000000 -58.000000   0.000068   0.143058   1.526046   8.084835   1.297454   1.566350   2.284806   2.936226 
  0.000000 -57.000000   0.000068   0.143533   1.523519   8.086972   1.297573   1.566404   2.285356   2.937640 
  0.000000 -56.000000   0.000068   0.144032   1.520874   8.088815   1.297675   1.566451   2.285830   2.938859 
  0.000000 -55.000000   0.000068   0.144557   1.518112   8.090366   1.297761   1.566490   2.286229   2.939887 
  0.000000 -54.000000   0.000068   0.145105   1.515236   8.091631   1.297831   1.566522   2.286554   2.940724 
  0.000000 -53.000000   0.000068   0.145679   1.512249   8.092607   1.297885   1.566547   2.286805   2.941371 
  0.000000 -52.000000   0.000068   0.146276   1.509158   8.093321   1.297925   1.566565   2.286988   2.941844 
  0.000000 -51.000000   0.000068   0.146896   1.505969   8.093778   1.297950   1.566576   2.287105   2.942147 
  0.000000 -50.000000   0.000068   0.147538   1.502689   8.093994   1.297962   1.566582   2.287161   2.942290 
  0.000000 -49.000000   0.000068   0.148200   1.499329   8.093988   1.297962   1.566581   2.287160   2.942286 
  0.000000 -48.000000   0.000068   0.148880   1.495898   8.093782   1.297950   1.566576   2.287107   2.942149 
  0.000000 -47.000000   0.000068   0.149576   1.492408   8.093401   1.297929   1.566567   2.287009   2.941897 
  0.000000 -46.000000   0.000068   0.150288   1.488871   8.092860   1.297899   1.566553   2.286870   2.941539 
  0.000000 -45.000000   0.000068   0.151010   1.485304   8.092210   1.297863   1.566537   2.286703   2.941108 
  0.000000 -44.000000   0.000068   0.151742   1.481719   8.091473   1.297822   1.566518   2.286513   2.940620 
  0.000000 -43.000000   0.000068   0.152479   1.478132   8.090682   1.297778   1.566498   2.286310   2.940096 
  0.000000 -42.000000   0.000068   0.153218   1.474558   8.089869   1.297733   1.566477   2.286101   2.939557 
  0.000000 -41.000000   0.000068   0.153957   1.471012   8.089069   1.297689   1.566457   2.285895   2.939027 
  0.000000 -40.000000   0.000068   0.154693   1.467508   8.088313   1.297647   1.566438   2.285701   2.938527 
  0.000000 -39.000000   0.000068   0.155422   1.464061   8.087634   1.297609   1.566421   2.285526   2.938078 
  0.000000 -38.000000   0.000068   0.156141   1.460683   8.087061   1.297577   1.566406   2.285379   2.937698 
  0.000000 -37.000000   0.000068   0.156848   1.457386   8.086620   1.297553   1.566395   2.285265   2.937407 
  0.000000 -36.000000   0.000068   0.157541   1.454179   8.086326   1.297537   1.566388   2.285190   2.937212 
  0.000000 -35.000000   0.000068   0.158216   1.451074   8.086221   1.297531   1.566385   2.285163   2.937143 
  0.000000 -34.000000   0.000068   0.158871   1.448077   8.086313   1.297536   1.566387   2.285186   2.937203 
  0.000000 -33.000000   0.000068   0.159505   1.445193   8.086616   1.297553   1.566395   2.285264   2.937404 
  0.000000 -32.000000   0.000068   0.160117   1.442428   8.087141   1.297582   1.566408   2.285399   2.937752 
  0.000000 -31.000000   0.000068   0.160706   1.439784   8.087899   1.297624   1.566428   2.285594   2.938253 
  0.000000 -30.000000   0.000068   0.161270   1.437262   8.088894   1.297679   1.566453   2.285850   2.938912 
  0.000000 -29.000000   0.000068   0.161809   1.434864   8.090129   1.297748   1.566484   2.286168   2.939729 
  0.000000 -28.000000   0.000068   0.162323   1.432589   8.091605   1.297830   1.566521   2.286547   2.940707 
  0.000000 -27.000000   0.000068   0.162811   1.430436   8.093331   1.297925   1.566565   2.286991   2.941850 
  0.000000 -26.000000   0.000068   0.163275   1.428402   8.095284   1.298033   1.566614   2.287492   2.943144 
  0.000000 -25.000000   0.000068   0.163714   1.426486   8.097469   1.298154   1.566669   2.288053   2.944593 
  0.000000 -24.000000   0.000068   0.164129   1.424683   8.099882   1.298287   1.566730   2.288672   2.946193 
  0.000000 -23.000000   0.000068   0.164519   1.422990   8.102516   1.298432   1.566796   2.289348   2.947941 
  0.000000 -22.000000   0.000068   0.164886   1.421405   8.105364   1.298588   1.566867   2.290078   2.949831 
  0.000000 -21.000000   0.000068   0.165231   1.419922   8.108417   1.298756   1.566943   2.290860   2.951859 
  0.000000 -20.000000   0.000068   0.165553   1.418538   8.111670   1.298934   1.567024   2.291692   2.954020 
  0.000000 -19.000000   0.000068   0.165855   1.417249   8.115112   1.299121   1.567110   2.292572   2.956309 
  0.000000 -18.000000   0.000068   0.166135   1.416050   8.118737   1.299319   1.567200   2.293498   2.958720 
  0.000000 -17.000000   0.000068   0.166397   1.414938   8.122535   1.299525   1.567293   2.294468   2.961249 
  0.000000 -16.000000   0.000068   0.166639   1.413909   8.126499   1.299739   1.567391   2.295479   2.963889 
  0.000000 -15.000000   0.000068   0.166863   1.412958   8.130621   1.299962   1.567492   2.296529   2.966637 
  0.000000 -14.000000   0.000068   0.167070   1.412082   8.134892   1.300192   1.567597   2.297616   2.969487 
  0.000000 -13.000000   0.000068   0.167261   1.411278   8.139306   1.300429   1.567705   2.298739   2.972434 
  0.000000 -12.000000   0.000068   0.167435   1.410542   8.143856   1.300672   1.567815   2.299894   2.975474 
  0.000000 -11.000000   0.000068   0.167595   1.409870   8.148533   1.300922   1.567929   2.301081   2.978601 
  0.000000 -10.000000   0.000068   0.167740   1.409259   8.153331   1.301177   1.568045   2.302297   2.981813 
  0.000000  -9.000000   0.000068   0.167872   1.408706   8.158244   1.301437   1.568163   2.303540   2.985104 
  0.000000  -8.000000   0.000068   0.167990   1.408209   8.163266   1.301702   1.568283   2.304810   2.988471 
  0.000000  -7.000000   0.000068   0.168096   1.407764   8.168391   1.301972   1.568406   2.306104   2.991910 
  0.000000  -6.000000   0.000068   0.168191   1.407369   8.173613   1.302245   1.568530   2.307421   2.995417 
  0.000000  -5.000000   0.000068   0.168273   1.407022   8.178934   1.302523   1.568656   2.308760   2.998994 
  0.000000  -4.000000   0.000068   0.168346   1.406719   8.184334   1.302804   1.568783   2.310118   3.002628 
  0.000000  -3.000000   0.000068   0.168408   1.406459   8.189816   1.303089   1.568912   2.311495   3.006320 
  0.000000  -2.000000   0.000068   0.168461   1.406239   8.195375   1.303376   1.569042   2.312889   3.010068 
  0.000000  -1.000000   0.000068   0.168504   1.406058   8.201008   1.303665   1.569174   2.314299   3.013869 
  0.000000   0.000000   0.000068   0.168539   1.405914   8.206710   1.303958   1.569306   2.315725   3.017721 
  0.000000   1.000000   0.000068   0.168565   1.405804   8.212478   1.304252   1.569440   2.317165   3.021621 
  0.000000   2.000000   0.000068   0.168583   1.405728   8.218307   1.304548   1.569574   2.318618   3.025567 
  0.000000   3.000000   0.000068   0.168594   1.405684   8.224194   1.304846   1.569709   2.320083   3.029557 
  0.000000   4.000000   0.000068   0.168597   1.405669   8.230137   1.305146   1.569844   2.321559   3.033588 
  0.000000   5.000000   0.000068   0.168594   1.405683   8.236132   1.305447   1.569981   2.323047   3.037658 
  0.000000   6.000000   0.000068   0.168584   1.405725   8.242177   1.305749   1.570117   2.324543   3.041767 
  0.000000   7.000000   0.000068   0.168568   1.405793   8.248268   1.306053   1.570254   2.326049   3.045911 
  0.000000   8.000000   0.000068   0.168546   1.405886   8.254403   1.306357   1.570392   2.327564   3.050090 
  0.000000   9.000000   0.000068   0.168518   1.406003   8.260580   1.306662   1.570530   2.329085   3.054303 
  0.000000  10.000000   0.000068   0.168484   1.406142   8.266796   1.306968   1.570668   2.330614   3.058546 
  0.000000  11.000000   0.000068   0.168446   1.406304   8.273050   1.307274   1.570806   2.332150   3.062820 
  0.000000  12.000000   0.000068   0.168402   1.406486   8.279340   1.307581   1.570945   2.333691   3.067123 
  0.000000  13.000000   0.000068   0.168353   1.406688   8.285663   1.307888   1.571083   2.335238   3.071454 
  0.000000  14.000000   0.000068   0.168300   1.406910   8.292017   1.308195   1.571222   2.336790   3.075811 
  0.000000  15.000000   0.000068   0.168243   1.407150   8.298403   1.308502   1.571361   2.338346   3.080194 
  0.000000  16.000000   0.000068   0.168181   1.407408   8.304816   1.308809   1.571499   2.339906   3.084601 
  0.000000  17.000000   0.000068   0.168116   1.407683   8.311258   1.309117   1.571638   2.341470   3.089033 
  0.000000  18.000000   0.000068   0.168046   1.407975   8.317725   1.309424   1.571776   2.343038   3.093487 
  0.000000  19.000000   0.000068   0.167973   1.408282   8.324217   1.309731   1.571915   2.344608   3.097963 
  0.000000  20.000000   0.000068   0.167896   1.408605   8.330732   1.310038   1.572053   2.346181   3.102461 
  0.000000  21.000000   0.000068   0.167816   1.408942   8.337270   1.310344   1.572191   2.347756   3.106979 
  0.000000  22.000000   0.000068   0.167732   1.409294   8.343829   1.310650   1.572329   2.349333   3.111518 
  0.000000  23.000000   0.000068   0.167645   1.409659   8.350409   1.310956   1.572466   2.350912   3.116076 
  0.000000  24.000000   0.000068   0.167555   1.410038   8.357009   1.311261   1.572604   2.352492   3.120652 
  0.000000  25.000000   0.000068   0.167462   1.410430   8.363627   1.311566   1.572741   2.354073   3.125247 
  0.000000  26.000000   0.000068   0.167366   1.410835   8.370263   1.311870   1.572878   2.355656   3.129860 
  0.000000  27.000000   0.000068   0.167267   1.411252   8.376917   1.312173   1.573014   2.357239   3.134490 
  0.000000  28.000000   0.000068   0.167165   1.411681   8.383587   1.312476   1.573150   2.358823   3.139137 
  0.000000  29.000000   0.000068   0.167061   1.412121   8.390274   1.312779   1.573286   2.360407   3.143801 
  0.000000  30.000000   0.000068   0.166954   1.412573   8.396976   1.313080   1.573422   2.361992   3.148482 
  0.000000  31.000000   0.000068   0.166845   1.413036   8.403693   1.313381   1.573557   2.363576   3.153178 
  0.000000  32.000000   0.000068   0.166733   1.413510   8.410424   1.313682   1.573692   2.365161   3.157890 
  0.000000  33.000000   0.000068   0.166619   1.413994   8.417170   1.313981   1.573826   2.366745   3.162617 
  0.000000  34.000000   0.000068   0.166502   1.414489   8.423930   1.314280   1.573960   2.368330   3.167360 
  0.000000  35.000000   0.000068   0.166384   1.414995   8.430703   1.314578   1.574094   2.369913   3.172118 
  0.000000  36.000000   0.000068   0.166262   1.415510   8.437489   1.314875   1.574228   2.371496   3.176890 
  0.000000  37.000000   0.000068   0.166139   1.416035   8.444289   1.315172   1.574360   2.373079   3.181677 
  0.000000  38.000000   0.000068   0.166014   1.416570   8.451101   1.315467   1.574493   2.374661   3.186479 
  0.000000  39.000000   0.000068   0.165886   1.417115   8.457925   1.315762   1.574625   2.376242   3.191296 
  0.000000  40.000000   0.000068   0.165757   1.417669   8.464762   1.316056   1.574757   2.377822   3.196127 
  0.000000  41.000000   0.000068   0.165625   1.418233   8.471611   1.316349   1.574888   2.379401   3.200972 
  0.000000  42.000000   0.000068   0.165491   1.418806   8.478471   1.316642   1.575019   2.380979   3.205831 
  0.000000  43.000000   0.000068   0.165355   1.419388   8.485344   1.316933   1.575150   2.382557   3.210705 
  0.000000  44.000000   0.000068   0.165218   1.419980   8.492229   1.317224   1.575280   2.384133   3.215593 
  0.000000  45.000000   0.000068   0.165078   1.420580   8.499126   1.317514   1.575410   2.385708   3.220495 
  0.000000  46.000000   0.000068   0.164936   1.421190   8.506034   1.317802   1.575539   2.387281   3.225411 
  0.000000  47.000000   0.000068   0.164793   1.421809   8.512954   1.318091   1.575668   2.388854   3.230342 
  0.000000  48.000000   0.000068   0.164648   1.422436   8.519886   1.318378   1.575796   2.390425   3.235287 
  0.000000  49.000000   0.000068   0.164501   1.423073   8.526824   1.318664   1.575924   2.391994   3.240242 
  0.000000  50.000000   0.000068   0.164352   1.423718   8.533780   1.318949   1.576052   2.393562   3.245216 
  0.000000  51.000000   0.000068   0.164201   1.424373   8.540748   1.319234   1.576179   2.395130   3.250205 
  0.000000  52.000000   0.000068   0.164048   1.425037   8.547727   1.319518   1.576306   2.396696   3.255208 
  0.000000  53.000000   0.000068   0.163893   1.425709   8.554720   1.319801   1.576433   2.398261   3.260226 
  0.000000  54.000000   0.000068   0.163737   1.426391   8.561724   1.320083   1.576559   2.399824   3.265258 
  0.000000  55.000000   0.000068   0.163578   1.427082   8.568741   1.320365   1.576684   2.401386   3.270306 
  0.000000  56.000000   0.000068   0.163418   1.427781   8.575771   1.320645   1.576810   2.402947   3.275370 
  0.000000  57.000000   0.000068   0.163256   1.428490   8.582814   1.320925   1.576934   2.404507   3.280448 
  0.000000  58.000000   0.000068   0.163092   1.429208   8.589870   1.321204   1.577059   2.406065   3.285543 
  0.000000  59.000000   0.000068   0.162926   1.429935   8.596940   1.321482   1.577183   2.407622   3.290653 
  0.000000  60.000000   0.000068   0.162759   1.430671   8.604023   1.321759   1.577307   2.409178   3.295779 
  0.000000  61.000000   0.000068   0.162589   1.431417   8.611120   1.322036   1.577430   2.410732   3.300922 
  0.000000  62.000000   0.000068   0.162418   1.432172   8.618231   1.322312   1.577553   2.412285   3.306081 
  0.000000  63.000000   0.000068   0.162245   1.432936   8.625357   1.322587   1.577676   2.413838   3.311257 
  0.000000  64.000000   0.000068   0.162070   1.433710   8.632498   1.322861   1.577798   2.415389   3.316450 
  0.000000  65.000000   0.000068   0.161893   1.434493   8.639654   1.323135   1.577920   2.416939   3.321660 
  0.000000  66.000000   0.000068   0.161714   1.435287   8.646825   1.323408   1.578042   2.418487   3.326888 
  0.000000  67.000000   0.000068   0.161533   1.436090   8.654012   1.323680   1.578163   2.420035   3.332134 
  0.000000  68.000000   0.000068   0.161351   1.436902   8.661215   1.323951   1.578284   2.421582   3.337398 
  0.000000  69.000000   0.000068   0.161166   1.437725   8.668435   1.324222   1.578404   2.423128   3.342681 
  0.000000  70.000000   0.000068   0.160980   1.438557   8.675664   1.324492   1.578524   2.424671   3.347977 
  0.000000  71.000000   0.000068   0.160792   1.439400   8.682917   1.324761   1.578644   2.426215   3.353296 
  0.000000  72.000000   0.000068   0.160601   1.440254   8.690187   1.325030   1.578764   2.427758   3.358635 
  0.000000  73.000000   0.000068   0.160409   1.441117   8.697475   1.325298   1.578883   2.429300   3.363994 
  0.000000  74.000000   0.000068   0.160214   1.441991   8.704781   1.325565   1.579002   2.430841   3.369372 
  0.000000  75.000000   0.000068   0.160018   1.442876   8.712106   1.325832   1.579121   2.432382   3.374771 
  0.000000  76.000000   0.000068   0.159820   1.443772   8.719450   1.326098   1.579239   2.433921   3.380191 
  0.000000  77.000000   0.000068   0.159619   1.444678   8.726814   1.326364   1.579357   2.435460   3.385632 
  0.000000  78.000000   0.000068   0.159417   1.445596   8.734198   1.326629   1.579475   2.436999   3.391095 
  0.000000  79.000000   0.000068   0.159212   1.446525   8.741604   1.326893   1.579592   2.438537   3.396581 
  0.000000  80.000000   0.000068   0.159006   1.447464   8.749024   1.327157   1.579710   2.440074   3.402084 
  0.000000  81.000000   0.000068   0.158797   1.448416   8.756471   1.327420   1.579827   2.441611   3.407613 
  0.000000  82.000000   0.000068   0.158586   1.449379   8.763939   1.327683   1.579943   2.443147   3.413166 
  0.000000  83.000000   0.000068   0.158373   1.450354   8.771430   1.327945   1.580060   2.444683   3.418742 
  0.000000  84.000000   0.000068   0.158158   1.451341   8.778944   1.328207   1.580176   2.446219   3.424342 
  0.000000  85.000000   0.000068   0.157940   1.452340   8.786482   1.328468   1.580292   2.447755   3.429968 
  0.000000  86.000000   0.000068   0.157721   1.453351   8.794039   1.328728   1.580407   2.449289   3.435614 
  0.000000  87.000000   0.000068   0.157499   1.454374   8.801625   1.328989   1.580523   2.450825   3.441289 
  0.000000  88.000000   0.000068   0.157275   1.455411   8.809236   1.329248   1.580638   2.452360   3.446990 
  0.000000  89.000000   0.000068   0.157048   1.456460   8.816874   1.329508   1.580753   2.453895   3.452718 
  0.000000  90.000000   0.000068   0.156820   1.457521   8.824533   1.329766   1.580868   2.455429   3.458469 
  0.000000  91.000000   0.000068   0.156589   1.458597   8.832222   1.330025   1.580982   2.456964   3.464251 
  0.000000  92.000000   0.000068   0.156356   1.459685   8.839936   1.330283   1.581097   2.458499   3.470058 
  0.000000  93.000000   0.000068   0.156120   1.460787   8.847682   1.330540   1.581211   2.460035   3.475896 
  0.000000  94.000000   0.000068   0.155882   1.461902   8.855453   1.330797   1.581325   2.461570   3.481761 
  0.000000  95.000000   0.000068   0.155641   1.463032   8.863253   1.331054   1.581439   2.463105   3.487655 
  0.000000  96.000000   0.000068   0.155398   1.464175   8.871085   1.331310   1.581552   2.464642   3.493581 
  0.000000  97.000000   0.000068   0.155153   1.465333   8.878945   1.331566   1.581666   2.466178   3.499535 
  0.000000  98.000000   0.000068   0.154905   1.466506   8.886843   1.331822   1.581779   2.467716   3.505526 
  0.000000  99.000000   0.000068   0.154655   1.467692   8.894764   1.332077   1.581892   2.469253   3.511543 
  0.000000 100.000000   0.000068   0.000089 123.953509 1820.401289   1.392568   1.608329   2.888232 1814.512160 
  0.000000 101.000000   0.000068   0.000083 145.321010 1953.990742   1.392570   1.608330   2.888250 1948.101592 
  0.000000 102.000000   0.000068   0.000081 158.785149 2021.037061   1.392571   1.608330   2.888258 2015.147901 
  0.000000 103.000000   0.000068   0.000079 170.400701 2070.811424   1.392572   1.608331   2.888264 2064.922257 
  0.000000 104.000000   0.000068   0.000078 181.135564 2111.394531   1.392573   1.608331   2.888269 2105.505359 
  0.000000 105.000000   0.000068   0.000077 191.370260 2146.028475   1.392573   1.608331   2.888272 2140.139298 
  0.000000 106.000000   0.000068   0.000076 201.305324 2176.438337   1.392574   1.608331   2.888275 2170.549157 
  0.000000 107.000000   0.000068   0.000075 211.057691 2203.649233   1.392574   1.608331   2.888278 2197.760050 
  0.000000 108.000000   0.000068   0.000074 220.700038 2228.318141   1.392574   1.608332   2.888280 2222.428954 
  0.000000 109.000000   0.000068   0.000074 230.291759 2250.954644   1.392575   1.608332   2.888283 2245.065455 
  0.000000 110.000000   0.000068   0.000073 239.865350 2271.874768   1.392575   1.608332   2.888285 2265.985577 
  0.000000 111.000000   0.000068   0.000073 249.455719 2291.372964   1.392575   1.608332   2.888286 2285.483771 
  0.000000 112.000000   0.000068   0.000073 259.079130 2309.624503   1.392575   1.608332   2.888288 2303.735307 
  0.000000 113.000000   0.000068   0.000072 268.757175 2326.812780   1.392576   1.608332   2.888290 2320.923583 
  0.000000 114.000000   0.000068   0.000072 278.504088 2343.070697   1.392576   1.608332   2.888291 2337.181498 
  0.000000 115.000000   0.000068   0.000072 288.333350 2358.516027   1.392576   1.608332   2.888292 2352.626827 
  0.000000 116.000000   0.000068   0.000071 298.250727 2373.223363   1.392576   1.608332   2.888294 2367.334161 
  0.000000 117.000000   0.000068   0.000071 308.266956 2387.282237   1.392576   1.608332   2.888295 2381.393034 
  0.000000 118.000000   0.000068   0.000071 318.388950 2400.759368   1.392576   1.608332   2.888296 2394.870163 
  0.000000 119.000000   0.000068   0.000071 328.622611 2413.712389   1.392577   1.608333   2.888297 2407.823183 
  0.000000 120.000000   0.000068   0.000070 338.974618 2426.197756   1.392577   1.608333   2.888298 2420.308549 
  0.000000 121.000000   0.000068   0.000070 349.445593 2438.244904   1.392577   1.608333   2.888299 2432.355695 
  0.000000 122.000000   0.000068   0.000070 360.041437 2449.901127   1.392577   1.608333   2.888300 2444.011918 
  0.000000 123.000000   0.000068   0.000070 370.765281 2461.200441   1.392577   1.608333   2.888301 2455.311230 
  0.000000 124.000000   0.000068   0.000070 381.619796 2472.173108   1.392577   1.608333   2.888302 2466.283897 
  0.000000 125.000000   0.000068   0.000070 392.607242 2482.846162   1.392577   1.608333   2.888302 2476.956950 
  0.000000 126.000000   0.000068   0.000070 403.729513 2493.243835   1.392577   1.608333   2.888303 2487.354621 
