#solute size       Temp        p_0 p_meanfield         Cp      meanC       cpHB        cpS       cpLJ        cpO 
   0.0000000000 -173.0000000000    0.0000675453    0.1438993981   57.1589931634    2.3713597360   -0.0001963945   63.8851684217   -0.0000059581    0.0000000000 
   0.0000000000 -172.0000000000    0.0000675453    0.1437386751   57.0882830424    2.3258033209   -0.0002548449   63.7418841438   -0.0000077013    0.0000000000 
   0.0000000000 -171.0000000000    0.0000675453    0.1435811159   57.0199970268    2.2814375822   -0.0003291027   63.6024008492   -0.0000099064    0.0000000000 
   0.0000000000 -170.0000000000    0.0000675453    0.1434266353   56.9540237640    2.2382261667   -0.0004230109   63.4665803032   -0.0000126827    0.0000000000 
   0.0000000000 -169.0000000000    0.0000675453    0.1432751510   56.8902584693    2.1961337876   -0.0005412427   63.3342923162   -0.0000161625    0.0000000000 
   0.0000000000 -168.0000000000    0.0000675453    0.1431265830   56.8286024814    2.1551262032   -0.0006894538   63.2054144700   -0.0000205049    0.0000000000 
   0.0000000000 -167.0000000000    0.0000675453    0.1429808540   56.7689628587    2.1151701935   -0.0008744647   63.0798319090   -0.0000259008    0.0000000000 
   0.0000000000 -166.0000000000    0.0000675453    0.1428378894   56.7112520113    2.0762335352   -0.0011044667   62.9574371997   -0.0000325778    0.0000000000 
   0.0000000000 -165.0000000000    0.0000675453    0.1426976165   56.6553873673    2.0382849735   -0.0013892589   62.8381302464   -0.0000408067    0.0000000000 
   0.0000000000 -164.0000000000    0.0000675453    0.1425599652   56.6012910703    2.0012941934   -0.0017405249   62.7218182852   -0.0000509083    0.0000000000 
   0.0000000000 -163.0000000000    0.0000675453    0.1424248678   56.5488897055    1.9652317883   -0.0021721406   62.6084159296   -0.0000632609    0.0000000000 
   0.0000000000 -162.0000000000    0.0000675453    0.1422922583   56.4981140544    1.9300692279   -0.0027005297   62.4978453007   -0.0000783098    0.0000000000 
   0.0000000000 -161.0000000000    0.0000675453    0.1421620732   56.4488988730    1.8957788240   -0.0033450644   62.3900362294   -0.0000965765    0.0000000000 
   0.0000000000 -160.0000000000    0.0000675453    0.1420342508   56.4011826970    1.8623336958   -0.0041285215   62.2849265307   -0.0001186700    0.0000000000 
   0.0000000000 -159.0000000000    0.0000675453    0.1419087314   56.3549076679    1.8297077330   -0.0050775910   62.1824623672   -0.0001452990    0.0000000000 
   0.0000000000 -158.0000000000    0.0000675453    0.1417854574   56.3100193824    1.7978755580   -0.0062234514   62.0825986983   -0.0001772859    0.0000000000 
   0.0000000000 -157.0000000000    0.0000675453    0.1416643726   56.2664667637    1.7668124868   -0.0076024116   61.9852998215   -0.0002155815    0.0000000000 
   0.0000000000 -156.0000000000    0.0000675453    0.1415454231   56.2242019524    1.7364944885   -0.0092566300   61.8905400162   -0.0002612817    0.0000000000 
   0.0000000000 -155.0000000000    0.0000675453    0.1414285565   56.1831802195    1.7068981431   -0.0112349129   61.7983042911   -0.0003156461    0.0000000000 
   0.0000000000 -154.0000000000    0.0000675453    0.1413137219   56.1433598982    1.6780005980   -0.0135936013   61.7085892446   -0.0003801180    0.0000000000 
   0.0000000000 -153.0000000000    0.0000675453    0.1412008705   56.1047023369    1.6497795228   -0.0163975548   61.6214040456   -0.0004563461    0.0000000000 
   0.0000000000 -152.0000000000    0.0000675453    0.1410899548   56.0671718714    1.6222130622   -0.0197212343   61.5367715425   -0.0005462088    0.0000000000 
   0.0000000000 -151.0000000000    0.0000675453    0.1409809289   56.0307358181    1.5952797875   -0.0236499018   61.4547295109   -0.0006518400    0.0000000000 
   0.0000000000 -150.0000000000    0.0000675453    0.1408737485   55.9953644872    1.5689586451   -0.0282809307   61.3753320409   -0.0007756573    0.0000000001 
   0.0000000000 -149.0000000000    0.0000675453    0.1407683708   55.9610312159    1.5432289041   -0.0337252471   61.2986510838   -0.0009203926    0.0000000001 
   0.0000000000 -148.0000000000    0.0000675453    0.1406647546   55.9277124248    1.5180701006   -0.0401089052   61.2247781579   -0.0010891245    0.0000000001 
   0.0000000000 -147.0000000000    0.0000675453    0.1405628599   55.8953876935    1.4934619795   -0.0475748073   61.1538262304   -0.0012853139    0.0000000001 
   0.0000000000 -146.0000000000    0.0000675453    0.1404626484   55.8640398601    1.4693844346   -0.0562845731   61.0859317809   -0.0015128414    0.0000000002 
   0.0000000000 -145.0000000000    0.0000675453    0.1403640831   55.8336551434    1.4458174441   -0.0664205742   61.0212570577   -0.0017760475    0.0000000002 
   0.0000000000 -144.0000000000    0.0000675453    0.1402671286   55.8042232879    1.4227410051   -0.0781881343   60.9599925318   -0.0020797759    0.0000000003 
   0.0000000000 -143.0000000000    0.0000675453    0.1401717506   55.7757377342    1.4001350628   -0.0918179152   60.9023595793   -0.0024294186    0.0000000004 
   0.0000000000 -142.0000000000    0.0000675453    0.1400779166   55.7481958150    1.3779794377   -0.1075684878   60.8486133692   -0.0028309641    0.0000000005 
   0.0000000000 -141.0000000000    0.0000675453    0.1399855953   55.7215989759    1.3562537482   -0.1257291023   60.7990460063   -0.0032910487    0.0000000007 
   0.0000000000 -140.0000000000    0.0000675453    0.1398947569   55.6959530253    1.3349373299   -0.1466226662   60.7539899025   -0.0038170099    0.0000000009 
   0.0000000000 -139.0000000000    0.0000675453    0.1398053731   55.6712684111    1.3140091504   -0.1706089411   60.7138214137   -0.0044169427    0.0000000012 
   0.0000000000 -138.0000000000    0.0000675453    0.1397174170   55.6475605279    1.2934477196   -0.1980879657   60.6789647464   -0.0050997585    0.0000000015 
   0.0000000000 -137.0000000000    0.0000675453    0.1396308634   55.6248500541    1.2732309961   -0.2295037129   60.6498961357   -0.0058752472    0.0000000020 
   0.0000000000 -136.0000000000    0.0000675453    0.1395456885   55.6031633205    1.2533362882   -0.2653479946   60.6271483241   -0.0067541411    0.0000000025 
   0.0000000000 -135.0000000000    0.0000675453    0.1394618702   55.5825327121    1.2337401502   -0.3061646235   60.6113153307   -0.0077481814    0.0000000032 
   0.0000000000 -134.0000000000    0.0000675453    0.1393793879   55.5629971032    1.2144182734   -0.3525538294   60.6030575333   -0.0088701875    0.0000000041 
   0.0000000000 -133.0000000000    0.0000675453    0.1392982228   55.5446023282    1.1953453714   -0.4051769528   60.6031070658   -0.0101341284    0.0000000053 
   0.0000000000 -132.0000000000    0.0000675453    0.1392183580   55.5274016877    1.1764950608   -0.4647614248   60.6122735694   -0.0115551956    0.0000000067 
   0.0000000000 -131.0000000000    0.0000675453    0.1391397783   55.5114564934    1.1578397343   -0.5321060231   60.6314502556   -0.0131498788    0.0000000084 
   0.0000000000 -130.0000000000    0.0000675453    0.1390624705   55.4968366493    1.1393504296   -0.6080864303   60.6616203240   -0.0149360425    0.0000000106 
   0.0000000000 -129.0000000000    0.0000675453    0.1389864233   55.4836212748    1.1209966905   -0.6936611019   60.7038637702   -0.0169330047    0.0000000133 
   0.0000000000 -128.0000000000    0.0000675453    0.1389116277   55.4718993664    1.1027464228   -0.7898774305   60.7593645150   -0.0191616161    0.0000000167 
   0.0000000000 -127.0000000000    0.0000675453    0.1388380769   55.4617705020    1.0845657424   -0.8978782358   60.8294179371   -0.0216443406    0.0000000208 
   0.0000000000 -126.0000000000    0.0000675453    0.1387657664   55.4533455870    1.0664188174   -1.0189085824   60.9154387871   -0.0244053367    0.0000000260 
   0.0000000000 -125.0000000000    0.0000675453    0.1386946943   55.4467476445    1.0482677026   -1.1543229109   61.0189694769   -0.0274705382    0.0000000322 
   0.0000000000 -124.0000000000    0.0000675453    0.1386248612   55.4421126472    1.0300721672   -1.3055925112   61.1416887841   -0.0308677351    0.0000000399 
   0.0000000000 -123.0000000000    0.0000675453    0.1385562706   55.4395903967    1.0117895146   -1.4743133305   61.2854209239   -0.0346266544    0.0000000493 
   0.0000000000 -122.0000000000    0.0000675453    0.1384889290   55.4393454447    0.9933743949   -1.6622141188   61.4521450663   -0.0387790385    0.0000000607 
   0.0000000000 -121.0000000000    0.0000675453    0.1384228460   55.4415580604    0.9747786101   -1.8711649106   61.6440052270   -0.0433587232    0.0000000745 
   0.0000000000 -120.0000000000    0.0000675453    0.1383580345   55.4464252427    0.9559509099   -2.1031858555   61.8633205708   -0.0484017123    0.0000000913 
   0.0000000000 -119.0000000000    0.0000675453    0.1382945110   55.4541617759    0.9368367816   -2.3604563783   62.1125961504   -0.0539462500    0.0000001116 
   0.0000000000 -118.0000000000    0.0000675453    0.1382322957   55.4650013297    0.9173782299   -2.6453246849   62.3945340024   -0.0600328897    0.0000001360 
   0.0000000000 -117.0000000000    0.0000675453    0.1381714130   55.4791976026    0.8975135492   -2.9603175988   62.7120446941   -0.0667045575    0.0000001654 
   0.0000000000 -116.0000000000    0.0000675453    0.1381118914   55.4970255041    0.8771770879   -3.3081507207   63.0682592331   -0.0740066115    0.0000002007 
   0.0000000000 -115.0000000000    0.0000675453    0.1380537639   55.5187823787    0.8562990030   -3.6917389055   63.4665413728   -0.0819868946    0.0000002429 
   0.0000000000 -114.0000000000    0.0000675453    0.1379970686   55.5447892647    0.8348050078   -4.1142070517   63.9105003096   -0.0906957796    0.0000002934 
   0.0000000000 -113.0000000000    0.0000675453    0.1379416613   55.5753875757    0.8126156381   -4.5788734836   64.4039696018   -0.1001856916    0.0000003536 
   0.0000000000 -112.0000000000    0.0000675453    0.1378879674   55.6109587037    0.7896479558   -5.0893697569   64.9511543733   -0.1105131597    0.0000004251 
   0.0000000000 -111.0000000000    0.0000675453    0.1378358510   55.6518981666    0.7658121786   -5.6494928439   65.5564479824   -0.1217358499    0.0000005101 
   0.0000000000 -110.0000000000    0.0000675453    0.1377853725   55.6986349727    0.7410135401   -6.2633211620   66.2245750268   -0.1339145258    0.0000006108 
   0.0000000000 -109.0000000000    0.0000675453    0.1377365987   55.7516285300    0.7151514356   -6.9352010356   66.9605738964   -0.1471125576    0.0000007298 
   0.0000000000 -108.0000000000    0.0000675453    0.1376896035   55.8113700254    0.6881191184   -7.6697588424   67.7698111725   -0.1613958976    0.0000008703 
   0.0000000000 -107.0000000000    0.0000675453    0.1376444681   55.8783838016    0.6598033892   -8.4719132782   68.6579962488   -0.1768330365    0.0000010358 
   0.0000000000 -106.0000000000    0.0000675453    0.1376012815   55.9532287142    0.6300842768   -9.3468876609   69.6311959952   -0.1934949407    0.0000012303 
   0.0000000000 -105.0000000000    0.0000675453    0.1375601407   56.0364994609    0.5988347135  -10.3002222131   70.6958494639   -0.2114549667    0.0000014586 
   0.0000000000 -104.0000000000    0.0000675453    0.1375211518   56.1288278628    0.5659202040  -11.3377862294   71.8587824916   -0.2307887503    0.0000017260 
   0.0000000000 -103.0000000000    0.0000675453    0.1374844300   56.2308840863    0.5311984886  -12.4657900713   73.1272221650   -0.2515740679    0.0000020387 
   0.0000000000 -102.0000000000    0.0000675453    0.1374501001   56.3433777787    0.4945192041  -13.6907968400   74.5088109474   -0.2738906655    0.0000024038 
   0.0000000000 -101.0000000000    0.0000675453    0.1374182975   56.4670591002    0.4557235409  -15.0197336147   76.0116203978   -0.2978200532    0.0000028292 
   0.0000000000 -100.0000000000    0.0000675453    0.1373891683   56.6027196238    0.4146439002  -16.4599021217   77.6441642275   -0.3234452598    0.0000033241 
   0.0000000000  -99.0000000000    0.0000675453    0.1373628702   56.7511930733    0.3711035518  -18.0189886532   79.4154106339   -0.3508505428    0.0000038990 
   0.0000000000  -98.0000000000    0.0000675453    0.1373395731   56.9133558660    0.3249162971  -19.7050730243   81.3347935525   -0.3801210507    0.0000045658 
   0.0000000000  -97.0000000000    0.0000675453    0.1373196561   57.0901403951    0.2758841826  -21.5267537154   83.4123604474   -0.4113441797    0.0000053379 
   0.0000000000  -96.0000000000    0.0000675453    0.1373029288   57.2824845258    0.2238046709  -23.4926983464   85.6582451693   -0.4446022845    0.0000062306 
   0.0000000000  -95.0000000000    0.0000675453    0.1372897926   57.4914052900    0.1684595447  -25.6123136530   88.0834563251   -0.4799821746    0.0000072612 
   0.0000000000  -94.0000000000    0.0000675453    0.1372804731   57.7179500046    0.1096215429  -27.8953155636   90.6993731281   -0.5175679800    0.0000084494 
   0.0000000000  -93.0000000000    0.0000675453    0.1372752110   57.9632069649    0.0470524354  -30.3518346379   93.5178707370   -0.5574420684    0.0000098172 
   0.0000000000  -92.0000000000    0.0000675453    0.1372742641   58.2283038324   -0.0194972013  -32.9924129881   96.5513181455   -0.5996842688    0.0000113897 
   0.0000000000  -91.0000000000    0.0000675453    0.1372779070   58.5144054492   -0.0902881649  -35.8279976856   99.8125721611   -0.6443709911    0.0000131950 
   0.0000000000  -90.0000000000    0.0000675453    0.1372864325   58.8227109894   -0.1655927562  -38.8699299926  103.3149666665   -0.6915742307    0.0000152649 
   0.0000000000  -89.0000000000    0.0000675453    0.1373001523   59.1544503636   -0.2456948416  -42.1299297483  107.0722964091   -0.7413604455    0.0000176350 
   0.0000000000  -88.0000000000    0.0000675453    0.1373193976   59.5108797783   -0.3308898359  -45.6200740723  111.0987943803   -0.7937892932    0.0000203456 
   0.0000000000  -87.0000000000    0.0000675453    0.1373445205   59.8932763409   -0.4214845888  -49.3527694827  115.4091017164   -0.8489122131    0.0000234416 
   0.0000000000  -86.0000000000    0.0000675453    0.1373758942   60.3029316018   -0.5177971534  -53.3407163513  120.0182288672   -0.9067708373    0.0000269736 
   0.0000000000  -85.0000000000    0.0000675453    0.1374139142   60.7411439043   -0.6201564163  -57.5968645965  124.9415068806   -0.9673952173    0.0000309983 
   0.0000000000  -84.0000000000    0.0000675453    0.1374589990   61.2092094154   -0.7289015590  -62.1343591401  130.1945269105   -1.0308018440    0.0000355789 
   0.0000000000  -83.0000000000    0.0000675453    0.1375115909   61.7084116965   -0.8443813208  -66.9664736889  135.7930664220   -1.0969914466    0.0000407864 
   0.0000000000  -82.0000000000    0.0000675453    0.1375721566   62.2400096711   -0.9669530254  -72.1065311659  141.7530001552   -1.1659465512    0.0000467001 
   0.0000000000  -81.0000000000    0.0000675453    0.1376411883   62.8052238348   -1.0969813292  -77.5678087890  148.0901934387   -1.2376287780    0.0000534081 
   0.0000000000  -80.0000000000    0.0000675453    0.1377192035   63.4052205603   -1.2348366400  -83.3634256986  154.8203754704   -1.3119758604    0.0000610092 
   0.0000000000  -79.0000000000    0.0000675453    0.1378067466   64.0410943347   -1.3808931501  -89.5062107906  161.9589898283   -1.3888983660    0.0000696130 
   0.0000000000  -78.0000000000    0.0000675453    0.1379043881   64.7138477933   -1.5355264186  -96.0085480735  169.5210190655   -1.4682761049    0.0000793416 
   0.0000000000  -77.0000000000    0.0000675453    0.1380127259   65.4243693897   -1.6991104251 -102.8821967178  177.5207800774   -1.5499542090    0.0000903306 
   0.0000000000  -76.0000000000    0.0000675453    0.1381323842   66.1734085889   -1.8720140118 -110.1380825979  185.9716864553   -1.6337388745    0.0001027307 
   0.0000000000  -75.0000000000    0.0000675453    0.1382640144   66.9615484701   -2.0545966162 -117.7860580658  194.8859740165   -1.7193927622    0.0001167086 
   0.0000000000  -74.0000000000    0.0000675453    0.1384082936   67.7891756675   -2.2472031851 -125.8346263294  204.2743851959   -1.8066300612    0.0001324492 
   0.0000000000  -73.0000000000    0.0000675453    0.1385659243   68.6564476077   -2.4501581497 -134.2906266572  214.1458077311   -1.8951112285    0.0001501565 
   0.0000000000  -72.0000000000    0.0000675453    0.1387376329   69.5632570791   -2.6637583319 -143.1588768946  224.5068635610   -1.9844374393    0.0001700559 
   0.0000000000  -71.0000000000    0.0000675453    0.1389241678   70.5091942167   -2.8882646321 -152.4417692007  235.3614427679   -2.0741447897    0.0001923952 
   0.0000000000  -70.0000000000    0.0000675453    0.1391266974   71.4936257741   -3.1239275802 -162.1401234470  246.7117136564   -2.1637063867    0.0002174510 
   0.0000000000  -69.0000000000    0.0000675453    0.1393452951   72.5152054325   -3.3708454608 -172.2478123141  258.5518234457   -2.2524955159    0.0002455157 
   0.0000000000  -68.0000000000    0.0000675453    0.1395810903   73.5724613716   -3.6291351422 -182.7580608194  270.8752961755   -2.3398238913    0.0002769191 
   0.0000000000  -67.0000000000    0.0000675453    0.1398348930   74.6633524209   -3.8988019800 -193.6585090386  283.6692464633   -2.4249076806    0.0003120175 
   0.0000000000  -66.0000000000    0.0000675453    0.1401075156   75.7853174091   -4.1797505710 -204.9315680087  296.9148008116   -2.5068691055    0.0003511981 
   0.0000000000  -65.0000000000    0.0000675453    0.1403997663   76.9352305479   -4.4717661436 -216.5537002002  310.5862548701   -2.5847320594    0.0003948800 
   0.0000000000  -64.0000000000    0.0000675453    0.1407124405   78.1093589237   -4.7744939319 -228.4946589280  324.6501793835   -2.6574189352    0.0004435145 
   0.0000000000  -63.0000000000    0.0000675453    0.1410463108   79.3033237132   -5.0874165902 -240.7166983879  339.0644872658   -2.7237491218    0.0004975852 
   0.0000000000  -62.0000000000    0.0000675453    0.1414021153   80.5120670579   -5.4098298712 -253.1737739891  353.7774839560   -2.7824397426    0.0005576072 
   0.0000000000  -61.0000000000    0.0000675453    0.1417805440   81.7298269281   -5.7408169480 -265.8107591292  368.7269303264   -2.8321092881    0.0006241247 
   0.0000000000  -60.0000000000    0.0000675453    0.1421828703   82.9503484324   -6.0793085776 -278.5655262939  383.8424949236   -2.8712837134    0.0006977267 
   0.0000000000  -59.0000000000    0.0000675453    0.1426085243   84.1660386290   -6.4237370815 -291.3578614494  399.0325825158   -2.8984089622    0.0007789754 
   0.0000000000  -58.0000000000    0.0000675453    0.1430584657   85.3691729064   -6.7724583462 -304.1036577316  414.2011149619   -2.9118701750    0.0008684904 
   0.0000000000  -57.0000000000    0.0000675453    0.1435330280   86.5511823054   -7.1234506213 -316.7054588987  429.2362712502   -2.9100117503    0.0009668843 
   0.0000000000  -56.0000000000    0.0000675453    0.1440324016   87.7028919217   -7.4743636056 -329.0546887181  444.0130557333   -2.8911684248    0.0010747634 
   0.0000000000  -55.0000000000    0.0000675453    0.1445566098   88.8146093625   -7.8225092741 -341.0321012303  458.3937411149   -2.8537027388    0.0011927143 
   0.0000000000  -54.0000000000    0.0000675453    0.1451054837   89.8762438765   -8.1648631451 -352.5087219840  472.2288747725   -2.7960501554    0.0013212869 
   0.0000000000  -53.0000000000    0.0000675453    0.1456794637   90.8776804265   -8.4981976504 -363.3506013514  485.3628636288   -2.7167369905    0.0014610197 
   0.0000000000  -52.0000000000    0.0000675453    0.1462764912   91.8081125580   -8.8186685046 -373.4087177000  497.6215904993   -2.6145607389    0.0016122559 
   0.0000000000  -51.0000000000    0.0000675453    0.1468963324   92.6574833050   -9.1224935929 -382.5393490189  508.8367733410   -2.4884905359    0.0017753438 
   0.0000000000  -50.0000000000    0.0000675453    0.1475378273   93.4159524659   -9.4056299453 -390.5965980503  518.8367261888   -2.3378311714    0.0019504752 
   0.0000000000  -49.0000000000    0.0000675453    0.1481995258   94.0743530283   -9.6639620380 -397.4393031193  527.4544485367   -2.1622641779    0.0021376943 
   0.0000000000  -48.0000000000    0.0000675453    0.1488796818   94.6244738975   -9.8934177027 -402.9358459527  534.5331881863   -1.9619050797    0.0023368774 
   0.0000000000  -47.0000000000    0.0000675453    0.1495762578   95.0593426901  -10.0901019793 -406.9692861890  539.9324211130   -1.7373490571    0.0025477175 
   0.0000000000  -46.0000000000    0.0000675453    0.1502879867   95.3735610347  -10.2505499215 -409.4442107567  543.5361367597   -1.4896003081    0.0027698062 
   0.0000000000  -45.0000000000    0.0000675453    0.1510104013   95.5632341875  -10.3714557234 -410.2846058863  545.2494526462   -1.2204491537    0.0030022883 
   0.0000000000  -44.0000000000    0.0000675453    0.1517415772   95.6266421689  -10.4504313505 -409.4486340718  545.0173799521   -0.9319361273    0.0032443552 
   0.0000000000  -43.0000000000    0.0000675453    0.1524785462   95.5640167383  -10.4857323987 -406.9245509996  542.8193609771   -0.6266299416    0.0034949583 
   0.0000000000  -42.0000000000    0.0000675453    0.1532182180   95.3776632224  -10.4764504060 -402.7340787268  538.6736302875   -0.3074800817    0.0037529102 
   0.0000000000  -41.0000000000    0.0000675453    0.1539574395   95.0719084225  -10.4225694876 -396.9323573634  532.6374001066    0.0222773020    0.0040169207 
   0.0000000000  -40.0000000000    0.0000675453    0.1546930589   94.6529612236  -10.3249779493 -389.6061798426  524.8050504111    0.3592301370    0.0042856406 
   0.0000000000  -39.0000000000    0.0000675453    0.1554219894   94.1286933186  -10.1854328024 -380.8706047240  515.3044152906    0.6999099043    0.0045577071 
   0.0000000000  -38.0000000000    0.0000675453    0.1561412697   93.5083545004  -10.0064798948 -370.8642073558  504.2914517130    1.0409110126    0.0048317906 
   0.0000000000  -37.0000000000    0.0000675453    0.1568481192   92.8022423578   -9.7913366897 -359.7433561806  491.9437274786    1.3790014622    0.0051066365 
   0.0000000000  -36.0000000000    0.0000675453    0.1575410303   92.0210821168   -9.5437258669 -347.6730389117  478.4500824728    1.7113494510    0.0053812328 
   0.0000000000  -35.0000000000    0.0000675453    0.1582156571   91.1767095863   -9.2677925829 -334.8319044591  464.0155575680    2.0350716496    0.0056543211 
   0.0000000000  -34.0000000000    0.0000675453    0.1588709924   90.2802391966   -8.9678473009 -321.3900909550  448.8370384279    2.3480632780    0.0059251778 
   0.0000000000  -33.0000000000    0.0000675453    0.1595053345   89.3427316405   -8.6482635807 -307.5144170969  433.1082614803    2.6485090406    0.0061931242 
   0.0000000000  -32.0000000000    0.0000675453    0.1601172871   88.3747183359   -8.3133323935 -293.3617091234  417.0121901763    2.9350124627    0.0064576491 
   0.0000000000  -31.0000000000    0.0000675453    0.1607057529   87.3860117962   -7.9671492730 -279.0756544517  400.7172303467    3.2065797711    0.0067184022 
   0.0000000000  -30.0000000000    0.0000675453    0.1612699202   86.3855719269   -7.6135273722 -264.7847181740  384.3746702625    3.4625892764    0.0069751815 
   0.0000000000  -29.0000000000    0.0000675453    0.1618092428   85.3814249196   -7.2559366609 -250.6010400250  368.1172598653    3.7027508511    0.0072279172 
   0.0000000000  -28.0000000000    0.0000675453    0.1623234167   84.3806285188   -6.8974674464 -236.6201730629  352.0587757531    3.9270598160    0.0074766529 
   0.0000000000  -27.0000000000    0.0000675453    0.1628113780   83.3896131062   -6.5408922220 -222.9253778488  336.2987789048    4.1356576994    0.0077213918 
   0.0000000000  -26.0000000000    0.0000675453    0.1632752257   82.4128489848   -6.1883569760 -209.5728005210  320.9057620719    4.3291590159    0.0079626242 
   0.0000000000  -25.0000000000    0.0000675453    0.1637142020   81.4549756994   -5.8418645350 -196.6166345345  305.9455707924    4.5080334066    0.0082004824 
   0.0000000000  -24.0000000000    0.0000675453    0.1641287039   80.5194761749   -5.5029866590 -184.0944668745  291.4648158067    4.6729578952    0.0084352818 
   0.0000000000  -23.0000000000    0.0000675453    0.1645192397   79.6091066132   -5.1729726156 -172.0328762921  277.4971973976    4.8246826226    0.0086673670 
   0.0000000000  -22.0000000000    0.0000675453    0.1648864075   78.7259780302   -4.8527830194 -160.4489689777  264.0652545567    4.9640019852    0.0088971006 
   0.0000000000  -21.0000000000    0.0000675453    0.1652308749   77.8716371593   -4.5431246765 -149.3518480811  251.1820496850    5.0917309699    0.0091248533 
   0.0000000000  -20.0000000000    0.0000675453    0.1655533613   77.0471439704   -4.2444847940 -138.7439755289  238.8527382036    5.2086862843    0.0093509972 
   0.0000000000  -19.0000000000    0.0000675453    0.1658546228   76.2531439985   -3.9571634246 -128.6224025186  227.0759936415    5.3156717602    0.0095758991 
   0.0000000000  -18.0000000000    0.0000675453    0.1661354390   75.4899344003   -3.6813034247 -118.9798581556  215.8452740046    5.4134674428    0.0097999171 
   0.0000000000  -17.0000000000    0.0000675453    0.1663966024   74.7575232372   -3.4169175286 -109.8056954276  205.1499268232    5.5028217759    0.0100233967 
   0.0000000000  -16.0000000000    0.0000675453    0.1666389083   74.0556819085   -3.1639123936 -101.0867006456  194.9761387864    5.5844463408    0.0102466694 
   0.0000000000  -15.0000000000    0.0000675453    0.1668631481   73.3839909401   -2.9221096297  -92.8077760514  185.3077399272    5.6590126316    0.0104700511 
   0.0000000000  -14.0000000000    0.0000675453    0.1670701028   72.7418795322   -2.6912639585  -84.9525080688  176.1268761122    5.7271504404    0.0106938415 
   0.0000000000  -13.0000000000    0.0000675453    0.1672605383   72.1286593802   -2.4710787119  -77.5036343943  167.4145645091    5.7894474771    0.0109183242 
   0.0000000000  -12.0000000000    0.0000675453    0.1674352014   71.5435533409   -2.2612189223  -70.4434230722  159.1511468350    5.8464499156    0.0111437667 
   0.0000000000  -11.0000000000    0.0000675453    0.1675948170   70.9857195070   -2.0613222614  -63.7539759282  151.3166542496    5.8986636014    0.0113704213 
   0.0000000000  -10.0000000000    0.0000675453    0.1677400863   70.4542712762   -1.8710081035  -57.4174681912  143.8910977312    5.9465557393    0.0115985252 
   0.0000000000   -9.0000000000    0.0000675453    0.1678716848   69.9482939235   -1.6898849496  -51.4163342595  136.8546949289    5.9905568713    0.0118283022 
   0.0000000000   -8.0000000000    0.0000675453    0.1679902618   69.4668581776   -1.5175564546  -45.7334090805  130.1880448071    6.0310630477    0.0120599629 
   0.0000000000   -7.0000000000    0.0000675453    0.1680964399   69.0090312338   -1.3536262624  -40.3520328272  123.8722587353    6.0684380808    0.0122937060 
   0.0000000000   -6.0000000000    0.0000675453    0.1681908145   68.5738855924   -1.1977018349  -35.2561257099  117.8890560324    6.1030158132    0.0125297192 
   0.0000000000   -5.0000000000    0.0000675453    0.1682731958   68.1606503417   -1.0494345791  -30.4316344572  112.2224590726    6.1350835800    0.0127680450 
   0.0000000000   -4.0000000000    0.0000675453    0.1683456951   67.7681245277   -0.9083695944  -25.8608240063  106.8521421167    6.1649617616    0.0130091297 
   0.0000000000   -3.0000000000    0.0000675453    0.1684080135   67.3955936638   -0.7741825951  -21.5311560878  101.7637905909    6.1928859832    0.0132529904 
   0.0000000000   -2.0000000000    0.0000675453    0.1684606420   67.0422072655   -0.6465197236  -17.4292019913   96.9420105602    6.2190917395    0.0134997798 
   0.0000000000   -1.0000000000    0.0000675453    0.1685040471   66.7071422359   -0.5250400010  -13.5422102626   92.3721607066    6.2437947900    0.0137496442 
   0.0000000000    0.0000000000    0.0000675453    0.1685386716   66.3896044078   -0.4094158577   -9.8580944745   88.0403424943    6.2671928623    0.0140027241 
   0.0000000000    1.0000000000    0.0000675453    0.1685649354   66.0888295049   -0.2993334116   -6.3654157783   83.9333838164    6.2894672346    0.0142591545 
   0.0000000000    2.0000000000    0.0000675453    0.1685832362   65.8040836301   -0.1944925461   -3.0533616794   80.0388177990    6.3107841971    0.0145190661 
   0.0000000000    3.0000000000    0.0000675453    0.1685939509   65.5346633772   -0.0946068297    0.0882778069   76.3448581117    6.3312963936    0.0147825855 
   0.0000000000    4.0000000000    0.0000675453    0.1685974359   65.2798956403    0.0005966864    3.0691356802   72.8403719817    6.3511440543    0.0150498360 
   0.0000000000    5.0000000000    0.0000675453    0.1685940287   65.0391371911    0.0913777650    5.8982944445   69.5148517689    6.3704561236    0.0153209380 
   0.0000000000    6.0000000000    0.0000675453    0.1685840481   64.8117740700    0.1779833490    8.5843129848   66.3583857725    6.3893512895    0.0155960094 
   0.0000000000    7.0000000000    0.0000675453    0.1685677956   64.5972208429    0.2606479791   11.1352534046   63.3616288716    6.4079389250    0.0158751661 
   0.0000000000    8.0000000000    0.0000675453    0.1685455560   64.3949197530    0.3395942454   13.5587074763   60.5157733233    6.4263199408    0.0161585223 
   0.0000000000    9.0000000000    0.0000675453    0.1685175982   64.2043398024    0.4150332629   15.8618224788   57.8125201615    6.4445875684    0.0164461912 
   0.0000000000   10.0000000000    0.0000675453    0.1684841762   64.0249757829    0.4871651586   18.0513262191   55.2440512885    6.4628280662    0.0167382848 
   0.0000000000   11.0000000000    0.0000675453    0.1684455297   63.8563472798    0.5561795637   20.1335511279   52.8030025256    6.4811213641    0.0170349147 
   0.0000000000   12.0000000000    0.0000675453    0.1684018846   63.6979976600    0.6222561038   22.1144573445   50.4824377068    6.4995416493    0.0173361922 
   0.0000000000   13.0000000000    0.0000675453    0.1683534544   63.5494930603    0.6855648832   23.9996547327   48.2758238740    6.5181578977    0.0176422283 
   0.0000000000   14.0000000000    0.0000675453    0.1683004400   63.4104213834    0.7462669590   25.7944238212   46.1770076523    6.5370343581    0.0179531346 
   0.0000000000   15.0000000000    0.0000675453    0.1682430310   63.2803913098    0.8045148014   27.5037356356   44.1801927629    6.5562309890    0.0182690226 
   0.0000000000   16.0000000000    0.0000675453    0.1681814059   63.1590313327    0.8604527407   29.1322704803   42.2799187564    6.5758038600    0.0185900049 
   0.0000000000   17.0000000000    0.0000675453    0.1681157331   63.0459888176    0.9142173964   30.6844356376   40.4710408541    6.5958055120    0.0189161947 
   0.0000000000   18.0000000000    0.0000675453    0.1680461708   62.9409290927    0.9659380904   32.1643820647   38.7487109464    6.6162852874    0.0192477063 
   0.0000000000   19.0000000000    0.0000675453    0.1679728681   62.8435345700    1.0157372418   33.5760200992   37.1083596742    6.6372896300    0.0195846550 
   0.0000000000   20.0000000000    0.0000675453    0.1678959654   62.7535039006    1.0637307439   34.9230342149   35.5456795498    6.6588623560    0.0199271575 
   0.0000000000   21.0000000000    0.0000675453    0.1678155945   62.6705511626    1.1100283238   36.2088968922   34.0566091035    6.6810449040    0.0202753322 
   0.0000000000   22.0000000000    0.0000675453    0.1677318793   62.5944050849    1.1547338834   37.4368816164   32.6373179643    6.7038765585    0.0206292988 
   0.0000000000   23.0000000000    0.0000675453    0.1676449364   62.5248083034    1.1979458240   38.6100750778   31.2841928678    6.7273946567    0.0209891789 
   0.0000000000   24.0000000000    0.0000675453    0.1675548751   62.4615166528    1.2397573538   39.7313886045   29.9938245197    6.7516347755    0.0213550961 
   0.0000000000   25.0000000000    0.0000675453    0.1674617980   62.4042984902    1.2802567788   40.8035688718   28.7629952731    6.7766309022    0.0217271757 
   0.0000000000   26.0000000000    0.0000675453    0.1673658014   62.3529340518    1.3195277788   41.8292079311   27.5886675722    6.8024155901    0.0221055453 
   0.0000000000   27.0000000000    0.0000675453    0.1672669755   62.3072148404    1.3576496671   42.8107526135   26.4679731273    6.8290201019    0.0224903347 
   0.0000000000   28.0000000000    0.0000675453    0.1671654046   62.2669430444    1.3946976372   43.7505133148   25.3982027549    6.8564745381    0.0228816760 
   0.0000000000   29.0000000000    0.0000675453    0.1670611677   62.2319309836    1.4307429949   44.6506722419   24.3767968706    6.8848079571    0.0232797036 
   0.0000000000   30.0000000000    0.0000675453    0.1669543386   62.2020005865    1.4658533774   45.5132911172   23.4013365690    6.9140484834    0.0236845546 
   0.0000000000   31.0000000000    0.0000675453    0.1668449863   62.1769828910    1.5000929603   46.3403184028   22.4695352710    6.9442234073    0.0240963684 
   0.0000000000   32.0000000000    0.0000675453    0.1667331750   62.1567175731    1.5335226525   47.1335960582   21.5792308926    6.9753592762    0.0245152874 
   0.0000000000   33.0000000000    0.0000675453    0.1666189645   62.1410524989    1.5662002804   47.8948658715   20.7283785064    7.0074819777    0.0249414566 
   0.0000000000   34.0000000000    0.0000675453    0.1665024106   62.1298432999    1.5981807607   48.6257753912   19.9150434645    7.0406168172    0.0253750237 
   0.0000000000   35.0000000000    0.0000675453    0.1663835648   62.1229529711    1.6295162643   49.3278834753   19.1373949477    7.0747885874    0.0258161397 
   0.0000000000   36.0000000000    0.0000675453    0.1662624753   62.1202514890    1.6602563697   50.0026655023   18.3936999233    7.1100216341    0.0262649582 
   0.0000000000   37.0000000000    0.0000675453    0.1661391865   62.1216154511    1.6904482082   50.6515182365   17.6823174713    7.1463399144    0.0267216362 
   0.0000000000   38.0000000000    0.0000675453    0.1660137394   62.1269277321    1.7201366005   51.2757644119   17.0016934736    7.1837670535    0.0271863337 
   0.0000000000   39.0000000000    0.0000675453    0.1658861719   62.1360771605    1.7493641850   51.8766569952   16.3503556195    7.2223263924    0.0276592140 
   0.0000000000   40.0000000000    0.0000675453    0.1657565191   62.1489582105    1.7781715393   52.4553832245   15.7269087363    7.2620410376    0.0281404437 
   0.0000000000   41.0000000000    0.0000675453    0.1656248130   62.1654707116    1.8065972936   53.0130683459   15.1300303909    7.3029339004    0.0286301927 
   0.0000000000   42.0000000000    0.0000675453    0.1654910831   62.1855195723    1.8346782386   53.5507791702   14.5584667797    7.3450277398    0.0291286345 
   0.0000000000   43.0000000000    0.0000675453    0.1653553563   62.2090145194    1.8624494265   54.0695273679   14.0110288581    7.3883451971    0.0296359462 
   0.0000000000   44.0000000000    0.0000675453    0.1652176569   62.2358698512    1.8899442659   54.5702725811   13.4865887124    7.4329088299    0.0301523082 
   0.0000000000   45.0000000000    0.0000675453    0.1650780073   62.2660042037    1.9171946118   55.0539253400   12.9840761513    7.4787411435    0.0306779049 
   0.0000000000   46.0000000000    0.0000675453    0.1649364271   62.2993403287    1.9442308498   55.5213498040   12.5024755033    7.5258646200    0.0312129242 
   0.0000000000   47.0000000000    0.0000675453    0.1647929343   62.3358048843    1.9710819765   55.9733663352   12.0408226060    7.5743017449    0.0317575577 
   0.0000000000   48.0000000000    0.0000675453    0.1646475443   62.3753282360    1.9977756736   56.4107539175   11.5982019750    7.6240750323    0.0323120011 
   0.0000000000   49.0000000000    0.0000675453    0.1645008470   62.4178175452    2.0243382805   56.8343141370   11.1736333577    7.6752065858    0.0328766522 
   0.0000000000   50.0000000000    0.0000675453    0.1643517280   62.4632623681    2.0507950296   57.2446247030   10.7665119204    7.7277197963    0.0334513285 
   0.0000000000   51.0000000000    0.0000675453    0.1642007452   62.5115775407    2.0771701822   57.6424167252   10.3759429497    7.7816370914    0.0340364242 
   0.0000000000   52.0000000000    0.0000675453    0.1640479064   62.5627064606    2.1034868335   58.0283251679   10.0011805006    7.8369813153    0.0346321505 
   0.0000000000   53.0000000000    0.0000675453    0.1638932177   62.6165953717    2.1297670805   58.4029537408    9.6415154306    7.8937754414    0.0352387228 
   0.0000000000   54.0000000000    0.0000675453    0.1637366837   62.6731932171    2.1560320736   58.7668765739    9.2962734272    7.9520425880    0.0358563607 
   0.0000000000   55.0000000000    0.0000675453    0.1635783074   62.7324514990    2.1823020667   59.1206397967    8.9648131507    8.0118060330    0.0364852877 
   0.0000000000   56.0000000000    0.0000675453    0.1634180903   62.7943241462    2.2085964635   59.4647630234    8.6465244839    8.0730892279    0.0371257320 
   0.0000000000   57.0000000000    0.0000675453    0.1632560325   62.8587673877    2.2349338614   59.7997407534    8.3408268850    8.1359158105    0.0377779258 
   0.0000000000   58.0000000000    0.0000675453    0.1630921326   62.9257396335    2.2613320929   60.1260436870    8.0471678333    8.2003096169    0.0384421059 
   0.0000000000   59.0000000000    0.0000675453    0.1629263880   62.9952013615    2.2878082646   60.4441199710    7.7650213678    8.2662946927    0.0391185132 
   0.0000000000   60.0000000000    0.0000675453    0.1627587944   63.0671150115    2.3143787947   60.7543963670    7.4938867076    8.3338953035    0.0398073932 
   0.0000000000   61.0000000000    0.0000675453    0.1625893462   63.1414448838    2.3410594470   61.0572793556    7.2332869523    8.4031359448    0.0405089958 
   0.0000000000   62.0000000000    0.0000675453    0.1624180363   63.2181570449    2.3678653653   61.3531561863    6.9827678545    8.4740413515    0.0412235754 
   0.0000000000   63.0000000000    0.0000675453    0.1622448559   63.2972192349    2.3948111036   61.6423958590    6.7418966549    8.5466365068    0.0419513905 
   0.0000000000   64.0000000000    0.0000675453    0.1620697948   63.3786007749    2.4219106559   61.9253500609    6.5102609714    8.6209466491    0.0426927045 
   0.0000000000   65.0000000000    0.0000675453    0.1618928415   63.4622724684    2.4491774818   62.2023540547    6.2874677288    8.6969972795    0.0434477851 
   0.0000000000   66.0000000000    0.0000675453    0.1617139842   63.5482064890    2.4766245278   62.4737274979    6.0731421163    8.7748141625    0.0442169051 
   0.0000000000   67.0000000000    0.0000675453    0.1615332112   63.6363762516    2.5042642446   62.7397752184    5.8669265786    8.8544233261    0.0450003426 
   0.0000000000   68.0000000000    0.0000675453    0.1613505128   63.7267562775    2.5321085984   63.0007879009    5.6684798592    8.9358510548    0.0457983815 
   0.0000000000   69.0000000000    0.0000675453    0.1611658816   63.8193220781    2.5601690821   63.2570427251    5.4774761496    9.0191238844    0.0466113123 
   0.0000000000   70.0000000000    0.0000675453    0.1609799485   63.9140191373    2.5884521221   63.5087968556    5.2935512813    9.1042639976    0.0474397003 
   0.0000000000   71.0000000000    0.0000675453    0.1607915227   64.0108822969    2.6169766888   63.7563125351    5.1165096653    9.1913067428    0.0482833492 
   0.0000000000   72.0000000000    0.0000675453    0.1606011370   64.1098638704    2.6457492638   63.9998263321    4.9460211610    9.2802757531    0.0491427917 
   0.0000000000   73.0000000000    0.0000675453    0.1604087766   64.2109434604    2.6747797353   64.2395675913    4.7818158645    9.3711986929    0.0500183365 
   0.0000000000   74.0000000000    0.0000675453    0.1602144250   64.3141015489    2.7040776354   64.4757551379    4.6236361447    9.4641035186    0.0509102969 
   0.0000000000   75.0000000000    0.0000675453    0.1600180630   64.4193194759    2.7336521624   64.7085978223    4.4712360787    9.5590184905    0.0518189904 
   0.0000000000   76.0000000000    0.0000675453    0.1598196670   64.5265794675    2.7635122104   64.9382950541    4.3243809675    9.6559721887    0.0527447379 
   0.0000000000   77.0000000000    0.0000675453    0.1596192069   64.6358647209    2.7936664102   65.1650374046    4.1828469250    9.7549935480    0.0536878627 
   0.0000000000   78.0000000000    0.0000675453    0.1594166444   64.7471594323    2.8241231620   65.3890071659    4.0464203838    9.8561118831    0.0546486896 
   0.0000000000   79.0000000000    0.0000675453    0.1592119406   64.8604483746    2.8548905815   65.6103785217    3.9148971011    9.9593568215    0.0556275481 
   0.0000000000   80.0000000000    0.0000675453    0.1590057267   64.9756812688    2.8859695105   65.8292858648    3.7880434308   10.0647505675    0.0566250823 
   0.0000000000   81.0000000000    0.0000675453    0.1587969348   65.0928979162    2.9173779299   66.0459340802    3.6657332370   10.1723347479    0.0576411609 
   0.0000000000   82.0000000000    0.0000675453    0.1585860170   65.2120584237    2.9491180361   66.2604518981    3.5477592836   10.2821342633    0.0586763549 
   0.0000000000   83.0000000000    0.0000675453    0.1583729509   65.3331481307    2.9811965364   66.4729820745    3.4339502089   10.3941795092    0.0597310240 
   0.0000000000   84.0000000000    0.0000675453    0.1581576882   65.4561540835    3.0136201634   66.6836621863    3.3241433361   10.5085014791    0.0608055203 
   0.0000000000   85.0000000000    0.0000675453    0.1579401285   65.5810665079    3.0463960328   66.8926269347    3.2181853222   10.6251321880    0.0619001761 
   0.0000000000   86.0000000000    0.0000675453    0.1577208495   65.7078378060    3.0795227012   67.0999605189    3.1158980881   10.7440941398    0.0630156565 
   0.0000000000   87.0000000000    0.0000675453    0.1574989280   65.8365044835    3.1130167200   67.3058383906    3.0171799708   10.8654314878    0.0641519076 
   0.0000000000   88.0000000000    0.0000675453    0.1572747681   65.9670289598    3.1468782654   67.5103446186    2.9218732647   10.9891697144    0.0653095205 
   0.0000000000   89.0000000000    0.0000675453    0.1570482126   66.0994052954    3.1811141799   67.7135949710    2.8298517955   11.1153426902    0.0664888196 
   0.0000000000   90.0000000000    0.0000675453    0.1568198264   66.2335855190    3.2157213411   67.9156448073    2.7409657544   11.2439725791    0.0676904939 
   0.0000000000   91.0000000000    0.0000675453    0.1565887226   66.3696062268    3.2507159073   68.1166553267    2.6551290642   11.3751056964    0.0689145136 
   0.0000000000   92.0000000000    0.0000675453    0.1563555780   66.5074124253    3.2860925020   68.3166612343    2.5721987142   11.5087622811    0.0701616363 
   0.0000000000   93.0000000000    0.0000675453    0.1561196922   66.6470305919    3.3218647392   68.5158038287    2.4920888430   11.6449867716    0.0714319291 
   0.0000000000   94.0000000000    0.0000675453    0.1558817144   66.7884062515    3.3580266307   68.7141065061    2.4146688896   11.7837992897    0.0727261505 
   0.0000000000   95.0000000000    0.0000675453    0.1556412922   66.9315448913    3.3945863634   68.9116728908    2.3398488647   11.9252383733    0.0740445530 
   0.0000000000   96.0000000000    0.0000675453    0.1553982970   67.0764386334    3.4315487793   69.1085844601    2.2675343073   12.0693388538    0.0753875062 
   0.0000000000   97.0000000000    0.0000675453    0.1551530612   67.2230505534    3.4689112139   69.3048745615    2.1976203177   12.2161260583    0.0767556257 
   0.0000000000   98.0000000000    0.0000675453    0.1549047177   67.3714188806    3.5066898103   69.5006883537    2.1300425619   12.3656508076    0.0781488989 
   0.0000000000   99.0000000000    0.0000675453    0.1546545533   67.5214451467    3.5448656921   69.6959548340    2.0646759818   12.5179172920    0.0795684588 
   0.0000000000  100.0000000000    0.0000675453    0.0000892172  150.5838229319   18.4277768945 1158.4825037605   32.4242702188   93.6120776587   75.8667502668 
   0.0000000000  101.0000000000    0.0000675453    0.0000833128  128.0215677071    4.5867801446  347.4090174667    8.5466899954   27.9558297935   24.2385591386 
   0.0000000000  102.0000000000    0.0000675453    0.0000807522  126.6620016581    3.1150969660  262.6310992579    5.8264348746   21.2436247880   19.0495563021 
   0.0000000000  103.0000000000    0.0000675453    0.0000790130  126.5332503308    2.4411072928  224.4751473375    4.5175195807   18.2940414624   16.8218702208 
   0.0000000000  104.0000000000    0.0000675453    0.0000776939  126.7779535945    2.0349531748  201.9062921599    3.6962880249   16.5981921670   15.5811983847 
   0.0000000000  105.0000000000    0.0000675453    0.0000766376  127.1792812522    1.7565678265  186.7365331808    3.1145801480   15.4960491206   14.8085441730 
   0.0000000000  106.0000000000    0.0000675453    0.0000757623  127.6553007278    1.5506537839  175.7399161787    2.6728858743   14.7281283991   14.3001129415 
   0.0000000000  107.0000000000    0.0000675453    0.0000750203  128.1676590612    1.3905089787  167.3611323111    2.3223199824   14.1696118221   13.9579103306 
   0.0000000000  108.0000000000    0.0000675453    0.0000743817  128.6956399939    1.2614676471  160.7469436739    2.0355352912   13.7521741693   13.7282715039 
   0.0000000000  109.0000000000    0.0000675453    0.0000738239  129.2275095573    1.1546105300  155.3803792833    1.7956690041   13.4343482416   13.5788135547 
   0.0000000000  110.0000000000    0.0000675453    0.0000733329  129.7552631054    1.0643164847  150.9348674328    1.5918004744   13.1900747952   13.4890159838 
   0.0000000000  111.0000000000    0.0000675453    0.0000728962  130.2740552869    0.9867034414  147.1863859757    1.4163136279   13.0013513931   13.4448941435 
   0.0000000000  112.0000000000    0.0000675453    0.0000725062  130.7798700626    0.9191193658  143.9809513322    1.2638191257   12.8559016947   13.4367364218 
   0.0000000000  113.0000000000    0.0000675453    0.0000721555  131.2701991656    0.8595832924  141.2046235470    1.1302626015   12.7445284697   13.4574184558 
   0.0000000000  114.0000000000    0.0000675453    0.0000718385  131.7429449519    0.8066393225  138.7734484079    1.0125723862   12.6604627680   13.5016466495 
   0.0000000000  115.0000000000    0.0000675453    0.0000715506  132.1965384337    0.7591697818  136.6232268394    0.9083434936   12.5984863739   13.5653696390 
   0.0000000000  116.0000000000    0.0000675453    0.0000712887  132.6294251755    0.7163258631  134.7047925377    0.8156764199   12.5546244263   13.6454134145 
   0.0000000000  117.0000000000    0.0000675453    0.0000710495  133.0406205973    0.6774134699  132.9785396448    0.7330121270   12.5255975617   13.7392532947 
   0.0000000000  118.0000000000    0.0000675453    0.0000708302  133.4291805331    0.6418840305  131.4130352782    0.6590749284   12.5087964020   13.8448436977 
   0.0000000000  119.0000000000    0.0000675453    0.0000706288  133.7942995425    0.6092912972  129.9827670745    0.5928009147   12.5020787578   13.9605019127 
   0.0000000000  120.0000000000    0.0000675453    0.0000704432  134.1353573183    0.5792643817  128.6667041482    0.5332900876   12.5036435697   14.0848338610 
   0.0000000000  121.0000000000    0.0000675453    0.0000702722  134.4515851809    0.5515065613  127.4477097081    0.4797833983   12.5120382909   14.2166335175 
   0.0000000000  122.0000000000    0.0000675453    0.0000701141  134.7425625849    0.5257562900  126.3111334347    0.4316195336   12.5259611944   14.3548996925 
   0.0000000000  123.0000000000    0.0000675453    0.0000699677  135.0078348226    0.5017968532  125.2447523253    0.3882287053   12.5443204040   14.4987574954 
   0.0000000000  124.0000000000    0.0000675453    0.0000698319  135.2470090425    0.4794433712  124.2381946579    0.3491136758   12.5661711837   14.6474437523 
   0.0000000000  125.0000000000    0.0000675453    0.0000697057  135.4597481331    0.4585370022  123.2826051989    0.3138378702   12.5906899309   14.8002865485 
   0.0000000000  126.0000000000    0.0000675453    0.0000695883  135.6457659037    0.4389403814  122.3703818644    0.2820159182   12.6171538026   14.9566892165 
