#solute size.    Temp(C)     P(MPa)      av_uHB      av_uS     av_uLJ avg_ene_bulk
   0.0000000000 -173.0000000000    0.1013250000  -37.1317743683  -38.5256117759  -19.7624400440  -38.5256117129
   0.0000000000 -172.0000000000    0.1013250000  -37.0743945808  -38.4691655358  -19.7090699322  -38.4691654523
   0.0000000000 -171.0000000000    0.1013250000  -37.0170587436  -38.4127648271  -19.6557386142  -38.4127647169
   0.0000000000 -170.0000000000    0.1013250000  -36.9597658291  -38.3564084665  -19.6024450050  -38.3564083218
   0.0000000000 -169.0000000000    0.1013250000  -36.9025148421  -38.3000953064  -19.5491880544  -38.3000951174
   0.0000000000 -168.0000000000    0.1013250000  -36.8453048185  -38.2438242347  -19.4959667459  -38.2438239887
   0.0000000000 -167.0000000000    0.1013250000  -36.7881348247  -38.1875941728  -19.4427800958  -38.1875938542
   0.0000000000 -166.0000000000    0.1013250000  -36.7310039560  -38.1314040752  -19.3896271522  -38.1314036645
   0.0000000000 -165.0000000000    0.1013250000  -36.6739113365  -38.0752529286  -19.3365069941  -38.0752524013
   0.0000000000 -164.0000000000    0.1013250000  -36.6168561174  -38.0191397503  -19.2834187304  -38.0191390762
   0.0000000000 -163.0000000000    0.1013250000  -36.5598374767  -37.9630635880  -19.2303614991  -37.9630627296
   0.0000000000 -162.0000000000    0.1013250000  -36.5028546179  -37.9070235185  -19.1773344663  -37.9070224297
   0.0000000000 -161.0000000000    0.1013250000  -36.4459067697  -37.8510186468  -19.1243368255  -37.8510172711
   0.0000000000 -160.0000000000    0.1013250000  -36.3889931846  -37.7950481054  -19.0713677968  -37.7950463738
   0.0000000000 -159.0000000000    0.1013250000  -36.3321131387  -37.7391110537  -19.0184266259  -37.7391088821
   0.0000000000 -158.0000000000    0.1013250000  -36.2752659309  -37.6832066768  -18.9655125837  -37.6832039631
   0.0000000000 -157.0000000000    0.1013250000  -36.2184508819  -37.6273341852  -18.9126249655  -37.6273308057
   0.0000000000 -156.0000000000    0.1013250000  -36.1616673339  -37.5714928136  -18.8597630902  -37.5714886195
   0.0000000000 -155.0000000000    0.1013250000  -36.1049146501  -37.5156818211  -18.8069262999  -37.5156766333
   0.0000000000 -154.0000000000    0.1013250000  -36.0481922136  -37.4599004898  -18.7541139591  -37.4598940936
   0.0000000000 -153.0000000000    0.1013250000  -35.9914994278  -37.4041481244  -18.7013254543  -37.4041402635
   0.0000000000 -152.0000000000    0.1013250000  -35.9348357151  -37.3484240523  -18.6485601938  -37.3484144211
   0.0000000000 -151.0000000000    0.1013250000  -35.8782005169  -37.2927276224  -18.5958176067  -37.2927158579
   0.0000000000 -150.0000000000    0.1013250000  -35.8215932934  -37.2370582050  -18.5430971428  -37.2370438772
   0.0000000000 -149.0000000000    0.1013250000  -35.7650135229  -37.1814151916  -18.4903982723  -37.1813977925
   0.0000000000 -148.0000000000    0.1013250000  -35.7084607020  -37.1257979942  -18.4377204857  -37.1257769253
   0.0000000000 -147.0000000000    0.1013250000  -35.6519343449  -37.0702060456  -18.3850632929  -37.0701806033
   0.0000000000 -146.0000000000    0.1013250000  -35.5954339837  -37.0146387987  -18.3324262238  -37.0146081583
   0.0000000000 -145.0000000000    0.1013250000  -35.5389591683  -36.9590957266  -18.2798088280  -36.9590589239
   0.0000000000 -144.0000000000    0.1013250000  -35.4825094661  -36.9035763227  -18.2272106742  -36.9035322326
   0.0000000000 -143.0000000000    0.1013250000  -35.4260844623  -36.8480801005  -18.1746313510  -36.8480274138
   0.0000000000 -142.0000000000    0.1013250000  -35.3696837601  -36.7926065936  -18.1220704665  -36.7925437904
   0.0000000000 -141.0000000000    0.1013250000  -35.3133069807  -36.7371553561  -18.0695276487  -36.7370806755
   0.0000000000 -140.0000000000    0.1013250000  -35.2569537638  -36.6817259629  -18.0170025457  -36.6816373697
   0.0000000000 -139.0000000000    0.1013250000  -35.2006237676  -36.6263180095  -17.9644948259  -36.6262131564
   0.0000000000 -138.0000000000    0.1013250000  -35.1443166699  -36.5709311131  -17.9120041784  -36.5708072986
   0.0000000000 -137.0000000000    0.1013250000  -35.0880321681  -36.5155649127  -17.8595303140  -36.5154190341
   0.0000000000 -136.0000000000    0.1013250000  -35.0317699799  -36.4602190696  -17.8070729652  -36.4600475708
   0.0000000000 -135.0000000000    0.1013250000  -34.9755298445  -36.4048932684  -17.7546318870  -36.4046920817
   0.0000000000 -134.0000000000    0.1013250000  -34.9193115227  -36.3495872177  -17.7022068582  -36.3493516992
   0.0000000000 -133.0000000000    0.1013250000  -34.8631147986  -36.2943006510  -17.6497976817  -36.2940255092
   0.0000000000 -132.0000000000    0.1013250000  -34.8069394804  -36.2390333276  -17.5974041858  -36.2387125442
   0.0000000000 -131.0000000000    0.1013250000  -34.7507854014  -36.1837850339  -17.5450262257  -36.1834117770
   0.0000000000 -130.0000000000    0.1013250000  -34.6946524214  -36.1285555849  -17.4926636840  -36.1281221121
   0.0000000000 -129.0000000000    0.1013250000  -34.6385404287  -36.0733448252  -17.4403164729  -36.0728423785
   0.0000000000 -128.0000000000    0.1013250000  -34.5824493409  -36.0181526306  -17.3879845355  -36.0175713200
   0.0000000000 -127.0000000000    0.1013250000  -34.5263791071  -35.9629789103  -17.3356678472  -35.9623075860
   0.0000000000 -126.0000000000    0.1013250000  -34.4703297098  -35.9078236082  -17.2833664181  -35.9070497214
   0.0000000000 -125.0000000000    0.1013250000  -34.4143011670  -35.8526867052  -17.2310802947  -35.8517961552
   0.0000000000 -124.0000000000    0.1013250000  -34.3582935341  -35.7975682215  -17.1788095620  -35.7965451890
   0.0000000000 -123.0000000000    0.1013250000  -34.3023069067  -35.7424682186  -17.1265543463  -35.7412949841
   0.0000000000 -122.0000000000    0.1013250000  -34.2463414230  -35.6873868022  -17.0743148173  -35.6860435480
   0.0000000000 -121.0000000000    0.1013250000  -34.1903972668  -35.6323241250  -17.0220911913  -35.6307887195
   0.0000000000 -120.0000000000    0.1013250000  -34.1344746701  -35.5772803891  -16.9698837337  -35.5755281540
   0.0000000000 -119.0000000000    0.1013250000  -34.0785739166  -35.5222558498  -16.9176927623  -35.5202593059
   0.0000000000 -118.0000000000    0.1013250000  -34.0226953451  -35.4672508187  -16.8655186510  -35.4649794116
   0.0000000000 -117.0000000000    0.1013250000  -33.9668393528  -35.4122656673  -16.8133618329  -35.4096854706
   0.0000000000 -116.0000000000    0.1013250000  -33.9110063997  -35.3573008307  -16.7612228044  -35.3543742250
   0.0000000000 -115.0000000000    0.1013250000  -33.8551970122  -35.3023568118  -16.7091021293  -35.2990421390
   0.0000000000 -114.0000000000    0.1013250000  -33.7994117877  -35.2474341859  -16.6570004431  -35.2436853757
   0.0000000000 -113.0000000000    0.1013250000  -33.7436512081  -35.1925334133  -16.6049182659  -35.1882996106
   0.0000000000 -112.0000000000    0.1013250000  -33.6879164124  -35.1376556132  -16.5528567764  -35.1328806640
   0.0000000000 -111.0000000000    0.1013250000  -33.6322080447  -35.0828014104  -16.5008166582  -35.0774234783
   0.0000000000 -110.0000000000    0.1013250000  -33.5765270348  -35.0279717169  -16.4487988818  -35.0219227600
   0.0000000000 -109.0000000000    0.1013250000  -33.5208744095  -34.9731675424  -16.3968045147  -34.9663727811
   0.0000000000 -108.0000000000    0.1013250000  -33.4652512982  -34.9183900000  -16.3448347278  -34.9107673476
   0.0000000000 -107.0000000000    0.1013250000  -33.4096589392  -34.8636403133  -16.2928908015  -34.8550997666
   0.0000000000 -106.0000000000    0.1013250000  -33.3540986868  -34.8089198222  -16.2409741323  -34.7993628119
   0.0000000000 -105.0000000000    0.1013250000  -33.2985720177  -34.7542299900  -16.1890862398  -34.7435486878
   0.0000000000 -104.0000000000    0.1013250000  -33.2430805385  -34.6995724112  -16.1372287738  -34.6876489912
   0.0000000000 -103.0000000000    0.1013250000  -33.1876259936  -34.6449488183  -16.0854035222  -34.6316546727
   0.0000000000 -102.0000000000    0.1013250000  -33.1322102727  -34.5903610904  -16.0336124188  -34.5755559948
   0.0000000000 -101.0000000000    0.1013250000  -33.0768354193  -34.5358112610  -15.9818575513  -34.5193424896
   0.0000000000 -100.0000000000    0.1013250000  -33.0215036394  -34.4813015270  -15.9301411702  -34.4630029144
   0.0000000000  -99.0000000000    0.1013250000  -32.9662173104  -34.4268342573  -15.8784656980  -34.4065252059
   0.0000000000  -98.0000000000    0.1013250000  -32.9109789904  -34.3724120024  -15.8268337378  -34.3498964332
   0.0000000000  -97.0000000000    0.1013250000  -32.8557916367  -34.3180377123  -15.7752482922  -34.2931028050
   0.0000000000  -96.0000000000    0.1013250000  -32.8006577896  -34.2637139213  -15.7237119472  -34.2361293832
   0.0000000000  -95.0000000000    0.1013250000  -32.7455808102  -34.2094439847  -15.6722281097  -34.1789604029
   0.0000000000  -94.0000000000    0.1013250000  -32.6905640795  -34.1552312785  -15.6208002065  -34.1215789639
   0.0000000000  -93.0000000000    0.1013250000  -32.6356112107  -34.1010794115  -15.5694318971  -34.0639670446
   0.0000000000  -92.0000000000    0.1013250000  -32.5807260602  -34.0469922362  -15.5181270841  -34.0061054500
   0.0000000000  -91.0000000000    0.1013250000  -32.5259127390  -33.9929738606  -15.4668899249  -33.9479737587
   0.0000000000  -90.0000000000    0.1013250000  -32.4711756240  -33.9390286589  -15.4157248429  -33.8895502716
   0.0000000000  -89.0000000000    0.1013250000  -32.4165193697  -33.8851612836  -15.3646365393  -33.8308119604
   0.0000000000  -88.0000000000    0.1013250000  -32.3619489199  -33.8313766768  -15.3136300044  -33.7717344190
   0.0000000000  -87.0000000000    0.1013250000  -32.3074695189  -33.7776800817  -15.2627105292  -33.7122918166
   0.0000000000  -86.0000000000    0.1013250000  -32.2530867229  -33.7240770543  -15.2118837168  -33.6524568542
   0.0000000000  -85.0000000000    0.1013250000  -32.1988064114  -33.6705734737  -15.1611554933  -33.5922007251
   0.0000000000  -84.0000000000    0.1013250000  -32.1446347972  -33.6171755534  -15.1105321185  -33.5314930813
   0.0000000000  -83.0000000000    0.1013250000  -32.0905784370  -33.5638898507  -15.0600201957  -33.4703020055
   0.0000000000  -82.0000000000    0.1013250000  -32.0366442399  -33.5107232763  -15.0096266809  -33.4085939924
   0.0000000000  -81.0000000000    0.1013250000  -31.9828394757  -33.4576831016  -14.9593588906  -33.3463339387
   0.0000000000  -80.0000000000    0.1013250000  -31.9291717815  -33.4047769658  -14.9092245085  -33.2834851455
   0.0000000000  -79.0000000000    0.1013250000  -31.8756491662  -33.3520128805  -14.8592315902  -33.2200093341
   0.0000000000  -78.0000000000    0.1013250000  -31.8222800134  -33.2993992320  -14.8093885658  -33.1558666785
   0.0000000000  -77.0000000000    0.1013250000  -31.7690730809  -33.2469447816  -14.7597042398  -33.0910158571
   0.0000000000  -76.0000000000    0.1013250000  -31.7160374978  -33.1946586619  -14.7101877874  -33.0254141262
   0.0000000000  -75.0000000000    0.1013250000  -31.6631827566  -33.1425503696  -14.6608487476  -32.9590174198
   0.0000000000  -74.0000000000    0.1013250000  -31.6105187019  -33.0906297535  -14.6116970110  -32.8917804789
   0.0000000000  -73.0000000000    0.1013250000  -31.5580555119  -33.0389069965  -14.5627428020  -32.8236570145
   0.0000000000  -72.0000000000    0.1013250000  -31.5058036749  -32.9873925919  -14.5139966547  -32.7545999098
   0.0000000000  -71.0000000000    0.1013250000  -31.4537739570  -32.9360973109  -14.4654693810  -32.6845614649
   0.0000000000  -70.0000000000    0.1013250000  -31.4019781793  -32.8850329805  -14.4171728477  -32.6134919775
   0.0000000000  -69.0000000000    0.1013250000  -31.3504261137  -32.8342093781  -14.3691168720  -32.5413464099
   0.0000000000  -68.0000000000    0.1013250000  -31.2991297302  -32.7836384801  -14.3213134693  -32.4680759622
   0.0000000000  -67.0000000000    0.1013250000  -31.2481003996  -32.7333316635  -14.2737740555  -32.3936340749
   0.0000000000  -66.0000000000    0.1013250000  -31.1973494474  -32.6833002604  -14.2265100009  -32.3179756702
   0.0000000000  -65.0000000000    0.1013250000  -31.1468880435  -32.6335554476  -14.1795325202  -32.2410577760
   0.0000000000  -64.0000000000    0.1013250000  -31.0967270721  -32.5841081164  -14.1328525422  -32.1628402293
   0.0000000000  -63.0000000000    0.1013250000  -31.0468769797  -32.5349687207  -14.0864805576  -32.0832864668
   0.0000000000  -62.0000000000    0.1013250000  -30.9973475998  -32.4861471015  -14.0404264440  -32.0023643986
   0.0000000000  -61.0000000000    0.1013250000  -30.9481479520  -32.4376522861  -13.9946992650  -31.9200473682
   0.0000000000  -60.0000000000    0.1013250000  -30.8992879340  -32.3894941801  -13.9493089619  -31.8363100941
   0.0000000000  -59.0000000000    0.1013250000  -30.8507710071  -32.3416762531  -13.9042590394  -31.7511484476
   0.0000000000  -58.0000000000    0.1013250000  -30.8026037696  -32.2942051115  -13.8595561389  -31.6645546518
   0.0000000000  -57.0000000000    0.1013250000  -30.7547895027  -32.2470840451  -13.8152035847  -31.5765346295
   0.0000000000  -56.0000000000    0.1013250000  -30.7073292980  -32.2003141541  -13.7712025109  -31.4871053948
   0.0000000000  -55.0000000000    0.1013250000  -30.6602217230  -32.1538940148  -13.7275515276  -31.3962962005
   0.0000000000  -54.0000000000    0.1013250000  -30.6134624827  -32.1078193414  -13.6842463819  -31.3041495940
   0.0000000000  -53.0000000000    0.1013250000  -30.5670471653  -32.0620857309  -13.6412827039  -31.2107137824
   0.0000000000  -52.0000000000    0.1013250000  -30.5209595562  -32.0166769781  -13.5986443207  -31.1160749345
   0.0000000000  -51.0000000000    0.1013250000  -30.4751872785  -31.9715807156  -13.5563188968  -31.0203134220
   0.0000000000  -50.0000000000    0.1013250000  -30.4297116460  -31.9267782667  -13.5142877871  -30.9235314637
   0.0000000000  -49.0000000000    0.1013250000  -30.3845098849  -31.8822468670  -13.4725282584  -30.8258462509
   0.0000000000  -48.0000000000    0.1013250000  -30.3395551189  -31.8379596503  -13.4310134752  -30.7273890835
   0.0000000000  -47.0000000000    0.1013250000  -30.2948164806  -31.7938857588  -13.3897126103  -30.6283039837
   0.0000000000  -46.0000000000    0.1013250000  -30.2502639254  -31.7499951581  -13.3485956590  -30.5287335147
   0.0000000000  -45.0000000000    0.1013250000  -30.2058513358  -31.7062417408  -13.3076165436  -30.4288630007
   0.0000000000  -44.0000000000    0.1013250000  -30.1615416713  -31.6625884765  -13.2667382629  -30.3288511511
   0.0000000000  -43.0000000000    0.1013250000  -30.1172920588  -31.6189925023  -13.2259179828  -30.2288690840
   0.0000000000  -42.0000000000    0.1013250000  -30.0730582967  -31.5754096271  -13.1851115407  -30.1290868594
   0.0000000000  -41.0000000000    0.1013250000  -30.0287957217  -31.5317951980  -13.1442743116  -30.0296700488
   0.0000000000  -40.0000000000    0.1013250000  -29.9844601103  -31.4881050020  -13.1033621104  -29.9307764466
   0.0000000000  -39.0000000000    0.1013250000  -29.9400085677  -31.4442961549  -13.0623320799  -29.8325530907
   0.0000000000  -38.0000000000    0.1013250000  -29.8954003579  -31.4003279315  -13.0211435220  -29.7351337379
   0.0000000000  -37.0000000000    0.1013250000  -29.8505976358  -31.3561624973  -12.9797586287  -29.6386369036
   0.0000000000  -36.0000000000    0.1013250000  -29.8055708544  -31.3117703162  -12.9381478900  -29.5431535405
   0.0000000000  -35.0000000000    0.1013250000  -29.7602801314  -31.2671115166  -12.8962714603  -29.4487902131
   0.0000000000  -34.0000000000    0.1013250000  -29.7147038659  -31.2221645086  -12.8541077750  -29.3556035167
   0.0000000000  -33.0000000000    0.1013250000  -29.6688202219  -31.1769074672  -12.8116350341  -29.2636438834
   0.0000000000  -32.0000000000    0.1013250000  -29.6226117046  -31.1313229085  -12.7688357785  -29.1729457722
   0.0000000000  -31.0000000000    0.1013250000  -29.5760650199  -31.0853975496  -12.7256967497  -29.0835289305
   0.0000000000  -30.0000000000    0.1013250000  -29.5291708335  -31.0391220671  -12.6822086483  -28.9953998891
   0.0000000000  -29.0000000000    0.1013250000  -29.4819234565  -30.9924907834  -12.6383658203  -28.9085535905
   0.0000000000  -28.0000000000    0.1013250000  -29.4343204823  -30.9455013031  -12.5941658936  -28.8229750571
   0.0000000000  -27.0000000000    0.1013250000  -29.3863582786  -30.8981500048  -12.5496052700  -28.7386483739
   0.0000000000  -26.0000000000    0.1013250000  -29.3380483231  -30.8504483777  -12.5046954609  -28.6555281888
   0.0000000000  -25.0000000000    0.1013250000  -29.2893913481  -30.8023971653  -12.4594372324  -28.5735872573
   0.0000000000  -24.0000000000    0.1013250000  -29.2403941922  -30.7540032173  -12.4138374561  -28.4927862909
   0.0000000000  -23.0000000000    0.1013250000  -29.1910651028  -30.7052747925  -12.3679044123  -28.4130831102
   0.0000000000  -22.0000000000    0.1013250000  -29.1414134309  -30.6562212532  -12.3216474847  -28.3344336152
   0.0000000000  -21.0000000000    0.1013250000  -29.0914493592  -30.6068527935  -12.2750768883  -28.2567926051
   0.0000000000  -20.0000000000    0.1013250000  -29.0411836660  -30.5571802028  -12.2282034331  -28.1801144576
   0.0000000000  -19.0000000000    0.1013250000  -28.9906275211  -30.5072146625  -12.1810383207  -28.1043536819
   0.0000000000  -18.0000000000    0.1013250000  -28.9397923143  -30.4569675735  -12.1335929722  -28.0294653600
   0.0000000000  -17.0000000000    0.1013250000  -28.8886895116  -30.4064504133  -12.0858788846  -27.9554054903
   0.0000000000  -16.0000000000    0.1013250000  -28.8373305370  -30.3556746173  -12.0379075127  -27.8821312488
   0.0000000000  -15.0000000000    0.1013250000  -28.7857266777  -30.3046514839  -11.9896901738  -27.8096011801
   0.0000000000  -14.0000000000    0.1013250000  -28.7338890075  -30.2533920984  -11.9412379720  -27.7377753312
   0.0000000000  -13.0000000000    0.1013250000  -28.6818283284  -30.2019072741  -11.8925617391  -27.6666153371
   0.0000000000  -12.0000000000    0.1013250000  -28.6295551257  -30.1502075076  -11.8436719896  -27.5960844689
   0.0000000000  -11.0000000000    0.1013250000  -28.5770795350  -30.0983029459  -11.7945788885  -27.5261476515
   0.0000000000  -10.0000000000    0.1013250000  -28.5244113200  -30.0462033640  -11.7452922282  -27.4567714565
   0.0000000000   -9.0000000000    0.1013250000  -28.4715598577  -29.9939181502  -11.6958214142  -27.3879240781
   0.0000000000   -8.0000000000    0.1013250000  -28.4185341306  -29.9414562983  -11.6461754572  -27.3195752938
   0.0000000000   -7.0000000000    0.1013250000  -28.3653427244  -29.8888264055  -11.5963629710  -27.2516964158
   0.0000000000   -6.0000000000    0.1013250000  -28.3119938303  -29.8360366740  -11.5463921741  -27.1842602352
   0.0000000000   -5.0000000000    0.1013250000  -28.2584929182  -29.7830925851  -11.4962685640  -27.1172421577
   0.0000000000   -4.0000000000    0.1013250000  -28.2048522590  -29.7300064209  -11.4460044384  -27.0506151444
   0.0000000000   -3.0000000000    0.1013250000  -28.1510763647  -29.6767827047  -11.3956043360  -26.9843574811
   0.0000000000   -2.0000000000    0.1013250000  -28.0971719257  -29.6234281381  -11.3450749737  -26.9184472406
   0.0000000000   -1.0000000000    0.1013250000  -28.0431452848  -29.5699490752  -11.2944227205  -26.8528636561
   0.0000000000    0.0000000000    0.1013250000  -27.9890024505  -29.5163515355  -11.2436536105  -26.7875870577
   0.0000000000    1.0000000000    0.1013250000  -27.9347491104  -29.4626412177  -11.1927733569  -26.7225988114
   0.0000000000    2.0000000000    0.1013250000  -27.8803906450  -29.4088235135  -11.1417873653  -26.6578812599
   0.0000000000    3.0000000000    0.1013250000  -27.8259321413  -29.3549035211  -11.0907007479  -26.5934176660
   0.0000000000    4.0000000000    0.1013250000  -27.7713784069  -29.3008860590  -11.0395183365  -26.5291921588
   0.0000000000    5.0000000000    0.1013250000  -27.7167339826  -29.2467756791  -10.9882446967  -26.4651896817
   0.0000000000    6.0000000000    0.1013250000  -27.6620031561  -29.1925766802  -10.9368841400  -26.4013959444
   0.0000000000    7.0000000000    0.1013250000  -27.6071899743  -29.1382931201  -10.8854407372  -26.3377973764
   0.0000000000    8.0000000000    0.1013250000  -27.5522982556  -29.0839288281  -10.8339183299  -26.2743810833
   0.0000000000    9.0000000000    0.1013250000  -27.4973316012  -29.0294874165  -10.7823205429  -26.2111348062
   0.0000000000   10.0000000000    0.1013250000  -27.4422934072  -28.9749722921  -10.7306507949  -26.1480468828
   0.0000000000   11.0000000000    0.1013250000  -27.3871868746  -28.9203866667  -10.6789123097  -26.0851062111
   0.0000000000   12.0000000000    0.1013250000  -27.3320150197  -28.8657335677  -10.6271081259  -26.0223022153
   0.0000000000   13.0000000000    0.1013250000  -27.2767806842  -28.8110158474  -10.5752411073  -25.9596248140
   0.0000000000   14.0000000000    0.1013250000  -27.2214865442  -28.7562361926  -10.5233139516  -25.8970643898
   0.0000000000   15.0000000000    0.1013250000  -27.1661351189  -28.7013971333  -10.4713291999  -25.8346117615
   0.0000000000   16.0000000000    0.1013250000  -27.1107287793  -28.6465010513  -10.4192892443  -25.7722581573
   0.0000000000   17.0000000000    0.1013250000  -27.0552697561  -28.5915501877  -10.3671963365  -25.7099951902
   0.0000000000   18.0000000000    0.1013250000  -26.9997601469  -28.5365466508  -10.3150525947  -25.6478148350
   0.0000000000   19.0000000000    0.1013250000  -26.9442019236  -28.4814924230  -10.2628600112  -25.5857094062
   0.0000000000   20.0000000000    0.1013250000  -26.8885969388  -28.4263893676  -10.2106204591  -25.5236715377
   0.0000000000   21.0000000000    0.1013250000  -26.8329469325  -28.3712392350  -10.1583356981  -25.4616941636
   0.0000000000   22.0000000000    0.1013250000  -26.7772535379  -28.3160436689  -10.1060073812  -25.3997705004
   0.0000000000   23.0000000000    0.1013250000  -26.7215182873  -28.2608042118  -10.0536370598  -25.3378940301
   0.0000000000   24.0000000000    0.1013250000  -26.6657426168  -28.2055223104  -10.0012261895  -25.2760584844
   0.0000000000   25.0000000000    0.1013250000  -26.6099278721  -28.1501993207   -9.9487761347  -25.2142578297
   0.0000000000   26.0000000000    0.1013250000  -26.5540753130  -28.0948365126   -9.8962881739  -25.1524862535
   0.0000000000   27.0000000000    0.1013250000  -26.4981861177  -28.0394350746   -9.8437635035  -25.0907381510
   0.0000000000   28.0000000000    0.1013250000  -26.4422613872  -27.9839961180   -9.7912032428  -25.0290081129
   0.0000000000   29.0000000000    0.1013250000  -26.3863021492  -27.9285206807   -9.7386084374  -24.9672909141
   0.0000000000   30.0000000000    0.1013250000  -26.3303093622  -27.8730097312   -9.6859800634  -24.9055815024
   0.0000000000   31.0000000000    0.1013250000  -26.2742839187  -27.8174641720   -9.6333190306  -24.8438749886
   0.0000000000   32.0000000000    0.1013250000  -26.2182266487  -27.7618848433   -9.5806261861  -24.7821666369
   0.0000000000   33.0000000000    0.1013250000  -26.1621383229  -27.7062725257   -9.5279023177  -24.7204518554
   0.0000000000   34.0000000000    0.1013250000  -26.1060196558  -27.6506279436   -9.4751481563  -24.6587261884
   0.0000000000   35.0000000000    0.1013250000  -26.0498713083  -27.5949517678   -9.4223643794  -24.5969853075
   0.0000000000   36.0000000000    0.1013250000  -25.9936938906  -27.5392446185   -9.3695516134  -24.5352250047
   0.0000000000   37.0000000000    0.1013250000  -25.9374879649  -27.4835070675   -9.3167104363  -24.4734411850
   0.0000000000   38.0000000000    0.1013250000  -25.8812540473  -27.4277396408   -9.2638413799  -24.4116298596
   0.0000000000   39.0000000000    0.1013250000  -25.8249926106  -27.3719428209   -9.2109449327  -24.3497871399
   0.0000000000   40.0000000000    0.1013250000  -25.7687040863  -27.3161170488   -9.1580215411  -24.2879092314
   0.0000000000   41.0000000000    0.1013250000  -25.7123888664  -27.2602627263   -9.1050716124  -24.2259924278
   0.0000000000   42.0000000000    0.1013250000  -25.6560473056  -27.2043802177   -9.0520955160  -24.1640331062
   0.0000000000   43.0000000000    0.1013250000  -25.5996797230  -27.1484698516   -8.9990935855  -24.1020277214
   0.0000000000   44.0000000000    0.1013250000  -25.5432864036  -27.0925319224   -8.9460661204  -24.0399728015
   0.0000000000   45.0000000000    0.1013250000  -25.4868676002  -27.0365666924   -8.8930133874  -23.9778649432
   0.0000000000   46.0000000000    0.1013250000  -25.4304235344  -26.9805743926   -8.8399356222  -23.9157008072
   0.0000000000   47.0000000000    0.1013250000  -25.3739543982  -26.9245552244   -8.7868330304  -23.8534771145
   0.0000000000   48.0000000000    0.1013250000  -25.3174603554  -26.8685093608   -8.7337057892  -23.7911906418
   0.0000000000   49.0000000000    0.1013250000  -25.2609428894  -26.8124382945   -8.6805553954  -23.7288400918
   0.0000000000   50.0000000000    0.1013250000  -25.2043994793  -26.7563395138   -8.6273793408  -23.6664187153
   0.0000000000   51.0000000000    0.1013250000  -25.1478314920  -26.7002143948   -8.5741790056  -23.6039251860
   0.0000000000   52.0000000000    0.1013250000  -25.0912389892  -26.6440630084   -8.5209544639  -23.5413564680
   0.0000000000   53.0000000000    0.1013250000  -25.0346220100  -26.5878854026   -8.4677057670  -23.4787095644
   0.0000000000   54.0000000000    0.1013250000  -24.9779805717  -26.5316816038   -8.4144329448  -23.4159815149
   0.0000000000   55.0000000000    0.1013250000  -24.9213146709  -26.4754516176   -8.3611360056  -23.3531693926
   0.0000000000   56.0000000000    0.1013250000  -24.8646242845  -26.4191954299   -8.3078149382  -23.2902703015
   0.0000000000   57.0000000000    0.1013250000  -24.8079093700  -26.3629130069   -8.2544697117  -23.2272813741
   0.0000000000   58.0000000000    0.1013250000  -24.7511698667  -26.3066042969   -8.2011002767  -23.1641997687
   0.0000000000   59.0000000000    0.1013250000  -24.6944056958  -26.2502692299   -8.1477065657  -23.1010226670
   0.0000000000   60.0000000000    0.1013250000  -24.6376167615  -26.1939077187   -8.0942884939  -23.0377472716
   0.0000000000   61.0000000000    0.1013250000  -24.5808029509  -26.1375196593   -8.0408459591  -22.9743708036
   0.0000000000   62.0000000000    0.1013250000  -24.5239641348  -26.0811049311   -7.9873788428  -22.9108905000
   0.0000000000   63.0000000000    0.1013250000  -24.4671001679  -26.0246633972   -7.9338870100  -22.8473036117
   0.0000000000   64.0000000000    0.1013250000  -24.4102108892  -25.9681949055   -7.8803703102  -22.7836074014
   0.0000000000   65.0000000000    0.1013250000  -24.3532961238  -25.9116992895   -7.8268285783  -22.7197991430
   0.0000000000   66.0000000000    0.1013250000  -24.2963556841  -25.8551763700   -7.7732616366  -22.6558761223
   0.0000000000   67.0000000000    0.1013250000  -24.2393893733  -25.7986259586   -7.7196692979  -22.5918356402
   0.0000000000   68.0000000000    0.1013250000  -24.1823969881  -25.7420478605   -7.6660513686  -22.5276750167
   0.0000000000   69.0000000000    0.1013250000  -24.1253783215  -25.6854418771   -7.6124076508  -22.4633915935
   0.0000000000   70.0000000000    0.1013250000  -24.0683346935  -25.6288093364   -7.5587394737  -22.3989856198
   0.0000000000   71.0000000000    0.1013250000  -24.0112630348  -25.5721471777   -7.5050437769  -22.3344491349
   0.0000000000   72.0000000000    0.1013250000  -23.9541644080  -25.5154564715   -7.4513216318  -22.2697819226
   0.0000000000   73.0000000000    0.1013250000  -23.8970385531  -25.4587369662   -7.3975727871  -22.2049813246
   0.0000000000   74.0000000000    0.1013250000  -23.8398851975  -25.4019883972   -7.3437969784  -22.1400446775
   0.0000000000   75.0000000000    0.1013250000  -23.7827040540  -25.3452104854   -7.2899939268  -22.0749693075
   0.0000000000   76.0000000000    0.1013250000  -23.7254948174  -25.2884029336   -7.2361633353  -22.0097525216
   0.0000000000   77.0000000000    0.1013250000  -23.6682571584  -25.2315654205   -7.1823048824  -21.9443915917
   0.0000000000   78.0000000000    0.1013250000  -23.6109907205  -25.1746975974   -7.1284182193  -21.8788837451
   0.0000000000   79.0000000000    0.1013250000  -23.5536951379  -25.1177991067   -7.0745029879  -21.8132261990
   0.0000000000   80.0000000000    0.1013250000  -23.4963717016  -25.0608712470   -7.0205604865  -21.7474196831
   0.0000000000   81.0000000000    0.1013250000  -23.4390174853  -25.0039110999   -6.9665877960  -21.6814560678
   0.0000000000   82.0000000000    0.1013250000  -23.3816333205  -24.9469195046   -6.9125857550  -21.6153351172
   0.0000000000   83.0000000000    0.1013250000  -23.3242188593  -24.8898961210   -6.8585540226  -21.5490541360
   0.0000000000   84.0000000000    0.1013250000  -23.2667736823  -24.8328405373   -6.8044921860  -21.4826102785
   0.0000000000   85.0000000000    0.1013250000  -23.2092972317  -24.7757522033   -6.7503996942  -21.4160003913
   0.0000000000   86.0000000000    0.1013250000  -23.1517906644  -24.7186322835   -6.6962777103  -21.3492251728
   0.0000000000   87.0000000000    0.1013250000  -23.0942513283  -24.6614781335   -6.6421235886  -21.2822767958
   0.0000000000   88.0000000000    0.1013250000  -23.0366799289  -24.6042904661   -6.5879380407  -21.2151549482
   0.0000000000   89.0000000000    0.1013250000  -22.9790757409  -24.5470685635   -6.5337203473  -21.1478560980
   0.0000000000   90.0000000000    0.1013250000  -22.9214398951  -24.4898135641   -6.4794716450  -21.0803810383
   0.0000000000   91.0000000000    0.1013250000  -22.8637697762  -24.4325228597   -6.4251893242  -21.0127218315
   0.0000000000   92.0000000000    0.1013250000  -22.8060668028  -24.3751978765   -6.3708748090  -20.9448799839
   0.0000000000   93.0000000000    0.1013250000  -22.7483288145  -24.3178364612   -6.3165259445  -20.8768485288
   0.0000000000   94.0000000000    0.1013250000  -22.6905571673  -24.2604399771   -6.2621440917  -20.8086289087
   0.0000000000   95.0000000000    0.1013250000  -22.6327505983  -24.2030071685   -6.2077279928  -20.7402162838
   0.0000000000   96.0000000000    0.1013250000  -22.5749084194  -24.1455373545   -6.1532769649  -20.6716071643
   0.0000000000   97.0000000000    0.1013250000  -22.5170311659  -24.0880310775   -6.0987915479  -20.6028010980
   0.0000000000   98.0000000000    0.1013250000  -22.4591161686  -24.0304856753   -6.0442690772  -20.5337896155
   0.0000000000   99.0000000000    0.1013250000  -22.4011665226  -23.9729042502   -5.9897126525  -20.4645787482
   0.0000000000  100.0000000000    0.1013250000  -18.0420983551  -19.6142029363   -1.6340384055  -13.6290108979
   0.0000000000  101.0000000000    0.1013250000  -17.9800927694  -19.5525628439   -1.5754274435  -13.4533731931
   0.0000000000  102.0000000000    0.1013250000  -17.9219422612  -19.4947764756   -1.5206722665  -13.3104499851
   0.0000000000  103.0000000000    0.1013250000  -17.8647791513  -19.4379761591   -1.4669051991  -13.1752756675
   0.0000000000  104.0000000000    0.1013250000  -17.8081386380  -19.3816970996   -1.4136614437  -13.0438801731
   0.0000000000  105.0000000000    0.1013250000  -17.7518355228  -19.3257541052   -1.3607558052  -12.9147153325
   0.0000000000  106.0000000000    0.1013250000  -17.6957727593  -19.2700501365   -1.3080912410  -12.7869810375
   0.0000000000  107.0000000000    0.1013250000  -17.6398927721  -19.2145276246   -1.2556101790  -12.6602192255
   0.0000000000  108.0000000000    0.1013250000  -17.5841583262  -19.1591493414   -1.2032753876  -12.5341505671
   0.0000000000  109.0000000000    0.1013250000  -17.5285422563  -19.1038881282   -1.1510597047  -12.4085624298
   0.0000000000  110.0000000000    0.1013250000  -17.4730261559  -19.0487255850   -1.0989447268  -12.2833386550
   0.0000000000  111.0000000000    0.1013250000  -17.4175948491  -18.9936465425   -1.0469152810  -12.1583679721
   0.0000000000  112.0000000000    0.1013250000  -17.3622377266  -18.9386403979   -0.9949607608  -12.0336005081
   0.0000000000  113.0000000000    0.1013250000  -17.3069454106  -18.8836977801   -0.9430717911  -11.9089775978
   0.0000000000  114.0000000000    0.1013250000  -17.2517106417  -18.8288114358   -0.8912411149  -11.7844658938
   0.0000000000  115.0000000000    0.1013250000  -17.1965272860  -18.7739752379   -0.8394626010  -11.6600379273
   0.0000000000  116.0000000000    0.1013250000  -17.1413906329  -18.7191844818   -0.7877315410  -11.5356895165
   0.0000000000  117.0000000000    0.1013250000  -17.0862962198  -18.6644347115   -0.7360434745  -11.4114056883
   0.0000000000  118.0000000000    0.1013250000  -17.0312404042  -18.6097222908   -0.6843947612  -11.2871834479
   0.0000000000  119.0000000000    0.1013250000  -16.9762200356  -18.5550440753   -0.6327822524  -11.1630239441
   0.0000000000  120.0000000000    0.1013250000  -16.9212322752  -18.5003972326   -0.5812031114  -11.0389277577
   0.0000000000  121.0000000000    0.1013250000  -16.8662749193  -18.4457795650   -0.5296551360  -10.9149113995
   0.0000000000  122.0000000000    0.1013250000  -16.8113457046  -18.3911888156   -0.4781360647  -10.7909792467
   0.0000000000  123.0000000000    0.1013250000  -16.7564427348  -18.3366230940   -0.4266440027  -10.6671432057
   0.0000000000  124.0000000000    0.1013250000  -16.7015643126  -18.2820807092   -0.3751772541  -10.5434168559
   0.0000000000  125.0000000000    0.1013250000  -16.6467089117  -18.2275601407   -0.3237342938  -10.4198152003
   0.0000000000  126.0000000000    0.1013250000  -16.5918751527  -18.1730600154   -0.2723137439  -10.2963544541
