#solute size       Temp        p_0 p_meanfield         ka       kaHB        kaS       kaLJ        kaO 
   0.0000000000 -173.0000000000    0.0000675453    0.1438993981    0.0000261829   -0.0000000001    0.0000261830   -0.0000000000   -0.0000000000 
   0.0000000000 -172.0000000000    0.0000675453    0.1437386751    0.0000259799   -0.0000000001    0.0000259800   -0.0000000000   -0.0000000000 
   0.0000000000 -171.0000000000    0.0000675453    0.1435811159    0.0000257787   -0.0000000001    0.0000257788   -0.0000000000   -0.0000000000 
   0.0000000000 -170.0000000000    0.0000675453    0.1434266353    0.0000255793   -0.0000000002    0.0000255795   -0.0000000000   -0.0000000000 
   0.0000000000 -169.0000000000    0.0000675453    0.1432751510    0.0000253818   -0.0000000002    0.0000253821   -0.0000000000   -0.0000000000 
   0.0000000000 -168.0000000000    0.0000675453    0.1431265830    0.0000251863   -0.0000000003    0.0000251866   -0.0000000000   -0.0000000000 
   0.0000000000 -167.0000000000    0.0000675453    0.1429808540    0.0000249926   -0.0000000004    0.0000249931   -0.0000000001   -0.0000000000 
   0.0000000000 -166.0000000000    0.0000675453    0.1428378894    0.0000248010   -0.0000000005    0.0000248015   -0.0000000001   -0.0000000000 
   0.0000000000 -165.0000000000    0.0000675453    0.1426976165    0.0000246113   -0.0000000006    0.0000246120   -0.0000000001   -0.0000000000 
   0.0000000000 -164.0000000000    0.0000675453    0.1425599652    0.0000244235   -0.0000000008    0.0000244244   -0.0000000001   -0.0000000000 
   0.0000000000 -163.0000000000    0.0000675453    0.1424248678    0.0000242378   -0.0000000010    0.0000242389   -0.0000000001   -0.0000000000 
   0.0000000000 -162.0000000000    0.0000675453    0.1422922583    0.0000240541   -0.0000000012    0.0000240555   -0.0000000002   -0.0000000000 
   0.0000000000 -161.0000000000    0.0000675453    0.1421620732    0.0000238723   -0.0000000015    0.0000238741   -0.0000000002   -0.0000000000 
   0.0000000000 -160.0000000000    0.0000675453    0.1420342508    0.0000236926   -0.0000000019    0.0000236947   -0.0000000003   -0.0000000000 
   0.0000000000 -159.0000000000    0.0000675453    0.1419087314    0.0000235148   -0.0000000023    0.0000235175   -0.0000000004   -0.0000000000 
   0.0000000000 -158.0000000000    0.0000675453    0.1417854574    0.0000233391   -0.0000000029    0.0000233424   -0.0000000004   -0.0000000000 
   0.0000000000 -157.0000000000    0.0000675453    0.1416643726    0.0000231653   -0.0000000035    0.0000231694   -0.0000000005   -0.0000000000 
   0.0000000000 -156.0000000000    0.0000675453    0.1415454231    0.0000229935   -0.0000000043    0.0000229985   -0.0000000007   -0.0000000000 
   0.0000000000 -155.0000000000    0.0000675453    0.1414285565    0.0000228237   -0.0000000053    0.0000228298   -0.0000000008   -0.0000000000 
   0.0000000000 -154.0000000000    0.0000675453    0.1413137219    0.0000226559   -0.0000000065    0.0000226633   -0.0000000010   -0.0000000000 
   0.0000000000 -153.0000000000    0.0000675453    0.1412008705    0.0000224900   -0.0000000079    0.0000224991   -0.0000000012   -0.0000000000 
   0.0000000000 -152.0000000000    0.0000675453    0.1410899548    0.0000223261   -0.0000000095    0.0000223371   -0.0000000014   -0.0000000000 
   0.0000000000 -151.0000000000    0.0000675453    0.1409809289    0.0000221642   -0.0000000115    0.0000221774   -0.0000000017   -0.0000000000 
   0.0000000000 -150.0000000000    0.0000675453    0.1408737485    0.0000220043   -0.0000000138    0.0000220202   -0.0000000021   -0.0000000000 
   0.0000000000 -149.0000000000    0.0000675453    0.1407683708    0.0000218463   -0.0000000166    0.0000218653   -0.0000000025   -0.0000000000 
   0.0000000000 -148.0000000000    0.0000675453    0.1406647546    0.0000216902   -0.0000000198    0.0000217130   -0.0000000030   -0.0000000000 
   0.0000000000 -147.0000000000    0.0000675453    0.1405628599    0.0000215361   -0.0000000237    0.0000215634   -0.0000000036   -0.0000000000 
   0.0000000000 -146.0000000000    0.0000675453    0.1404626484    0.0000213840   -0.0000000282    0.0000214164   -0.0000000043   -0.0000000000 
   0.0000000000 -145.0000000000    0.0000675453    0.1403640831    0.0000212338   -0.0000000335    0.0000212723   -0.0000000051   -0.0000000000 
   0.0000000000 -144.0000000000    0.0000675453    0.1402671286    0.0000210856   -0.0000000397    0.0000211312   -0.0000000060   -0.0000000000 
   0.0000000000 -143.0000000000    0.0000675453    0.1401717506    0.0000209393   -0.0000000469    0.0000209933   -0.0000000071   -0.0000000000 
   0.0000000000 -142.0000000000    0.0000675453    0.1400779166    0.0000207951   -0.0000000552    0.0000208587   -0.0000000083   -0.0000000000 
   0.0000000000 -141.0000000000    0.0000675453    0.1399855953    0.0000206528   -0.0000000650    0.0000207276   -0.0000000098   -0.0000000000 
   0.0000000000 -140.0000000000    0.0000675453    0.1398947569    0.0000205126   -0.0000000762    0.0000206003   -0.0000000115   -0.0000000000 
   0.0000000000 -139.0000000000    0.0000675453    0.1398053731    0.0000203744   -0.0000000892    0.0000204771   -0.0000000135   -0.0000000000 
   0.0000000000 -138.0000000000    0.0000675453    0.1397174170    0.0000202383   -0.0000001042    0.0000203583   -0.0000000158   -0.0000000000 
   0.0000000000 -137.0000000000    0.0000675453    0.1396308634    0.0000201043   -0.0000001215    0.0000202442   -0.0000000184   -0.0000000000 
   0.0000000000 -136.0000000000    0.0000675453    0.1395456885    0.0000199725   -0.0000001413    0.0000201352   -0.0000000214   -0.0000000000 
   0.0000000000 -135.0000000000    0.0000675453    0.1394618702    0.0000198429   -0.0000001640    0.0000200317   -0.0000000248   -0.0000000000 
   0.0000000000 -134.0000000000    0.0000675453    0.1393793879    0.0000197156   -0.0000001899    0.0000199343   -0.0000000288   -0.0000000000 
   0.0000000000 -133.0000000000    0.0000675453    0.1392982228    0.0000195905   -0.0000002196    0.0000198434   -0.0000000333   -0.0000000000 
   0.0000000000 -132.0000000000    0.0000675453    0.1392183580    0.0000194679   -0.0000002533    0.0000197597   -0.0000000384   -0.0000000000 
   0.0000000000 -131.0000000000    0.0000675453    0.1391397783    0.0000193478   -0.0000002917    0.0000196838   -0.0000000442   -0.0000000000 
   0.0000000000 -130.0000000000    0.0000675453    0.1390624705    0.0000192302   -0.0000003353    0.0000196164   -0.0000000509   -0.0000000000 
   0.0000000000 -129.0000000000    0.0000675453    0.1389864233    0.0000191154   -0.0000003847    0.0000195585   -0.0000000584   -0.0000000000 
   0.0000000000 -128.0000000000    0.0000675453    0.1389116277    0.0000190033   -0.0000004406    0.0000195108   -0.0000000669   -0.0000000000 
   0.0000000000 -127.0000000000    0.0000675453    0.1388380769    0.0000188942   -0.0000005038    0.0000194744   -0.0000000765   -0.0000000000 
   0.0000000000 -126.0000000000    0.0000675453    0.1387657664    0.0000187881   -0.0000005749    0.0000194504   -0.0000000873   -0.0000000000 
   0.0000000000 -125.0000000000    0.0000675453    0.1386946943    0.0000186853   -0.0000006550    0.0000194399   -0.0000000995   -0.0000000000 
   0.0000000000 -124.0000000000    0.0000675453    0.1386248612    0.0000185860   -0.0000007451    0.0000194443   -0.0000001133   -0.0000000000 
   0.0000000000 -123.0000000000    0.0000675453    0.1385562706    0.0000184902   -0.0000008461    0.0000194650   -0.0000001287   -0.0000000000 
   0.0000000000 -122.0000000000    0.0000675453    0.1384889290    0.0000183983   -0.0000009593    0.0000195035   -0.0000001459   -0.0000000000 
   0.0000000000 -121.0000000000    0.0000675453    0.1384228460    0.0000183104   -0.0000010860    0.0000195617   -0.0000001652   -0.0000000000 
   0.0000000000 -120.0000000000    0.0000675453    0.1383580345    0.0000182269   -0.0000012275    0.0000196412   -0.0000001868   -0.0000000000 
   0.0000000000 -119.0000000000    0.0000675453    0.1382945110    0.0000181480   -0.0000013853    0.0000197442   -0.0000002109   -0.0000000000 
   0.0000000000 -118.0000000000    0.0000675453    0.1382322957    0.0000180740   -0.0000015611    0.0000198728   -0.0000002378   -0.0000000000 
   0.0000000000 -117.0000000000    0.0000675453    0.1381714130    0.0000180052   -0.0000017567    0.0000200295   -0.0000002677   -0.0000000000 
   0.0000000000 -116.0000000000    0.0000675453    0.1381118914    0.0000179420   -0.0000019739    0.0000202168   -0.0000003009   -0.0000000000 
   0.0000000000 -115.0000000000    0.0000675453    0.1380537639    0.0000178848   -0.0000022150    0.0000204375   -0.0000003377   -0.0000000000 
   0.0000000000 -114.0000000000    0.0000675453    0.1379970686    0.0000178341   -0.0000024820    0.0000206946   -0.0000003786   -0.0000000000 
   0.0000000000 -113.0000000000    0.0000675453    0.1379416613    0.0000177902   -0.0000027775    0.0000209914   -0.0000004238   -0.0000000000 
   0.0000000000 -112.0000000000    0.0000675453    0.1378879674    0.0000177536   -0.0000031041    0.0000213315   -0.0000004737   -0.0000000000 
   0.0000000000 -111.0000000000    0.0000675453    0.1378358510    0.0000177250   -0.0000034646    0.0000217185   -0.0000005289   -0.0000000000 
   0.0000000000 -110.0000000000    0.0000675453    0.1377853725    0.0000177048   -0.0000038620    0.0000221566   -0.0000005898   -0.0000000000 
   0.0000000000 -109.0000000000    0.0000675453    0.1377365987    0.0000176936   -0.0000042996    0.0000226501   -0.0000006569   -0.0000000000 
   0.0000000000 -108.0000000000    0.0000675453    0.1376896035    0.0000176922   -0.0000047809    0.0000232038   -0.0000007306   -0.0000000000 
   0.0000000000 -107.0000000000    0.0000675453    0.1376444681    0.0000177013   -0.0000053097    0.0000238227   -0.0000008117   -0.0000000000 
   0.0000000000 -106.0000000000    0.0000675453    0.1376012815    0.0000177215   -0.0000058900    0.0000245122   -0.0000009007   -0.0000000000 
   0.0000000000 -105.0000000000    0.0000675453    0.1375601407    0.0000177537   -0.0000065261    0.0000252781   -0.0000009983   -0.0000000000 
   0.0000000000 -104.0000000000    0.0000675453    0.1375211518    0.0000177987   -0.0000072225    0.0000261265   -0.0000011052   -0.0000000000 
   0.0000000000 -103.0000000000    0.0000675453    0.1374844300    0.0000178575   -0.0000079843    0.0000270641   -0.0000012222   -0.0000000000 
   0.0000000000 -102.0000000000    0.0000675453    0.1374501001    0.0000179311   -0.0000088167    0.0000280979   -0.0000013501   -0.0000000000 
   0.0000000000 -101.0000000000    0.0000675453    0.1374182975    0.0000180205   -0.0000097252    0.0000292353   -0.0000014897   -0.0000000000 
   0.0000000000 -100.0000000000    0.0000675453    0.1373891683    0.0000181267   -0.0000107158    0.0000304845   -0.0000016419   -0.0000000000 
   0.0000000000  -99.0000000000    0.0000675453    0.1373628702    0.0000182511   -0.0000117949    0.0000318539   -0.0000018078   -0.0000000000 
   0.0000000000  -98.0000000000    0.0000675453    0.1373395731    0.0000183948   -0.0000129692    0.0000333525   -0.0000019885   -0.0000000000 
   0.0000000000  -97.0000000000    0.0000675453    0.1373196561    0.0000185592   -0.0000142459    0.0000349900   -0.0000021849   -0.0000000000 
   0.0000000000  -96.0000000000    0.0000675453    0.1373029288    0.0000187457   -0.0000156325    0.0000367764   -0.0000023983   -0.0000000000 
   0.0000000000  -95.0000000000    0.0000675453    0.1372897926    0.0000189557   -0.0000171369    0.0000387226   -0.0000026299   -0.0000000000 
   0.0000000000  -94.0000000000    0.0000675453    0.1372804731    0.0000191910   -0.0000187678    0.0000408399   -0.0000028810   -0.0000000000 
   0.0000000000  -93.0000000000    0.0000675453    0.1372752110    0.0000194531   -0.0000205341    0.0000431404   -0.0000031531   -0.0000000000 
   0.0000000000  -92.0000000000    0.0000675453    0.1372742641    0.0000197438   -0.0000224453    0.0000456367   -0.0000034475   -0.0000000001 
   0.0000000000  -91.0000000000    0.0000675453    0.1372779070    0.0000200650   -0.0000245112    0.0000483422   -0.0000037659   -0.0000000001 
   0.0000000000  -90.0000000000    0.0000675453    0.1372864325    0.0000204187   -0.0000267425    0.0000512711   -0.0000041099   -0.0000000001 
   0.0000000000  -89.0000000000    0.0000675453    0.1373001523    0.0000208069   -0.0000291500    0.0000544381   -0.0000044811   -0.0000000001 
   0.0000000000  -88.0000000000    0.0000675453    0.1373193976    0.0000212318   -0.0000317454    0.0000578587   -0.0000048813   -0.0000000001 
   0.0000000000  -87.0000000000    0.0000675453    0.1373445205    0.0000216957   -0.0000345408    0.0000615491   -0.0000053125   -0.0000000001 
   0.0000000000  -86.0000000000    0.0000675453    0.1373758942    0.0000222010   -0.0000375487    0.0000655264   -0.0000057766   -0.0000000001 
   0.0000000000  -85.0000000000    0.0000675453    0.1374139142    0.0000227502   -0.0000407824    0.0000698083   -0.0000062755   -0.0000000002 
   0.0000000000  -84.0000000000    0.0000675453    0.1374589990    0.0000233459   -0.0000442555    0.0000744131   -0.0000068115   -0.0000000002 
   0.0000000000  -83.0000000000    0.0000675453    0.1375115909    0.0000239908   -0.0000479823    0.0000793600   -0.0000073867   -0.0000000002 
   0.0000000000  -82.0000000000    0.0000675453    0.1375721566    0.0000246878   -0.0000519773    0.0000846687   -0.0000080033   -0.0000000002 
   0.0000000000  -81.0000000000    0.0000675453    0.1376411883    0.0000254398   -0.0000562557    0.0000903596   -0.0000086638   -0.0000000003 
   0.0000000000  -80.0000000000    0.0000675453    0.1377192035    0.0000262499   -0.0000608331    0.0000964536   -0.0000093704   -0.0000000003 
   0.0000000000  -79.0000000000    0.0000675453    0.1378067466    0.0000271212   -0.0000657251    0.0001029722   -0.0000101255   -0.0000000004 
   0.0000000000  -78.0000000000    0.0000675453    0.1379043881    0.0000280569   -0.0000709481    0.0001099371   -0.0000109317   -0.0000000004 
   0.0000000000  -77.0000000000    0.0000675453    0.1380127259    0.0000290603   -0.0000765180    0.0001173702   -0.0000117914   -0.0000000005 
   0.0000000000  -76.0000000000    0.0000675453    0.1381323842    0.0000301348   -0.0000824513    0.0001252938   -0.0000127071   -0.0000000005 
   0.0000000000  -75.0000000000    0.0000675453    0.1382640144    0.0000312837   -0.0000887641    0.0001337296   -0.0000136812   -0.0000000006 
   0.0000000000  -74.0000000000    0.0000675453    0.1384082936    0.0000325105   -0.0000954722    0.0001426995   -0.0000147160   -0.0000000007 
   0.0000000000  -73.0000000000    0.0000675453    0.1385659243    0.0000338186   -0.0001025910    0.0001522242   -0.0000158139   -0.0000000008 
   0.0000000000  -72.0000000000    0.0000675453    0.1387376329    0.0000352112   -0.0001101349    0.0001623239   -0.0000169769   -0.0000000009 
   0.0000000000  -71.0000000000    0.0000675453    0.1389241678    0.0000366915   -0.0001181175    0.0001730171   -0.0000182071   -0.0000000010 
   0.0000000000  -70.0000000000    0.0000675453    0.1391266974    0.0000382630   -0.0001265521    0.0001843224   -0.0000195062   -0.0000000011 
   0.0000000000  -69.0000000000    0.0000675453    0.1393452951    0.0000399279   -0.0001354466    0.0001962512   -0.0000208755   -0.0000000013 
   0.0000000000  -68.0000000000    0.0000675453    0.1395810903    0.0000416889   -0.0001448099    0.0002088162   -0.0000223159   -0.0000000015 
   0.0000000000  -67.0000000000    0.0000675453    0.1398348930    0.0000435484   -0.0001546470    0.0002220250   -0.0000238281   -0.0000000017 
   0.0000000000  -66.0000000000    0.0000675453    0.1401075156    0.0000455077   -0.0001649594    0.0002358808   -0.0000254119   -0.0000000019 
   0.0000000000  -65.0000000000    0.0000675453    0.1403997663    0.0000475681   -0.0001757443    0.0002503811   -0.0000270666   -0.0000000021 
   0.0000000000  -64.0000000000    0.0000675453    0.1407124405    0.0000497297   -0.0001869940    0.0002655167   -0.0000287907   -0.0000000024 
   0.0000000000  -63.0000000000    0.0000675453    0.1410463108    0.0000519919   -0.0001986948    0.0002812708   -0.0000305815   -0.0000000027 
   0.0000000000  -62.0000000000    0.0000675453    0.1414021153    0.0000543529   -0.0002108263    0.0002976176   -0.0000324355   -0.0000000030 
   0.0000000000  -61.0000000000    0.0000675453    0.1417805440    0.0000568097   -0.0002233601    0.0003145208   -0.0000343477   -0.0000000034 
   0.0000000000  -60.0000000000    0.0000675453    0.1421828703    0.0000593585   -0.0002362624    0.0003319369   -0.0000363123   -0.0000000038 
   0.0000000000  -59.0000000000    0.0000675453    0.1426085243    0.0000619918   -0.0002494801    0.0003497967   -0.0000383205   -0.0000000042 
   0.0000000000  -58.0000000000    0.0000675453    0.1430584657    0.0000647021   -0.0002629578    0.0003680276   -0.0000403630   -0.0000000047 
   0.0000000000  -57.0000000000    0.0000675453    0.1435330280    0.0000674790   -0.0002766253    0.0003865378   -0.0000424282   -0.0000000053 
   0.0000000000  -56.0000000000    0.0000675453    0.1440324016    0.0000703099   -0.0002903996    0.0004052180   -0.0000445026   -0.0000000059 
   0.0000000000  -55.0000000000    0.0000675453    0.1445566098    0.0000731797   -0.0003041847    0.0004239415   -0.0000465706   -0.0000000065 
   0.0000000000  -54.0000000000    0.0000675453    0.1451054837    0.0000760706   -0.0003178711    0.0004425632   -0.0000486143   -0.0000000073 
   0.0000000000  -53.0000000000    0.0000675453    0.1456794637    0.0000789632   -0.0003313411    0.0004609272   -0.0000506148   -0.0000000081 
   0.0000000000  -52.0000000000    0.0000675453    0.1462764912    0.0000818327   -0.0003444515    0.0004788425   -0.0000525494   -0.0000000089 
   0.0000000000  -51.0000000000    0.0000675453    0.1468963324    0.0000846544   -0.0003570610    0.0004961206   -0.0000543954   -0.0000000098 
   0.0000000000  -50.0000000000    0.0000675453    0.1475378273    0.0000874007   -0.0003690164    0.0005125567   -0.0000561287   -0.0000000108 
   0.0000000000  -49.0000000000    0.0000675453    0.1481995258    0.0000900426   -0.0003801601    0.0005279390   -0.0000577245   -0.0000000119 
   0.0000000000  -48.0000000000    0.0000675453    0.1488796818    0.0000925499   -0.0003903336    0.0005420545   -0.0000591579   -0.0000000131 
   0.0000000000  -47.0000000000    0.0000675453    0.1495762578    0.0000948923   -0.0003993832    0.0005546951   -0.0000604053   -0.0000000143 
   0.0000000000  -46.0000000000    0.0000675453    0.1502879867    0.0000970419   -0.0004071697    0.0005656722   -0.0000614450   -0.0000000156 
   0.0000000000  -45.0000000000    0.0000675453    0.1510104013    0.0000989685   -0.0004135553    0.0005747973   -0.0000622565   -0.0000000169 
   0.0000000000  -44.0000000000    0.0000675453    0.1517415772    0.0001006487   -0.0004184367    0.0005819280   -0.0000628242   -0.0000000183 
   0.0000000000  -43.0000000000    0.0000675453    0.1524785462    0.0001020617   -0.0004217324    0.0005869505   -0.0000631365   -0.0000000198 
   0.0000000000  -42.0000000000    0.0000675453    0.1532182180    0.0001031917   -0.0004233909    0.0005897903   -0.0000631864   -0.0000000213 
   0.0000000000  -41.0000000000    0.0000675453    0.1539574395    0.0001040282   -0.0004233931    0.0005904164   -0.0000629723   -0.0000000229 
   0.0000000000  -40.0000000000    0.0000675453    0.1546930589    0.0001045668   -0.0004217536    0.0005888426   -0.0000624977   -0.0000000245 
   0.0000000000  -39.0000000000    0.0000675453    0.1554219894    0.0001048092   -0.0004185200    0.0005851267   -0.0000617715   -0.0000000261 
   0.0000000000  -38.0000000000    0.0000675453    0.1561412697    0.0001047627   -0.0004137700    0.0005793676   -0.0000608072   -0.0000000277 
   0.0000000000  -37.0000000000    0.0000675453    0.1568481192    0.0001044402   -0.0004076081    0.0005717001   -0.0000596224   -0.0000000294 
   0.0000000000  -36.0000000000    0.0000675453    0.1575410303    0.0001038595   -0.0004001604    0.0005622888   -0.0000582379   -0.0000000310 
   0.0000000000  -35.0000000000    0.0000675453    0.1582156571    0.0001030407   -0.0003915679    0.0005513183   -0.0000566770   -0.0000000327 
   0.0000000000  -34.0000000000    0.0000675453    0.1588709924    0.0001020083   -0.0003819832    0.0005389901   -0.0000549642   -0.0000000343 
   0.0000000000  -33.0000000000    0.0000675453    0.1595053345    0.0001007877   -0.0003715625    0.0005255110   -0.0000531248   -0.0000000360 
   0.0000000000  -32.0000000000    0.0000675453    0.1601172871    0.0000994054   -0.0003604614    0.0005110879   -0.0000511835   -0.0000000376 
   0.0000000000  -31.0000000000    0.0000675453    0.1607057529    0.0000978876   -0.0003488302    0.0004959212   -0.0000491643   -0.0000000392 
   0.0000000000  -30.0000000000    0.0000675453    0.1612699202    0.0000962597   -0.0003368108    0.0004802007   -0.0000470894   -0.0000000408 
   0.0000000000  -29.0000000000    0.0000675453    0.1618092428    0.0000945458   -0.0003245339    0.0004641015   -0.0000449795   -0.0000000423 
   0.0000000000  -28.0000000000    0.0000675453    0.1623234167    0.0000927682   -0.0003121176    0.0004477825   -0.0000428528   -0.0000000439 
   0.0000000000  -27.0000000000    0.0000675453    0.1628113780    0.0000909473   -0.0002996685    0.0004313873   -0.0000407261   -0.0000000454 
   0.0000000000  -26.0000000000    0.0000675453    0.1632752257    0.0000891010   -0.0002872729    0.0004150332   -0.0000386124   -0.0000000469 
   0.0000000000  -25.0000000000    0.0000675453    0.1637142020    0.0000872453   -0.0002750103    0.0003988279   -0.0000365239   -0.0000000484 
   0.0000000000  -24.0000000000    0.0000675453    0.1641287039    0.0000853938   -0.0002629452    0.0003828593   -0.0000344705   -0.0000000498 
   0.0000000000  -23.0000000000    0.0000675453    0.1645192397    0.0000835581   -0.0002511303    0.0003671997   -0.0000324600   -0.0000000513 
   0.0000000000  -22.0000000000    0.0000675453    0.1648864075    0.0000817481   -0.0002396079    0.0003519073   -0.0000304986   -0.0000000527 
   0.0000000000  -21.0000000000    0.0000675453    0.1652308749    0.0000799717   -0.0002284104    0.0003370273   -0.0000285910   -0.0000000541 
   0.0000000000  -20.0000000000    0.0000675453    0.1655533613    0.0000782353   -0.0002175623    0.0003225940   -0.0000267408   -0.0000000556 
   0.0000000000  -19.0000000000    0.0000675453    0.1658546228    0.0000765440   -0.0002070807    0.0003086319   -0.0000249502   -0.0000000570 
   0.0000000000  -18.0000000000    0.0000675453    0.1661354390    0.0000749015   -0.0001969767    0.0002951570   -0.0000232205   -0.0000000584 
   0.0000000000  -17.0000000000    0.0000675453    0.1663966024    0.0000733107   -0.0001872560    0.0002821789   -0.0000215524   -0.0000000597 
   0.0000000000  -16.0000000000    0.0000675453    0.1666389083    0.0000717734   -0.0001779205    0.0002697008   -0.0000199458   -0.0000000611 
   0.0000000000  -15.0000000000    0.0000675453    0.1668631481    0.0000702908   -0.0001689681    0.0002577215   -0.0000184001   -0.0000000625 
   0.0000000000  -14.0000000000    0.0000675453    0.1670701028    0.0000688634   -0.0001603943    0.0002462359   -0.0000169142   -0.0000000639 
   0.0000000000  -13.0000000000    0.0000675453    0.1672605383    0.0000674913   -0.0001521922    0.0002352356   -0.0000154869   -0.0000000653 
   0.0000000000  -12.0000000000    0.0000675453    0.1674352014    0.0000661739   -0.0001443530    0.0002247101   -0.0000141165   -0.0000000667 
   0.0000000000  -11.0000000000    0.0000675453    0.1675948170    0.0000649106   -0.0001368669    0.0002146469   -0.0000128012   -0.0000000681 
   0.0000000000  -10.0000000000    0.0000675453    0.1677400863    0.0000637003   -0.0001297230    0.0002050320   -0.0000115392   -0.0000000695 
   0.0000000000   -9.0000000000    0.0000675453    0.1678716848    0.0000625419   -0.0001229096    0.0001958506   -0.0000103282   -0.0000000709 
   0.0000000000   -8.0000000000    0.0000675453    0.1679902618    0.0000614339   -0.0001164147    0.0001870872   -0.0000091664   -0.0000000723 
   0.0000000000   -7.0000000000    0.0000675453    0.1680964399    0.0000603747   -0.0001102261    0.0001787260   -0.0000080516   -0.0000000737 
   0.0000000000   -6.0000000000    0.0000675453    0.1681908145    0.0000593630   -0.0001043313    0.0001707510   -0.0000069816   -0.0000000751 
   0.0000000000   -5.0000000000    0.0000675453    0.1682731958    0.0000583971   -0.0000987194    0.0001631477   -0.0000059546   -0.0000000765 
   0.0000000000   -4.0000000000    0.0000675453    0.1683456951    0.0000574751   -0.0000933757    0.0001558970   -0.0000049682   -0.0000000780 
   0.0000000000   -3.0000000000    0.0000675453    0.1684080135    0.0000565955   -0.0000882895    0.0001489851   -0.0000040205   -0.0000000794 
   0.0000000000   -2.0000000000    0.0000675453    0.1684606420    0.0000557567   -0.0000834494    0.0001423967   -0.0000031097   -0.0000000809 
   0.0000000000   -1.0000000000    0.0000675453    0.1685040471    0.0000549570   -0.0000788440    0.0001361171   -0.0000022337   -0.0000000823 
   0.0000000000    0.0000000000    0.0000675453    0.1685386716    0.0000541948   -0.0000744624    0.0001301319   -0.0000013909   -0.0000000838 
   0.0000000000    1.0000000000    0.0000675453    0.1685649354    0.0000534686   -0.0000702941    0.0001244274   -0.0000005793   -0.0000000853 
   0.0000000000    2.0000000000    0.0000675453    0.1685832362    0.0000527768   -0.0000663290    0.0001189900    0.0000002026   -0.0000000868 
   0.0000000000    3.0000000000    0.0000675453    0.1685939509    0.0000521180   -0.0000625574    0.0001138072    0.0000009565   -0.0000000883 
   0.0000000000    4.0000000000    0.0000675453    0.1685974359    0.0000514907   -0.0000589700    0.0001088666    0.0000016840   -0.0000000899 
   0.0000000000    5.0000000000    0.0000675453    0.1685940287    0.0000508937   -0.0000555579    0.0001041564    0.0000023866   -0.0000000914 
   0.0000000000    6.0000000000    0.0000675453    0.1685840481    0.0000503255   -0.0000523126    0.0000996654    0.0000030656   -0.0000000929 
   0.0000000000    7.0000000000    0.0000675453    0.1685677956    0.0000497849   -0.0000492261    0.0000953831    0.0000037225   -0.0000000945 
   0.0000000000    8.0000000000    0.0000675453    0.1685455560    0.0000492708   -0.0000462906    0.0000912990    0.0000043585   -0.0000000961 
   0.0000000000    9.0000000000    0.0000675453    0.1685175982    0.0000487820   -0.0000434988    0.0000874036    0.0000049748   -0.0000000977 
   0.0000000000   10.0000000000    0.0000675453    0.1684841762    0.0000483173   -0.0000408438    0.0000836876    0.0000055728   -0.0000000993 
   0.0000000000   11.0000000000    0.0000675453    0.1684455297    0.0000478758   -0.0000383189    0.0000801421    0.0000061534   -0.0000001009 
   0.0000000000   12.0000000000    0.0000675453    0.1684018846    0.0000474564   -0.0000359178    0.0000767589    0.0000067178   -0.0000001025 
   0.0000000000   13.0000000000    0.0000675453    0.1683534544    0.0000470582   -0.0000336345    0.0000735300    0.0000072669   -0.0000001041 
   0.0000000000   14.0000000000    0.0000675453    0.1683004400    0.0000466804   -0.0000314634    0.0000704478    0.0000078018   -0.0000001058 
   0.0000000000   15.0000000000    0.0000675453    0.1682430310    0.0000463220   -0.0000293991    0.0000675051    0.0000083234   -0.0000001074 
   0.0000000000   16.0000000000    0.0000675453    0.1681814059    0.0000459822   -0.0000274364    0.0000646952    0.0000088325   -0.0000001091 
   0.0000000000   17.0000000000    0.0000675453    0.1681157331    0.0000456603   -0.0000255706    0.0000620116    0.0000093300   -0.0000001108 
   0.0000000000   18.0000000000    0.0000675453    0.1680461708    0.0000453556   -0.0000237969    0.0000594482    0.0000098168   -0.0000001125 
   0.0000000000   19.0000000000    0.0000675453    0.1679728681    0.0000450674   -0.0000221111    0.0000569992    0.0000102935   -0.0000001142 
   0.0000000000   20.0000000000    0.0000675453    0.1678959654    0.0000447950   -0.0000205090    0.0000546589    0.0000107610   -0.0000001159 
   0.0000000000   21.0000000000    0.0000675453    0.1678155945    0.0000445378   -0.0000189867    0.0000524223    0.0000112198   -0.0000001176 
   0.0000000000   22.0000000000    0.0000675453    0.1677318793    0.0000442952   -0.0000175405    0.0000502843    0.0000116707   -0.0000001194 
   0.0000000000   23.0000000000    0.0000675453    0.1676449364    0.0000440666   -0.0000161668    0.0000482402    0.0000121143   -0.0000001211 
   0.0000000000   24.0000000000    0.0000675453    0.1675548751    0.0000438517   -0.0000148623    0.0000462856    0.0000125513   -0.0000001229 
   0.0000000000   25.0000000000    0.0000675453    0.1674617980    0.0000436498   -0.0000136238    0.0000444161    0.0000129821   -0.0000001247 
   0.0000000000   26.0000000000    0.0000675453    0.1673658014    0.0000434605   -0.0000124483    0.0000426278    0.0000134074   -0.0000001264 
   0.0000000000   27.0000000000    0.0000675453    0.1672669755    0.0000432833   -0.0000113330    0.0000409168    0.0000138277   -0.0000001282 
   0.0000000000   28.0000000000    0.0000675453    0.1671654046    0.0000431179   -0.0000102751    0.0000392795    0.0000142435   -0.0000001300 
   0.0000000000   29.0000000000    0.0000675453    0.1670611677    0.0000429638   -0.0000092720    0.0000377124    0.0000146553   -0.0000001318 
   0.0000000000   30.0000000000    0.0000675453    0.1669543386    0.0000428208   -0.0000083214    0.0000362123    0.0000150636   -0.0000001337 
   0.0000000000   31.0000000000    0.0000675453    0.1668449863    0.0000426883   -0.0000074209    0.0000347760    0.0000154687   -0.0000001355 
   0.0000000000   32.0000000000    0.0000675453    0.1667331750    0.0000425662   -0.0000065684    0.0000334006    0.0000158713   -0.0000001373 
   0.0000000000   33.0000000000    0.0000675453    0.1666189645    0.0000424540   -0.0000057617    0.0000320833    0.0000162715   -0.0000001392 
   0.0000000000   34.0000000000    0.0000675453    0.1665024106    0.0000423516   -0.0000049988    0.0000308215    0.0000166700   -0.0000001410 
   0.0000000000   35.0000000000    0.0000675453    0.1663835648    0.0000422586   -0.0000042779    0.0000296125    0.0000170670   -0.0000001429 
   0.0000000000   36.0000000000    0.0000675453    0.1662624753    0.0000421749   -0.0000035972    0.0000284539    0.0000174629   -0.0000001448 
   0.0000000000   37.0000000000    0.0000675453    0.1661391865    0.0000421000   -0.0000029550    0.0000273435    0.0000178581   -0.0000001466 
   0.0000000000   38.0000000000    0.0000675453    0.1660137394    0.0000420339   -0.0000023498    0.0000262792    0.0000182530   -0.0000001485 
   0.0000000000   39.0000000000    0.0000675453    0.1658861719    0.0000419762   -0.0000017799    0.0000252587    0.0000186478   -0.0000001504 
   0.0000000000   40.0000000000    0.0000675453    0.1657565191    0.0000419269   -0.0000012439    0.0000242802    0.0000190429   -0.0000001523 
   0.0000000000   41.0000000000    0.0000675453    0.1656248130    0.0000418857   -0.0000007405    0.0000233418    0.0000194386   -0.0000001542 
   0.0000000000   42.0000000000    0.0000675453    0.1654910831    0.0000418525   -0.0000002683    0.0000224416    0.0000198352   -0.0000001561 
   0.0000000000   43.0000000000    0.0000675453    0.1653553563    0.0000418270    0.0000001739    0.0000215781    0.0000202330   -0.0000001580 
   0.0000000000   44.0000000000    0.0000675453    0.1652176569    0.0000418092    0.0000005872    0.0000207495    0.0000206323   -0.0000001599 
   0.0000000000   45.0000000000    0.0000675453    0.1650780073    0.0000417989    0.0000009729    0.0000199544    0.0000210334   -0.0000001618 
   0.0000000000   46.0000000000    0.0000675453    0.1649364271    0.0000417959    0.0000013318    0.0000191912    0.0000214366   -0.0000001637 
   0.0000000000   47.0000000000    0.0000675453    0.1647929343    0.0000418002    0.0000016652    0.0000184586    0.0000218420   -0.0000001656 
   0.0000000000   48.0000000000    0.0000675453    0.1646475443    0.0000418116    0.0000019739    0.0000177553    0.0000222500   -0.0000001675 
   0.0000000000   49.0000000000    0.0000675453    0.1645008470    0.0000418300    0.0000022589    0.0000170798    0.0000226607   -0.0000001694 
   0.0000000000   50.0000000000    0.0000675453    0.1643517280    0.0000418554    0.0000025210    0.0000164312    0.0000230745   -0.0000001714 
   0.0000000000   51.0000000000    0.0000675453    0.1642007452    0.0000418876    0.0000027609    0.0000158082    0.0000234917   -0.0000001733 
   0.0000000000   52.0000000000    0.0000675453    0.1640479064    0.0000419266    0.0000029796    0.0000152098    0.0000239124   -0.0000001752 
   0.0000000000   53.0000000000    0.0000675453    0.1638932177    0.0000419723    0.0000031777    0.0000146348    0.0000243368   -0.0000001771 
   0.0000000000   54.0000000000    0.0000675453    0.1637366837    0.0000420246    0.0000033560    0.0000140823    0.0000247652   -0.0000001790 
   0.0000000000   55.0000000000    0.0000675453    0.1635783074    0.0000420835    0.0000035151    0.0000135513    0.0000251979   -0.0000001809 
   0.0000000000   56.0000000000    0.0000675453    0.1634180903    0.0000421489    0.0000036557    0.0000130410    0.0000256349   -0.0000001827 
   0.0000000000   57.0000000000    0.0000675453    0.1632560325    0.0000422207    0.0000037783    0.0000125504    0.0000260766   -0.0000001846 
   0.0000000000   58.0000000000    0.0000675453    0.1630921326    0.0000422990    0.0000038836    0.0000120788    0.0000265232   -0.0000001865 
   0.0000000000   59.0000000000    0.0000675453    0.1629263880    0.0000423837    0.0000039720    0.0000116253    0.0000269748   -0.0000001884 
   0.0000000000   60.0000000000    0.0000675453    0.1627587944    0.0000424748    0.0000040442    0.0000111891    0.0000274317   -0.0000001902 
   0.0000000000   61.0000000000    0.0000675453    0.1625893462    0.0000425722    0.0000041006    0.0000107697    0.0000278940   -0.0000001921 
   0.0000000000   62.0000000000    0.0000675453    0.1624180363    0.0000426759    0.0000041416    0.0000103662    0.0000283620   -0.0000001939 
   0.0000000000   63.0000000000    0.0000675453    0.1622448559    0.0000427859    0.0000041677    0.0000099781    0.0000288358   -0.0000001957 
   0.0000000000   64.0000000000    0.0000675453    0.1620697948    0.0000429022    0.0000041793    0.0000096046    0.0000293157   -0.0000001975 
   0.0000000000   65.0000000000    0.0000675453    0.1618928415    0.0000430247    0.0000041769    0.0000092453    0.0000298019   -0.0000001993 
   0.0000000000   66.0000000000    0.0000675453    0.1617139842    0.0000431536    0.0000041607    0.0000088995    0.0000302945   -0.0000002011 
   0.0000000000   67.0000000000    0.0000675453    0.1615332112    0.0000432887    0.0000041312    0.0000085667    0.0000307937   -0.0000002028 
   0.0000000000   68.0000000000    0.0000675453    0.1613505128    0.0000434301    0.0000040886    0.0000082463    0.0000312997   -0.0000002046 
   0.0000000000   69.0000000000    0.0000675453    0.1611658816    0.0000435778    0.0000040334    0.0000079379    0.0000318128   -0.0000002063 
   0.0000000000   70.0000000000    0.0000675453    0.1609799485    0.0000437317    0.0000039659    0.0000076410    0.0000323328   -0.0000002080 
   0.0000000000   71.0000000000    0.0000675453    0.1607915227    0.0000438920    0.0000038862    0.0000073551    0.0000328604   -0.0000002097 
   0.0000000000   72.0000000000    0.0000675453    0.1606011370    0.0000440586    0.0000037946    0.0000070798    0.0000333955   -0.0000002113 
   0.0000000000   73.0000000000    0.0000675453    0.1604087766    0.0000442316    0.0000036915    0.0000068147    0.0000339384   -0.0000002129 
   0.0000000000   74.0000000000    0.0000675453    0.1602144250    0.0000444109    0.0000035770    0.0000065593    0.0000344891   -0.0000002145 
   0.0000000000   75.0000000000    0.0000675453    0.1600180630    0.0000445967    0.0000034514    0.0000063133    0.0000350480   -0.0000002161 
   0.0000000000   76.0000000000    0.0000675453    0.1598196670    0.0000447889    0.0000033149    0.0000060764    0.0000356151   -0.0000002176 
   0.0000000000   77.0000000000    0.0000675453    0.1596192069    0.0000449875    0.0000031678    0.0000058481    0.0000361907   -0.0000002191 
   0.0000000000   78.0000000000    0.0000675453    0.1594166444    0.0000451927    0.0000030101    0.0000056282    0.0000367750   -0.0000002206 
   0.0000000000   79.0000000000    0.0000675453    0.1592119406    0.0000454043    0.0000028421    0.0000054163    0.0000373680   -0.0000002220 
   0.0000000000   80.0000000000    0.0000675453    0.1590057267    0.0000456225    0.0000026640    0.0000052120    0.0000379699   -0.0000002234 
   0.0000000000   81.0000000000    0.0000675453    0.1587969348    0.0000458473    0.0000024759    0.0000050152    0.0000385810   -0.0000002248 
   0.0000000000   82.0000000000    0.0000675453    0.1585860170    0.0000460789    0.0000022779    0.0000048255    0.0000392015   -0.0000002261 
   0.0000000000   83.0000000000    0.0000675453    0.1583729509    0.0000463171    0.0000020702    0.0000046427    0.0000398316   -0.0000002273 
   0.0000000000   84.0000000000    0.0000675453    0.1581576882    0.0000465620    0.0000018529    0.0000044664    0.0000404713   -0.0000002286 
   0.0000000000   85.0000000000    0.0000675453    0.1579401285    0.0000468138    0.0000016261    0.0000042965    0.0000411209   -0.0000002297 
   0.0000000000   86.0000000000    0.0000675453    0.1577208495    0.0000470723    0.0000013901    0.0000041327    0.0000417803   -0.0000002308 
   0.0000000000   87.0000000000    0.0000675453    0.1574989280    0.0000473379    0.0000011448    0.0000039748    0.0000424502   -0.0000002319 
   0.0000000000   88.0000000000    0.0000675453    0.1572747681    0.0000476103    0.0000008904    0.0000038225    0.0000431304   -0.0000002329 
   0.0000000000   89.0000000000    0.0000675453    0.1570482126    0.0000478898    0.0000006268    0.0000036757    0.0000438211   -0.0000002339 
   0.0000000000   90.0000000000    0.0000675453    0.1568198264    0.0000481763    0.0000003544    0.0000035341    0.0000445225   -0.0000002348 
   0.0000000000   91.0000000000    0.0000675453    0.1565887226    0.0000484700    0.0000000731    0.0000033976    0.0000452349   -0.0000002356 
   0.0000000000   92.0000000000    0.0000675453    0.1563555780    0.0000487708   -0.0000002170    0.0000032659    0.0000459582   -0.0000002363 
   0.0000000000   93.0000000000    0.0000675453    0.1561196922    0.0000490789   -0.0000005160    0.0000031390    0.0000466929   -0.0000002370 
   0.0000000000   94.0000000000    0.0000675453    0.1558817144    0.0000493943   -0.0000008235    0.0000030165    0.0000474389   -0.0000002377 
   0.0000000000   95.0000000000    0.0000675453    0.1556412922    0.0000497170   -0.0000011397    0.0000028984    0.0000481965   -0.0000002382 
   0.0000000000   96.0000000000    0.0000675453    0.1553982970    0.0000500472   -0.0000014645    0.0000027845    0.0000489659   -0.0000002387 
   0.0000000000   97.0000000000    0.0000675453    0.1551530612    0.0000503848   -0.0000017978    0.0000026746    0.0000497471   -0.0000002390 
   0.0000000000   98.0000000000    0.0000675453    0.1549047177    0.0000507302   -0.0000021397    0.0000025686    0.0000505407   -0.0000002393 
   0.0000000000   99.0000000000    0.0000675453    0.1546545533    0.0000510830   -0.0000024899    0.0000024663    0.0000513461   -0.0000002395 
   0.0000000000  100.0000000000    0.0000675453    0.0000892172   16.6742161918   -0.0042758802   -0.0001665240   -0.0034969769   16.6821555730 
   0.0000000000  101.0000000000    0.0000675453    0.0000833128    5.2419432728   -0.0012614151   -0.0000427525   -0.0010032873    5.2442507277 
   0.0000000000  102.0000000000    0.0000675453    0.0000807522    4.0363532574   -0.0009430894   -0.0000286558   -0.0007382489    4.0380632516 
   0.0000000000  103.0000000000    0.0000675453    0.0000790130    3.4891118034   -0.0007982311   -0.0000218962   -0.0006172390    3.4905491698 
   0.0000000000  104.0000000000    0.0000675453    0.0000776939    3.1625296034   -0.0007113871   -0.0000176775   -0.0005446845    3.1638033525 
   0.0000000000  105.0000000000    0.0000675453    0.0000766376    2.9409714626   -0.0006521447   -0.0000147089   -0.0004952801    2.9421335963 
   0.0000000000  106.0000000000    0.0000675453    0.0000757623    2.7788435158   -0.0006084694   -0.0000124714   -0.0004590466    2.7799235032 
   0.0000000000  107.0000000000    0.0000675453    0.0000750203    2.6541296362   -0.0005745541   -0.0000107102   -0.0004311351    2.6551460355 
   0.0000000000  108.0000000000    0.0000675453    0.0000743817    2.5547260715   -0.0005473059   -0.0000092816   -0.0004089033    2.5556915623 
   0.0000000000  109.0000000000    0.0000675453    0.0000738239    2.4733256070   -0.0005246121   -0.0000080977   -0.0003907224    2.4742490392 
   0.0000000000  110.0000000000    0.0000675453    0.0000733329    2.4052700225   -0.0005054086   -0.0000071009   -0.0003755788    2.4061581108 
   0.0000000000  111.0000000000    0.0000675453    0.0000728962    2.3473971829   -0.0004888451   -0.0000062509   -0.0003627572    2.3482550361 
   0.0000000000  112.0000000000    0.0000675453    0.0000725062    2.2974971841   -0.0004742951   -0.0000055197   -0.0003517741    2.2983287730 
   0.0000000000  113.0000000000    0.0000675453    0.0000721555    2.2539615882   -0.0004613893   -0.0000048856   -0.0003422698    2.2547701330 
   0.0000000000  114.0000000000    0.0000675453    0.0000718385    2.2155947656   -0.0004497609   -0.0000043325   -0.0003339770    2.2163828359 
   0.0000000000  115.0000000000    0.0000675453    0.0000715506    2.1814869362   -0.0004392436   -0.0000038476   -0.0003266882    2.1822567156 
   0.0000000000  116.0000000000    0.0000675453    0.0000712887    2.1509263984   -0.0004296007   -0.0000034208   -0.0003202399    2.1516796598 
   0.0000000000  117.0000000000    0.0000675453    0.0000710495    2.1233558332   -0.0004206979   -0.0000030441   -0.0003145105    2.1240940857 
   0.0000000000  118.0000000000    0.0000675453    0.0000708302    2.0983269726   -0.0004124322   -0.0000027106   -0.0003093964    2.0990515118 
   0.0000000000  119.0000000000    0.0000675453    0.0000706288    2.0754759407   -0.0004047003   -0.0000024147   -0.0003048085    2.0761878643 
   0.0000000000  120.0000000000    0.0000675453    0.0000704432    2.0545064400   -0.0003974425   -0.0000021517   -0.0003006826    2.0552067167 
   0.0000000000  121.0000000000    0.0000675453    0.0000702722    2.0351651838   -0.0003905866   -0.0000019177   -0.0002969602    2.0358546483 
   0.0000000000  122.0000000000    0.0000675453    0.0000701141    2.0172481690   -0.0003840614   -0.0000017092   -0.0002935857    2.0179275253 
   0.0000000000  123.0000000000    0.0000675453    0.0000699677    2.0005804907   -0.0003778508   -0.0000015233   -0.0002905256    2.0012503904 
   0.0000000000  124.0000000000    0.0000675453    0.0000698319    1.9850136153   -0.0003719060   -0.0000013574   -0.0002877383    1.9856746171 
   0.0000000000  125.0000000000    0.0000675453    0.0000697057    1.9704205160   -0.0003661843   -0.0000012093   -0.0002851923    1.9710731020 
   0.0000000000  126.0000000000    0.0000675453    0.0000695883    1.9566918256   -0.0003607155   -0.0000010771   -0.0002828647    1.9573364829 
