#solute size.       Temp    Molar Volume           kappa 
   0.0000000000 -173.0000000000        1.521578        0.000026
   0.0000000000 -172.0000000000        1.522429        0.000026
   0.0000000000 -171.0000000000        1.523265        0.000026
   0.0000000000 -170.0000000000        1.524085        0.000026
   0.0000000000 -169.0000000000        1.524891        0.000025
   0.0000000000 -168.0000000000        1.525683        0.000025
   0.0000000000 -167.0000000000        1.526461        0.000025
   0.0000000000 -166.0000000000        1.527225        0.000025
   0.0000000000 -165.0000000000        1.527976        0.000025
   0.0000000000 -164.0000000000        1.528713        0.000024
   0.0000000000 -163.0000000000        1.529439        0.000024
   0.0000000000 -162.0000000000        1.530152        0.000024
   0.0000000000 -161.0000000000        1.530852        0.000024
   0.0000000000 -160.0000000000        1.531541        0.000024
   0.0000000000 -159.0000000000        1.532219        0.000024
   0.0000000000 -158.0000000000        1.532885        0.000023
   0.0000000000 -157.0000000000        1.533541        0.000023
   0.0000000000 -156.0000000000        1.534185        0.000023
   0.0000000000 -155.0000000000        1.534819        0.000023
   0.0000000000 -154.0000000000        1.535443        0.000023
   0.0000000000 -153.0000000000        1.536057        0.000022
   0.0000000000 -152.0000000000        1.536661        0.000022
   0.0000000000 -151.0000000000        1.537255        0.000022
   0.0000000000 -150.0000000000        1.537840        0.000022
   0.0000000000 -149.0000000000        1.538416        0.000022
   0.0000000000 -148.0000000000        1.538983        0.000022
   0.0000000000 -147.0000000000        1.539541        0.000022
   0.0000000000 -146.0000000000        1.540090        0.000021
   0.0000000000 -145.0000000000        1.540631        0.000021
   0.0000000000 -144.0000000000        1.541163        0.000021
   0.0000000000 -143.0000000000        1.541688        0.000021
   0.0000000000 -142.0000000000        1.542204        0.000021
   0.0000000000 -141.0000000000        1.542713        0.000021
   0.0000000000 -140.0000000000        1.543214        0.000021
   0.0000000000 -139.0000000000        1.543708        0.000020
   0.0000000000 -138.0000000000        1.544194        0.000020
   0.0000000000 -137.0000000000        1.544673        0.000020
   0.0000000000 -136.0000000000        1.545144        0.000020
   0.0000000000 -135.0000000000        1.545609        0.000020
   0.0000000000 -134.0000000000        1.546066        0.000020
   0.0000000000 -133.0000000000        1.546517        0.000020
   0.0000000000 -132.0000000000        1.546960        0.000019
   0.0000000000 -131.0000000000        1.547397        0.000019
   0.0000000000 -130.0000000000        1.547828        0.000019
   0.0000000000 -129.0000000000        1.548251        0.000019
   0.0000000000 -128.0000000000        1.548668        0.000019
   0.0000000000 -127.0000000000        1.549079        0.000019
   0.0000000000 -126.0000000000        1.549482        0.000019
   0.0000000000 -125.0000000000        1.549880        0.000019
   0.0000000000 -124.0000000000        1.550270        0.000019
   0.0000000000 -123.0000000000        1.550654        0.000018
   0.0000000000 -122.0000000000        1.551031        0.000018
   0.0000000000 -121.0000000000        1.551401        0.000018
   0.0000000000 -120.0000000000        1.551765        0.000018
   0.0000000000 -119.0000000000        1.552121        0.000018
   0.0000000000 -118.0000000000        1.552471        0.000018
   0.0000000000 -117.0000000000        1.552813        0.000018
   0.0000000000 -116.0000000000        1.553148        0.000018
   0.0000000000 -115.0000000000        1.553475        0.000018
   0.0000000000 -114.0000000000        1.553794        0.000018
   0.0000000000 -113.0000000000        1.554105        0.000018
   0.0000000000 -112.0000000000        1.554408        0.000018
   0.0000000000 -111.0000000000        1.554702        0.000018
   0.0000000000 -110.0000000000        1.554987        0.000018
   0.0000000000 -109.0000000000        1.555262        0.000018
   0.0000000000 -108.0000000000        1.555528        0.000018
   0.0000000000 -107.0000000000        1.555783        0.000018
   0.0000000000 -106.0000000000        1.556027        0.000018
   0.0000000000 -105.0000000000        1.556260        0.000018
   0.0000000000 -104.0000000000        1.556481        0.000018
   0.0000000000 -103.0000000000        1.556689        0.000018
   0.0000000000 -102.0000000000        1.556883        0.000018
   0.0000000000 -101.0000000000        1.557063        0.000018
   0.0000000000 -100.0000000000        1.557229        0.000018
   0.0000000000  -99.0000000000        1.557378        0.000018
   0.0000000000  -98.0000000000        1.557510        0.000018
   0.0000000000  -97.0000000000        1.557624        0.000019
   0.0000000000  -96.0000000000        1.557719        0.000019
   0.0000000000  -95.0000000000        1.557793        0.000019
   0.0000000000  -94.0000000000        1.557846        0.000019
   0.0000000000  -93.0000000000        1.557876        0.000019
   0.0000000000  -92.0000000000        1.557881        0.000020
   0.0000000000  -91.0000000000        1.557861        0.000020
   0.0000000000  -90.0000000000        1.557812        0.000020
   0.0000000000  -89.0000000000        1.557734        0.000021
   0.0000000000  -88.0000000000        1.557625        0.000021
   0.0000000000  -87.0000000000        1.557483        0.000022
   0.0000000000  -86.0000000000        1.557305        0.000022
   0.0000000000  -85.0000000000        1.557089        0.000023
   0.0000000000  -84.0000000000        1.556834        0.000023
   0.0000000000  -83.0000000000        1.556536        0.000024
   0.0000000000  -82.0000000000        1.556193        0.000025
   0.0000000000  -81.0000000000        1.555802        0.000025
   0.0000000000  -80.0000000000        1.555361        0.000026
   0.0000000000  -79.0000000000        1.554867        0.000027
   0.0000000000  -78.0000000000        1.554316        0.000028
   0.0000000000  -77.0000000000        1.553705        0.000029
   0.0000000000  -76.0000000000        1.553032        0.000030
   0.0000000000  -75.0000000000        1.552292        0.000031
   0.0000000000  -74.0000000000        1.551482        0.000033
   0.0000000000  -73.0000000000        1.550599        0.000034
   0.0000000000  -72.0000000000        1.549638        0.000035
   0.0000000000  -71.0000000000        1.548597        0.000037
   0.0000000000  -70.0000000000        1.547470        0.000038
   0.0000000000  -69.0000000000        1.546255        0.000040
   0.0000000000  -68.0000000000        1.544948        0.000042
   0.0000000000  -67.0000000000        1.543544        0.000044
   0.0000000000  -66.0000000000        1.542041        0.000046
   0.0000000000  -65.0000000000        1.540434        0.000048
   0.0000000000  -64.0000000000        1.538721        0.000050
   0.0000000000  -63.0000000000        1.536897        0.000052
   0.0000000000  -62.0000000000        1.534961        0.000054
   0.0000000000  -61.0000000000        1.532909        0.000057
   0.0000000000  -60.0000000000        1.530740        0.000059
   0.0000000000  -59.0000000000        1.528453        0.000062
   0.0000000000  -58.0000000000        1.526046        0.000065
   0.0000000000  -57.0000000000        1.523519        0.000067
   0.0000000000  -56.0000000000        1.520874        0.000070
   0.0000000000  -55.0000000000        1.518112        0.000073
   0.0000000000  -54.0000000000        1.515236        0.000076
   0.0000000000  -53.0000000000        1.512249        0.000079
   0.0000000000  -52.0000000000        1.509158        0.000082
   0.0000000000  -51.0000000000        1.505969        0.000085
   0.0000000000  -50.0000000000        1.502689        0.000087
   0.0000000000  -49.0000000000        1.499329        0.000090
   0.0000000000  -48.0000000000        1.495898        0.000093
   0.0000000000  -47.0000000000        1.492408        0.000095
   0.0000000000  -46.0000000000        1.488871        0.000097
   0.0000000000  -45.0000000000        1.485304        0.000099
   0.0000000000  -44.0000000000        1.481719        0.000101
   0.0000000000  -43.0000000000        1.478132        0.000102
   0.0000000000  -42.0000000000        1.474558        0.000103
   0.0000000000  -41.0000000000        1.471012        0.000104
   0.0000000000  -40.0000000000        1.467508        0.000105
   0.0000000000  -39.0000000000        1.464061        0.000105
   0.0000000000  -38.0000000000        1.460683        0.000105
   0.0000000000  -37.0000000000        1.457386        0.000104
   0.0000000000  -36.0000000000        1.454179        0.000104
   0.0000000000  -35.0000000000        1.451074        0.000103
   0.0000000000  -34.0000000000        1.448077        0.000102
   0.0000000000  -33.0000000000        1.445193        0.000101
   0.0000000000  -32.0000000000        1.442428        0.000099
   0.0000000000  -31.0000000000        1.439784        0.000098
   0.0000000000  -30.0000000000        1.437262        0.000096
   0.0000000000  -29.0000000000        1.434864        0.000095
   0.0000000000  -28.0000000000        1.432589        0.000093
   0.0000000000  -27.0000000000        1.430436        0.000091
   0.0000000000  -26.0000000000        1.428402        0.000089
   0.0000000000  -25.0000000000        1.426486        0.000087
   0.0000000000  -24.0000000000        1.424683        0.000085
   0.0000000000  -23.0000000000        1.422990        0.000084
   0.0000000000  -22.0000000000        1.421405        0.000082
   0.0000000000  -21.0000000000        1.419922        0.000080
   0.0000000000  -20.0000000000        1.418538        0.000078
   0.0000000000  -19.0000000000        1.417249        0.000077
   0.0000000000  -18.0000000000        1.416050        0.000075
   0.0000000000  -17.0000000000        1.414938        0.000073
   0.0000000000  -16.0000000000        1.413909        0.000072
   0.0000000000  -15.0000000000        1.412958        0.000070
   0.0000000000  -14.0000000000        1.412082        0.000069
   0.0000000000  -13.0000000000        1.411278        0.000067
   0.0000000000  -12.0000000000        1.410542        0.000066
   0.0000000000  -11.0000000000        1.409870        0.000065
   0.0000000000  -10.0000000000        1.409259        0.000064
   0.0000000000   -9.0000000000        1.408706        0.000063
   0.0000000000   -8.0000000000        1.408209        0.000061
   0.0000000000   -7.0000000000        1.407764        0.000060
   0.0000000000   -6.0000000000        1.407369        0.000059
   0.0000000000   -5.0000000000        1.407022        0.000058
   0.0000000000   -4.0000000000        1.406719        0.000057
   0.0000000000   -3.0000000000        1.406459        0.000057
   0.0000000000   -2.0000000000        1.406239        0.000056
   0.0000000000   -1.0000000000        1.406058        0.000055
   0.0000000000    0.0000000000        1.405914        0.000054
   0.0000000000    1.0000000000        1.405804        0.000053
   0.0000000000    2.0000000000        1.405728        0.000053
   0.0000000000    3.0000000000        1.405684        0.000052
   0.0000000000    4.0000000000        1.405669        0.000051
   0.0000000000    5.0000000000        1.405683        0.000051
   0.0000000000    6.0000000000        1.405725        0.000050
   0.0000000000    7.0000000000        1.405793        0.000050
   0.0000000000    8.0000000000        1.405886        0.000049
   0.0000000000    9.0000000000        1.406003        0.000049
   0.0000000000   10.0000000000        1.406142        0.000048
   0.0000000000   11.0000000000        1.406304        0.000048
   0.0000000000   12.0000000000        1.406486        0.000047
   0.0000000000   13.0000000000        1.406688        0.000047
   0.0000000000   14.0000000000        1.406910        0.000047
   0.0000000000   15.0000000000        1.407150        0.000046
   0.0000000000   16.0000000000        1.407408        0.000046
   0.0000000000   17.0000000000        1.407683        0.000046
   0.0000000000   18.0000000000        1.407975        0.000045
   0.0000000000   19.0000000000        1.408282        0.000045
   0.0000000000   20.0000000000        1.408605        0.000045
   0.0000000000   21.0000000000        1.408942        0.000045
   0.0000000000   22.0000000000        1.409294        0.000044
   0.0000000000   23.0000000000        1.409659        0.000044
   0.0000000000   24.0000000000        1.410038        0.000044
   0.0000000000   25.0000000000        1.410430        0.000044
   0.0000000000   26.0000000000        1.410835        0.000043
   0.0000000000   27.0000000000        1.411252        0.000043
   0.0000000000   28.0000000000        1.411681        0.000043
   0.0000000000   29.0000000000        1.412121        0.000043
   0.0000000000   30.0000000000        1.412573        0.000043
   0.0000000000   31.0000000000        1.413036        0.000043
   0.0000000000   32.0000000000        1.413510        0.000043
   0.0000000000   33.0000000000        1.413994        0.000042
   0.0000000000   34.0000000000        1.414489        0.000042
   0.0000000000   35.0000000000        1.414995        0.000042
   0.0000000000   36.0000000000        1.415510        0.000042
   0.0000000000   37.0000000000        1.416035        0.000042
   0.0000000000   38.0000000000        1.416570        0.000042
   0.0000000000   39.0000000000        1.417115        0.000042
   0.0000000000   40.0000000000        1.417669        0.000042
   0.0000000000   41.0000000000        1.418233        0.000042
   0.0000000000   42.0000000000        1.418806        0.000042
   0.0000000000   43.0000000000        1.419388        0.000042
   0.0000000000   44.0000000000        1.419980        0.000042
   0.0000000000   45.0000000000        1.420580        0.000042
   0.0000000000   46.0000000000        1.421190        0.000042
   0.0000000000   47.0000000000        1.421809        0.000042
   0.0000000000   48.0000000000        1.422436        0.000042
   0.0000000000   49.0000000000        1.423073        0.000042
   0.0000000000   50.0000000000        1.423718        0.000042
   0.0000000000   51.0000000000        1.424373        0.000042
   0.0000000000   52.0000000000        1.425037        0.000042
   0.0000000000   53.0000000000        1.425709        0.000042
   0.0000000000   54.0000000000        1.426391        0.000042
   0.0000000000   55.0000000000        1.427082        0.000042
   0.0000000000   56.0000000000        1.427781        0.000042
   0.0000000000   57.0000000000        1.428490        0.000042
   0.0000000000   58.0000000000        1.429208        0.000042
   0.0000000000   59.0000000000        1.429935        0.000042
   0.0000000000   60.0000000000        1.430671        0.000042
   0.0000000000   61.0000000000        1.431417        0.000043
   0.0000000000   62.0000000000        1.432172        0.000043
   0.0000000000   63.0000000000        1.432936        0.000043
   0.0000000000   64.0000000000        1.433710        0.000043
   0.0000000000   65.0000000000        1.434493        0.000043
   0.0000000000   66.0000000000        1.435287        0.000043
   0.0000000000   67.0000000000        1.436090        0.000043
   0.0000000000   68.0000000000        1.436902        0.000043
   0.0000000000   69.0000000000        1.437725        0.000044
   0.0000000000   70.0000000000        1.438557        0.000044
   0.0000000000   71.0000000000        1.439400        0.000044
   0.0000000000   72.0000000000        1.440254        0.000044
   0.0000000000   73.0000000000        1.441117        0.000044
   0.0000000000   74.0000000000        1.441991        0.000044
   0.0000000000   75.0000000000        1.442876        0.000045
   0.0000000000   76.0000000000        1.443772        0.000045
   0.0000000000   77.0000000000        1.444678        0.000045
   0.0000000000   78.0000000000        1.445596        0.000045
   0.0000000000   79.0000000000        1.446525        0.000045
   0.0000000000   80.0000000000        1.447464        0.000046
   0.0000000000   81.0000000000        1.448416        0.000046
   0.0000000000   82.0000000000        1.449379        0.000046
   0.0000000000   83.0000000000        1.450354        0.000046
   0.0000000000   84.0000000000        1.451341        0.000047
   0.0000000000   85.0000000000        1.452340        0.000047
   0.0000000000   86.0000000000        1.453351        0.000047
   0.0000000000   87.0000000000        1.454374        0.000047
   0.0000000000   88.0000000000        1.455411        0.000048
   0.0000000000   89.0000000000        1.456460        0.000048
   0.0000000000   90.0000000000        1.457521        0.000048
   0.0000000000   91.0000000000        1.458597        0.000048
   0.0000000000   92.0000000000        1.459685        0.000049
   0.0000000000   93.0000000000        1.460787        0.000049
   0.0000000000   94.0000000000        1.461902        0.000049
   0.0000000000   95.0000000000        1.463032        0.000050
   0.0000000000   96.0000000000        1.464175        0.000050
   0.0000000000   97.0000000000        1.465333        0.000050
   0.0000000000   98.0000000000        1.466506        0.000051
   0.0000000000   99.0000000000        1.467692        0.000051
   0.0000000000  100.0000000000      123.953509       16.674216
   0.0000000000  101.0000000000      145.321010        5.241943
   0.0000000000  102.0000000000      158.785149        4.036353
   0.0000000000  103.0000000000      170.400701        3.489112
   0.0000000000  104.0000000000      181.135564        3.162530
   0.0000000000  105.0000000000      191.370260        2.940971
   0.0000000000  106.0000000000      201.305324        2.778844
   0.0000000000  107.0000000000      211.057691        2.654130
   0.0000000000  108.0000000000      220.700038        2.554726
   0.0000000000  109.0000000000      230.291759        2.473326
   0.0000000000  110.0000000000      239.865350        2.405270
   0.0000000000  111.0000000000      249.455719        2.347397
   0.0000000000  112.0000000000      259.079130        2.297497
   0.0000000000  113.0000000000      268.757175        2.253962
   0.0000000000  114.0000000000      278.504088        2.215595
   0.0000000000  115.0000000000      288.333350        2.181487
   0.0000000000  116.0000000000      298.250727        2.150926
   0.0000000000  117.0000000000      308.266956        2.123356
   0.0000000000  118.0000000000      318.388950        2.098327
   0.0000000000  119.0000000000      328.622611        2.075476
   0.0000000000  120.0000000000      338.974618        2.054506
   0.0000000000  121.0000000000      349.445593        2.035165
   0.0000000000  122.0000000000      360.041437        2.017248
   0.0000000000  123.0000000000      370.765281        2.000580
   0.0000000000  124.0000000000      381.619796        1.985014
   0.0000000000  125.0000000000      392.607242        1.970421
   0.0000000000  126.0000000000      403.729513        1.956692
