#solute size       Temp        p_0 p_meanfield        v_h      kappa      alpha          g          h         Cp 
   0.0000000000 -173.0000000000 6.754534777133829e-0510 0.14389939808285204 1.521578477030862 2.618292092951217e-05 0.0005643471495767919 -42.5120402897945 -38.523642735836596 57.15899316337461
   0.0000000000 -172.0000000000 6.754534777133829e-0510 0.14373867508617844 1.5224293614547075 2.5979877288737708e-05 0.0005538149500674095 -42.4958872343815 -38.46719516273556 57.08828304243077
   0.0000000000 -171.0000000000 6.754534777133829e-0510 0.1435811158980127 1.5232648822006283 2.5778656442113977e-05 0.000543548822238073 -42.4797802001632 -38.410793145771315 57.019997026790456
   0.0000000000 -170.0000000000 6.754534777133829e-0510 0.14342663534968636 1.5240854130255534 2.5579294024635202e-05 0.0005335410178549926 -42.4637179664193 -38.354435498754725 56.95402376403463
   0.0000000000 -169.0000000000 6.754534777133829e-0510 0.1432751509861101 1.5248913173396768 2.5381820528060854e-05 0.0005237839940675048 -42.4476993502275 -38.29812107119482 56.89025846934443
   0.0000000000 -168.0000000000 6.754534777133829e-0510 0.14312658297913633 1.525682948450174 2.518626174064802e-05 0.0005142704110329411 -42.4317232051718 -38.24184874714665 56.82860248142828
   0.0000000000 -167.0000000000 6.754534777133829e-0510 0.14298085404322794 1.5264606498041744 2.4992639148656063e-05 0.0005049931287674162 -42.4157884200641 -38.185617444064235 56.76896285865293
   0.0000000000 -166.0000000000 6.754534777133829e-0510 0.14283788935355296 1.5272247552297515 2.4800970343079192e-05 0.0004959452034169353 -42.399893917677 -38.129426111657814 56.71125201132679
   0.0000000000 -165.0000000000 6.754534777133829e-0510 0.14269761646660262 1.5279755891738478 2.461126937765312e-05 0.0004871198829023999 -42.3840386534862 -38.07327373075493 56.65538736728642
   0.0000000000 -164.0000000000 6.754534777133829e-0510 0.1425599652434263 1.528713466936081 2.4423547123061134e-05 0.0004785106019725198 -42.3682216144205 -38.01715931216322 56.601291070275835
   0.0000000000 -163.0000000000 6.754534777133829e-0510 0.1424248677755607 1.5294386948975145 2.423781158004035e-05 0.0004701109768410406 -42.3524418176166 -37.96108189553298 56.548889705544376
   0.0000000000 -162.0000000000 6.754534777133829e-0510 0.1422922583137203 1.530151570743502 2.4054068198326733e-05 0.00046191479927474736 -42.336698309174 -37.90504054821648 56.49811405438353
   0.0000000000 -161.0000000000 6.754534777133829e-0510 0.14216207319931734 1.5308523836797472 2.3872320187196202e-05 0.00045391603035393807 -42.3209901629064 -37.84903436412057 56.44889887302375
   0.0000000000 -160.0000000000 6.754534777133829e-0510 0.14203425079886636 1.5315414146408268 2.3692568777205157e-05 0.0004461087936414539 -42.3053164790856 -37.79306246254852 56.40118269703967
   0.0000000000 -159.0000000000 6.754534777133829e-0510 0.14190873144134108 1.5322189364903496 2.3514813509666832e-05 0.00043848736810537674 -42.2896763831703 -37.73712398702604 56.35490766786257
   0.0000000000 -158.0000000000 6.754534777133829e-0510 0.14178545735853237 1.5328852142120337 2.333905250231321e-05 0.0004310461805219897 -42.2740690245158 -37.681218104106485 56.31001938240859
   0.0000000000 -157.0000000000 6.754534777133829e-0510 0.14166437262847917 1.5335405050909285 2.3165282708061018e-05 0.0004237797975129987 -42.2584935750556 -37.62534400214865 56.266466763697494
   0.0000000000 -156.0000000000 6.754534777133829e-0510 0.14154542312202936 1.5341850588840202 2.2993500174522664e-05 0.000416682917152493 -42.2429492279489 -37.569500890060745 56.224201952385634
   0.0000000000 -155.0000000000 6.754534777133829e-0510 0.1414285564526057 1.534819117979475 2.2823700298082142e-05 0.00040975036012355696 -42.2274351961847 -37.51368799600272 56.18318021946693
   0.0000000000 -154.0000000000 6.754534777133829e-0510 0.1413137219292525 1.5354429175436886 2.2655878082422046e-05 0.00040297706047704476 -42.2119507111329 -37.45790456603854 56.14335989816182
   0.0000000000 -153.0000000000 6.754534777133829e-0510 0.14120087051304037 1.536056685655382 2.2490028384537752e-05 0.00039635805584040416 -42.1964950210339 -37.40214986272982 56.104702336914315
   0.0000000000 -152.0000000000 6.754534777133829e-0510 0.1410899547769304 1.5366606434258359 2.2326146189568995e-05 0.00038988847722677515 -42.181067389413 -37.34642316366006 56.06717187139951
   0.0000000000 -151.0000000000 6.754534777133829e-0510 0.1409809288691889 1.5372550051044342 2.216422686267222e-05 0.0003835635382026902 -42.1656670934105 -37.29072375987955 56.03073581812175
   0.0000000000 -150.0000000000 6.754534777133829e-0510 0.14087374848047118 1.5378399781685368 2.2004266426304902e-05 0.0003773785236047342 -42.1502934220134 -37.235050954258476 55.99536448717791
   0.0000000000 -149.0000000000 6.754534777133829e-0510 0.14076837081468999 1.5384157633967306 2.1846261847577625e-05 0.0003713287776313404 -42.134945674174 -37.17940405973611 55.961031215897364
   0.0000000000 -148.0000000000 6.754534777133829e-0510 0.140664754563803 1.5389825549244285 2.1690211320150053e-05 0.0003654096912467644 -42.1196231568021 -37.12378239745233 55.927712424818445
   0.0000000000 -147.0000000000 6.754534777133829e-0510 0.1405628598866688 1.5395405402806952 2.153611457471025e-05 0.00035961668901169714 -42.104325182614 -37.06818529474671 55.8953876934621
   0.0000000000 -146.0000000000 6.754534777133829e-0510 0.14046264839212053 1.54008990040517 2.138397320389593e-05 0.0003539452151357181 -42.0890510678206 -37.012612083009934 55.86403986009514
   0.0000000000 -145.0000000000 6.754534777133829e-0510 0.14036408312643658 1.5406308096438763 2.1233790993573966e-05 0.00034839071877127315 -42.0738001296379 -36.95706209537018 55.83365514341819
   0.0000000000 -144.0000000000 6.754534777133829e-0510 0.14026712856538323 1.5411634357225963 2.1085574269691427e-05 0.00034294863856837194 -42.0585716835986 -36.90153466419732 55.80422328787462
   0.0000000000 -143.0000000000 6.754534777133829e-0510 0.14017175061103654 1.5416879396964962 2.093933229664887e-05 0.0003376143863093373 -42.043365040645 -36.846029118405504 55.77573773420735
   0.0000000000 -142.0000000000 6.754534777133829e-0510 0.14007791659358867 1.5422044758745257 2.079507763938767e-05 0.0003323833296543975 -42.0281795039814 -36.790544780533985 55.74819581497197
   0.0000000000 -141.0000000000 6.754534777133829e-0510 0.13998559527836316 1.5427131917171495 2.0652826632046066e-05 0.00032725077400212044 -42.013014365662 -36.73508096358527 55.72159897592616
   0.0000000000 -140.0000000000 6.754534777133829e-0510 0.13989475687829 1.5432142277057446 2.0512599792546697e-05 0.00032221194328930304 -41.9978689028898 -36.67963696759703 55.69595302528235
   0.0000000000 -139.0000000000 6.754534777133829e-0510 0.13980537307208504 1.5437077171820852 2.0374422304633583e-05 0.0003172619597510294 -41.9827423740001 -36.624212075924994 55.67126841108307
   0.0000000000 -138.0000000000 6.754534777133829e-0510 0.139717417028407 1.544193786156125 2.0238324532299517e-05 0.0003123958225800721 -41.967634014102 -36.56880555121093 55.64756052793235
   0.0000000000 -137.0000000000 6.754534777133829e-0510 0.13963086343628336 1.5446725530802727 2.010434254689237e-05 0.00030760838547027995 -41.9525430303475 -36.5134166310091 55.62485005409887
   0.0000000000 -136.0000000000 6.754534777133829e-0510 0.13954568854209304 1.5451441285882852 1.997251872843527e-05 0.00030289433291057476 -41.9374685967994 -36.45804452304413 55.60316332050047
   0.0000000000 -135.0000000000 6.754534777133829e-0510 0.1394618701934333 1.54560861519674 1.9842902344375544e-05 0.0002982481552037648 -41.9224098488639 -36.402688400070154 55.58253271210873
   0.0000000000 -134.0000000000 6.754534777133829e-0510 0.13937938789019255 1.546066106967109 1.971555022205052e-05 0.00029366412227095547 -41.907365877257 -36.347347394301366 55.56299710321471
   0.0000000000 -133.0000000000 6.754534777133829e-0510 0.1392982228431721 1.5465166891262188 1.9590527404622725e-05 0.00028913625597819443 -41.8923357214673 -36.292020591381586 55.5446023281619
   0.0000000000 -132.0000000000 6.754534777133829e-0510 0.1392183580406254 1.546960437642943 1.946790793025486e-05 0.00028465830113236766 -41.8773183626801 -36.23670702385982 55.527401687681476
   0.0000000000 -131.0000000000 6.754534777133829e-0510 0.13913977832307675 1.5473974187587964 1.934777557943797e-05 0.00028022369497765465 -41.862312716125 -36.18140566413699 55.51145649340897
   0.0000000000 -130.0000000000 6.754534777133829e-0510 0.1390624704668167 1.5478276884700461 1.9230224669401346e-05 0.0002758255351902363 -41.8473176228053 -36.12611541684752 55.49683664925226
   0.0000000000 -129.0000000000 6.754534777133829e-0510 0.13898642327646957 1.5482512919589742 1.9115360993144617e-05 0.00027145654628960735 -41.8323318405715 -36.0708351106388 55.48362127482072
   0.0000000000 -128.0000000000 6.754534777133829e-0510 0.13891162768705478 1.5486682629716655 1.9003302688578833e-05 0.00026710904452492516 -41.8173540344923 -36.01556348930933 55.471899366446564
   0.0000000000 -127.0000000000 6.754534777133829e-0510 0.13883807687597108 1.5490786231398121 1.8894181230930174e-05 0.0002627749009934212 -41.8023827664829 -35.96029920226528 55.46177050199794
   0.0000000000 -126.0000000000 6.754534777133829e-0510 0.13876576638534235 1.5494823812438772 1.8788142457250254e-05 0.0002584455031072005 -41.7874164841417 -35.90504079425472 55.453345587008705
   0.0000000000 -125.0000000000 6.754534777133829e-0510 0.13869469425519945 1.5498795324148205 1.868534765167222e-05 0.0002541117143348901 -41.7724535087501 -35.84978669433557 55.44674764453594
   0.0000000000 -124.0000000000 6.754534777133829e-0510 0.13862486116794243 1.550270057271738 1.8585974737040844e-05 0.0002497638322244433 -41.7574920223872 -35.794535204034915 55.44211264722572
   0.0000000000 -123.0000000000 6.754534777133829e-0510 0.13855627060459952 1.5506539209924528 1.849021938496448e-05 0.0002453915443658967 -41.7425300541084 -35.73928448465315 55.439590396705675
   0.0000000000 -122.0000000000 6.754534777133829e-0510 0.13848892901335558 1.5510310723142458 1.8398296383805244e-05 0.00024098388279079224 -41.7275654651379 -35.68403254366762 55.439345444730854
   0.0000000000 -121.0000000000 6.754534777133829e-0510 0.1384228459908732 1.5514014424617941 1.8310440941593503e-05 0.00023652917632974011 -41.7125959330231 -35.628777220188574 55.441558060381205
   0.0000000000 -120.0000000000 6.754534777133829e-0510 0.1383580344769271 1.5517649439992942 1.8226910046289308e-05 0.00023201500096068438 -41.6976189346968 -35.57351616941898 55.44642524274079
   0.0000000000 -119.0000000000 6.754534777133829e-0510 0.13829451096289094 1.5521214696038137 1.8147984054824386e-05 0.0002274281284746735 -41.6826317283941 -35.51824684606988 55.4541617758676
   0.0000000000 -118.0000000000 6.754534777133829e-0510 0.13823229571461396 1.5524708907568356 1.807396811283622e-05 0.00022275447286094783 -41.6676313343682 -35.46296648668171 55.46500132971799
   0.0000000000 -117.0000000000 6.754534777133829e-0510 0.1381714130102683 1.5528130563509654 1.800519386467966e-05 0.0002179790348910323 -41.6526145143511 -35.40767209080194 55.47919760257444
   0.0000000000 -116.0000000000 6.754534777133829e-0510 0.1381118913937068 1.5531477912086997 1.79420211150439e-05 0.00021308584467642186 -41.6375777497018 -35.35236040096875 55.497025504088775
   0.0000000000 -115.0000000000 6.754534777133829e-0510 0.13805376394394137 1.5534748945103443 1.788483960648366e-05 0.00020805790217950964 -41.6225172181879 -35.29702788145163 55.51878237869714
   0.0000000000 -114.0000000000 6.754534777133829e-0510 0.1379970685613243 1.5537941381279603 1.7834070925172506e-05 0.00020287711579784044 -41.6074287693429 -35.24167069569802 55.54478926467129
   0.0000000000 -113.0000000000 6.754534777133829e-0510 0.13794166127994265 1.5541053371002826 1.7790168116872878e-05 0.0001975241335415809 -41.5923129944064 -35.18628971659116 55.57538757570323
   0.0000000000 -112.0000000000 6.754534777133829e-0510 0.13788796742357387 1.5544080575897221 1.7753626366520785e-05 0.0001919787201463599 -41.5771547420022 -35.13087029281147 55.610958703733814
   0.0000000000 -111.0000000000 6.754534777133829e-0510 0.137835851028106 1.554702052202492 1.7724972849490482e-05 0.00018621899488182147 -41.5619538923064 -35.075412651883475 55.65189816660583
   0.0000000000 -110.0000000000 6.754534777133829e-0510 0.13778537248565018 1.554986964942121 1.770477667683847e-05 0.00018022184618715636 -41.5467047054675 -35.01991150121897 55.69863497273714
   0.0000000000 -109.0000000000 6.754534777133829e-0510 0.1377365987098319 1.5552624026662847 1.7693649412233832e-05 0.00017396273460969358 -41.5314009670358 -34.964361113655855 55.75162852997695
   0.0000000000 -108.0000000000 6.754534777133829e-0510 0.13768960353463558 1.5555279327991411 1.7692247355778437e-05 0.00016741562027389358 -41.5160359536922 -34.908755296188694 55.8113700254385
   0.0000000000 -107.0000000000 6.754534777133829e-0510 0.13764446813416395 1.5557830809317132 1.7701274137656032e-05 0.0001605528887615868 -41.5006023972155 -34.853087357110255 55.87838380161244
   0.0000000000 -106.0000000000 6.754534777133829e-0510 0.13760128146389816 1.5560273283086719 1.7721483230334896e-05 0.00015334527556477322 -41.48509244665 -34.797350071536435 55.953228714191724
   0.0000000000 -105.0000000000 6.754534777133829e-0510 0.1375601407240413 1.5562601092002493 1.7753680661742797e-05 0.00014576178939539432 -41.4694976286515 -34.74153564529435 56.03649946088002
   0.0000000000 -104.0000000000 6.754534777133829e-0510 0.13752115184545938 1.5564808081583654 1.7798727755645038e-05 0.00013776963470495086 -41.4538088059909 -34.685635677162026 56.128827862816344
   0.0000000000 -103.0000000000 6.754534777133829e-0510 0.13748442999874005 1.5566887571567907 1.7857544024279732e-05 0.00012933413336702933 -41.4380161342086 -34.62964111945654 56.23088408627911
   0.0000000000 -102.0000000000 6.754534777133829e-0510 0.13745010012682032 1.5568832326156812 1.793111007981481e-05 0.00012041864630408432 -41.4221090164237 -34.57354223698087 56.343377778743665
   0.0000000000 -101.0000000000 6.754534777133829e-0510 0.1374182975015672 1.5570634523116405 1.8020470776553917e-05 0.00011098449541568854 -41.406076056317 -34.51732856435196 56.467059100248655
   0.0000000000 -100.0000000000 6.754534777133829e-0510 0.13738916830462305 1.5572285721755947 1.812673817032334e-05 0.00010099088598378396 -41.3899050093232 -34.46098886174994 56.6027196237781
   0.0000000000  -99.0000000000 6.754534777133829e-0510 0.13736287023272298 1.5573776829815635 1.8251094886096222e-05 9.03948307175455e-05 -41.3735827320876 -34.40451106914691 56.7511930733437
   0.0000000000  -98.0000000000 6.754534777133829e-0510 0.13733957312755746 1.5575098069310949 1.8394797375101016e-05 7.915107594386547e-05 -41.3570951302681 -34.347882259097176 56.91335586598584
   0.0000000000  -97.0000000000 6.754534777133829e-0510 0.13731965612646288 1.5576238149777712 1.855919805464334e-05 6.721155108118994e-05 -41.3404216277355 -34.29108318559356 57.090140395095865
   0.0000000000  -96.0000000000 6.754534777133829e-0510 0.1373029287883215 1.5577187365090739 1.874567559020437e-05 5.452714106197412e-05 -41.3235568296462 -34.234109658354924 57.28248452583422
   0.0000000000  -95.0000000000 6.754534777133829e-0510 0.1372897926441873 1.5577932901465135 1.895574474307672e-05 4.104497440416396e-05 -41.3064781397616 -34.176940602327825 57.49140529003174
   0.0000000000  -94.0000000000 6.754534777133829e-0510 0.13728047305192945 1.5578461877157443 1.9190990828524423e-05 2.6710069877145872e-05 -41.2891671045274 -34.119559119430036 57.7179500045853
   0.0000000000  -93.0000000000 6.754534777133829e-0510 0.13727521104921883 1.557876054090562 1.945308992490164e-05 1.1464880869614666e-05 -41.2716040376997 -34.06194719062245 57.96320696490847
   0.0000000000  -92.0000000000 6.754534777133829e-0510 0.13727426412591504 1.5578814233503893 1.974381213853443e-05 -4.750739431128089e-06 -41.2537679616064 -34.004085623402325 58.228303832368674
   0.0000000000  -91.0000000000 6.754534777133829e-0510 0.13727790701563813 1.557860734926003 2.0065024897150424e-05 -2.199956001438311e-05 -41.2356365483484 -33.94595399940868 58.51440544916019
   0.0000000000  -90.0000000000 6.754534777133829e-0510 0.13728643250406908 1.5578123297602844 2.041869603296465e-05 -4.034697780794896e-05 -41.2171860614029 -33.887530622580435 58.822710989352494
   0.0000000000  -89.0000000000 6.754534777133829e-0510 0.13730015225080897 1.5577344465164396 2.0806896642418825e-05 -5.986100444847289e-05 -41.1983912981765 -33.8287924683914 59.154450363614444
   0.0000000000  -88.0000000000 6.754534777133829e-0510 0.13731939762082165 1.557625217871492 2.1231803727391194e-05 -8.06122298574693e-05 -41.1792255341558 -33.76971513477483 59.51087977834721
   0.0000000000  -87.0000000000 6.754534777133829e-0510 0.13734452052052623 1.5574826669404178 2.1695702420143214e-05 -0.00010267375835287638 -41.1596604694137 -33.71027279545582 59.89327634094653
   0.0000000000  -86.0000000000 6.754534777133829e-0510 0.1373758942323572 1.557304703883728 2.2200987596914537e-05 -0.00012612111215044166 -41.1396661783601 -33.6504381565308 60.30293160179279
   0.0000000000  -85.0000000000 6.754534777133829e-0510 0.13741391424033103 1.5570891227606718 2.275016528638094e-05 -0.00015103209619666194 -41.1192110637661 -33.590182417263485 60.741143904264625
   0.0000000000  -84.0000000000 6.754534777133829e-0510 0.13745899903742098 1.556833598700836 2.334585285771148e-05 -0.00017748661744265836 -41.0982618162628 -33.52947523622241 61.20920941539447
   0.0000000000  -83.0000000000 6.754534777133829e-0510 0.13751159090361575 1.5565356854784955 2.3990778417581023e-05 -0.00020556645049646683 -41.0767833806934 -33.46828470405525 61.7084116964858
   0.0000000000  -82.0000000000 6.754534777133829e-0510 0.13757215664127267 1.5561928135883545 2.4687779214529437e-05 -0.00023535494074512043 -41.0547389309133 -33.40657732438583 62.240009671051844
   0.0000000000  -81.0000000000 6.754534777133829e-0510 0.13764118825161153 1.5558022889363794 2.5439798424282755e-05 -0.000266936633955951 -41.0320898548634 -33.34431800453761 62.80522383479939
   0.0000000000  -80.0000000000 6.754534777133829e-0510 0.13771920353302725 1.5553612922776416 2.6249880237989085e-05 -0.00030039682059345395 -41.0087957520076 -33.2814700580249 63.40522056027441
   0.0000000000  -79.0000000000 6.754534777133829e-0510 0.13780674657821415 1.5548668795527627 2.7121162943449034e-05 -0.00033582098087354875 -40.984814445513 -33.21799522101799 64.04109433470762
   0.0000000000  -78.0000000000 6.754534777133829e-0510 0.1379043881426333 1.5543159832974744 2.8056869423670628e-05 -0.0003732941152259014 -40.9601020118783 -33.15385368528329 64.71384779330232
   0.0000000000  -77.0000000000 6.754534777133829e-0510 0.13801272585196955 1.5537054153250214 2.9060294728696905e-05 -0.0004128999419175893 -40.9346128310666 -33.0890041504145 65.42436938968508
   0.0000000000  -76.0000000000 6.754534777133829e-0510 0.13813238421015656 1.553031870909383 3.0134789943915585e-05 -0.0004547199423163268 -40.9082996605857 -33.02340389852139 66.17340858887633
   0.0000000000  -75.0000000000 6.754534777133829e-0510 0.13826401436304853 1.5522919347286699 3.128374194346902e-05 -0.0004988322316650246 -40.8811137373728 -32.95700889490798 66.96154847010996
   0.0000000000  -74.0000000000 6.754534777133829e-0510 0.13840829356501777 1.5514820888620695 3.251054815511914e-05 -0.0005453102307989795 -40.8530049117809 -32.88977391866498 67.78917566747108
   0.0000000000  -73.0000000000 6.754534777133829e-0510 0.1385659242870727 1.5505987231712213 3.3818585209572696e-05 -0.0005942211114983701 -40.8239218184271 -32.82165272750528 68.65644760767205
   0.0000000000  -72.0000000000 6.754534777133829e-0510 0.13873763289552385 1.5496381484355028 3.5211171144246106e-05 -0.0006456239879251225 -40.7938120891231 -32.75259826157195 69.56325707909492
   0.0000000000  -71.0000000000 6.754534777133829e-0510 0.1389241678193815 1.5485966126531119 3.6691519035494026e-05 -0.0006995678218324749 -40.7626226135775 -32.68256289134871 70.50919421669839
   0.0000000000  -70.0000000000 6.754534777133829e-0510 0.13912669735216693 1.5474700143982238 3.8262967968138315e-05 -0.0007560973876240422 -40.7302875501366 -32.61148674600026 71.49362577413123
   0.0000000000  -69.0000000000 6.754534777133829e-0510 0.1393452950568384 1.546255070944123 3.992785804406799e-05 -0.0008152194205381775 -40.6967750771624 -32.53934319599424 72.51520543250658
   0.0000000000  -68.0000000000 6.754534777133829e-0510 0.1395810903268711 1.5449477306099528 4.1688939930749645e-05 -0.0008769432091516686 -40.6620218220248 -32.46607501293123 73.572461371619
   0.0000000000  -67.0000000000 6.754534777133829e-0510 0.139834892987882 1.5435442265809785 4.354835005859458e-05 -0.0009412495756433303 -40.6259753132926 -32.39163567881803 74.66335242085395
   0.0000000000  -66.0000000000 6.754534777133829e-0510 0.1401075155773661 1.5420408736117643 4.550772615804012e-05 -0.0010080934406097278 -40.5885845406506 -32.31598016769293 75.78531740914042
   0.0000000000  -65.0000000000 6.754534777133829e-0510 0.1403997662800577 1.5404341136145174 4.756808495478643e-05 -0.00107739944879466 -40.5498006304701 -32.23906557109978 76.93523054785892
   0.0000000000  -64.0000000000 6.754534777133829e-0510 0.14071244047957776 1.538720568083924 4.972968344683936e-05 -0.0011490571845616181 -40.5095776127371 -32.16085180549385 78.10935892367375
   0.0000000000  -63.0000000000 6.754534777133829e-0510 0.141046310766783 1.5368970978456957 5.199186155021787e-05 -0.0012229160086823015 -40.4678732833678 -32.081302404639246 79.30332371322191
   0.0000000000  -62.0000000000 6.754534777133829e-0510 0.14140211525147242 1.5349608705091866 5.435286728075062e-05 -0.0012987795871698905 -40.4246501638648 -32.00038539804452 80.51206705788583
   0.0000000000  -61.0000000000 6.754534777133829e-0510 0.14178054404127122 1.5329094358368847 5.680966473381322e-05 -0.0013764002235260226 -40.3798765573072 -31.918074273665695 81.72982692807209
   0.0000000000  -60.0000000000 6.754534777133829e-0510 0.14218287033118668 1.530740105730491 5.935847897938771e-05 -0.0014554932205327936 -40.3335066220057 -31.834328760078648 82.95034843241513
   0.0000000000  -59.0000000000 6.754534777133829e-0510 0.14260852429144344 1.5284526354936108 6.19918134695869e-05 -0.0015356571996905503 -40.2855599667621 -31.74917130986809 84.16603862900934
   0.0000000000  -58.0000000000 6.754534777133829e-0510 0.14305846565499983 1.5260457041594562 6.470208420792185e-05 -0.0016164728737919326 -40.2360127414623 -31.662582232213712 85.36917290642953
   0.0000000000  -57.0000000000 6.754534777133829e-0510 0.14353302795718073 1.5235192769379327 6.747899732187822e-05 -0.0016974340496453263 -40.1848682334244 -31.57456754325582 86.55118230544919
   0.0000000000  -56.0000000000 6.754534777133829e-0510 0.14403240161417805 1.5208741788132096 7.030991610147278e-05 -0.0017779602431920692 -40.132141806665 -31.485144366249934 87.70289192171815
   0.0000000000  -55.0000000000 6.754534777133829e-0510 0.1445566098047963 1.518112201043119 7.317969431082803e-05 -0.0018573959540433484 -40.0778622066233 -31.394342077678928 88.81460936251425
   0.0000000000  -54.0000000000 6.754534777133829e-0510 0.14510548368608486 1.5152362044996779 7.607056185805204e-05 -0.0019350125504054207 -40.022072775983 -31.3022033618023 89.87624387650713
   0.0000000000  -53.0000000000 6.754534777133829e-0510 0.1456794637190518 1.5122491151403086 7.896322956754054e-05 -0.002010040020811428 -39.9648048124352 -31.208758741815668 90.87768042651007
   0.0000000000  -52.0000000000 6.754534777133829e-0510 0.146276491216979 1.509158082172732 8.183268647939701e-05 -0.0020815760835315596 -39.9061818091515 -31.114125748341053 91.80811255803312
   0.0000000000  -51.0000000000 6.754534777133829e-0510 0.14689633235405014 1.5059688376027742 8.465436443911653e-05 -0.002148741096124721 -39.8462744478584 -31.018370658856796 92.65748330504273
   0.0000000000  -50.0000000000 6.754534777133829e-0510 0.14753782734149617 1.5026893009699005 8.740071527094238e-05 -0.0022106074023636505 -39.7851922431531 -30.921595741552448 93.41595246590741
   0.0000000000  -49.0000000000 6.754534777133829e-0510 0.14819952579536427 1.499328742023415 9.004258542419534e-05 -0.002266243750838573 -39.7230615691604 -30.823918226838558 94.074353028267
   0.0000000000  -48.0000000000 6.754534777133829e-0510 0.14887968183157949 1.4958977448757211 9.254987272845776e-05 -0.0023147430603259285 -39.6600248085741 -30.725469437052734 94.6244738975207
   0.0000000000  -47.0000000000 6.754534777133829e-0510 0.14957625776089048 1.4924081275663232 9.489234247606653e-05 -0.00235525372274731 -39.5962389223953 -30.62639339324955 95.05934269009862
   0.0000000000  -46.0000000000 6.754534777133829e-0510 0.15028798665984802 1.4888712321254385 9.704190666482862e-05 -0.002387035299599181 -39.5318382934152 -30.526811766145688 95.37356103466377
   0.0000000000  -45.0000000000 6.754534777133829e-0510 0.1510104012538177 1.4853037544548284 9.89685302070036e-05 -0.002409403485510696 -39.4670660723407 -30.42694778607268 95.56323418753819
   0.0000000000  -44.0000000000 6.754534777133829e-0510 0.15174157715806197 1.4817189693001822 0.00010064870029793457 -0.0024218910112479616 -39.4020795627974 -30.32694267256494 95.62664216891548
   0.0000000000  -43.0000000000 6.754534777133829e-0510 0.15247854622102783 1.4781318974102609 0.0001020617027409373 -0.0024241891150956728 -39.3370686191641 -30.22696748095758 95.56401673829659
   0.0000000000  -42.0000000000 6.754534777133829e-0510 0.15321821795255847 1.474557725358064 0.00010319165160452727 -0.0024161866366917764 -39.2722227621255 -30.12719219458157 95.37766322241576
   0.0000000000  -41.0000000000 6.754534777133829e-0510 0.1539574394526682 1.4710115038999034 0.00010402817237293834 -0.0023979791692450673 -39.2077273689645 -30.027782297995117 95.07190842246814
   0.0000000000  -40.0000000000 6.754534777133829e-0510 0.15469305890303153 1.4675078465805769 0.00010456681969650764 -0.002369867704609663 -39.14375998891 -29.928895492838386 94.65296122361696
   0.0000000000  -39.0000000000 6.754534777133829e-0510 0.15542198938009127 1.46406064410277 0.00010480918926828811 -0.002332346613688759 -39.0804869718812 -29.830678724148026 94.128693318616
   0.0000000000  -38.0000000000 6.754534777133829e-0510 0.15614126968716008 1.4606828089195572 0.00010476271696300036 -0.002286081888142999 -39.0180605758319 -29.73326566192336 93.50835450039726
   0.0000000000  -37.0000000000 6.754534777133829e-0510 0.1568481191654215 1.4573860620447605 0.00010444018863440878 -0.002231881509692783 -38.956616679076 -29.63677474601135 92.80224235780838
   0.0000000000  -36.0000000000 6.754534777133829e-0510 0.1575410302830801 1.4541791803446988 0.0001038595060032174 -0.002170653068458032 -38.8962404351249 -29.54127727402026 92.02108211675929
   0.0000000000  -35.0000000000 6.754534777133829e-0510 0.1582156570987421 1.4510742072392409 0.00010304072912951346 -0.002103393201799754 -38.8370954889805 -29.446918273269176 91.17670958633398
   0.0000000000  -34.0000000000 6.754534777133829e-0510 0.15887099237428715 1.4480770092298578 0.00010200827437764116 -0.0020311144736589733 -38.7792302701433 -29.353735629171922 90.2802391966175
   0.0000000000  -33.0000000000 6.754534777133829e-0510 0.15950533448507684 1.4451934631991574 0.00010078771815301031 -0.001954832018715625 -38.7227059556911 -29.261779768849024 89.3427316404977
   0.0000000000  -32.0000000000 6.754534777133829e-0510 0.16011728707328537 1.4424279755733553 9.940540000449496e-05 -0.0018755291564495848 -38.66756589937 -29.171085153946642 88.3747183359285
   0.0000000000  -31.0000000000 6.754534777133829e-0510 0.16070575292755707 1.4397835643099366 9.78875701742674e-05 -0.0017941332860369934 -38.6138369389824 -29.08167154046326 87.38601179622485
   0.0000000000  -30.0000000000 6.754534777133829e-0510 0.16126992020827866 1.437261968769896 9.625967420209858e-05 -0.0017114979573688428 -38.5615309827898 -28.99354547287174 86.3855719268583
   0.0000000000  -29.0000000000 6.754534777133829e-0510 0.16180924281113906 1.434863778313833 9.454579093548023e-05 -0.0016283909991957743 -38.510646761012 -28.90670190987364 85.38142491960086
   0.0000000000  -28.0000000000 6.754534777133829e-0510 0.16232341665428457 1.4325885711886663 9.27682244142328e-05 -0.0015454881497063045 -38.4611716420023 -28.82112589232771 84.38062851878982
   0.0000000000  -27.0000000000 6.754534777133829e-0510 0.16281137797221035 1.4304363748595703 9.094732812058757e-05 -0.0014633899772212502 -38.4131112127722 -28.736820076195407 83.38961310624768
   0.0000000000  -26.0000000000 6.754534777133829e-0510 0.16327522570423986 1.4284024470832604 8.91010393112105e-05 -0.0013825488375894903 -38.3663782474238 -28.653701194141505 82.4128489847984
   0.0000000000  -25.0000000000 6.754534777133829e-0510 0.16371420204739565 1.4264855701430785 8.724528477649596e-05 -0.0013033870529599776 -38.3209658082364 -28.571761343854327 81.45497569942127
   0.0000000000  -24.0000000000 6.754534777133829e-0510 0.16412870386701728 1.4246826506446457 8.539377232715826e-05 -0.0012262277308291434 -38.2768328157537 -28.490961273724498 80.51947617492732
   0.0000000000  -23.0000000000 6.754534777133829e-0510 0.16451923970027002 1.422990228516602 8.355814785804242e-05 -0.0011513215534923315 -38.2339346378526 -28.41125883694281 79.60910661315098
   0.0000000000  -22.0000000000 6.754534777133829e-0510 0.16488640754459058 1.4214045741263763 8.17481405746949e-05 -0.0010788551021195046 -38.1922241907374 -28.332609961749906 78.72597803022208
   0.0000000000  -21.0000000000 6.754534777133829e-0510 0.1652308749219665 1.4199217725404152 7.997173249847144e-05 -0.0010089592160123682 -38.1516528752676 -28.254969471149018 77.87163715930289
   0.0000000000  -20.0000000000 6.754534777133829e-0510 0.16555336129082082 1.4185377953854474 7.823533899033817e-05 -0.0009417170455302252 -38.1121713590924 -28.17829176274742 77.0471439703515
   0.0000000000  -19.0000000000 6.754534777133829e-0510 0.16585462276825944 1.4172485611311076 7.654399098606018e-05 -0.0008771715730963876 -38.0737302183765 -28.102531362095657 76.25314399854027
   0.0000000000  -18.0000000000 6.754534777133829e-0510 0.1661354390494166 1.4160499848327603 7.490151176390954e-05 -0.0008153324666363826 -38.0362804545523 -28.027643364131002 75.48993440031536
   0.0000000000  -17.0000000000 6.754534777133829e-0510 0.16639660236161935 1.4149380184775233 7.331068338405395e-05 -0.0007561822005391944 -37.9997739019468 -27.953583777496416 74.75752323717703
   0.0000000000  -16.0000000000 6.754534777133829e-0510 0.16663890826400862 1.413908683098588 7.177340046940672e-05 -0.0006996814323533241 -37.9641635416935 -27.880309785937584 74.05568190848022
   0.0000000000  -15.0000000000 6.754534777133829e-0510 0.16686314809209574 1.4129580937868065 7.029080908156288e-05 -0.0006457736568223313 -37.9294037363434 -27.807779939946546 73.38399094010597
   0.0000000000  -14.0000000000 6.754534777133829e-0510 0.16707010284717072 1.4120824786559079 6.886343066704025e-05 -0.000594389183134458 -37.8954503982783 -27.735954290538686 72.7418795321697
   0.0000000000  -13.0000000000 6.754534777133829e-0510 0.16726053833904983 1.4112781927233704 6.749127132814799e-05 -0.0005454484951530556 -37.8622611035747 -27.664794475658415 72.12865938024493
   0.0000000000  -12.0000000000 6.754534777133829e-0510 0.16743520140385018 1.4105417275656131 6.617391720007364e-05 -0.0004988650596036569 -37.8297951614795 -27.594263768318907 71.54355334090594
   0.0000000000  -11.0000000000 6.754534777133829e-0510 0.1675948170345808 1.4098697175006065 6.491061641334833e-05 -0.0004545476467714259 -37.7980136482415 -27.524327094263363 70.98571950704911
   0.0000000000  -10.0000000000 6.754534777133829e-0510 0.16774008627950238 1.4092589429494666 6.370034992645243e-05 -0.00041240223070626423 -37.7668794127127 -27.454951025719176 70.45427127620994
   0.0000000000   -9.0000000000 6.754534777133829e-0510 0.1678716847804058 1.4087063315342843 6.254189102187401e-05 -0.00037233352539540706 -37.7363570599427 -27.386103756728023 69.94829392347273
   0.0000000000   -8.0000000000 6.754534777133829e-0510 0.16799026183935803 1.408208957383535 6.143385605419868e-05 -0.0003342462138131743 -37.7064129179389 -27.31775506458475 69.46685817764934
   0.0000000000   -7.0000000000 6.754534777133829e-0510 0.1680964399178762 1.4077640390402217 6.0374746785870964e-05 -0.00029804591692419844 -37.6770149918425 -27.249876261088197 69.00903123375419
   0.0000000000   -6.0000000000 6.754534777133829e-0510 0.16819081448632525 1.4073689363013266 5.9362985624685e-05 -0.000263639945775373 -37.6481329089891 -27.182440136607426 68.57388559238106
   0.0000000000   -5.0000000000 6.754534777133829e-0510 0.16827319583140274 1.4070218681915883 5.8397116462357977e-05 -0.0002309461652418402 -37.6197560207354 -27.11543791823603 68.16065034172732
   0.0000000000   -4.0000000000 6.754534777133829e-0510 0.16834569513669476 1.4067189623459724 5.74751260759351e-05 -0.00019985934892277843 -37.5918193427496 -27.048809877036575 67.76812452772525
   0.0000000000   -3.0000000000 6.754534777133829e-0510 0.1684080134844366 1.4064587622839617 5.659554193265847e-05 -0.0001703040375504279 -37.5643166095326 -26.982551246834856 67.39559366375977
   0.0000000000   -2.0000000000 6.754534777133829e-0510 0.16846064197166924 1.4062391478202851 5.575671144050481e-05 -0.00014219865884586776 -37.5372232826629 -26.91664009467132 67.04220726550926
   0.0000000000   -1.0000000000 6.754534777133829e-0510 0.168504047106724 1.4060581161381218 5.495700328808789e-05 -0.00011546495788565722 -37.5105161154509 -26.85105564795044 66.70714223586553
   0.0000000000    0.0000000000 6.754534777133829e-0510 0.16853867163008204 1.4059137764248588 5.419481710369551e-05 -9.002805847463419e-05 -37.4841730856079 -26.785778231403278 66.38960440776317
   0.0000000000    1.0000000000 6.754534777133829e-0510 0.16856493538318873 1.4058043445334125 5.3468591067017376e-05 -6.581647436427313e-05 -37.4581733295015 -26.720789205883882 66.0888295048552
   0.0000000000    2.0000000000 6.754534777133829e-0510 0.16858323620656576 1.4057281377236988 5.2776807687921317e-05 -4.2762081539710485e-05 -37.4324970784459 -26.656070909351126 65.80408363011055
   0.0000000000    3.0000000000 6.754534777133829e-0510 0.1685939508522677 1.405683569525864 5.211799791715998e-05 -2.0800060375321784e-05 -37.4071255973389 -26.591606600266385 65.53466337717285
   0.0000000000    4.0000000000 6.754534777133829e-0510 0.1685974358987072 1.4056691447556338 5.149074408064437e-05 1.31184894618447e-07 -37.3820411258545 -26.52738040355298 65.27989564032148
   0.0000000000    5.0000000000 6.754534777133829e-0510 0.16859402865842746 1.4056834547035475 5.089368179171411e-05 2.009012329637692e-05 -37.3572268223115 -26.46337725918802 65.03913719111753
   0.0000000000    6.0000000000 6.754534777133829e-0510 0.16858404807145158 1.405725172512689 5.032550094101224e-05 3.91322062619395e-05 -37.3326667102765 -26.399582873447304 64.81177407002463
   0.0000000000    7.0000000000 6.754534777133829e-0510 0.1685677955785722 1.4057930487538959 4.978494613289261e-05 5.730998453687642e-05 -37.308345627908 -26.335983672780035 64.5972208428581
   0.0000000000    8.0000000000 6.754534777133829e-0510 0.16854555597036558 1.4058859072030698 4.927081637682514e-05 7.467323006920531e-05 -37.2842491800094 -26.27256676026115 64.394919752974
   0.0000000000    9.0000000000 6.754534777133829e-0510 0.1685175982088348 1.4060026408217607 4.878196461991002e-05 9.126906025168038e-05 -37.2603636927322 -26.209319874545486 64.20433980238369
   0.0000000000   10.0000000000 6.754534777133829e-0510 0.16848417621956316 1.4061422079394 4.831729668979573e-05 0.00010714206265936454 -37.2366761708489 -26.146231351233453 64.02497578293716
   0.0000000000   11.0000000000 6.754534777133829e-0510 0.16844552965299586 1.4063036286336807 4.7875770090531164e-05 0.0001223344185634307 -37.2131742574993 -26.083290086545958 63.8563472798143
   0.0000000000   12.0000000000 6.754534777133829e-0510 0.16840188461405137 1.4064859813040278 4.74563926205003e-05 0.00013688602457037524 -37.1898461963074 -26.020485503201645 63.69799766004491
   0.0000000000   13.0000000000 6.754534777133829e-0510 0.16835345435981067 1.4066883994319321 4.705822077574405e-05 0.00015083461090215403 -37.1666807957572 -25.957807518384747 63.54949306031991
   0.0000000000   14.0000000000 6.754534777133829e-0510 0.16830043996534771 1.4069100685212725 4.6680358160052316e-05 0.00016421585622735735 -37.1436673957161 -25.89524651369154 63.410421383354425
   0.0000000000   15.0000000000 6.754534777133829e-0510 0.16824303095809892 1.4071502232111979 4.6321953650429634e-05 0.00017706349824382194 -37.1207958359901 -25.832793306944687 63.280391309772114
   0.0000000000   16.0000000000 6.754534777133829e-0510 0.16818140592139566 1.4074081445538027 4.598219977257966e-05 0.00018940943993936207 -37.0980564267998 -25.770439125766416 63.1590313327372
   0.0000000000   17.0000000000 6.754534777133829e-0510 0.16811573306793834 1.407683157448821 4.566033081805419e-05 0.00020128385120844565 -37.0754399210676 -25.708175582805467 63.04598881763554
   0.0000000000   18.0000000000 6.754534777133829e-0510 0.16804617078414438 1.4079746282274537 4.5355621129607866e-05 0.0002127152658369758 -37.0529374884081 -25.64599465251623 62.94092909272214
   0.0000000000   19.0000000000 6.754534777133829e-0510 0.16797286814636475 1.408281962377578 4.506738336520871e-05 0.0002237306738157464 -37.0305406907198 -25.583888649392716 62.843534570003825
   0.0000000000   20.0000000000 6.754534777133829e-0510 0.1678959654100443 1.4086046024027763 4.479496673263237e-05 0.00023435560898995826 -37.0082414592809 -25.521850207566064 62.75350390060887
   0.0000000000   21.0000000000 6.754534777133829e-0510 0.16781559447293873 1.4089420258078464 4.453775539068975e-05 0.0002446142322442256 -36.9860320732538 -25.45987226167639 62.6705511626386
   0.0000000000   22.0000000000 6.754534777133829e-0510 0.16773187931351266 1.4092937432035901 4.429516675274281e-05 0.00025452941018391947 -36.9639051395109 -25.39794802893783 62.594405084867496
   0.0000000000   23.0000000000 6.754534777133829e-0510 0.16764493640566053 1.409659296524185 4.406664994658761e-05 0.0002641227895845973 -36.9418535736962 -25.33607099231732 62.52480830338987
   0.0000000000   24.0000000000 6.754534777133829e-0510 0.1675548751108958 1.4100382573504742 4.385168429460586e-05 0.0002734148677805434 -36.9198705824452 -25.274234884754215 62.46151665277346
   0.0000000000   25.0000000000 6.754534777133829e-0510 0.16746179804915673 1.4104302253330088 4.364977784840373e-05 0.0002824250589686621 -36.8979496466845 -25.21243367435052 62.404298490243534
   0.0000000000   26.0000000000 6.754534777133829e-0510 0.16736580144935034 1.4108348267088873 4.346046596406542e-05 0.00029117175692854253 -36.8760845059433 -25.150661550466783 62.35293405179965
   0.0000000000   27.0000000000 6.754534777133829e-0510 0.16726697548080494 1.4112517129066817 4.328331001377465e-05 0.00029967239399925104 -36.8542691436054 -25.0889129106607 62.307214840435
   0.0000000000   28.0000000000 6.754534777133829e-0510 0.16716540456676543 1.4116805592340969 4.311789602871976e-05 0.0003079434966978996 -36.8324977730408 -25.02718234841004 62.26694304436363
   0.0000000000   29.0000000000 6.754534777133829e-0510 0.1670611676811 1.4121210636432175 4.2963833537638456e-05 0.00031600073820898416 -36.8107648245525 -24.96546464156309 62.23193098358786
   0.0000000000   30.0000000000 6.754534777133829e-0510 0.16695433862941128 1.412572945568445 4.282075435354005e-05 0.0003238589875943909 -36.7890649330807 -24.90375474146306 62.20200058645956
   0.0000000000   31.0000000000 6.754534777133829e-0510 0.16684498631575773 1.4130359448324714 4.2688311486505577e-05 0.0003315323563323753 -36.7673929266078 -24.842047762694357 62.1769828909885
   0.0000000000   32.0000000000 6.754534777133829e-0510 0.16673317499620538 1.4135098206158352 4.256617806911124e-05 0.0003390342419725785 -36.745743815209 -24.78033897340148 62.15671757307385
   0.0000000000   33.0000000000 6.754534777133829e-0510 0.16661896452042194 1.4139943504858434 4.245404635028983e-05 0.00034637736927534867 -36.724112780697 -24.718623786133005 62.1410524988562
   0.0000000000   34.0000000000 6.754534777133829e-0510 0.16650241056245924 1.4144893294809715 4.235162675281423e-05 0.00035357382892540096 -36.7024951668127 -24.656897749167072 62.12984329986441
   0.0000000000   35.0000000000 6.754534777133829e-0510 0.16638356484172148 1.4149945692469532 4.225864693864839e-05 0.00036063511393628314 -36.6808864699188 -24.59515653827963 62.122952971054005
   0.0000000000   36.0000000000 6.754534777133829e-0510 0.16626247533487004 1.4155098972214244 4.217485098483702e-05 0.0003675721539107307 -36.6592823301596 -24.53339594892275 62.12025148904192
   0.0000000000   37.0000000000 6.754534777133829e-0510 0.1661391864790002 1.4160351558641908 4.209999851541583e-05 0.00037439534721960053 -36.6376785230632 -24.471611888791017 62.121615451109825
   0.0000000000   38.0000000000 6.754534777133829e-0510 0.16601373936592492 1.416570201930862 4.203386399862307e-05 0.0003811145913975898 -36.616070951571 -24.40980037076446 62.12692773206862
   0.0000000000   39.0000000000 6.754534777133829e-0510 0.16588617192676672 1.4171149057882069 4.197623591631319e-05 0.0003877393115298384 -36.5944556384963 -24.347957506230557 62.13607716052812
   0.0000000000   40.0000000000 6.754534777133829e-0510 0.1657565191055598 1.417669150769985 4.1926916186496974e-05 0.00039427848724648575 -36.5728287194253 -24.286079498798177 62.14895821049862
   0.0000000000   41.0000000000 6.754534777133829e-0510 0.1656248130202026 1.41823283257251 4.1885719371244766e-05 0.0004007406777094069 -36.55118643608 -24.224162638424243 62.16547071163733
   0.0000000000   42.0000000000 6.754534777133829e-0510 0.16549108310922098 1.4188058586892431 4.185247218325405e-05 0.00040713404556550576 -36.5295251301632 -24.162203295971235 62.18551957230592
   0.0000000000   43.0000000000 6.754534777133829e-0510 0.16535535626329176 1.4193881478833896 4.182701281955813e-05 0.0004134663791949172 -36.5078412376933 -24.10019791820474 62.20901451940537
   0.0000000000   44.0000000000 6.754534777133829e-0510 0.16521765694132556 1.4199796296970588 4.180919042883744e-05 0.0004197451136838958 -36.4861312838203 -24.038143023223643 62.235869851238434
   0.0000000000   45.0000000000 6.754534777133829e-0510 0.16507800727172392 1.4205802439951145 4.1798864585317844e-05 0.00042597735068655116 -36.4643918780995 -23.97603519629973 62.266004203700504
   0.0000000000   46.0000000000 6.754534777133829e-0510 0.16493642714006534 1.4211899405413257 4.1795904799931425e-05 0.00043216987704878656 -36.4426197101825 -23.913871086092083 62.29934032866409
   0.0000000000   47.0000000000 6.754534777133829e-0510 0.1647929342648384 1.4218086786044468 4.180019005215147e-05 0.00043832918237502 -36.4208115458838 -23.851647401195272 62.33580488426687
   0.0000000000   48.0000000000 6.754534777133829e-0510 0.16464754426331366 1.4224364265915088 4.181160834754421e-05 0.00044446147559044214 -36.3989642235681 -23.789360906971535 62.37532823596335
   0.0000000000   49.0000000000 6.754534777133829e-0510 0.16450084701495243 1.4230727351149324 4.1829977488903604e-05 0.0004505725434320149 -36.3770626691874 -23.726997244113363 62.41781754519416
   0.0000000000   50.0000000000 6.754534777133829e-0510 0.16435172795837805 1.4237184229488278 4.185535559731465e-05 0.0004566683347968707 -36.3551272941491 -23.664575154484513 62.46326236812956
   0.0000000000   51.0000000000 6.754534777133829e-0510 0.1642007451501002 1.4243730783898603 4.188758097224503e-05 0.0004627542052513271 -36.3331437110083 -23.602080894121364 62.511577540717205
   0.0000000000   52.0000000000 6.754534777133829e-0510 0.16404790636633398 1.4250367031599274 4.192657378858497e-05 0.00046883538888768493 -36.3111090160898 -23.539511427095874 62.562706460570496
   0.0000000000   53.0000000000 6.754534777133829e-0510 0.16389321772358678 1.4257093064661697 4.197226136662559e-05 0.00047491690866305716 -36.2890203593804 -23.476863757429303 62.61659537168796
   0.0000000000   54.0000000000 6.754534777133829e-0510 0.1637366837481546 1.4263909047293246 4.202457784671122e-05 0.0004810035879729913 -36.266874941434 -23.4141349263342 62.67319321706198
   0.0000000000   55.0000000000 6.754534777133829e-0510 0.16357830743881607 1.4270815213303163 4.2083463892258445e-05 0.0004871000615250176 -36.2446700104972 -23.35132200965258 62.732451498978286
   0.0000000000   56.0000000000 6.754534777133829e-0510 0.1634180903199971 1.4277811863763354 4.214886640173964e-05 0.0004932107856166493 -36.2224028599082 -23.28842211553833 62.79432414618566
   0.0000000000   57.0000000000 6.754534777133829e-0510 0.16325603248190287 1.4284899364884753 4.222073825098419e-05 0.0004993400478251292 -36.2000708258327 -23.22543238244427 62.858767387674746
   0.0000000000   58.0000000000 6.754534777133829e-0510 0.16309213260348163 1.4292078146134655 4.229903803088195e-05 0.0005054919761293792 -36.1776712854147 -23.162349977485892 62.92573963346415
   0.0000000000   59.0000000000 6.754534777133829e-0510 0.1629263879539398 1.4299348698623486 4.238372983063659e-05 0.0005116705476068532 -36.1552016554224 -23.09917209525467 62.99520136154331
   0.0000000000   60.0000000000 6.754534777133829e-0510 0.16275879436974414 1.4306711573781525 4.24747830078071e-05 0.0005178795965917394 -36.1326593914404 -23.035895957128066 63.06711501146117
   0.0000000000   61.0000000000 6.754534777133829e-0510 0.16258934620882465 1.4314167382310983 4.2572171984652314e-05 0.0005241228224510448 -36.1100419875632 -22.972518811032995 63.141444883828235
   0.0000000000   62.0000000000 6.754534777133829e-0510 0.16241803629535978 1.4321716793311492 4.2675876081603734e-05 0.0005304037970140042 -36.0873469763085 -22.909037931400277 63.21815704491664
   0.0000000000   63.0000000000 6.754534777133829e-0510 0.16224485589193058 1.4329360533297009 4.278587931124439e-05 0.0005367259714886489 -36.064571928003 -22.845450618616113 63.297219234850154
   0.0000000000   64.0000000000 6.754534777133829e-0510 0.16206979477337116 1.4337099384529446 4.290217020189033e-05 0.0005430926829113067 -36.04171444815 -22.781754196594072 63.37860077489724
   0.0000000000   65.0000000000 6.754534777133829e-0510 0.16189284151948805 1.4344934181751936 4.302474160357059e-05 0.0005495071598992968 -36.0187721704601 -22.71794600633036 63.46227246840673
   0.0000000000   66.0000000000 6.754534777133829e-0510 0.16171398415604724 1.4352865806284119 4.3153590389623174e-05 0.0005559725272126548 -35.9957427430312 -22.654023393137322 63.5482064889735
   0.0000000000   67.0000000000 6.754534777133829e-0510 0.16153321118497996 1.4360895177092123 4.3288717164850146e-05 0.0005624918092004095 -35.972623806987 -22.58998368694985 63.63637625163969
   0.0000000000   68.0000000000 6.754534777133829e-0510 0.16135051279051857 1.4369023240393237 4.343012585949208e-05 0.0005690679319609258 -35.9494129719741 -22.525824179806055 63.72675627753337
   0.0000000000   69.0000000000 6.754534777133829e-0510 0.1611658816320593 1.4377250962310668 4.357782345110235e-05 0.0005757037255822618 -35.9261078003032 -22.4615421113987 63.8193220781266
   0.0000000000   70.0000000000 6.754534777133829e-0510 0.16097994848665045 1.4385574374574595 4.373170850629691e-05 0.0005824006900271218 -35.902693214573 -22.397123059492255 63.91401913730753
   0.0000000000   71.0000000000 6.754534777133829e-0510 0.1607915227419623 1.4394003716688937 4.3891999734385815e-05 0.0005891637291145227 -35.8791902618272 -22.3325859092897 64.0108822968614
   0.0000000000   72.0000000000 6.754534777133829e-0510 0.1606011369870323 1.440253587430207 4.405862039506038e-05 0.0005959944113954684 -35.8555857827217 -22.267917982854133 64.10986387044107
   0.0000000000   73.0000000000 6.754534777133829e-0510 0.1604087766079327 1.4411172017435359 4.42315911699009e-05 0.0006028952526605539 -35.8318774869259 -22.203116621932843 64.21094346038228
   0.0000000000   74.0000000000 6.754534777133829e-0510 0.16021442501923974 1.4419913367209776 4.4410935919630516e-05 0.0006098687005757178 -35.8080631214697 -22.138179194034716 64.31410154888125
   0.0000000000   75.0000000000 6.754534777133829e-0510 0.16001806298203486 1.4428761200914995 4.459668176834714e-05 0.0006169171399271127 -35.7841404831726 -22.073103103752356 64.41931947588321
   0.0000000000   76.0000000000 6.754534777133829e-0510 0.15981966703587172 1.4437716864359185 4.478885927302863e-05 0.0006240428998620377 -35.7601074480948 -22.007885819629816 64.52657946754839
   0.0000000000   77.0000000000 6.754534777133829e-0510 0.15961920694814416 1.444678179251029 4.4987502911451966e-05 0.0006312482643434018 -35.7359620194953 -21.942524917835577 64.63586472086754
   0.0000000000   78.0000000000 6.754534777133829e-0510 0.15941664443803844 1.4455957520525948 4.5192651314453166e-05 0.0006385354802041491 -35.7117023501715 -21.87701810210495 64.7471594323051
   0.0000000000   79.0000000000 6.754534777133829e-0510 0.15921194062089097 1.4465245624598637 4.540434579125775e-05 0.0006459067425733714 -35.6873265960783 -21.811363069145827 64.86044837459912
   0.0000000000   80.0000000000 6.754534777133829e-0510 0.15900572673012542 1.4474642264643671 4.56224941520802e-05 0.0006533623662823412 -35.6628200227129 -21.745545722265856 64.97568126882317
   0.0000000000   81.0000000000 6.754534777133829e-0510 0.15879693482873986 1.4484157421594321 4.584734834436319e-05 0.0006609071758367721 -35.6382006118848 -21.679581878357727 65.09289791616169
   0.0000000000   82.0000000000 6.754534777133829e-0510 0.1585860169568615 1.449378878670022 4.607885746246851e-05 0.0006685418844186743 -35.6134570501333 -21.61346054679168 65.21205842369976
   0.0000000000   83.0000000000 6.754534777133829e-0510 0.15837295088600162 1.4503537923020131 4.631706733444279e-05 0.0006762684093801548 -35.5885871659831 -21.547179093250858 65.33314813073869
   0.0000000000   84.0000000000 6.754534777133829e-0510 0.15815768823485848 1.4513406641998954 4.656203132197926e-05 0.0006840886964472347 -35.5635892790796 -21.48073532195301 65.45615408346673
   0.0000000000   85.0000000000 6.754534777133829e-0510 0.15794012853047956 1.452339722545374 4.681381632847039e-05 0.0006920048124662101 -35.5384626812572 -21.414127910694983 65.58106650793717
   0.0000000000   86.0000000000 6.754534777133829e-0510 0.1577208494925036 1.453350630756773 4.707234098231026e-05 0.000700016619784611 -35.5131938732334 -21.34734390391199 65.70783780604191
   0.0000000000   87.0000000000 6.754534777133829e-0510 0.1574989279848015 1.454374310908988 4.733785666633642e-05 0.0007081286828961796 -35.4877976621914 -21.2803960672208 65.83650448349991
   0.0000000000   88.0000000000 6.754534777133829e-0510 0.1572747681189096 1.4554105783592786 4.7610323928241916e-05 0.0007163413282498924 -35.4622638039462 -21.21327438408394 65.9670289598124
   0.0000000000   89.0000000000 6.754534777133829e-0510 0.157048212599243 1.456459722620207 4.788982975585867e-05 0.0007246566372757898 -35.4365926172248 -21.145978424637526 66.099405295354
   0.0000000000   90.0000000000 6.754534777133829e-0510 0.1568198263866919 1.4575214185590797 4.8176293073522123e-05 0.0007330741258021289 -35.4107709921693 -21.078495600273275 66.23358551899837
   0.0000000000   91.0000000000 6.754534777133829e-0510 0.1565887225908182 1.4585965862044759 4.846997513817386e-05 0.0007415983366323202 -35.3848127872081 -21.01083771198996 66.36960622675346
   0.0000000000   92.0000000000 6.754534777133829e-0510 0.15635557801556432 1.4596848071659538 4.877076852857164e-05 0.0007502282438967827 -35.3587028555133 -20.942990325817142 66.50741242529283
   0.0000000000   93.0000000000 6.754534777133829e-0510 0.1561196922262067 1.4607868555644452 4.9078898718826985e-05 0.0007589677719791332 -35.3324514681873 -20.874961948051226 66.64703059189465
   0.0000000000   94.0000000000 6.754534777133829e-0510 0.155881714389596 1.4619023353012526 4.939426160900146e-05 0.0007678157803754209 -35.306044087462 -20.806738708764605 66.78840625151003
   0.0000000000   95.0000000000 6.754534777133829e-0510 0.1556412921515179 1.463031725207383 4.971700045789207e-05 0.0007767748285203815 -35.2794845566535 -20.738323295919646 66.93154489125982
   0.0000000000   96.0000000000 6.754534777133829e-0510 0.15539829697533594 1.4641753146809346 5.004720615545886e-05 0.0007858466300247794 -35.252772569531 -20.66971463862842 67.07643863335512
   0.0000000000   97.0000000000 6.754534777133829e-0510 0.1551530612006764 1.4653329848188 5.03848497810136e-05 0.0007950309720802462 -35.2258994968533 -20.600904197413794 67.22305055339594
   0.0000000000   98.0000000000 6.754534777133829e-0510 0.15490471773810446 1.4665056942959636 5.073022017947801e-05 0.00080433254738896 -35.1988782914984 -20.531902750166225 67.37141888057168
   0.0000000000   99.0000000000 6.754534777133829e-0510 0.15465455327829997 1.4676924664865438 5.108303138835219e-05 0.0008137469768181591 -35.1716832594986 -20.462686495085876 67.52144514669386
   0.0000000000  100.0000000000 6.754534777133829e-0510 8.921720198336123e-05 123.95350925449169 16.674216191817134 0.35726157623659127 -41.9835039032855 -13.468262849931829 150.58382293189135
   0.0000000000  101.0000000000 6.754534777133829e-0510 8.331279625016841e-05 145.3210099567258 5.241943272843294 0.10425355403307081 -42.3514323449415 -13.26491327021178 128.02156770709337
   0.0000000000  102.0000000000 6.754534777133829e-0510 8.07521575470262e-05 158.78514904443261 4.0363532574497505 0.07736347848347107 -42.5452317216864 -13.104528642755255 126.66200165811648
   0.0000000000  103.0000000000 6.754534777133829e-0510 7.901298095174164e-05 170.4007013381487 3.489111803447464 0.06505980898504668 -42.6943242438913 -12.954290386344882 126.53325033075846
   0.0000000000  104.0000000000 6.754534777133829e-0510 7.769393590002723e-05 181.13556409135688 3.162529603407055 0.0576517754023041 -42.8196910620993 -12.808973303120036 126.77795359447408
   0.0000000000  105.0000000000 6.754534777133829e-0510 7.663757807397296e-05 191.37026000685802 2.9409714625712207 0.052576770781603416 -42.929679010416 -12.66653477022051 127.17928125221567
   0.0000000000  106.0000000000 6.754534777133829e-0510 7.57622599809209e-05 201.30532437930003 2.7788435158105576 0.04882302035924808 -43.0286793487345 -12.52591589797566 127.65530072777048
   0.0000000000  107.0000000000 6.754534777133829e-0510 7.502034254721664e-05 211.0576912836206 2.6541296362086784 0.04590177908580778 -43.1192859521736 -12.386506854929772 128.16765906120128
   0.0000000000  108.0000000000 6.754534777133829e-0510 7.438168580557264e-05 220.70003761797133 2.554726071454223 0.04354447528256553 -43.2031590258099 -12.24793221979456 128.69563999385528
   0.0000000000  109.0000000000 6.754534777133829e-0510 7.38239261426101e-05 230.29175882698507 2.4733256069652465 0.041588039555635524 -43.2815522850509 -12.109905470290858 129.22750955734753
   0.0000000000  110.0000000000 6.754534777133829e-0510 7.333289089223086e-05 239.86535021681905 2.405270022504912 0.03992940539651775 -43.3552663886404 -11.972265234030356 129.75526310544004
   0.0000000000  111.0000000000 6.754534777133829e-0510 7.289623276233301e-05 249.45571931903189 2.3473971828615636 0.038497687800656134 -43.4250126059568 -11.83485803430835 130.27405528690173
   0.0000000000  112.0000000000 6.754534777133829e-0510 7.250623584399814e-05 259.079129806986 2.297497184062738 0.03724422007781416 -43.4912403758901 -11.697609514962311 130.779870062618
   0.0000000000  113.0000000000 6.754534777133829e-0510 7.215545940285486e-05 268.7571745298369 2.253961588243785 0.036132879274544366 -43.5543907422539 -11.56043499229676 131.27019916555702
   0.0000000000  114.0000000000 6.754534777133829e-0510 7.183846739545925e-05 278.50408803159894 2.2155947655942754 0.03513706657972725 -43.6147916159016 -11.423282536478023 131.74294495186305
   0.0000000000  115.0000000000 6.754534777133829e-0510 7.15505954558284e-05 288.3333497352089 2.1814869362147147 0.03423641863829114 -43.6727290003655 -11.286108142311479 132.19653843370577
   0.0000000000  116.0000000000 6.754534777133829e-0510 7.128872711710688e-05 298.2507271822298 2.1509263984113582 0.033415401271460914 -43.7284003848212 -11.14889775135992 132.62942517545932
   0.0000000000  117.0000000000 6.754534777133829e-0510 7.104946158490576e-05 308.266955684645 2.1233558332347253 0.03266144083127818 -43.7820218629288 -11.011623889707053 133.040620597318
   0.0000000000  118.0000000000 6.754534777133829e-0510 7.083023008477286e-05 318.38895016153197 2.098326972581845 0.031964586869265094 -43.8337619800499 -10.874274544914057 133.42918053310515
   0.0000000000  119.0000000000 6.754534777133829e-0510 7.062884399739931e-05 328.6226106780267 2.0754759407372103 0.03131676938395475 -43.883768026551 -10.736843182096893 133.79429954247092
   0.0000000000  120.0000000000 6.754534777133829e-0510 7.044324036020523e-05 338.9746177669918 2.0545064399625033 0.030711324192521698 -43.9321806066637 -10.59932271379021 134.13535731826397
   0.0000000000  121.0000000000 6.754534777133829e-0510 7.027221724895943e-05 349.445593223921 2.0351651838251033 0.03014288311492785 -43.9790909545526 -10.461726530391768 134.45158518089818
   0.0000000000  122.0000000000 6.754534777133829e-0510 7.011410824935844e-05 360.04143675384734 2.0172481689585036 0.02960680212251682 -44.0246176493928 -10.324052704710699 134.74256258492193
   0.0000000000  123.0000000000 6.754534777133829e-0510 6.996768314987958e-05 370.7652807678676 2.0005804906891838 0.029099232228571508 -44.0688543208131 -10.186309055217654 135.00783482262827
   0.0000000000  124.0000000000 6.754534777133829e-0510 6.983185961198049e-05 381.61979587408473 1.9850136153397728 0.02861691088593296 -44.1118863412925 -10.048505679590622 135.24700904248263
   0.0000000000  125.0000000000 6.754534777133829e-0510 6.970568115752672e-05 392.60724230155887 1.9704205159892536 0.028157055170164244 -44.1537920642651 -9.910654636645729 135.4597481331176
   0.0000000000  126.0000000000 6.754534777133829e-0510 6.958829907182792e-05 403.72951272666853 1.9566918255599421 0.027717277636007637 -44.1946438419319 -9.772769677996068 135.6457659036745
