#solute size.    Temp(C) Press(Mpa)        fHB           fS        fLJ         fO        xHB        nHB 
   0.0000000000   -173.000 101325.000   0.000000    1.000000   0.000000   0.000000   1.000000   4.000000 
   0.0000000000   -172.000 101325.000   0.000000    1.000000   0.000000   0.000000   1.000000   4.000000 
   0.0000000000   -171.000 101325.000   0.000000    1.000000   0.000000   0.000000   1.000000   4.000000 
   0.0000000000   -170.000 101325.000   0.000000    1.000000   0.000000   0.000000   1.000000   4.000000 
   0.0000000000   -169.000 101325.000   0.000000    1.000000   0.000000   0.000000   1.000000   4.000000 
   0.0000000000   -168.000 101325.000   0.000000    1.000000   0.000000   0.000000   1.000000   4.000000 
   0.0000000000   -167.000 101325.000   0.000000    1.000000   0.000000   0.000000   1.000000   4.000000 
   0.0000000000   -166.000 101325.000   0.000000    1.000000   0.000000   0.000000   1.000000   4.000000 
   0.0000000000   -165.000 101325.000   0.000000    1.000000   0.000000   0.000000   1.000000   4.000000 
   0.0000000000   -164.000 101325.000   0.000000    1.000000   0.000000   0.000000   1.000000   4.000000 
   0.0000000000   -163.000 101325.000   0.000000    1.000000   0.000000   0.000000   1.000000   4.000000 
   0.0000000000   -162.000 101325.000   0.000000    1.000000   0.000000   0.000000   1.000000   4.000000 
   0.0000000000   -161.000 101325.000   0.000000    1.000000   0.000000   0.000000   1.000000   4.000000 
   0.0000000000   -160.000 101325.000   0.000001    0.999999   0.000000   0.000000   1.000000   4.000000 
   0.0000000000   -159.000 101325.000   0.000001    0.999999   0.000000   0.000000   1.000000   4.000000 
   0.0000000000   -158.000 101325.000   0.000001    0.999999   0.000000   0.000000   1.000000   4.000000 
   0.0000000000   -157.000 101325.000   0.000001    0.999999   0.000000   0.000000   1.000000   4.000000 
   0.0000000000   -156.000 101325.000   0.000001    0.999999   0.000000   0.000000   1.000000   4.000000 
   0.0000000000   -155.000 101325.000   0.000002    0.999998   0.000000   0.000000   1.000000   3.999999 
   0.0000000000   -154.000 101325.000   0.000002    0.999998   0.000000   0.000000   1.000000   3.999999 
   0.0000000000   -153.000 101325.000   0.000003    0.999997   0.000000   0.000000   1.000000   3.999999 
   0.0000000000   -152.000 101325.000   0.000003    0.999997   0.000000   0.000000   1.000000   3.999999 
   0.0000000000   -151.000 101325.000   0.000004    0.999996   0.000000   0.000000   1.000000   3.999999 
   0.0000000000   -150.000 101325.000   0.000005    0.999995   0.000000   0.000000   1.000000   3.999998 
   0.0000000000   -149.000 101325.000   0.000006    0.999994   0.000001   0.000000   0.999999   3.999998 
   0.0000000000   -148.000 101325.000   0.000007    0.999993   0.000001   0.000000   0.999999   3.999998 
   0.0000000000   -147.000 101325.000   0.000008    0.999991   0.000001   0.000000   0.999999   3.999997 
   0.0000000000   -146.000 101325.000   0.000010    0.999989   0.000001   0.000000   0.999999   3.999996 
   0.0000000000   -145.000 101325.000   0.000012    0.999987   0.000001   0.000000   0.999999   3.999996 
   0.0000000000   -144.000 101325.000   0.000014    0.999985   0.000001   0.000000   0.999999   3.999995 
   0.0000000000   -143.000 101325.000   0.000017    0.999982   0.000002   0.000000   0.999998   3.999994 
   0.0000000000   -142.000 101325.000   0.000020    0.999978   0.000002   0.000000   0.999998   3.999993 
   0.0000000000   -141.000 101325.000   0.000024    0.999974   0.000002   0.000000   0.999998   3.999991 
   0.0000000000   -140.000 101325.000   0.000028    0.999969   0.000003   0.000000   0.999997   3.999990 
   0.0000000000   -139.000 101325.000   0.000034    0.999963   0.000003   0.000000   0.999997   3.999988 
   0.0000000000   -138.000 101325.000   0.000040    0.999957   0.000004   0.000000   0.999996   3.999986 
   0.0000000000   -137.000 101325.000   0.000047    0.999949   0.000004   0.000000   0.999996   3.999983 
   0.0000000000   -136.000 101325.000   0.000055    0.999940   0.000005   0.000000   0.999995   3.999980 
   0.0000000000   -135.000 101325.000   0.000064    0.999930   0.000006   0.000000   0.999994   3.999977 
   0.0000000000   -134.000 101325.000   0.000075    0.999918   0.000007   0.000000   0.999993   3.999973 
   0.0000000000   -133.000 101325.000   0.000088    0.999904   0.000008   0.000000   0.999992   3.999968 
   0.0000000000   -132.000 101325.000   0.000103    0.999888   0.000009   0.000000   0.999991   3.999963 
   0.0000000000   -131.000 101325.000   0.000119    0.999870   0.000011   0.000000   0.999989   3.999957 
   0.0000000000   -130.000 101325.000   0.000139    0.999849   0.000013   0.000000   0.999987   3.999950 
   0.0000000000   -129.000 101325.000   0.000161    0.999825   0.000015   0.000000   0.999985   3.999942 
   0.0000000000   -128.000 101325.000   0.000186    0.999797   0.000017   0.000000   0.999983   3.999932 
   0.0000000000   -127.000 101325.000   0.000214    0.999766   0.000019   0.000000   0.999981   3.999922 
   0.0000000000   -126.000 101325.000   0.000247    0.999730   0.000022   0.000000   0.999978   3.999910 
   0.0000000000   -125.000 101325.000   0.000284    0.999690   0.000026   0.000000   0.999974   3.999897 
   0.0000000000   -124.000 101325.000   0.000327    0.999644   0.000030   0.000000   0.999970   3.999881 
   0.0000000000   -123.000 101325.000   0.000375    0.999591   0.000034   0.000000   0.999966   3.999864 
   0.0000000000   -122.000 101325.000   0.000429    0.999532   0.000039   0.000000   0.999961   3.999844 
   0.0000000000   -121.000 101325.000   0.000490    0.999466   0.000045   0.000000   0.999955   3.999822 
   0.0000000000   -120.000 101325.000   0.000559    0.999390   0.000051   0.000000   0.999949   3.999797 
   0.0000000000   -119.000 101325.000   0.000637    0.999305   0.000058   0.000000   0.999942   3.999768 
   0.0000000000   -118.000 101325.000   0.000724    0.999210   0.000066   0.000000   0.999934   3.999737 
   0.0000000000   -117.000 101325.000   0.000823    0.999103   0.000075   0.000000   0.999925   3.999701 
   0.0000000000   -116.000 101325.000   0.000933    0.998982   0.000085   0.000000   0.999915   3.999661 
   0.0000000000   -115.000 101325.000   0.001056    0.998848   0.000096   0.000000   0.999904   3.999616 
   0.0000000000   -114.000 101325.000   0.001195    0.998697   0.000109   0.000000   0.999891   3.999566 
   0.0000000000   -113.000 101325.000   0.001349    0.998529   0.000123   0.000000   0.999877   3.999509 
   0.0000000000   -112.000 101325.000   0.001521    0.998341   0.000138   0.000000   0.999862   3.999447 
   0.0000000000   -111.000 101325.000   0.001713    0.998132   0.000156   0.000000   0.999844   3.999377 
   0.0000000000   -110.000 101325.000   0.001926    0.997899   0.000175   0.000000   0.999825   3.999300 
   0.0000000000   -109.000 101325.000   0.002163    0.997640   0.000197   0.000000   0.999803   3.999213 
   0.0000000000   -108.000 101325.000   0.002426    0.997353   0.000221   0.000000   0.999779   3.999118 
   0.0000000000   -107.000 101325.000   0.002718    0.997035   0.000247   0.000000   0.999753   3.999012 
   0.0000000000   -106.000 101325.000   0.003041    0.996683   0.000276   0.000000   0.999724   3.998894 
   0.0000000000   -105.000 101325.000   0.003398    0.996293   0.000309   0.000000   0.999691   3.998764 
   0.0000000000   -104.000 101325.000   0.003792    0.995863   0.000345   0.000000   0.999655   3.998621 
   0.0000000000   -103.000 101325.000   0.004227    0.995389   0.000384   0.000000   0.999616   3.998462 
   0.0000000000   -102.000 101325.000   0.004707    0.994865   0.000428   0.000000   0.999572   3.998288 
   0.0000000000   -101.000 101325.000   0.005234    0.994290   0.000476   0.000000   0.999524   3.998096 
   0.0000000000   -100.000 101325.000   0.005815    0.993656   0.000529   0.000000   0.999471   3.997885 
   0.0000000000    -99.000 101325.000   0.006452    0.992961   0.000587   0.000000   0.999413   3.997653 
   0.0000000000    -98.000 101325.000   0.007152    0.992197   0.000650   0.000000   0.999350   3.997398 
   0.0000000000    -97.000 101325.000   0.007919    0.991361   0.000720   0.000000   0.999280   3.997119 
   0.0000000000    -96.000 101325.000   0.008759    0.990445   0.000797   0.000000   0.999203   3.996813 
   0.0000000000    -95.000 101325.000   0.009677    0.989442   0.000880   0.000000   0.999120   3.996479 
   0.0000000000    -94.000 101325.000   0.010681    0.988347   0.000972   0.000000   0.999028   3.996114 
   0.0000000000    -93.000 101325.000   0.011777    0.987151   0.001071   0.000000   0.998929   3.995715 
   0.0000000000    -92.000 101325.000   0.012972    0.985848   0.001180   0.000000   0.998820   3.995280 
   0.0000000000    -91.000 101325.000   0.014275    0.984427   0.001299   0.000000   0.998701   3.994806 
   0.0000000000    -90.000 101325.000   0.015692    0.982880   0.001428   0.000000   0.998572   3.994289 
   0.0000000000    -89.000 101325.000   0.017233    0.981199   0.001568   0.000000   0.998432   3.993728 
   0.0000000000    -88.000 101325.000   0.018908    0.979372   0.001720   0.000000   0.998280   3.993118 
   0.0000000000    -87.000 101325.000   0.020725    0.977389   0.001886   0.000000   0.998114   3.992456 
   0.0000000000    -86.000 101325.000   0.022696    0.975238   0.002065   0.000000   0.997935   3.991739 
   0.0000000000    -85.000 101325.000   0.024831    0.972909   0.002260   0.000000   0.997740   3.990961 
   0.0000000000    -84.000 101325.000   0.027141    0.970388   0.002470   0.000000   0.997530   3.990119 
   0.0000000000    -83.000 101325.000   0.029640    0.967663   0.002698   0.000000   0.997302   3.989209 
   0.0000000000    -82.000 101325.000   0.032338    0.964718   0.002944   0.000000   0.997056   3.988226 
   0.0000000000    -81.000 101325.000   0.035250    0.961541   0.003209   0.000000   0.996791   3.987164 
   0.0000000000    -80.000 101325.000   0.038390    0.958115   0.003495   0.000000   0.996505   3.986020 
   0.0000000000    -79.000 101325.000   0.041771    0.954426   0.003803   0.000000   0.996197   3.984787 
   0.0000000000    -78.000 101325.000   0.045410    0.950455   0.004135   0.000000   0.995865   3.983460 
   0.0000000000    -77.000 101325.000   0.049321    0.946187   0.004492   0.000000   0.995508   3.982033 
   0.0000000000    -76.000 101325.000   0.053521    0.941604   0.004875   0.000000   0.995125   3.980501 
   0.0000000000    -75.000 101325.000   0.058027    0.936687   0.005286   0.000000   0.994714   3.978857 
   0.0000000000    -74.000 101325.000   0.062856    0.931418   0.005726   0.000000   0.994274   3.977095 
   0.0000000000    -73.000 101325.000   0.068026    0.925777   0.006198   0.000000   0.993802   3.975209 
   0.0000000000    -72.000 101325.000   0.073553    0.919744   0.006702   0.000000   0.993298   3.973191 
   0.0000000000    -71.000 101325.000   0.079458    0.913301   0.007241   0.000000   0.992759   3.971035 
   0.0000000000    -70.000 101325.000   0.085758    0.906426   0.007816   0.000000   0.992183   3.968734 
   0.0000000000    -69.000 101325.000   0.092470    0.899100   0.008429   0.000000   0.991570   3.966281 
   0.0000000000    -68.000 101325.000   0.099615    0.891303   0.009082   0.000000   0.990918   3.963671 
   0.0000000000    -67.000 101325.000   0.107209    0.883015   0.009776   0.000000   0.990224   3.960895 
   0.0000000000    -66.000 101325.000   0.115270    0.874217   0.010513   0.000000   0.989487   3.957948 
   0.0000000000    -65.000 101325.000   0.123814    0.864892   0.011294   0.000000   0.988706   3.954823 
   0.0000000000    -64.000 101325.000   0.132858    0.855021   0.012121   0.000000   0.987879   3.951515 
   0.0000000000    -63.000 101325.000   0.142415    0.844589   0.012995   0.000000   0.987004   3.948017 
   0.0000000000    -62.000 101325.000   0.152500    0.833582   0.013918   0.000001   0.986082   3.944326 
   0.0000000000    -61.000 101325.000   0.163121    0.821988   0.014890   0.000001   0.985109   3.940437 
   0.0000000000    -60.000 101325.000   0.174290    0.809796   0.015913   0.000001   0.984086   3.936346 
   0.0000000000    -59.000 101325.000   0.186009    0.797004   0.016986   0.000001   0.983013   3.932052 
   0.0000000000    -58.000 101325.000   0.198282    0.783606   0.018111   0.000001   0.981888   3.927553 
   0.0000000000    -57.000 101325.000   0.211107    0.769605   0.019287   0.000001   0.980712   3.922850 
   0.0000000000    -56.000 101325.000   0.224479    0.755007   0.020513   0.000001   0.979486   3.917944 
   0.0000000000    -55.000 101325.000   0.238388    0.739822   0.021789   0.000001   0.978210   3.912839 
   0.0000000000    -54.000 101325.000   0.252818    0.724067   0.023113   0.000001   0.976885   3.907541 
   0.0000000000    -53.000 101325.000   0.267753    0.707761   0.024485   0.000001   0.975514   3.902055 
   0.0000000000    -52.000 101325.000   0.283159    0.690939   0.025900   0.000002   0.974098   3.896393 
   0.0000000000    -51.000 101325.000   0.299007    0.673634   0.027357   0.000002   0.972641   3.890565 
   0.0000000000    -50.000 101325.000   0.315259    0.655887   0.028851   0.000002   0.971147   3.884586 
   0.0000000000    -49.000 101325.000   0.331870    0.637748   0.030380   0.000002   0.969618   3.878472 
   0.0000000000    -48.000 101325.000   0.348789    0.619270   0.031938   0.000002   0.968060   3.872240 
   0.0000000000    -47.000 101325.000   0.365963    0.600515   0.033520   0.000003   0.966478   3.865910 
   0.0000000000    -46.000 101325.000   0.383335    0.581541   0.035121   0.000003   0.964876   3.859503 
   0.0000000000    -45.000 101325.000   0.400833    0.562429   0.036736   0.000003   0.963261   3.853045 
   0.0000000000    -44.000 101325.000   0.418395    0.543245   0.038357   0.000004   0.961639   3.846558 
   0.0000000000    -43.000 101325.000   0.435953    0.524063   0.039979   0.000004   0.960017   3.840067 
   0.0000000000    -42.000 101325.000   0.453441    0.504958   0.041597   0.000004   0.958399   3.833596 
   0.0000000000    -41.000 101325.000   0.470792    0.486000   0.043203   0.000005   0.956792   3.827169 
   0.0000000000    -40.000 101325.000   0.487943    0.467259   0.044792   0.000005   0.955203   3.820810 
   0.0000000000    -39.000 101325.000   0.504834    0.448801   0.046359   0.000006   0.953635   3.814540 
   0.0000000000    -38.000 101325.000   0.521410    0.430685   0.047899   0.000006   0.952095   3.808379 
   0.0000000000    -37.000 101325.000   0.537621    0.412965   0.049407   0.000007   0.950586   3.802345 
   0.0000000000    -36.000 101325.000   0.553432    0.395681   0.050880   0.000007   0.949113   3.796452 
   0.0000000000    -35.000 101325.000   0.568795    0.378884   0.052313   0.000008   0.947679   3.790716 
   0.0000000000    -34.000 101325.000   0.583685    0.362601   0.053705   0.000008   0.946287   3.785147 
   0.0000000000    -33.000 101325.000   0.598082    0.346856   0.055054   0.000009   0.944938   3.779751 
   0.0000000000    -32.000 101325.000   0.611967    0.331667   0.056357   0.000009   0.943634   3.774536 
   0.0000000000    -31.000 101325.000   0.625332    0.317044   0.057614   0.000010   0.942376   3.769505 
   0.0000000000    -30.000 101325.000   0.638171    0.302994   0.058825   0.000010   0.941165   3.764660 
   0.0000000000    -29.000 101325.000   0.650484    0.289516   0.059989   0.000011   0.940000   3.760000 
   0.0000000000    -28.000 101325.000   0.662274    0.276607   0.061107   0.000012   0.938881   3.755524 
   0.0000000000    -27.000 101325.000   0.673547    0.264260   0.062180   0.000012   0.937808   3.751231 
   0.0000000000    -26.000 101325.000   0.684320    0.252458   0.063209   0.000013   0.936778   3.747113 
   0.0000000000    -25.000 101325.000   0.694602    0.241190   0.064194   0.000014   0.935792   3.743168 
   0.0000000000    -24.000 101325.000   0.704407    0.230441   0.065138   0.000015   0.934848   3.739391 
   0.0000000000    -23.000 101325.000   0.713751    0.220193   0.066041   0.000015   0.933943   3.735774 
   0.0000000000    -22.000 101325.000   0.722650    0.210428   0.066906   0.000016   0.933078   3.732312 
   0.0000000000    -21.000 101325.000   0.731123    0.201127   0.067733   0.000017   0.932250   3.728999 
   0.0000000000    -20.000 101325.000   0.739187    0.192270   0.068526   0.000018   0.931457   3.725828 
   0.0000000000    -19.000 101325.000   0.746859    0.183839   0.069284   0.000018   0.930698   3.722791 
   0.0000000000    -18.000 101325.000   0.754157    0.175814   0.070010   0.000019   0.929971   3.719884 
   0.0000000000    -17.000 101325.000   0.761099    0.168176   0.070705   0.000020   0.929275   3.717099 
   0.0000000000    -16.000 101325.000   0.767701    0.160906   0.071372   0.000021   0.928607   3.714430 
   0.0000000000    -15.000 101325.000   0.773980    0.153988   0.072011   0.000022   0.927968   3.711870 
   0.0000000000    -14.000 101325.000   0.779951    0.147402   0.072624   0.000023   0.927354   3.709415 
   0.0000000000    -13.000 101325.000   0.785631    0.141133   0.073212   0.000024   0.926764   3.707057 
   0.0000000000    -12.000 101325.000   0.791033    0.135165   0.073778   0.000024   0.926198   3.704792 
   0.0000000000    -11.000 101325.000   0.796172    0.129482   0.074321   0.000025   0.925654   3.702614 
   0.0000000000    -10.000 101325.000   0.801060    0.124069   0.074844   0.000026   0.925130   3.700519 
   0.0000000000     -9.000 101325.000   0.805712    0.118913   0.075348   0.000027   0.924625   3.698500 
   0.0000000000     -8.000 101325.000   0.810138    0.114001   0.075833   0.000028   0.924139   3.696555 
   0.0000000000     -7.000 101325.000   0.814350    0.109319   0.076301   0.000029   0.923669   3.694678 
   0.0000000000     -6.000 101325.000   0.818360    0.104856   0.076754   0.000030   0.923216   3.692865 
   0.0000000000     -5.000 101325.000   0.822176    0.100602   0.077191   0.000031   0.922778   3.691112 
   0.0000000000     -4.000 101325.000   0.825811    0.096543   0.077614   0.000032   0.922354   3.689416 
   0.0000000000     -3.000 101325.000   0.829272    0.092671   0.078024   0.000033   0.921943   3.687772 
   0.0000000000     -2.000 101325.000   0.832569    0.088976   0.078421   0.000034   0.921545   3.686179 
   0.0000000000     -1.000 101325.000   0.835709    0.085449   0.078807   0.000035   0.921158   3.684631 
   0.0000000000      0.000 101325.000   0.838700    0.082081   0.079182   0.000036   0.920782   3.683127 
   0.0000000000      1.000 101325.000   0.841551    0.078865   0.079547   0.000038   0.920416   3.681663 
   0.0000000000      2.000 101325.000   0.844266    0.075793   0.079902   0.000039   0.920059   3.680236 
   0.0000000000      3.000 101325.000   0.846855    0.072857   0.080249   0.000040   0.919711   3.678845 
   0.0000000000      4.000 101325.000   0.849321    0.070050   0.080587   0.000041   0.919372   3.677486 
   0.0000000000      5.000 101325.000   0.851672    0.067367   0.080918   0.000042   0.919039   3.676158 
   0.0000000000      6.000 101325.000   0.853913    0.064801   0.081242   0.000043   0.918714   3.674857 
   0.0000000000      7.000 101325.000   0.856049    0.062346   0.081560   0.000044   0.918396   3.673582 
   0.0000000000      8.000 101325.000   0.858085    0.059998   0.081872   0.000046   0.918083   3.672331 
   0.0000000000      9.000 101325.000   0.860026    0.057749   0.082178   0.000047   0.917775   3.671102 
   0.0000000000     10.000 101325.000   0.861876    0.055597   0.082479   0.000048   0.917473   3.669892 
   0.0000000000     11.000 101325.000   0.863639    0.053536   0.082775   0.000049   0.917175   3.668701 
   0.0000000000     12.000 101325.000   0.865320    0.051562   0.083068   0.000051   0.916882   3.667526 
   0.0000000000     13.000 101325.000   0.866922    0.049670   0.083356   0.000052   0.916592   3.666367 
   0.0000000000     14.000 101325.000   0.868448    0.047857   0.083641   0.000053   0.916305   3.665221 
   0.0000000000     15.000 101325.000   0.869902    0.046119   0.083924   0.000055   0.916022   3.664086 
   0.0000000000     16.000 101325.000   0.871288    0.044453   0.084203   0.000056   0.915741   3.662963 
   0.0000000000     17.000 101325.000   0.872607    0.042855   0.084480   0.000058   0.915462   3.661848 
   0.0000000000     18.000 101325.000   0.873863    0.041322   0.084756   0.000059   0.915185   3.660741 
   0.0000000000     19.000 101325.000   0.875059    0.039851   0.085029   0.000060   0.914910   3.659642 
   0.0000000000     20.000 101325.000   0.876197    0.038439   0.085301   0.000062   0.914637   3.658547 
   0.0000000000     21.000 101325.000   0.877280    0.037084   0.085572   0.000063   0.914364   3.657457 
   0.0000000000     22.000 101325.000   0.878310    0.035783   0.085842   0.000065   0.914093   3.656370 
   0.0000000000     23.000 101325.000   0.879288    0.034533   0.086112   0.000067   0.913821   3.655286 
   0.0000000000     24.000 101325.000   0.880218    0.033333   0.086381   0.000068   0.913551   3.654203 
   0.0000000000     25.000 101325.000   0.881101    0.032179   0.086650   0.000070   0.913280   3.653119 
   0.0000000000     26.000 101325.000   0.881938    0.031071   0.086920   0.000071   0.913009   3.652036 
   0.0000000000     27.000 101325.000   0.882732    0.030005   0.087190   0.000073   0.912738   3.650950 
   0.0000000000     28.000 101325.000   0.883485    0.028981   0.087460   0.000075   0.912466   3.649862 
   0.0000000000     29.000 101325.000   0.884197    0.027996   0.087731   0.000076   0.912193   3.648771 
   0.0000000000     30.000 101325.000   0.884871    0.027048   0.088003   0.000078   0.911919   3.647675 
   0.0000000000     31.000 101325.000   0.885507    0.026137   0.088277   0.000080   0.911644   3.646575 
   0.0000000000     32.000 101325.000   0.886108    0.025260   0.088551   0.000082   0.911367   3.645468 
   0.0000000000     33.000 101325.000   0.886673    0.024415   0.088828   0.000083   0.911089   3.644355 
   0.0000000000     34.000 101325.000   0.887206    0.023603   0.089106   0.000085   0.910809   3.643235 
   0.0000000000     35.000 101325.000   0.887706    0.022821   0.089386   0.000087   0.910527   3.642107 
   0.0000000000     36.000 101325.000   0.888175    0.022067   0.089669   0.000089   0.910242   3.640970 
   0.0000000000     37.000 101325.000   0.888614    0.021342   0.089953   0.000091   0.909956   3.639823 
   0.0000000000     38.000 101325.000   0.889024    0.020643   0.090241   0.000093   0.909667   3.638667 
   0.0000000000     39.000 101325.000   0.889406    0.019969   0.090530   0.000095   0.909375   3.637499 
   0.0000000000     40.000 101325.000   0.889760    0.019320   0.090823   0.000097   0.909080   3.636321 
   0.0000000000     41.000 101325.000   0.890088    0.018695   0.091119   0.000099   0.908782   3.635130 
   0.0000000000     42.000 101325.000   0.890390    0.018092   0.091417   0.000101   0.908482   3.633926 
   0.0000000000     43.000 101325.000   0.890667    0.017510   0.091719   0.000103   0.908177   3.632710 
   0.0000000000     44.000 101325.000   0.890920    0.016949   0.092025   0.000105   0.907870   3.631479 
   0.0000000000     45.000 101325.000   0.891150    0.016409   0.092334   0.000107   0.907559   3.630234 
   0.0000000000     46.000 101325.000   0.891357    0.015887   0.092647   0.000110   0.907244   3.628974 
   0.0000000000     47.000 101325.000   0.891541    0.015383   0.092963   0.000112   0.906925   3.627699 
   0.0000000000     48.000 101325.000   0.891704    0.014898   0.093284   0.000114   0.906602   3.626407 
   0.0000000000     49.000 101325.000   0.891846    0.014429   0.093609   0.000117   0.906275   3.625099 
   0.0000000000     50.000 101325.000   0.891967    0.013976   0.093938   0.000119   0.905943   3.623773 
   0.0000000000     51.000 101325.000   0.892069    0.013539   0.094271   0.000121   0.905608   3.622430 
   0.0000000000     52.000 101325.000   0.892150    0.013117   0.094609   0.000124   0.905267   3.621068 
   0.0000000000     53.000 101325.000   0.892212    0.012709   0.094952   0.000126   0.904922   3.619688 
   0.0000000000     54.000 101325.000   0.892256    0.012316   0.095299   0.000129   0.904572   3.618288 
   0.0000000000     55.000 101325.000   0.892281    0.011935   0.095652   0.000131   0.904217   3.616868 
   0.0000000000     56.000 101325.000   0.892289    0.011568   0.096009   0.000134   0.903857   3.615427 
   0.0000000000     57.000 101325.000   0.892279    0.011213   0.096372   0.000137   0.903491   3.613966 
   0.0000000000     58.000 101325.000   0.892251    0.010870   0.096740   0.000139   0.903121   3.612483 
   0.0000000000     59.000 101325.000   0.892207    0.010538   0.097113   0.000142   0.902745   3.610978 
   0.0000000000     60.000 101325.000   0.892146    0.010217   0.097492   0.000145   0.902363   3.609451 
   0.0000000000     61.000 101325.000   0.892068    0.009907   0.097877   0.000148   0.901975   3.607901 
   0.0000000000     62.000 101325.000   0.891975    0.009607   0.098268   0.000150   0.901582   3.606327 
   0.0000000000     63.000 101325.000   0.891866    0.009317   0.098664   0.000153   0.901182   3.604729 
   0.0000000000     64.000 101325.000   0.891741    0.009036   0.099067   0.000156   0.900777   3.603106 
   0.0000000000     65.000 101325.000   0.891600    0.008764   0.099476   0.000159   0.900365   3.601459 
   0.0000000000     66.000 101325.000   0.891445    0.008502   0.099891   0.000162   0.899947   3.599786 
   0.0000000000     67.000 101325.000   0.891274    0.008247   0.100313   0.000166   0.899522   3.598087 
   0.0000000000     68.000 101325.000   0.891089    0.008001   0.100741   0.000169   0.899090   3.596361 
   0.0000000000     69.000 101325.000   0.890889    0.007763   0.101176   0.000172   0.898652   3.594609 
   0.0000000000     70.000 101325.000   0.890675    0.007532   0.101618   0.000175   0.898207   3.592829 
   0.0000000000     71.000 101325.000   0.890446    0.007309   0.102066   0.000179   0.897755   3.591021 
   0.0000000000     72.000 101325.000   0.890203    0.007093   0.102522   0.000182   0.897296   3.589184 
   0.0000000000     73.000 101325.000   0.889946    0.006883   0.102985   0.000185   0.896829   3.587318 
   0.0000000000     74.000 101325.000   0.889675    0.006681   0.103456   0.000189   0.896356   3.585423 
   0.0000000000     75.000 101325.000   0.889390    0.006484   0.103933   0.000192   0.895874   3.583497 
   0.0000000000     76.000 101325.000   0.889092    0.006294   0.104419   0.000196   0.895385   3.581541 
   0.0000000000     77.000 101325.000   0.888779    0.006109   0.104912   0.000200   0.894888   3.579553 
   0.0000000000     78.000 101325.000   0.888453    0.005930   0.105413   0.000203   0.894384   3.577534 
   0.0000000000     79.000 101325.000   0.888114    0.005757   0.105922   0.000207   0.893871   3.575483 
   0.0000000000     80.000 101325.000   0.887761    0.005589   0.106439   0.000211   0.893350   3.573400 
   0.0000000000     81.000 101325.000   0.887394    0.005426   0.106964   0.000215   0.892821   3.571283 
   0.0000000000     82.000 101325.000   0.887015    0.005268   0.107498   0.000219   0.892283   3.569132 
   0.0000000000     83.000 101325.000   0.886621    0.005115   0.108040   0.000223   0.891737   3.566947 
   0.0000000000     84.000 101325.000   0.886215    0.004967   0.108591   0.000227   0.891182   3.564727 
   0.0000000000     85.000 101325.000   0.885795    0.004823   0.109151   0.000231   0.890618   3.562472 
   0.0000000000     86.000 101325.000   0.885362    0.004683   0.109719   0.000236   0.890045   3.560181 
   0.0000000000     87.000 101325.000   0.884915    0.004548   0.110297   0.000240   0.889463   3.557853 
   0.0000000000     88.000 101325.000   0.884456    0.004417   0.110883   0.000244   0.888872   3.555489 
   0.0000000000     89.000 101325.000   0.883983    0.004289   0.111479   0.000249   0.888272   3.553087 
   0.0000000000     90.000 101325.000   0.883496    0.004165   0.112085   0.000253   0.887662   3.550647 
   0.0000000000     91.000 101325.000   0.882997    0.004045   0.112700   0.000258   0.887042   3.548168 
   0.0000000000     92.000 101325.000   0.882484    0.003929   0.113324   0.000263   0.886413   3.545651 
   0.0000000000     93.000 101325.000   0.881958    0.003816   0.113959   0.000268   0.885773   3.543093 
   0.0000000000     94.000 101325.000   0.881418    0.003706   0.114604   0.000272   0.885124   3.540496 
   0.0000000000     95.000 101325.000   0.880865    0.003599   0.115258   0.000277   0.884464   3.537857 
   0.0000000000     96.000 101325.000   0.880298    0.003496   0.115923   0.000282   0.883794   3.535177 
   0.0000000000     97.000 101325.000   0.879718    0.003396   0.116599   0.000288   0.883114   3.532455 
   0.0000000000     98.000 101325.000   0.879124    0.003298   0.117285   0.000293   0.882423   3.529690 
   0.0000000000     99.000 101325.000   0.878517    0.003203   0.117981   0.000298   0.881721   3.526883 
   0.0000000000    100.000 101325.000   0.735581    0.001793   0.195191   0.067435   0.737373   2.949494 
   0.0000000000    101.000 101325.000   0.729230    0.001567   0.195419   0.073784   0.730797   2.923187 
   0.0000000000    102.000 101325.000   0.724331    0.001409   0.196247   0.078013   0.725740   2.902959 
   0.0000000000    103.000 101325.000   0.719748    0.001274   0.197218   0.081759   0.721022   2.884089 
   0.0000000000    104.000 101325.000   0.715303    0.001155   0.198259   0.085284   0.716458   2.865832 
   0.0000000000    105.000 101325.000   0.710925    0.001049   0.199339   0.088687   0.711974   2.847897 
   0.0000000000    106.000 101325.000   0.706580    0.000954   0.200443   0.092023   0.707534   2.830136 
   0.0000000000    107.000 101325.000   0.702249    0.000867   0.201562   0.095323   0.703116   2.812462 
   0.0000000000    108.000 101325.000   0.697918    0.000788   0.202689   0.098604   0.698706   2.794825 
   0.0000000000    109.000 101325.000   0.693579    0.000717   0.203820   0.101884   0.694296   2.777184 
   0.0000000000    110.000 101325.000   0.689228    0.000651   0.204951   0.105169   0.689879   2.759517 
   0.0000000000    111.000 101325.000   0.684859    0.000592   0.206079   0.108470   0.685451   2.741804 
   0.0000000000    112.000 101325.000   0.680471    0.000537   0.207202   0.111789   0.681009   2.724035 
   0.0000000000    113.000 101325.000   0.676062    0.000488   0.208318   0.115132   0.676550   2.706199 
   0.0000000000    114.000 101325.000   0.671630    0.000442   0.209424   0.118503   0.672072   2.688290 
   0.0000000000    115.000 101325.000   0.667174    0.000401   0.210520   0.121904   0.667575   2.670302 
   0.0000000000    116.000 101325.000   0.662695    0.000363   0.211604   0.125338   0.663058   2.652233 
   0.0000000000    117.000 101325.000   0.658192    0.000329   0.212674   0.128805   0.658521   2.634082 
   0.0000000000    118.000 101325.000   0.653664    0.000298   0.213730   0.132308   0.653962   2.615847 
   0.0000000000    119.000 101325.000   0.649113    0.000269   0.214770   0.135848   0.649382   2.597528 
   0.0000000000    120.000 101325.000   0.644538    0.000243   0.215793   0.139426   0.644781   2.579125 
   0.0000000000    121.000 101325.000   0.639941    0.000219   0.216798   0.143042   0.640160   2.560641 
   0.0000000000    122.000 101325.000   0.635321    0.000198   0.217785   0.146696   0.635519   2.542076 
   0.0000000000    123.000 101325.000   0.630680    0.000178   0.218752   0.150390   0.630858   2.523433 
   0.0000000000    124.000 101325.000   0.626018    0.000161   0.219698   0.154124   0.626178   2.504713 
   0.0000000000    125.000 101325.000   0.621335    0.000145   0.220623   0.157897   0.621480   2.485919 
   0.0000000000    126.000 101325.000   0.616634    0.000130   0.221526   0.161710   0.616764   2.467054 
