#solute size       Temp        p_0 p_meanfield          v   vT(l/kg)        vHB         vS        vLJ         vO 
  0.000000 -173.000000   0.000068   0.143899   1.521578   1.081937   0.000000   1.081937   0.000000   0.000000 
  0.000000 -172.000000   0.000068   0.143739   1.522429   1.082542   0.000000   1.082542   0.000000   0.000000 
  0.000000 -171.000000   0.000068   0.143581   1.523265   1.083136   0.000000   1.083136   0.000000   0.000000 
  0.000000 -170.000000   0.000068   0.143427   1.524085   1.083719   0.000000   1.083719   0.000000   0.000000 
  0.000000 -169.000000   0.000068   0.143275   1.524891   1.084292   0.000000   1.084292   0.000000   0.000000 
  0.000000 -168.000000   0.000068   0.143127   1.525683   1.084855   0.000000   1.084855   0.000000   0.000000 
  0.000000 -167.000000   0.000068   0.142981   1.526461   1.085408   0.000000   1.085408   0.000000   0.000000 
  0.000000 -166.000000   0.000068   0.142838   1.527225   1.085952   0.000000   1.085952   0.000000   0.000000 
  0.000000 -165.000000   0.000068   0.142698   1.527976   1.086486   0.000000   1.086485   0.000000   0.000000 
  0.000000 -164.000000   0.000068   0.142560   1.528713   1.087010   0.000000   1.087010   0.000000   0.000000 
  0.000000 -163.000000   0.000068   0.142425   1.529439   1.087526   0.000000   1.087526   0.000000   0.000000 
  0.000000 -162.000000   0.000068   0.142292   1.530152   1.088033   0.000000   1.088032   0.000000   0.000000 
  0.000000 -161.000000   0.000068   0.142162   1.530852   1.088531   0.000000   1.088531   0.000000   0.000000 
  0.000000 -160.000000   0.000068   0.142034   1.531541   1.089021   0.000000   1.089021   0.000000   0.000000 
  0.000000 -159.000000   0.000068   0.141909   1.532219   1.089503   0.000001   1.089502   0.000000   0.000000 
  0.000000 -158.000000   0.000068   0.141785   1.532885   1.089977   0.000001   1.089976   0.000000   0.000000 
  0.000000 -157.000000   0.000068   0.141664   1.533541   1.090443   0.000001   1.090441   0.000000   0.000000 
  0.000000 -156.000000   0.000068   0.141545   1.534185   1.090901   0.000001   1.090900   0.000000   0.000000 
  0.000000 -155.000000   0.000068   0.141429   1.534819   1.091352   0.000001   1.091350   0.000000   0.000000 
  0.000000 -154.000000   0.000068   0.141314   1.535443   1.091795   0.000002   1.091793   0.000000   0.000000 
  0.000000 -153.000000   0.000068   0.141201   1.536057   1.092232   0.000002   1.092229   0.000000   0.000000 
  0.000000 -152.000000   0.000068   0.141090   1.536661   1.092661   0.000003   1.092658   0.000000   0.000000 
  0.000000 -151.000000   0.000068   0.140981   1.537255   1.093084   0.000003   1.093080   0.000001   0.000000 
  0.000000 -150.000000   0.000068   0.140874   1.537840   1.093500   0.000004   1.093495   0.000001   0.000000 
  0.000000 -149.000000   0.000068   0.140768   1.538416   1.093909   0.000005   1.093904   0.000001   0.000000 
  0.000000 -148.000000   0.000068   0.140665   1.538983   1.094312   0.000006   1.094305   0.000001   0.000000 
  0.000000 -147.000000   0.000068   0.140563   1.539541   1.094709   0.000007   1.094701   0.000001   0.000000 
  0.000000 -146.000000   0.000068   0.140463   1.540090   1.095100   0.000009   1.095090   0.000001   0.000000 
  0.000000 -145.000000   0.000068   0.140364   1.540631   1.095484   0.000010   1.095472   0.000002   0.000000 
  0.000000 -144.000000   0.000068   0.140267   1.541163   1.095863   0.000013   1.095849   0.000002   0.000000 
  0.000000 -143.000000   0.000068   0.140172   1.541688   1.096236   0.000015   1.096219   0.000002   0.000000 
  0.000000 -142.000000   0.000068   0.140078   1.542204   1.096603   0.000018   1.096583   0.000003   0.000000 
  0.000000 -141.000000   0.000068   0.139986   1.542713   1.096965   0.000021   1.096940   0.000003   0.000000 
  0.000000 -140.000000   0.000068   0.139895   1.543214   1.097321   0.000025   1.097292   0.000004   0.000000 
  0.000000 -139.000000   0.000068   0.139805   1.543708   1.097672   0.000030   1.097638   0.000005   0.000000 
  0.000000 -138.000000   0.000068   0.139717   1.544194   1.098018   0.000035   1.097977   0.000005   0.000000 
  0.000000 -137.000000   0.000068   0.139631   1.544673   1.098358   0.000042   1.098310   0.000006   0.000000 
  0.000000 -136.000000   0.000068   0.139546   1.545144   1.098693   0.000049   1.098637   0.000007   0.000000 
  0.000000 -135.000000   0.000068   0.139462   1.545609   1.099024   0.000057   1.098958   0.000009   0.000000 
  0.000000 -134.000000   0.000068   0.139379   1.546066   1.099349   0.000067   1.099272   0.000010   0.000000 
  0.000000 -133.000000   0.000068   0.139298   1.546517   1.099669   0.000079   1.099579   0.000012   0.000000 
  0.000000 -132.000000   0.000068   0.139218   1.546960   1.099985   0.000092   1.099879   0.000014   0.000000 
  0.000000 -131.000000   0.000068   0.139140   1.547397   1.100296   0.000107   1.100173   0.000016   0.000000 
  0.000000 -130.000000   0.000068   0.139062   1.547828   1.100602   0.000124   1.100459   0.000019   0.000000 
  0.000000 -129.000000   0.000068   0.138986   1.548251   1.100903   0.000144   1.100737   0.000022   0.000000 
  0.000000 -128.000000   0.000068   0.138912   1.548668   1.101199   0.000166   1.101007   0.000026   0.000000 
  0.000000 -127.000000   0.000068   0.138838   1.549079   1.101491   0.000192   1.101269   0.000030   0.000000 
  0.000000 -126.000000   0.000068   0.138766   1.549482   1.101778   0.000222   1.101522   0.000034   0.000000 
  0.000000 -125.000000   0.000068   0.138695   1.549880   1.102061   0.000255   1.101766   0.000039   0.000000 
  0.000000 -124.000000   0.000068   0.138625   1.550270   1.102338   0.000293   1.102000   0.000045   0.000000 
  0.000000 -123.000000   0.000068   0.138556   1.550654   1.102611   0.000337   1.102223   0.000052   0.000000 
  0.000000 -122.000000   0.000068   0.138489   1.551031   1.102879   0.000386   1.102434   0.000060   0.000000 
  0.000000 -121.000000   0.000068   0.138423   1.551401   1.103143   0.000441   1.102634   0.000068   0.000000 
  0.000000 -120.000000   0.000068   0.138358   1.551765   1.103401   0.000503   1.102820   0.000078   0.000000 
  0.000000 -119.000000   0.000068   0.138295   1.552121   1.103655   0.000574   1.102992   0.000089   0.000000 
  0.000000 -118.000000   0.000068   0.138232   1.552471   1.103903   0.000653   1.103149   0.000101   0.000000 
  0.000000 -117.000000   0.000068   0.138171   1.552813   1.104147   0.000742   1.103289   0.000115   0.000000 
  0.000000 -116.000000   0.000068   0.138112   1.553148   1.104385   0.000842   1.103412   0.000131   0.000000 
  0.000000 -115.000000   0.000068   0.138054   1.553475   1.104617   0.000954   1.103515   0.000148   0.000000 
  0.000000 -114.000000   0.000068   0.137997   1.553794   1.104844   0.001080   1.103597   0.000168   0.000000 
  0.000000 -113.000000   0.000068   0.137942   1.554105   1.105065   0.001220   1.103656   0.000190   0.000000 
  0.000000 -112.000000   0.000068   0.137888   1.554408   1.105281   0.001376   1.103690   0.000214   0.000000 
  0.000000 -111.000000   0.000068   0.137836   1.554702   1.105490   0.001550   1.103698   0.000242   0.000000 
  0.000000 -110.000000   0.000068   0.137785   1.554987   1.105692   0.001744   1.103676   0.000272   0.000000 
  0.000000 -109.000000   0.000068   0.137737   1.555262   1.105888   0.001960   1.103622   0.000306   0.000000 
  0.000000 -108.000000   0.000068   0.137690   1.555528   1.106077   0.002200   1.103533   0.000344   0.000000 
  0.000000 -107.000000   0.000068   0.137644   1.555783   1.106258   0.002466   1.103407   0.000386   0.000000 
  0.000000 -106.000000   0.000068   0.137601   1.556027   1.106432   0.002760   1.103240   0.000432   0.000000 
  0.000000 -105.000000   0.000068   0.137560   1.556260   1.106598   0.003086   1.103029   0.000483   0.000000 
  0.000000 -104.000000   0.000068   0.137521   1.556481   1.106755   0.003446   1.102769   0.000540   0.000000 
  0.000000 -103.000000   0.000068   0.137484   1.556689   1.106902   0.003843   1.102457   0.000602   0.000000 
  0.000000 -102.000000   0.000068   0.137450   1.556883   1.107041   0.004281   1.102088   0.000672   0.000000 
  0.000000 -101.000000   0.000068   0.137418   1.557063   1.107169   0.004763   1.101658   0.000748   0.000000 
  0.000000 -100.000000   0.000068   0.137389   1.557229   1.107286   0.005294   1.101161   0.000832   0.000000 
  0.000000 -99.000000   0.000068   0.137363   1.557378   1.107392   0.005877   1.100591   0.000924   0.000000 
  0.000000 -98.000000   0.000068   0.137340   1.557510   1.107486   0.006518   1.099943   0.001025   0.000000 
  0.000000 -97.000000   0.000068   0.137320   1.557624   1.107567   0.007220   1.099211   0.001136   0.000000 
  0.000000 -96.000000   0.000068   0.137303   1.557719   1.107635   0.007989   1.098387   0.001258   0.000000 
  0.000000 -95.000000   0.000068   0.137290   1.557793   1.107688   0.008831   1.097465   0.001392   0.000000 
  0.000000 -94.000000   0.000068   0.137280   1.557846   1.107725   0.009752   1.096436   0.001538   0.000000 
  0.000000 -93.000000   0.000068   0.137275   1.557876   1.107747   0.010757   1.095292   0.001697   0.000000 
  0.000000 -92.000000   0.000068   0.137274   1.557881   1.107750   0.011854   1.094025   0.001872   0.000000 
  0.000000 -91.000000   0.000068   0.137278   1.557861   1.107736   0.013049   1.092625   0.002062   0.000000 
  0.000000 -90.000000   0.000068   0.137286   1.557812   1.107701   0.014351   1.091081   0.002269   0.000000 
  0.000000 -89.000000   0.000068   0.137300   1.557734   1.107646   0.015767   1.089384   0.002494   0.000000 
  0.000000 -88.000000   0.000068   0.137319   1.557625   1.107568   0.017306   1.087523   0.002740   0.000000 
  0.000000 -87.000000   0.000068   0.137345   1.557483   1.107467   0.018977   1.085484   0.003006   0.000000 
  0.000000 -86.000000   0.000068   0.137376   1.557305   1.107340   0.020790   1.083256   0.003295   0.000000 
  0.000000 -85.000000   0.000068   0.137414   1.557089   1.107187   0.022754   1.080825   0.003609   0.000000 
  0.000000 -84.000000   0.000068   0.137459   1.556834   1.107005   0.024880   1.078177   0.003948   0.000000 
  0.000000 -83.000000   0.000068   0.137512   1.556536   1.106794   0.027180   1.075297   0.004316   0.000000 
  0.000000 -82.000000   0.000068   0.137572   1.556193   1.106550   0.029665   1.072171   0.004713   0.000000 
  0.000000 -81.000000   0.000068   0.137641   1.555802   1.106272   0.032348   1.068781   0.005143   0.000000 
  0.000000 -80.000000   0.000068   0.137719   1.555361   1.105959   0.035241   1.065111   0.005606   0.000000 
  0.000000 -79.000000   0.000068   0.137807   1.554867   1.105607   0.038358   1.061143   0.006106   0.000000 
  0.000000 -78.000000   0.000068   0.137904   1.554316   1.105215   0.041713   1.056859   0.006643   0.000000 
  0.000000 -77.000000   0.000068   0.138013   1.553705   1.104781   0.045320   1.052239   0.007222   0.000000 
  0.000000 -76.000000   0.000068   0.138132   1.553032   1.104302   0.049195   1.047263   0.007844   0.000000 
  0.000000 -75.000000   0.000068   0.138264   1.552292   1.103776   0.053352   1.041912   0.008512   0.000000 
  0.000000 -74.000000   0.000068   0.138408   1.551482   1.103200   0.057809   1.036163   0.009228   0.000000 
  0.000000 -73.000000   0.000068   0.138566   1.550599   1.102572   0.062580   1.029996   0.009995   0.000000 
  0.000000 -72.000000   0.000068   0.138738   1.549638   1.101889   0.067684   1.023389   0.010816   0.000000 
  0.000000 -71.000000   0.000068   0.138924   1.548597   1.101148   0.073136   1.016319   0.011694   0.000000 
  0.000000 -70.000000   0.000068   0.139127   1.547470   1.100347   0.078954   1.008762   0.012631   0.000000 
  0.000000 -69.000000   0.000068   0.139345   1.546255   1.099483   0.085154   1.000699   0.013630   0.000000 
  0.000000 -68.000000   0.000068   0.139581   1.544948   1.098554   0.091754   0.992106   0.014693   0.000001 
  0.000000 -67.000000   0.000068   0.139835   1.543544   1.097556   0.098770   0.982960   0.015825   0.000001 
  0.000000 -66.000000   0.000068   0.140108   1.542041   1.096487   0.106218   0.973242   0.017026   0.000001 
  0.000000 -65.000000   0.000068   0.140400   1.540434   1.095344   0.114113   0.962929   0.018301   0.000001 
  0.000000 -64.000000   0.000068   0.140712   1.538721   1.094126   0.122471   0.952004   0.019650   0.000001 
  0.000000 -63.000000   0.000068   0.141046   1.536897   1.092829   0.131303   0.940449   0.021077   0.000001 
  0.000000 -62.000000   0.000068   0.141402   1.534961   1.091453   0.140622   0.928247   0.022582   0.000001 
  0.000000 -61.000000   0.000068   0.141781   1.532909   1.089994   0.150438   0.915386   0.024169   0.000001 
  0.000000 -60.000000   0.000068   0.142183   1.530740   1.088451   0.160759   0.901853   0.025838   0.000001 
  0.000000 -59.000000   0.000068   0.142609   1.528453   1.086825   0.171588   0.887646   0.027589   0.000002 
  0.000000 -58.000000   0.000068   0.143058   1.526046   1.085113   0.182929   0.872759   0.029424   0.000002 
  0.000000 -57.000000   0.000068   0.143533   1.523519   1.083317   0.194779   0.857195   0.031341   0.000002 
  0.000000 -56.000000   0.000068   0.144032   1.520874   1.081436   0.207133   0.840960   0.033341   0.000002 
  0.000000 -55.000000   0.000068   0.144557   1.518112   1.079472   0.219982   0.824067   0.035421   0.000002 
  0.000000 -54.000000   0.000068   0.145105   1.515236   1.077427   0.233310   0.806534   0.037580   0.000003 
  0.000000 -53.000000   0.000068   0.145679   1.512249   1.075303   0.247103   0.788383   0.039814   0.000003 
  0.000000 -52.000000   0.000068   0.146276   1.509158   1.073105   0.261329   0.769654   0.042119   0.000003 
  0.000000 -51.000000   0.000068   0.146896   1.505969   1.070837   0.275961   0.750383   0.044490   0.000004 
  0.000000 -50.000000   0.000068   0.147538   1.502689   1.068505   0.290963   0.730617   0.046921   0.000004 
  0.000000 -49.000000   0.000068   0.148200   1.499329   1.066116   0.306293   0.710411   0.049407   0.000005 
  0.000000 -48.000000   0.000068   0.148880   1.495898   1.063676   0.321906   0.689826   0.051939   0.000005 
  0.000000 -47.000000   0.000068   0.149576   1.492408   1.061195   0.337750   0.668929   0.054510   0.000006 
  0.000000 -46.000000   0.000068   0.150288   1.488871   1.058680   0.353774   0.647788   0.057111   0.000006 
  0.000000 -45.000000   0.000068   0.151010   1.485304   1.056143   0.369913   0.626492   0.059731   0.000007 
  0.000000 -44.000000   0.000068   0.151742   1.481719   1.053594   0.386108   0.605116   0.062363   0.000008 
  0.000000 -43.000000   0.000068   0.152479   1.478132   1.051044   0.402298   0.583742   0.064995   0.000008 
  0.000000 -42.000000   0.000068   0.153218   1.474558   1.048502   0.418422   0.562454   0.067618   0.000009 
  0.000000 -41.000000   0.000068   0.153957   1.471012   1.045981   0.434418   0.541330   0.070223   0.000010 
  0.000000 -40.000000   0.000068   0.154693   1.467508   1.043489   0.450229   0.520450   0.072800   0.000011 
  0.000000 -39.000000   0.000068   0.155422   1.464061   1.041038   0.465800   0.499885   0.075341   0.000012 
  0.000000 -38.000000   0.000068   0.156141   1.460683   1.038636   0.481083   0.479702   0.077838   0.000013 
  0.000000 -37.000000   0.000068   0.156848   1.457386   1.036292   0.496032   0.459962   0.080285   0.000014 
  0.000000 -36.000000   0.000068   0.157541   1.454179   1.034012   0.510612   0.440709   0.082675   0.000015 
  0.000000 -35.000000   0.000068   0.158216   1.451074   1.031804   0.524784   0.422000   0.085004   0.000016 
  0.000000 -34.000000   0.000068   0.158871   1.448077   1.029673   0.538525   0.403865   0.087266   0.000017 
  0.000000 -33.000000   0.000068   0.159505   1.445193   1.027622   0.551814   0.386330   0.089460   0.000018 
  0.000000 -32.000000   0.000068   0.160117   1.442428   1.025656   0.564639   0.369415   0.091583   0.000019 
  0.000000 -31.000000   0.000068   0.160706   1.439784   1.023776   0.576988   0.353133   0.093634   0.000021 
  0.000000 -30.000000   0.000068   0.161270   1.437262   1.021983   0.588860   0.337489   0.095612   0.000022 
  0.000000 -29.000000   0.000068   0.161809   1.434864   1.020277   0.600253   0.322483   0.097518   0.000023 
  0.000000 -28.000000   0.000068   0.162323   1.432589   1.018659   0.611172   0.308110   0.099353   0.000025 
  0.000000 -27.000000   0.000068   0.162811   1.430436   1.017129   0.621621   0.294366   0.101116   0.000026 
  0.000000 -26.000000   0.000068   0.163275   1.428402   1.015683   0.631615   0.281228   0.102812   0.000027 
  0.000000 -25.000000   0.000068   0.163714   1.426486   1.014320   0.641165   0.268686   0.104440   0.000029 
  0.000000 -24.000000   0.000068   0.164129   1.424683   1.013038   0.650282   0.256721   0.106005   0.000031 
  0.000000 -23.000000   0.000068   0.164519   1.422990   1.011834   0.658981   0.245315   0.107506   0.000032 
  0.000000 -22.000000   0.000068   0.164886   1.421405   1.010707   0.667279   0.234446   0.108949   0.000034 
  0.000000 -21.000000   0.000068   0.165231   1.419922   1.009653   0.675189   0.224094   0.110334   0.000035 
  0.000000 -20.000000   0.000068   0.165553   1.418538   1.008669   0.682729   0.214237   0.111665   0.000037 
  0.000000 -19.000000   0.000068   0.165855   1.417249   1.007752   0.689915   0.204854   0.112944   0.000039 
  0.000000 -18.000000   0.000068   0.166135   1.416050   1.006900   0.696763   0.195923   0.114173   0.000040 
  0.000000 -17.000000   0.000068   0.166397   1.414938   1.006109   0.703288   0.187422   0.115356   0.000042 
  0.000000 -16.000000   0.000068   0.166639   1.413909   1.005377   0.709506   0.179332   0.116495   0.000044 
  0.000000 -15.000000   0.000068   0.166863   1.412958   1.004701   0.715431   0.171632   0.117592   0.000046 
  0.000000 -14.000000   0.000068   0.167070   1.412082   1.004078   0.721079   0.164303   0.118649   0.000048 
  0.000000 -13.000000   0.000068   0.167261   1.411278   1.003506   0.726462   0.157326   0.119669   0.000050 
  0.000000 -12.000000   0.000068   0.167435   1.410542   1.002983   0.731594   0.150684   0.120653   0.000052 
  0.000000 -11.000000   0.000068   0.167595   1.409870   1.002505   0.736487   0.144359   0.121605   0.000054 
  0.000000 -10.000000   0.000068   0.167740   1.409259   1.002071   0.741155   0.138335   0.122525   0.000056 
  0.000000  -9.000000   0.000068   0.167872   1.408706   1.001678   0.745608   0.132596   0.123417   0.000058 
  0.000000  -8.000000   0.000068   0.167990   1.408209   1.001324   0.749856   0.127128   0.124280   0.000060 
  0.000000  -7.000000   0.000068   0.168096   1.407764   1.001008   0.753912   0.121916   0.125118   0.000062 
  0.000000  -6.000000   0.000068   0.168191   1.407369   1.000727   0.757783   0.116948   0.125931   0.000064 
  0.000000  -5.000000   0.000068   0.168273   1.407022   1.000480   0.761479   0.112212   0.126722   0.000066 
  0.000000  -4.000000   0.000068   0.168346   1.406719   1.000265   0.765010   0.107694   0.127491   0.000069 
  0.000000  -3.000000   0.000068   0.168408   1.406459   1.000080   0.768385   0.103383   0.128241   0.000071 
  0.000000  -2.000000   0.000068   0.168461   1.406239   0.999923   0.771609   0.099269   0.128972   0.000073 
  0.000000  -1.000000   0.000068   0.168504   1.406058   0.999795   0.774691   0.095342   0.129686   0.000076 
  0.000000   0.000000   0.000068   0.168539   1.405914   0.999692   0.777639   0.091592   0.130383   0.000078 
  0.000000   1.000000   0.000068   0.168565   1.405804   0.999614   0.780458   0.088011   0.131065   0.000081 
  0.000000   2.000000   0.000068   0.168583   1.405728   0.999560   0.783154   0.084589   0.131733   0.000083 
  0.000000   3.000000   0.000068   0.168594   1.405684   0.999528   0.785734   0.081320   0.132389   0.000086 
  0.000000   4.000000   0.000068   0.168597   1.405669   0.999518   0.788204   0.078194   0.133032   0.000088 
  0.000000   5.000000   0.000068   0.168594   1.405683   0.999528   0.790568   0.075206   0.133664   0.000091 
  0.000000   6.000000   0.000068   0.168584   1.405725   0.999558   0.792832   0.072347   0.134285   0.000094 
  0.000000   7.000000   0.000068   0.168568   1.405793   0.999606   0.795000   0.069613   0.134897   0.000096 
  0.000000   8.000000   0.000068   0.168546   1.405886   0.999672   0.797076   0.066996   0.135501   0.000099 
  0.000000   9.000000   0.000068   0.168518   1.406003   0.999755   0.799065   0.064491   0.136096   0.000102 
  0.000000  10.000000   0.000068   0.168484   1.406142   0.999854   0.800972   0.062093   0.136685   0.000105 
  0.000000  11.000000   0.000068   0.168446   1.406304   0.999969   0.802798   0.059797   0.137266   0.000108 
  0.000000  12.000000   0.000068   0.168402   1.406486   1.000099   0.804549   0.057596   0.137842   0.000111 
  0.000000  13.000000   0.000068   0.168353   1.406688   1.000243   0.806228   0.055488   0.138413   0.000114 
  0.000000  14.000000   0.000068   0.168300   1.406910   1.000400   0.807837   0.053468   0.138979   0.000117 
  0.000000  15.000000   0.000068   0.168243   1.407150   1.000571   0.809380   0.051531   0.139541   0.000120 
  0.000000  16.000000   0.000068   0.168181   1.407408   1.000755   0.810859   0.049673   0.140099   0.000123 
  0.000000  17.000000   0.000068   0.168116   1.407683   1.000950   0.812278   0.047892   0.140654   0.000127 
  0.000000  18.000000   0.000068   0.168046   1.407975   1.001157   0.813638   0.046183   0.141207   0.000130 
  0.000000  19.000000   0.000068   0.167973   1.408282   1.001376   0.814943   0.044543   0.141757   0.000133 
  0.000000  20.000000   0.000068   0.167896   1.408605   1.001605   0.816194   0.042969   0.142306   0.000137 
  0.000000  21.000000   0.000068   0.167816   1.408942   1.001845   0.817394   0.041457   0.142854   0.000140 
  0.000000  22.000000   0.000068   0.167732   1.409294   1.002095   0.818544   0.040006   0.143402   0.000144 
  0.000000  23.000000   0.000068   0.167645   1.409659   1.002355   0.819647   0.038612   0.143949   0.000147 
  0.000000  24.000000   0.000068   0.167555   1.410038   1.002625   0.820705   0.037273   0.144496   0.000151 
  0.000000  25.000000   0.000068   0.167462   1.410430   1.002904   0.821719   0.035987   0.145044   0.000155 
  0.000000  26.000000   0.000068   0.167366   1.410835   1.003191   0.822690   0.034750   0.145592   0.000159 
  0.000000  27.000000   0.000068   0.167267   1.411252   1.003488   0.823622   0.033561   0.146142   0.000163 
  0.000000  28.000000   0.000068   0.167165   1.411681   1.003793   0.824514   0.032418   0.146694   0.000167 
  0.000000  29.000000   0.000068   0.167061   1.412121   1.004106   0.825369   0.031319   0.147247   0.000171 
  0.000000  30.000000   0.000068   0.166954   1.412573   1.004427   0.826188   0.030261   0.147803   0.000175 
  0.000000  31.000000   0.000068   0.166845   1.413036   1.004756   0.826971   0.029244   0.148362   0.000179 
  0.000000  32.000000   0.000068   0.166733   1.413510   1.005093   0.827721   0.028265   0.148924   0.000183 
  0.000000  33.000000   0.000068   0.166619   1.413994   1.005438   0.828439   0.027323   0.149489   0.000187 
  0.000000  34.000000   0.000068   0.166502   1.414489   1.005790   0.829125   0.026416   0.150057   0.000192 
  0.000000  35.000000   0.000068   0.166384   1.414995   1.006149   0.829780   0.025543   0.150630   0.000196 
  0.000000  36.000000   0.000068   0.166262   1.415510   1.006515   0.830407   0.024701   0.151207   0.000201 
  0.000000  37.000000   0.000068   0.166139   1.416035   1.006889   0.831004   0.023891   0.151788   0.000206 
  0.000000  38.000000   0.000068   0.166014   1.416570   1.007269   0.831574   0.023111   0.152374   0.000210 
  0.000000  39.000000   0.000068   0.165886   1.417115   1.007657   0.832118   0.022359   0.152965   0.000215 
  0.000000  40.000000   0.000068   0.165757   1.417669   1.008051   0.832635   0.021634   0.153562   0.000220 
  0.000000  41.000000   0.000068   0.165625   1.418233   1.008452   0.833128   0.020935   0.154164   0.000225 
  0.000000  42.000000   0.000068   0.165491   1.418806   1.008859   0.833596   0.020261   0.154772   0.000230 
  0.000000  43.000000   0.000068   0.165355   1.419388   1.009273   0.834040   0.019612   0.155386   0.000235 
  0.000000  44.000000   0.000068   0.165218   1.419980   1.009694   0.834461   0.018985   0.156007   0.000241 
  0.000000  45.000000   0.000068   0.165078   1.420580   1.010121   0.834860   0.018381   0.156634   0.000246 
  0.000000  46.000000   0.000068   0.164936   1.421190   1.010554   0.835236   0.017798   0.157268   0.000251 
  0.000000  47.000000   0.000068   0.164793   1.421809   1.010994   0.835592   0.017236   0.157910   0.000257 
  0.000000  48.000000   0.000068   0.164648   1.422436   1.011441   0.835927   0.016693   0.158559   0.000263 
  0.000000  49.000000   0.000068   0.164501   1.423073   1.011893   0.836241   0.016168   0.159215   0.000268 
  0.000000  50.000000   0.000068   0.164352   1.423718   1.012352   0.836536   0.015662   0.159879   0.000274 
  0.000000  51.000000   0.000068   0.164201   1.424373   1.012818   0.836811   0.015174   0.160552   0.000280 
  0.000000  52.000000   0.000068   0.164048   1.425037   1.013290   0.837068   0.014702   0.161233   0.000286 
  0.000000  53.000000   0.000068   0.163893   1.425709   1.013768   0.837306   0.014247   0.161923   0.000293 
  0.000000  54.000000   0.000068   0.163737   1.426391   1.014253   0.837526   0.013806   0.162621   0.000299 
  0.000000  55.000000   0.000068   0.163578   1.427082   1.014744   0.837728   0.013381   0.163329   0.000305 
  0.000000  56.000000   0.000068   0.163418   1.427781   1.015241   0.837913   0.012970   0.164046   0.000312 
  0.000000  57.000000   0.000068   0.163256   1.428490   1.015745   0.838081   0.012573   0.164772   0.000319 
  0.000000  58.000000   0.000068   0.163092   1.429208   1.016256   0.838233   0.012189   0.165509   0.000325 
  0.000000  59.000000   0.000068   0.162926   1.429935   1.016773   0.838367   0.011818   0.166255   0.000332 
  0.000000  60.000000   0.000068   0.162759   1.430671   1.017296   0.838486   0.011459   0.167012   0.000339 
  0.000000  61.000000   0.000068   0.162589   1.431417   1.017826   0.838589   0.011112   0.167779   0.000346 
  0.000000  62.000000   0.000068   0.162418   1.432172   1.018363   0.838676   0.010776   0.168557   0.000354 
  0.000000  63.000000   0.000068   0.162245   1.432936   1.018907   0.838747   0.010452   0.169346   0.000361 
  0.000000  64.000000   0.000068   0.162070   1.433710   1.019457   0.838804   0.010138   0.170147   0.000369 
  0.000000  65.000000   0.000068   0.161893   1.434493   1.020014   0.838845   0.009834   0.170959   0.000376 
  0.000000  66.000000   0.000068   0.161714   1.435287   1.020578   0.838872   0.009540   0.171782   0.000384 
  0.000000  67.000000   0.000068   0.161533   1.436090   1.021149   0.838884   0.009255   0.172618   0.000392 
  0.000000  68.000000   0.000068   0.161351   1.436902   1.021727   0.838882   0.008980   0.173465   0.000400 
  0.000000  69.000000   0.000068   0.161166   1.437725   1.022312   0.838865   0.008713   0.174325   0.000409 
  0.000000  70.000000   0.000068   0.160980   1.438557   1.022904   0.838834   0.008455   0.175198   0.000417 
  0.000000  71.000000   0.000068   0.160792   1.439400   1.023503   0.838789   0.008205   0.176084   0.000426 
  0.000000  72.000000   0.000068   0.160601   1.440254   1.024110   0.838730   0.007962   0.176983   0.000434 
  0.000000  73.000000   0.000068   0.160409   1.441117   1.024724   0.838658   0.007728   0.177895   0.000443 
  0.000000  74.000000   0.000068   0.160214   1.441991   1.025345   0.838572   0.007501   0.178821   0.000452 
  0.000000  75.000000   0.000068   0.160018   1.442876   1.025975   0.838472   0.007281   0.179760   0.000462 
  0.000000  76.000000   0.000068   0.159820   1.443772   1.026611   0.838359   0.007067   0.180714   0.000471 
  0.000000  77.000000   0.000068   0.159619   1.444678   1.027256   0.838232   0.006861   0.181683   0.000481 
  0.000000  78.000000   0.000068   0.159417   1.445596   1.027908   0.838092   0.006660   0.182666   0.000491 
  0.000000  79.000000   0.000068   0.159212   1.446525   1.028569   0.837939   0.006466   0.183664   0.000500 
  0.000000  80.000000   0.000068   0.159006   1.447464   1.029237   0.837772   0.006278   0.184676   0.000511 
  0.000000  81.000000   0.000068   0.158797   1.448416   1.029914   0.837592   0.006096   0.185705   0.000521 
  0.000000  82.000000   0.000068   0.158586   1.449379   1.030598   0.837399   0.005919   0.186749   0.000532 
  0.000000  83.000000   0.000068   0.158373   1.450354   1.031292   0.837194   0.005747   0.187809   0.000542 
  0.000000  84.000000   0.000068   0.158158   1.451341   1.031993   0.836975   0.005581   0.188885   0.000553 
  0.000000  85.000000   0.000068   0.157940   1.452340   1.032704   0.836743   0.005420   0.189977   0.000564 
  0.000000  86.000000   0.000068   0.157721   1.453351   1.033423   0.836497   0.005263   0.191086   0.000576 
  0.000000  87.000000   0.000068   0.157499   1.454374   1.034151   0.836239   0.005111   0.192213   0.000587 
  0.000000  88.000000   0.000068   0.157275   1.455411   1.034887   0.835968   0.004964   0.193356   0.000599 
  0.000000  89.000000   0.000068   0.157048   1.456460   1.035633   0.835684   0.004821   0.194517   0.000611 
  0.000000  90.000000   0.000068   0.156820   1.457521   1.036388   0.835387   0.004682   0.195696   0.000623 
  0.000000  91.000000   0.000068   0.156589   1.458597   1.037153   0.835077   0.004548   0.196893   0.000636 
  0.000000  92.000000   0.000068   0.156356   1.459685   1.037927   0.834753   0.004417   0.198108   0.000648 
  0.000000  93.000000   0.000068   0.156120   1.460787   1.038710   0.834417   0.004290   0.199342   0.000661 
  0.000000  94.000000   0.000068   0.155882   1.461902   1.039503   0.834068   0.004167   0.200594   0.000675 
  0.000000  95.000000   0.000068   0.155641   1.463032   1.040306   0.833705   0.004048   0.201866   0.000688 
  0.000000  96.000000   0.000068   0.155398   1.464175   1.041120   0.833329   0.003932   0.203157   0.000702 
  0.000000  97.000000   0.000068   0.155153   1.465333   1.041943   0.832940   0.003819   0.204468   0.000716 
  0.000000  98.000000   0.000068   0.154905   1.466506   1.042777   0.832538   0.003709   0.205799   0.000730 
  0.000000  99.000000   0.000068   0.154655   1.467692   1.043621   0.832122   0.003603   0.207150   0.000744 
  0.000000 100.000000   0.000068   0.000089 123.953509  88.138647   0.728374   0.002050   0.400866  87.007357 
  0.000000 101.000000   0.000068   0.000083 145.321010 103.332268   0.722086   0.001792   0.401338 102.207052 
  0.000000 102.000000   0.000068   0.000081 158.785149 112.906107   0.717236   0.001611   0.403040 111.784221 
  0.000000 103.000000   0.000068   0.000079 170.400701 121.165487   0.712699   0.001457   0.405034 120.046297 
  0.000000 104.000000   0.000068   0.000078 181.135564 128.798641   0.708297   0.001321   0.407171 127.681852 
  0.000000 105.000000   0.000068   0.000077 191.370260 136.076146   0.703962   0.001200   0.409390 134.961594 
  0.000000 106.000000   0.000068   0.000076 201.305324 143.140594   0.699660   0.001091   0.411658 142.028185 
  0.000000 107.000000   0.000068   0.000075 211.057691 150.075133   0.695371   0.000991   0.413957 148.964813 
  0.000000 108.000000   0.000068   0.000074 220.700038 156.931440   0.691083   0.000901   0.416272 155.823183 
  0.000000 109.000000   0.000068   0.000074 230.291759 163.751750   0.686787   0.000820   0.418595 162.645548 
  0.000000 110.000000   0.000068   0.000073 239.865350 170.559168   0.682479   0.000745   0.420919 169.455026 
  0.000000 111.000000   0.000068   0.000073 249.455719 177.378517   0.678153   0.000677   0.423236 176.276452 
  0.000000 112.000000   0.000068   0.000073 259.079130 184.221359   0.673808   0.000615   0.425542 183.121395 
  0.000000 113.000000   0.000068   0.000072 268.757175 191.103051   0.669442   0.000558   0.427834 190.005217 
  0.000000 114.000000   0.000068   0.000072 278.504088 198.033712   0.665053   0.000506   0.430106 196.938046 
  0.000000 115.000000   0.000068   0.000072 288.333350 205.022928   0.660641   0.000459   0.432357 203.929471 
  0.000000 116.000000   0.000068   0.000071 298.250727 212.074799   0.656206   0.000416   0.434583 210.983595 
  0.000000 117.000000   0.000068   0.000071 308.266956 219.196960   0.651747   0.000376   0.436781 218.108056 
  0.000000 118.000000   0.000068   0.000071 318.388950 226.394327   0.647264   0.000340   0.438950 225.307773 
  0.000000 119.000000   0.000068   0.000071 328.622611 233.671096   0.642757   0.000308   0.441086 232.586945 
  0.000000 120.000000   0.000068   0.000070 338.974618 241.032016   0.638227   0.000278   0.443187 239.950324 
  0.000000 121.000000   0.000068   0.000070 349.445593 248.477530   0.633675   0.000251   0.445251 247.398353 
  0.000000 122.000000   0.000068   0.000070 360.041437 256.011833   0.629101   0.000226   0.447278 254.935229 
  0.000000 123.000000   0.000068   0.000070 370.765281 263.637153   0.624505   0.000204   0.449263 262.563180 
  0.000000 124.000000   0.000068   0.000070 381.619796 271.355387   0.619888   0.000184   0.451207 270.284108 
  0.000000 125.000000   0.000068   0.000070 392.607242 279.168144   0.615252   0.000165   0.453107 278.099620 
  0.000000 126.000000   0.000068   0.000070 403.729513 287.076770   0.610596   0.000149   0.454962 286.011063 
