#solute size.    Temp(C) Press(Mpa)        fHB          fS        fLJ         fO        xHB        nHB 
   0.0000000000   -173.000    400.000   0.916666    0.000000   0.082519   0.000817   0.916666   3.666665 
   0.0000000000   -172.000    400.000   0.916667    0.000000   0.082501   0.000832   0.916667   3.666669 
   0.0000000000   -171.000    400.000   0.916669    0.000001   0.082487   0.000847   0.916670   3.666680 
   0.0000000000   -170.000    400.000   0.916666    0.000001   0.082472   0.000862   0.916666   3.666665 
   0.0000000000   -169.000    400.000   0.916665    0.000001   0.082456   0.000877   0.916665   3.666661 
   0.0000000000   -168.000    400.000   0.916667    0.000001   0.082441   0.000892   0.916668   3.666671 
   0.0000000000   -167.000    400.000   0.916666    0.000001   0.082427   0.000907   0.916667   3.666667 
   0.0000000000   -166.000    400.000   0.916666    0.000001   0.082412   0.000922   0.916667   3.666667 
   0.0000000000   -165.000    400.000   0.916666    0.000001   0.082397   0.000936   0.916667   3.666667 
   0.0000000000   -164.000    400.000   0.916666    0.000001   0.082382   0.000951   0.916667   3.666666 
   0.0000000000   -163.000    400.000   0.916666    0.000001   0.082367   0.000966   0.916667   3.666668 
   0.0000000000   -162.000    400.000   0.916666    0.000001   0.082352   0.000981   0.916667   3.666667 
   0.0000000000   -161.000    400.000   0.916665    0.000001   0.082337   0.000996   0.916667   3.666667 
   0.0000000000   -160.000    400.000   0.916665    0.000001   0.082323   0.001011   0.916667   3.666667 
   0.0000000000   -159.000    400.000   0.916665    0.000001   0.082308   0.001026   0.916667   3.666667 
   0.0000000000   -158.000    400.000   0.916665    0.000002   0.082293   0.001040   0.916667   3.666667 
   0.0000000000   -157.000    400.000   0.916665    0.000002   0.082278   0.001055   0.916667   3.666667 
   0.0000000000   -156.000    400.000   0.916665    0.000002   0.082263   0.001070   0.916667   3.666667 
   0.0000000000   -155.000    400.000   0.916665    0.000002   0.082249   0.001084   0.916667   3.666667 
   0.0000000000   -154.000    400.000   0.916665    0.000002   0.082234   0.001099   0.916667   3.666667 
   0.0000000000   -153.000    400.000   0.916665    0.000002   0.082219   0.001114   0.916667   3.666667 
   0.0000000000   -152.000    400.000   0.916665    0.000002   0.082205   0.001128   0.916667   3.666667 
   0.0000000000   -151.000    400.000   0.916664    0.000002   0.082190   0.001143   0.916667   3.666667 
   0.0000000000   -150.000    400.000   0.916664    0.000003   0.082176   0.001158   0.916667   3.666668 
   0.0000000000   -149.000    400.000   0.916664    0.000003   0.082161   0.001172   0.916667   3.666668 
   0.0000000000   -148.000    400.000   0.916664    0.000003   0.082146   0.001187   0.916667   3.666668 
   0.0000000000   -147.000    400.000   0.916664    0.000003   0.082132   0.001201   0.916667   3.666668 
   0.0000000000   -146.000    400.000   0.916664    0.000003   0.082118   0.001216   0.916667   3.666668 
   0.0000000000   -145.000    400.000   0.916663    0.000004   0.082103   0.001230   0.916667   3.666668 
   0.0000000000   -144.000    400.000   0.916663    0.000004   0.082089   0.001244   0.916667   3.666668 
   0.0000000000   -143.000    400.000   0.916663    0.000004   0.082074   0.001259   0.916667   3.666668 
   0.0000000000   -142.000    400.000   0.916663    0.000004   0.082060   0.001273   0.916667   3.666668 
   0.0000000000   -141.000    400.000   0.916663    0.000004   0.082046   0.001287   0.916667   3.666668 
   0.0000000000   -140.000    400.000   0.916662    0.000005   0.082031   0.001302   0.916667   3.666668 
   0.0000000000   -139.000    400.000   0.916662    0.000005   0.082017   0.001316   0.916667   3.666668 
   0.0000000000   -138.000    400.000   0.916662    0.000005   0.082003   0.001330   0.916667   3.666668 
   0.0000000000   -137.000    400.000   0.916662    0.000005   0.081988   0.001344   0.916667   3.666668 
   0.0000000000   -136.000    400.000   0.916661    0.000006   0.081974   0.001359   0.916667   3.666669 
   0.0000000000   -135.000    400.000   0.916661    0.000006   0.081960   0.001373   0.916667   3.666669 
   0.0000000000   -134.000    400.000   0.916661    0.000006   0.081946   0.001387   0.916667   3.666669 
   0.0000000000   -133.000    400.000   0.916661    0.000007   0.081932   0.001401   0.916667   3.666669 
   0.0000000000   -132.000    400.000   0.916660    0.000007   0.081918   0.001415   0.916667   3.666669 
   0.0000000000   -131.000    400.000   0.916660    0.000007   0.081903   0.001429   0.916667   3.666669 
   0.0000000000   -130.000    400.000   0.916660    0.000008   0.081889   0.001443   0.916667   3.666669 
   0.0000000000   -129.000    400.000   0.916659    0.000008   0.081875   0.001457   0.916667   3.666669 
   0.0000000000   -128.000    400.000   0.916659    0.000008   0.081861   0.001471   0.916667   3.666669 
   0.0000000000   -127.000    400.000   0.916659    0.000009   0.081847   0.001485   0.916667   3.666669 
   0.0000000000   -126.000    400.000   0.916658    0.000009   0.081833   0.001499   0.916667   3.666670 
   0.0000000000   -125.000    400.000   0.916658    0.000009   0.081819   0.001513   0.916667   3.666670 
   0.0000000000   -124.000    400.000   0.916658    0.000010   0.081805   0.001527   0.916667   3.666670 
   0.0000000000   -123.000    400.000   0.916657    0.000010   0.081791   0.001541   0.916667   3.666670 
   0.0000000000   -122.000    400.000   0.916657    0.000010   0.081777   0.001555   0.916667   3.666670 
   0.0000000000   -121.000    400.000   0.916657    0.000011   0.081763   0.001569   0.916668   3.666670 
   0.0000000000   -120.000    400.000   0.916656    0.000011   0.081750   0.001583   0.916668   3.666670 
   0.0000000000   -119.000    400.000   0.916656    0.000012   0.081736   0.001597   0.916668   3.666670 
   0.0000000000   -118.000    400.000   0.916656    0.000012   0.081722   0.001611   0.916668   3.666670 
   0.0000000000   -117.000    400.000   0.916655    0.000012   0.081708   0.001624   0.916668   3.666671 
   0.0000000000   -116.000    400.000   0.916655    0.000013   0.081694   0.001638   0.916668   3.666671 
   0.0000000000   -115.000    400.000   0.916654    0.000013   0.081680   0.001652   0.916668   3.666671 
   0.0000000000   -114.000    400.000   0.916654    0.000014   0.081667   0.001666   0.916668   3.666671 
   0.0000000000   -113.000    400.000   0.916653    0.000014   0.081653   0.001680   0.916668   3.666671 
   0.0000000000   -112.000    400.000   0.916653    0.000015   0.081639   0.001693   0.916668   3.666671 
   0.0000000000   -111.000    400.000   0.916653    0.000015   0.081625   0.001707   0.916668   3.666671 
   0.0000000000   -110.000    400.000   0.916652    0.000016   0.081611   0.001721   0.916668   3.666671 
   0.0000000000   -109.000    400.000   0.916652    0.000016   0.081598   0.001734   0.916668   3.666671 
   0.0000000000   -108.000    400.000   0.916651    0.000017   0.081584   0.001748   0.916668   3.666671 
   0.0000000000   -107.000    400.000   0.916651    0.000017   0.081570   0.001762   0.916668   3.666671 
   0.0000000000   -106.000    400.000   0.916650    0.000018   0.081557   0.001776   0.916668   3.666671 
   0.0000000000   -105.000    400.000   0.916650    0.000018   0.081543   0.001789   0.916668   3.666671 
   0.0000000000   -104.000    400.000   0.916649    0.000019   0.081529   0.001803   0.916668   3.666671 
   0.0000000000   -103.000    400.000   0.916649    0.000019   0.081515   0.001817   0.916668   3.666671 
   0.0000000000   -102.000    400.000   0.916648    0.000020   0.081502   0.001830   0.916668   3.666671 
   0.0000000000   -101.000    400.000   0.916648    0.000020   0.081488   0.001844   0.916668   3.666671 
   0.0000000000   -100.000    400.000   0.916647    0.000021   0.081475   0.001858   0.916668   3.666671 
   0.0000000000    -99.000    400.000   0.916647    0.000021   0.081461   0.001871   0.916668   3.666671 
   0.0000000000    -98.000    400.000   0.916646    0.000022   0.081447   0.001885   0.916668   3.666671 
   0.0000000000    -97.000    400.000   0.916645    0.000022   0.081434   0.001899   0.916668   3.666671 
   0.0000000000    -96.000    400.000   0.916645    0.000023   0.081420   0.001912   0.916668   3.666671 
   0.0000000000    -95.000    400.000   0.916644    0.000023   0.081406   0.001926   0.916668   3.666671 
   0.0000000000    -94.000    400.000   0.916644    0.000024   0.081393   0.001940   0.916668   3.666671 
   0.0000000000    -93.000    400.000   0.916643    0.000024   0.081379   0.001953   0.916668   3.666670 
   0.0000000000    -92.000    400.000   0.916643    0.000025   0.081366   0.001967   0.916668   3.666670 
   0.0000000000    -91.000    400.000   0.916642    0.000025   0.081352   0.001980   0.916667   3.666670 
   0.0000000000    -90.000    400.000   0.916641    0.000026   0.081339   0.001994   0.916667   3.666670 
   0.0000000000    -89.000    400.000   0.916641    0.000027   0.081325   0.002008   0.916667   3.666669 
   0.0000000000    -88.000    400.000   0.916640    0.000027   0.081311   0.002021   0.916667   3.666669 
   0.0000000000    -87.000    400.000   0.916639    0.000028   0.081298   0.002035   0.916667   3.666668 
   0.0000000000    -86.000    400.000   0.916639    0.000028   0.081284   0.002049   0.916667   3.666668 
   0.0000000000    -85.000    400.000   0.916638    0.000029   0.081271   0.002062   0.916667   3.666667 
   0.0000000000    -84.000    400.000   0.916637    0.000029   0.081257   0.002076   0.916667   3.666667 
   0.0000000000    -83.000    400.000   0.916637    0.000030   0.081244   0.002090   0.916666   3.666666 
   0.0000000000    -82.000    400.000   0.916636    0.000030   0.081230   0.002103   0.916666   3.666665 
   0.0000000000    -81.000    400.000   0.916635    0.000031   0.081217   0.002117   0.916666   3.666664 
   0.0000000000    -80.000    400.000   0.916634    0.000031   0.081203   0.002131   0.916666   3.666663 
   0.0000000000    -79.000    400.000   0.916634    0.000032   0.081190   0.002144   0.916666   3.666662 
   0.0000000000    -78.000    400.000   0.916633    0.000033   0.081177   0.002158   0.916665   3.666661 
   0.0000000000    -77.000    400.000   0.916632    0.000033   0.081163   0.002172   0.916665   3.666660 
   0.0000000000    -76.000    400.000   0.916631    0.000034   0.081150   0.002185   0.916665   3.666659 
   0.0000000000    -75.000    400.000   0.916630    0.000034   0.081136   0.002199   0.916664   3.666658 
   0.0000000000    -74.000    400.000   0.916629    0.000035   0.081123   0.002213   0.916664   3.666656 
   0.0000000000    -73.000    400.000   0.916629    0.000035   0.081110   0.002227   0.916664   3.666655 
   0.0000000000    -72.000    400.000   0.916628    0.000036   0.081096   0.002240   0.916663   3.666653 
   0.0000000000    -71.000    400.000   0.916627    0.000036   0.081083   0.002254   0.916663   3.666651 
   0.0000000000    -70.000    400.000   0.916626    0.000037   0.081070   0.002268   0.916662   3.666649 
   0.0000000000    -69.000    400.000   0.916625    0.000037   0.081057   0.002282   0.916662   3.666647 
   0.0000000000    -68.000    400.000   0.916624    0.000038   0.081043   0.002295   0.916661   3.666645 
   0.0000000000    -67.000    400.000   0.916623    0.000038   0.081030   0.002309   0.916661   3.666643 
   0.0000000000    -66.000    400.000   0.916621    0.000039   0.081017   0.002323   0.916660   3.666640 
   0.0000000000    -65.000    400.000   0.916620    0.000039   0.081004   0.002337   0.916659   3.666637 
   0.0000000000    -64.000    400.000   0.916619    0.000040   0.080991   0.002350   0.916659   3.666635 
   0.0000000000    -63.000    400.000   0.916618    0.000040   0.080978   0.002364   0.916658   3.666632 
   0.0000000000    -62.000    400.000   0.916617    0.000041   0.080965   0.002378   0.916657   3.666628 
   0.0000000000    -61.000    400.000   0.916615    0.000041   0.080952   0.002392   0.916656   3.666625 
   0.0000000000    -60.000    400.000   0.916614    0.000041   0.080939   0.002406   0.916655   3.666621 
   0.0000000000    -59.000    400.000   0.916612    0.000042   0.080926   0.002420   0.916654   3.666617 
   0.0000000000    -58.000    400.000   0.916611    0.000042   0.080913   0.002433   0.916653   3.666613 
   0.0000000000    -57.000    400.000   0.916609    0.000043   0.080900   0.002447   0.916652   3.666609 
   0.0000000000    -56.000    400.000   0.916608    0.000043   0.080888   0.002461   0.916651   3.666604 
   0.0000000000    -55.000    400.000   0.916606    0.000044   0.080875   0.002475   0.916650   3.666599 
   0.0000000000    -54.000    400.000   0.916604    0.000044   0.080862   0.002489   0.916649   3.666594 
   0.0000000000    -53.000    400.000   0.916603    0.000044   0.080850   0.002503   0.916647   3.666589 
   0.0000000000    -52.000    400.000   0.916601    0.000045   0.080837   0.002517   0.916646   3.666583 
   0.0000000000    -51.000    400.000   0.916599    0.000045   0.080825   0.002531   0.916644   3.666577 
   0.0000000000    -50.000    400.000   0.916597    0.000046   0.080813   0.002545   0.916643   3.666570 
   0.0000000000    -49.000    400.000   0.916595    0.000046   0.080800   0.002559   0.916641   3.666563 
   0.0000000000    -48.000    400.000   0.916593    0.000046   0.080788   0.002573   0.916639   3.666556 
   0.0000000000    -47.000    400.000   0.916590    0.000047   0.080776   0.002587   0.916637   3.666549 
   0.0000000000    -46.000    400.000   0.916588    0.000047   0.080764   0.002601   0.916635   3.666541 
   0.0000000000    -45.000    400.000   0.916586    0.000047   0.080752   0.002615   0.916633   3.666533 
   0.0000000000    -44.000    400.000   0.916583    0.000048   0.080740   0.002629   0.916631   3.666524 
   0.0000000000    -43.000    400.000   0.916581    0.000048   0.080728   0.002643   0.916629   3.666515 
   0.0000000000    -42.000    400.000   0.916578    0.000048   0.080717   0.002657   0.916626   3.666505 
   0.0000000000    -41.000    400.000   0.916575    0.000049   0.080705   0.002671   0.916624   3.666495 
   0.0000000000    -40.000    400.000   0.916572    0.000049   0.080694   0.002685   0.916621   3.666484 
   0.0000000000    -39.000    400.000   0.916569    0.000049   0.080682   0.002699   0.916618   3.666473 
   0.0000000000    -38.000    400.000   0.916566    0.000050   0.080671   0.002713   0.916615   3.666462 
   0.0000000000    -37.000    400.000   0.916562    0.000050   0.080660   0.002728   0.916612   3.666449 
   0.0000000000    -36.000    400.000   0.916559    0.000050   0.080649   0.002742   0.916609   3.666437 
   0.0000000000    -35.000    400.000   0.916555    0.000051   0.080638   0.002756   0.916606   3.666423 
   0.0000000000    -34.000    400.000   0.916552    0.000051   0.080628   0.002770   0.916602   3.666409 
   0.0000000000    -33.000    400.000   0.916548    0.000051   0.080617   0.002784   0.916599   3.666395 
   0.0000000000    -32.000    400.000   0.916544    0.000051   0.080607   0.002798   0.916595   3.666380 
   0.0000000000    -31.000    400.000   0.916539    0.000052   0.080596   0.002813   0.916591   3.666364 
   0.0000000000    -30.000    400.000   0.916535    0.000052   0.080586   0.002827   0.916587   3.666347 
   0.0000000000    -29.000    400.000   0.916530    0.000052   0.080576   0.002841   0.916582   3.666330 
   0.0000000000    -28.000    400.000   0.916526    0.000052   0.080567   0.002855   0.916578   3.666312 
   0.0000000000    -27.000    400.000   0.916521    0.000052   0.080557   0.002870   0.916573   3.666293 
   0.0000000000    -26.000    400.000   0.916516    0.000053   0.080548   0.002884   0.916568   3.666273 
   0.0000000000    -25.000    400.000   0.916510    0.000053   0.080538   0.002898   0.916563   3.666253 
   0.0000000000    -24.000    400.000   0.916505    0.000053   0.080529   0.002913   0.916558   3.666232 
   0.0000000000    -23.000    400.000   0.916499    0.000053   0.080521   0.002927   0.916552   3.666210 
   0.0000000000    -22.000    400.000   0.916493    0.000053   0.080512   0.002941   0.916547   3.666187 
   0.0000000000    -21.000    400.000   0.916487    0.000054   0.080504   0.002956   0.916541   3.666163 
   0.0000000000    -20.000    400.000   0.916481    0.000054   0.080495   0.002970   0.916534   3.666138 
   0.0000000000    -19.000    400.000   0.916474    0.000054   0.080487   0.002985   0.916528   3.666112 
   0.0000000000    -18.000    400.000   0.916467    0.000054   0.080480   0.002999   0.916521   3.666085 
   0.0000000000    -17.000    400.000   0.916460    0.000054   0.080472   0.003014   0.916514   3.666057 
   0.0000000000    -16.000    400.000   0.916453    0.000054   0.080465   0.003028   0.916507   3.666028 
   0.0000000000    -15.000    400.000   0.916445    0.000055   0.080458   0.003043   0.916499   3.665998 
   0.0000000000    -14.000    400.000   0.916437    0.000055   0.080451   0.003057   0.916492   3.665967 
   0.0000000000    -13.000    400.000   0.916429    0.000055   0.080445   0.003072   0.916484   3.665934 
   0.0000000000    -12.000    400.000   0.916420    0.000055   0.080439   0.003086   0.916475   3.665901 
   0.0000000000    -11.000    400.000   0.916411    0.000055   0.080433   0.003101   0.916466   3.665866 
   0.0000000000    -10.000    400.000   0.916402    0.000055   0.080427   0.003115   0.916457   3.665830 
   0.0000000000     -9.000    400.000   0.916393    0.000055   0.080422   0.003130   0.916448   3.665792 
   0.0000000000     -8.000    400.000   0.916383    0.000055   0.080417   0.003145   0.916438   3.665753 
   0.0000000000     -7.000    400.000   0.916373    0.000055   0.080412   0.003159   0.916428   3.665713 
   0.0000000000     -6.000    400.000   0.916363    0.000055   0.080408   0.003174   0.916418   3.665672 
   0.0000000000     -5.000    400.000   0.916352    0.000055   0.080404   0.003189   0.916407   3.665629 
   0.0000000000     -4.000    400.000   0.916341    0.000055   0.080401   0.003203   0.916396   3.665584 
   0.0000000000     -3.000    400.000   0.916329    0.000056   0.080397   0.003218   0.916385   3.665538 
   0.0000000000     -2.000    400.000   0.916317    0.000056   0.080394   0.003233   0.916373   3.665491 
   0.0000000000     -1.000    400.000   0.916305    0.000056   0.080392   0.003248   0.916360   3.665442 
   0.0000000000      0.000    400.000   0.916292    0.000056   0.080390   0.003262   0.916348   3.665391 
   0.0000000000      1.000    400.000   0.916279    0.000056   0.080388   0.003277   0.916335   3.665339 
   0.0000000000      2.000    400.000   0.916265    0.000056   0.080387   0.003292   0.916321   3.665285 
   0.0000000000      3.000    400.000   0.916251    0.000056   0.080386   0.003307   0.916307   3.665229 
   0.0000000000      4.000    400.000   0.916237    0.000056   0.080385   0.003322   0.916293   3.665171 
   0.0000000000      5.000    400.000   0.916222    0.000056   0.080385   0.003337   0.916278   3.665111 
   0.0000000000      6.000    400.000   0.916207    0.000056   0.080386   0.003352   0.916263   3.665050 
   0.0000000000      7.000    400.000   0.916191    0.000056   0.080387   0.003367   0.916247   3.664987 
   0.0000000000      8.000    400.000   0.916175    0.000056   0.080388   0.003382   0.916230   3.664921 
   0.0000000000      9.000    400.000   0.916158    0.000056   0.080390   0.003397   0.916214   3.664854 
   0.0000000000     10.000    400.000   0.916141    0.000056   0.080392   0.003412   0.916196   3.664785 
   0.0000000000     11.000    400.000   0.916123    0.000056   0.080395   0.003427   0.916178   3.664713 
   0.0000000000     12.000    400.000   0.916104    0.000056   0.080398   0.003442   0.916160   3.664640 
   0.0000000000     13.000    400.000   0.916085    0.000056   0.080402   0.003457   0.916141   3.664564 
   0.0000000000     14.000    400.000   0.916066    0.000056   0.080406   0.003472   0.916121   3.664486 
   0.0000000000     15.000    400.000   0.916046    0.000055   0.080411   0.003487   0.916101   3.664405 
   0.0000000000     16.000    400.000   0.916025    0.000055   0.080417   0.003503   0.916081   3.664323 
   0.0000000000     17.000    400.000   0.916004    0.000055   0.080423   0.003518   0.916059   3.664237 
   0.0000000000     18.000    400.000   0.915982    0.000055   0.080429   0.003533   0.916037   3.664150 
   0.0000000000     19.000    400.000   0.915960    0.000055   0.080437   0.003548   0.916015   3.664060 
   0.0000000000     20.000    400.000   0.915937    0.000055   0.080444   0.003564   0.915992   3.663967 
   0.0000000000     21.000    400.000   0.915913    0.000055   0.080453   0.003579   0.915968   3.663872 
   0.0000000000     22.000    400.000   0.915889    0.000055   0.080462   0.003595   0.915944   3.663774 
   0.0000000000     23.000    400.000   0.915863    0.000055   0.080472   0.003610   0.915918   3.663674 
   0.0000000000     24.000    400.000   0.915838    0.000055   0.080482   0.003625   0.915893   3.663570 
   0.0000000000     25.000    400.000   0.915811    0.000055   0.080493   0.003641   0.915866   3.663464 
   0.0000000000     26.000    400.000   0.915784    0.000055   0.080505   0.003657   0.915839   3.663355 
   0.0000000000     27.000    400.000   0.915756    0.000055   0.080517   0.003672   0.915811   3.663243 
   0.0000000000     28.000    400.000   0.915728    0.000054   0.080530   0.003688   0.915782   3.663128 
   0.0000000000     29.000    400.000   0.915698    0.000054   0.080544   0.003703   0.915753   3.663010 
   0.0000000000     30.000    400.000   0.915668    0.000054   0.080559   0.003719   0.915722   3.662889 
   0.0000000000     31.000    400.000   0.915637    0.000054   0.080574   0.003735   0.915691   3.662765 
   0.0000000000     32.000    400.000   0.915605    0.000054   0.080590   0.003750   0.915659   3.662638 
   0.0000000000     33.000    400.000   0.915573    0.000054   0.080607   0.003766   0.915627   3.662507 
   0.0000000000     34.000    400.000   0.915540    0.000054   0.080625   0.003782   0.915593   3.662373 
   0.0000000000     35.000    400.000   0.915505    0.000054   0.080643   0.003798   0.915559   3.662236 
   0.0000000000     36.000    400.000   0.915470    0.000053   0.080662   0.003814   0.915524   3.662095 
   0.0000000000     37.000    400.000   0.915434    0.000053   0.080683   0.003830   0.915488   3.661951 
   0.0000000000     38.000    400.000   0.915397    0.000053   0.080704   0.003846   0.915451   3.661803 
   0.0000000000     39.000    400.000   0.915360    0.000053   0.080725   0.003862   0.915413   3.661651 
   0.0000000000     40.000    400.000   0.915321    0.000053   0.080748   0.003878   0.915374   3.661496 
   0.0000000000     41.000    400.000   0.915281    0.000053   0.080772   0.003894   0.915334   3.661337 
   0.0000000000     42.000    400.000   0.915241    0.000053   0.080796   0.003910   0.915294   3.661174 
   0.0000000000     43.000    400.000   0.915199    0.000052   0.080822   0.003926   0.915252   3.661008 
   0.0000000000     44.000    400.000   0.915157    0.000052   0.080848   0.003943   0.915209   3.660837 
   0.0000000000     45.000    400.000   0.915113    0.000052   0.080875   0.003959   0.915166   3.660662 
   0.0000000000     46.000    400.000   0.915069    0.000052   0.080904   0.003975   0.915121   3.660484 
   0.0000000000     47.000    400.000   0.915023    0.000052   0.080933   0.003992   0.915075   3.660301 
   0.0000000000     48.000    400.000   0.914977    0.000052   0.080963   0.004008   0.915028   3.660114 
   0.0000000000     49.000    400.000   0.914929    0.000052   0.080995   0.004025   0.914981   3.659922 
   0.0000000000     50.000    400.000   0.914880    0.000051   0.081027   0.004041   0.914932   3.659727 
   0.0000000000     51.000    400.000   0.914830    0.000051   0.081060   0.004058   0.914882   3.659526 
   0.0000000000     52.000    400.000   0.914779    0.000051   0.081095   0.004075   0.914830   3.659322 
   0.0000000000     53.000    400.000   0.914727    0.000051   0.081130   0.004091   0.914778   3.659113 
   0.0000000000     54.000    400.000   0.914674    0.000051   0.081167   0.004108   0.914725   3.658899 
   0.0000000000     55.000    400.000   0.914620    0.000050   0.081205   0.004125   0.914670   3.658680 
   0.0000000000     56.000    400.000   0.914564    0.000050   0.081244   0.004142   0.914614   3.658457 
   0.0000000000     57.000    400.000   0.914507    0.000050   0.081284   0.004159   0.914557   3.658229 
   0.0000000000     58.000    400.000   0.914449    0.000050   0.081325   0.004176   0.914499   3.657996 
   0.0000000000     59.000    400.000   0.914390    0.000050   0.081367   0.004193   0.914440   3.657758 
   0.0000000000     60.000    400.000   0.914329    0.000050   0.081411   0.004210   0.914379   3.657515 
   0.0000000000     61.000    400.000   0.914267    0.000049   0.081456   0.004227   0.914317   3.657267 
   0.0000000000     62.000    400.000   0.914204    0.000049   0.081502   0.004245   0.914253   3.657013 
   0.0000000000     63.000    400.000   0.914140    0.000049   0.081549   0.004262   0.914189   3.656755 
   0.0000000000     64.000    400.000   0.914074    0.000049   0.081598   0.004279   0.914123   3.656491 
   0.0000000000     65.000    400.000   0.914007    0.000049   0.081648   0.004297   0.914055   3.656221 
   0.0000000000     66.000    400.000   0.913938    0.000048   0.081699   0.004315   0.913987   3.655946 
   0.0000000000     67.000    400.000   0.913868    0.000048   0.081751   0.004332   0.913916   3.655665 
   0.0000000000     68.000    400.000   0.913797    0.000048   0.081805   0.004350   0.913845   3.655379 
   0.0000000000     69.000    400.000   0.913724    0.000048   0.081861   0.004368   0.913772   3.655087 
   0.0000000000     70.000    400.000   0.913650    0.000048   0.081917   0.004386   0.913697   3.654789 
   0.0000000000     71.000    400.000   0.913574    0.000047   0.081975   0.004403   0.913621   3.654485 
   0.0000000000     72.000    400.000   0.913497    0.000047   0.082035   0.004421   0.913544   3.654176 
   0.0000000000     73.000    400.000   0.913418    0.000047   0.082095   0.004440   0.913465   3.653860 
   0.0000000000     74.000    400.000   0.913338    0.000047   0.082158   0.004458   0.913384   3.653538 
   0.0000000000     75.000    400.000   0.913256    0.000047   0.082222   0.004476   0.913302   3.653210 
   0.0000000000     76.000    400.000   0.913172    0.000046   0.082287   0.004494   0.913219   3.652875 
   0.0000000000     77.000    400.000   0.913087    0.000046   0.082354   0.004513   0.913134   3.652534 
   0.0000000000     78.000    400.000   0.913001    0.000046   0.082422   0.004531   0.913047   3.652187 
   0.0000000000     79.000    400.000   0.912912    0.000046   0.082492   0.004550   0.912958   3.651833 
   0.0000000000     80.000    400.000   0.912823    0.000046   0.082563   0.004569   0.912868   3.651472 
   0.0000000000     81.000    400.000   0.912731    0.000045   0.082636   0.004587   0.912776   3.651105 
   0.0000000000     82.000    400.000   0.912638    0.000045   0.082711   0.004606   0.912683   3.650731 
   0.0000000000     83.000    400.000   0.912542    0.000045   0.082787   0.004625   0.912587   3.650350 
   0.0000000000     84.000    400.000   0.912446    0.000045   0.082865   0.004644   0.912490   3.649961 
   0.0000000000     85.000    400.000   0.912347    0.000044   0.082945   0.004663   0.912392   3.649566 
   0.0000000000     86.000    400.000   0.912247    0.000044   0.083026   0.004683   0.912291   3.649164 
   0.0000000000     87.000    400.000   0.912145    0.000044   0.083109   0.004702   0.912189   3.648754 
   0.0000000000     88.000    400.000   0.912041    0.000044   0.083194   0.004721   0.912084   3.648337 
   0.0000000000     89.000    400.000   0.911935    0.000044   0.083281   0.004741   0.911978   3.647913 
   0.0000000000     90.000    400.000   0.911827    0.000043   0.083369   0.004761   0.911870   3.647481 
   0.0000000000     91.000    400.000   0.911717    0.000043   0.083459   0.004780   0.911760   3.647042 
   0.0000000000     92.000    400.000   0.911606    0.000043   0.083551   0.004800   0.911649   3.646594 
   0.0000000000     93.000    400.000   0.911492    0.000043   0.083645   0.004820   0.911535   3.646139 
   0.0000000000     94.000    400.000   0.911377    0.000043   0.083740   0.004840   0.911419   3.645676 
   0.0000000000     95.000    400.000   0.911259    0.000042   0.083838   0.004861   0.911301   3.645206 
   0.0000000000     96.000    400.000   0.911140    0.000042   0.083937   0.004881   0.911182   3.644727 
   0.0000000000     97.000    400.000   0.911018    0.000042   0.084039   0.004901   0.911060   3.644239 
   0.0000000000     98.000    400.000   0.910894    0.000042   0.084142   0.004922   0.910936   3.643744 
   0.0000000000     99.000    400.000   0.910769    0.000041   0.084247   0.004943   0.910810   3.643240 
   0.0000000000    100.000    400.000   0.910641    0.000041   0.084355   0.004963   0.910682   3.642728 
   0.0000000000    101.000    400.000   0.910511    0.000041   0.084464   0.004984   0.910552   3.642207 
   0.0000000000    102.000    400.000   0.910379    0.000041   0.084575   0.005005   0.910419   3.641678 
   0.0000000000    103.000    400.000   0.910244    0.000041   0.084688   0.005027   0.910285   3.641139 
   0.0000000000    104.000    400.000   0.910108    0.000040   0.084804   0.005048   0.910148   3.640592 
   0.0000000000    105.000    400.000   0.909969    0.000040   0.084922   0.005069   0.910009   3.640036 
   0.0000000000    106.000    400.000   0.909828    0.000040   0.085041   0.005091   0.909868   3.639471 
   0.0000000000    107.000    400.000   0.909685    0.000040   0.085163   0.005113   0.909724   3.638897 
   0.0000000000    108.000    400.000   0.909539    0.000039   0.085287   0.005135   0.909578   3.638313 
   0.0000000000    109.000    400.000   0.909391    0.000039   0.085413   0.005157   0.909430   3.637721 
   0.0000000000    110.000    400.000   0.909241    0.000039   0.085542   0.005179   0.909280   3.637118 
   0.0000000000    111.000    400.000   0.909088    0.000039   0.085672   0.005201   0.909127   3.636507 
   0.0000000000    112.000    400.000   0.908933    0.000039   0.085805   0.005223   0.908971   3.635885 
   0.0000000000    113.000    400.000   0.908775    0.000038   0.085941   0.005246   0.908813   3.635254 
   0.0000000000    114.000    400.000   0.908615    0.000038   0.086078   0.005269   0.908653   3.634613 
   0.0000000000    115.000    400.000   0.908453    0.000038   0.086218   0.005291   0.908490   3.633962 
   0.0000000000    116.000    400.000   0.908287    0.000038   0.086360   0.005314   0.908325   3.633300 
   0.0000000000    117.000    400.000   0.908120    0.000037   0.086505   0.005338   0.908157   3.632629 
   0.0000000000    118.000    400.000   0.907950    0.000037   0.086652   0.005361   0.907987   3.631947 
   0.0000000000    119.000    400.000   0.907777    0.000037   0.086802   0.005384   0.907814   3.631255 
   0.0000000000    120.000    400.000   0.907601    0.000037   0.086954   0.005408   0.907638   3.630553 
   0.0000000000    121.000    400.000   0.907423    0.000037   0.087108   0.005432   0.907460   3.629840 
   0.0000000000    122.000    400.000   0.907243    0.000036   0.087265   0.005456   0.907279   3.629116 
   0.0000000000    123.000    400.000   0.907059    0.000036   0.087425   0.005480   0.907095   3.628381 
   0.0000000000    124.000    400.000   0.906873    0.000036   0.087587   0.005504   0.906909   3.627635 
   0.0000000000    125.000    400.000   0.906684    0.000036   0.087752   0.005529   0.906720   3.626879 
   0.0000000000    126.000    400.000   0.906492    0.000035   0.087919   0.005553   0.906528   3.626111 
