#solute size.    Temp(C) Press(Mpa)        fHB          fS        fLJ         fO        xHB        nHB 
   0.0000000000   -173.000    100.000   0.000005    0.999995   0.000000   0.000000   1.000000   3.999998 
   0.0000000000   -172.000    100.000   0.000006    0.999994   0.000001   0.000000   0.999999   3.999998 
   0.0000000000   -171.000    100.000   0.000007    0.999992   0.000001   0.000000   0.999999   3.999997 
   0.0000000000   -170.000    100.000   0.000009    0.999991   0.000001   0.000000   0.999999   3.999997 
   0.0000000000   -169.000    100.000   0.000010    0.999989   0.000001   0.000000   0.999999   3.999996 
   0.0000000000   -168.000    100.000   0.000013    0.999986   0.000001   0.000000   0.999999   3.999995 
   0.0000000000   -167.000    100.000   0.000015    0.999983   0.000001   0.000000   0.999999   3.999994 
   0.0000000000   -166.000    100.000   0.000019    0.999980   0.000002   0.000000   0.999998   3.999993 
   0.0000000000   -165.000    100.000   0.000022    0.999975   0.000002   0.000000   0.999998   3.999992 
   0.0000000000   -164.000    100.000   0.000027    0.999971   0.000002   0.000000   0.999998   3.999990 
   0.0000000000   -163.000    100.000   0.000032    0.999965   0.000003   0.000000   0.999997   3.999988 
   0.0000000000   -162.000    100.000   0.000039    0.999958   0.000004   0.000000   0.999996   3.999986 
   0.0000000000   -161.000    100.000   0.000046    0.999950   0.000004   0.000000   0.999996   3.999983 
   0.0000000000   -160.000    100.000   0.000055    0.999940   0.000005   0.000000   0.999995   3.999980 
   0.0000000000   -159.000    100.000   0.000065    0.999929   0.000006   0.000000   0.999994   3.999976 
   0.0000000000   -158.000    100.000   0.000077    0.999916   0.000007   0.000000   0.999993   3.999972 
   0.0000000000   -157.000    100.000   0.000090    0.999901   0.000008   0.000000   0.999992   3.999967 
   0.0000000000   -156.000    100.000   0.000106    0.999884   0.000010   0.000000   0.999990   3.999961 
   0.0000000000   -155.000    100.000   0.000125    0.999864   0.000011   0.000000   0.999989   3.999955 
   0.0000000000   -154.000    100.000   0.000146    0.999840   0.000013   0.000000   0.999987   3.999947 
   0.0000000000   -153.000    100.000   0.000171    0.999813   0.000016   0.000000   0.999984   3.999938 
   0.0000000000   -152.000    100.000   0.000199    0.999782   0.000018   0.000000   0.999982   3.999927 
   0.0000000000   -151.000    100.000   0.000232    0.999747   0.000021   0.000000   0.999979   3.999916 
   0.0000000000   -150.000    100.000   0.000269    0.999706   0.000024   0.000000   0.999976   3.999902 
   0.0000000000   -149.000    100.000   0.000312    0.999659   0.000028   0.000000   0.999972   3.999886 
   0.0000000000   -148.000    100.000   0.000361    0.999606   0.000033   0.000000   0.999967   3.999869 
   0.0000000000   -147.000    100.000   0.000417    0.999545   0.000038   0.000000   0.999962   3.999848 
   0.0000000000   -146.000    100.000   0.000481    0.999476   0.000044   0.000000   0.999956   3.999825 
   0.0000000000   -145.000    100.000   0.000553    0.999397   0.000050   0.000000   0.999950   3.999799 
   0.0000000000   -144.000    100.000   0.000635    0.999308   0.000058   0.000000   0.999942   3.999769 
   0.0000000000   -143.000    100.000   0.000727    0.999207   0.000066   0.000000   0.999934   3.999736 
   0.0000000000   -142.000    100.000   0.000832    0.999092   0.000076   0.000000   0.999924   3.999697 
   0.0000000000   -141.000    100.000   0.000950    0.998963   0.000086   0.000000   0.999914   3.999654 
   0.0000000000   -140.000    100.000   0.001083    0.998818   0.000098   0.000000   0.999902   3.999606 
   0.0000000000   -139.000    100.000   0.001233    0.998655   0.000112   0.000000   0.999888   3.999552 
   0.0000000000   -138.000    100.000   0.001402    0.998471   0.000127   0.000000   0.999873   3.999490 
   0.0000000000   -137.000    100.000   0.001591    0.998265   0.000145   0.000000   0.999855   3.999422 
   0.0000000000   -136.000    100.000   0.001802    0.998034   0.000164   0.000000   0.999836   3.999345 
   0.0000000000   -135.000    100.000   0.002039    0.997776   0.000185   0.000000   0.999815   3.999259 
   0.0000000000   -134.000    100.000   0.002303    0.997487   0.000209   0.000000   0.999791   3.999162 
   0.0000000000   -133.000    100.000   0.002599    0.997165   0.000236   0.000000   0.999764   3.999055 
   0.0000000000   -132.000    100.000   0.002927    0.996807   0.000266   0.000000   0.999734   3.998935 
   0.0000000000   -131.000    100.000   0.003293    0.996407   0.000299   0.000000   0.999701   3.998802 
   0.0000000000   -130.000    100.000   0.003700    0.995964   0.000336   0.000000   0.999664   3.998655 
   0.0000000000   -129.000    100.000   0.004151    0.995471   0.000377   0.000000   0.999623   3.998490 
   0.0000000000   -128.000    100.000   0.004652    0.994925   0.000423   0.000000   0.999577   3.998308 
   0.0000000000   -127.000    100.000   0.005206    0.994321   0.000473   0.000000   0.999527   3.998107 
   0.0000000000   -126.000    100.000   0.005819    0.993652   0.000529   0.000000   0.999471   3.997884 
   0.0000000000   -125.000    100.000   0.006497    0.992912   0.000591   0.000000   0.999409   3.997637 
   0.0000000000   -124.000    100.000   0.007245    0.992097   0.000659   0.000000   0.999341   3.997365 
   0.0000000000   -123.000    100.000   0.008070    0.991197   0.000734   0.000000   0.999266   3.997066 
   0.0000000000   -122.000    100.000   0.008978    0.990206   0.000816   0.000000   0.999184   3.996735 
   0.0000000000   -121.000    100.000   0.009978    0.989115   0.000907   0.000000   0.999093   3.996372 
   0.0000000000   -120.000    100.000   0.011077    0.987916   0.001007   0.000000   0.998993   3.995972 
   0.0000000000   -119.000    100.000   0.012284    0.986599   0.001117   0.000000   0.998883   3.995533 
   0.0000000000   -118.000    100.000   0.013609    0.985154   0.001237   0.000000   0.998763   3.995051 
   0.0000000000   -117.000    100.000   0.015061    0.983569   0.001369   0.000000   0.998631   3.994523 
   0.0000000000   -116.000    100.000   0.016652    0.981834   0.001514   0.000000   0.998486   3.993944 
   0.0000000000   -115.000    100.000   0.018394    0.979934   0.001672   0.000000   0.998328   3.993311 
   0.0000000000   -114.000    100.000   0.020298    0.977856   0.001845   0.000000   0.998155   3.992618 
   0.0000000000   -113.000    100.000   0.022379    0.975586   0.002035   0.000000   0.997965   3.991862 
   0.0000000000   -112.000    100.000   0.024652    0.973107   0.002241   0.000000   0.997759   3.991035 
   0.0000000000   -111.000    100.000   0.027131    0.970403   0.002467   0.000000   0.997533   3.990134 
   0.0000000000   -110.000    100.000   0.029834    0.967454   0.002712   0.000000   0.997288   3.989151 
   0.0000000000   -109.000    100.000   0.032779    0.964241   0.002980   0.000000   0.997020   3.988080 
   0.0000000000   -108.000    100.000   0.035985    0.960743   0.003272   0.000000   0.996728   3.986913 
   0.0000000000   -107.000    100.000   0.039474    0.956937   0.003589   0.000000   0.996411   3.985645 
   0.0000000000   -106.000    100.000   0.043267    0.952799   0.003934   0.000000   0.996066   3.984265 
   0.0000000000   -105.000    100.000   0.047390    0.948301   0.004309   0.000000   0.995691   3.982765 
   0.0000000000   -104.000    100.000   0.051867    0.943417   0.004716   0.000000   0.995284   3.981137 
   0.0000000000   -103.000    100.000   0.056726    0.938116   0.005157   0.000000   0.994842   3.979370 
   0.0000000000   -102.000    100.000   0.061997    0.932366   0.005637   0.000000   0.994363   3.977453 
   0.0000000000   -101.000    100.000   0.067711    0.926133   0.006156   0.000000   0.993844   3.975374 
   0.0000000000   -100.000    100.000   0.073902    0.919378   0.006719   0.000000   0.993281   3.973122 
   0.0000000000    -99.000    100.000   0.080607    0.912064   0.007329   0.000000   0.992671   3.970683 
   0.0000000000    -98.000    100.000   0.087864    0.904147   0.007989   0.000000   0.992011   3.968044 
   0.0000000000    -97.000    100.000   0.095718    0.895579   0.008703   0.000000   0.991297   3.965187 
   0.0000000000    -96.000    100.000   0.104206    0.886318   0.009475   0.000000   0.990525   3.962099 
   0.0000000000    -95.000    100.000   0.113379    0.876312   0.010309   0.000000   0.989691   3.958762 
   0.0000000000    -94.000    100.000   0.123284    0.865505   0.011210   0.000000   0.988790   3.955159 
   0.0000000000    -93.000    100.000   0.133974    0.853843   0.012182   0.000000   0.987817   3.951270 
   0.0000000000    -92.000    100.000   0.145510    0.841258   0.013231   0.000001   0.986768   3.947073 
   0.0000000000    -91.000    100.000   0.157937    0.827701   0.014362   0.000001   0.985638   3.942551 
   0.0000000000    -90.000    100.000   0.171318    0.813103   0.015579   0.000001   0.984421   3.937683 
   0.0000000000    -89.000    100.000   0.185719    0.797392   0.016888   0.000001   0.983111   3.932443 
   0.0000000000    -88.000    100.000   0.201185    0.780519   0.018295   0.000001   0.981704   3.926815 
   0.0000000000    -87.000    100.000   0.217776    0.762418   0.019804   0.000001   0.980195   3.920778 
   0.0000000000    -86.000    100.000   0.235557    0.743020   0.021422   0.000001   0.978577   3.914308 
   0.0000000000    -85.000    100.000   0.254548    0.722301   0.023149   0.000001   0.976849   3.907397 
   0.0000000000    -84.000    100.000   0.274799    0.700208   0.024992   0.000002   0.975007   3.900027 
   0.0000000000    -83.000    100.000   0.296295    0.676756   0.026947   0.000002   0.973051   3.892204 
   0.0000000000    -82.000    100.000   0.319041    0.651940   0.029016   0.000002   0.970981   3.883925 
   0.0000000000    -81.000    100.000   0.342952    0.625854   0.031192   0.000003   0.968806   3.875223 
   0.0000000000    -80.000    100.000   0.367952    0.598578   0.033466   0.000003   0.966531   3.866123 
   0.0000000000    -79.000    100.000   0.393862    0.570311   0.035824   0.000003   0.964173   3.856691 
   0.0000000000    -78.000    100.000   0.420439    0.541315   0.038242   0.000004   0.961754   3.847016 
   0.0000000000    -77.000    100.000   0.447428    0.511870   0.040698   0.000005   0.959298   3.837191 
   0.0000000000    -76.000    100.000   0.474457    0.482381   0.043157   0.000005   0.956838   3.827350 
   0.0000000000    -75.000    100.000   0.501177    0.453228   0.045589   0.000006   0.954405   3.817621 
   0.0000000000    -74.000    100.000   0.527232    0.424801   0.047960   0.000007   0.952033   3.808133 
   0.0000000000    -73.000    100.000   0.552321    0.397427   0.050244   0.000008   0.949749   3.798995 
   0.0000000000    -72.000    100.000   0.576152    0.371426   0.052413   0.000008   0.947579   3.790314 
   0.0000000000    -71.000    100.000   0.598552    0.346986   0.054452   0.000009   0.945538   3.782153 
   0.0000000000    -70.000    100.000   0.619467    0.324166   0.056357   0.000010   0.943633   3.774531 
   0.0000000000    -69.000    100.000   0.638852    0.303014   0.058122   0.000011   0.941866   3.767465 
   0.0000000000    -68.000    100.000   0.656742    0.283493   0.059752   0.000012   0.940235   3.760942 
   0.0000000000    -67.000    100.000   0.673191    0.265544   0.061251   0.000013   0.938735   3.754942 
   0.0000000000    -66.000    100.000   0.688322    0.249033   0.062630   0.000015   0.937355   3.749420 
   0.0000000000    -65.000    100.000   0.702219    0.233868   0.063898   0.000016   0.936087   3.744347 
   0.0000000000    -64.000    100.000   0.714977    0.219944   0.065062   0.000017   0.934922   3.739686 
   0.0000000000    -63.000    100.000   0.726723    0.207125   0.066134   0.000018   0.933848   3.735393 
   0.0000000000    -62.000    100.000   0.737539    0.195320   0.067122   0.000019   0.932859   3.731436 
   0.0000000000    -61.000    100.000   0.747506    0.184440   0.068033   0.000020   0.931947   3.727788 
   0.0000000000    -60.000    100.000   0.756725    0.174378   0.068876   0.000021   0.931103   3.724410 
   0.0000000000    -59.000    100.000   0.765256    0.165064   0.069657   0.000022   0.930320   3.721282 
   0.0000000000    -58.000    100.000   0.773158    0.156437   0.070381   0.000024   0.929595   3.718380 
   0.0000000000    -57.000    100.000   0.780507    0.148412   0.071055   0.000025   0.928920   3.715679 
   0.0000000000    -56.000    100.000   0.787345    0.140946   0.071683   0.000026   0.928291   3.713162 
   0.0000000000    -55.000    100.000   0.793718    0.133985   0.072270   0.000027   0.927703   3.710813 
   0.0000000000    -54.000    100.000   0.799668    0.127487   0.072817   0.000028   0.927154   3.708616 
   0.0000000000    -53.000    100.000   0.805227    0.121414   0.073330   0.000030   0.926640   3.706560 
   0.0000000000    -52.000    100.000   0.810438    0.115720   0.073812   0.000031   0.926157   3.704629 
   0.0000000000    -51.000    100.000   0.815324    0.110379   0.074264   0.000032   0.925704   3.702814 
   0.0000000000    -50.000    100.000   0.819914    0.105363   0.074690   0.000033   0.925276   3.701106 
   0.0000000000    -49.000    100.000   0.824229    0.100645   0.075091   0.000035   0.924874   3.699495 
   0.0000000000    -48.000    100.000   0.828288    0.096206   0.075470   0.000036   0.924494   3.697976 
   0.0000000000    -47.000    100.000   0.832118    0.092017   0.075828   0.000037   0.924135   3.696538 
   0.0000000000    -46.000    100.000   0.835731    0.088063   0.076167   0.000039   0.923794   3.695177 
   0.0000000000    -45.000    100.000   0.839145    0.084327   0.076488   0.000040   0.923472   3.693887 
   0.0000000000    -44.000    100.000   0.842372    0.080794   0.076793   0.000041   0.923166   3.692663 
   0.0000000000    -43.000    100.000   0.845426    0.077449   0.077082   0.000043   0.922875   3.691499 
   0.0000000000    -42.000    100.000   0.848318    0.074279   0.077358   0.000044   0.922598   3.690392 
   0.0000000000    -41.000    100.000   0.851061    0.071273   0.077620   0.000046   0.922334   3.689337 
   0.0000000000    -40.000    100.000   0.853660    0.068423   0.077870   0.000047   0.922083   3.688331 
   0.0000000000    -39.000    100.000   0.856131    0.065712   0.078109   0.000049   0.921843   3.687371 
   0.0000000000    -38.000    100.000   0.858478    0.063135   0.078337   0.000050   0.921613   3.686452 
   0.0000000000    -37.000    100.000   0.860709    0.060684   0.078555   0.000052   0.921393   3.685573 
   0.0000000000    -36.000    100.000   0.862832    0.058350   0.078764   0.000053   0.921183   3.684731 
   0.0000000000    -35.000    100.000   0.864853    0.056128   0.078965   0.000055   0.920981   3.683923 
   0.0000000000    -34.000    100.000   0.866778    0.054009   0.079157   0.000056   0.920787   3.683148 
   0.0000000000    -33.000    100.000   0.868612    0.051989   0.079342   0.000058   0.920601   3.682402 
   0.0000000000    -32.000    100.000   0.870361    0.050060   0.079520   0.000059   0.920421   3.681685 
   0.0000000000    -31.000    100.000   0.872029    0.048219   0.079691   0.000061   0.920248   3.680993 
   0.0000000000    -30.000    100.000   0.873621    0.046461   0.079856   0.000062   0.920082   3.680327 
   0.0000000000    -29.000    100.000   0.875141    0.044780   0.080015   0.000064   0.919921   3.679683 
   0.0000000000    -28.000    100.000   0.876593    0.043173   0.080169   0.000066   0.919765   3.679061 
   0.0000000000    -27.000    100.000   0.877980    0.041635   0.080318   0.000067   0.919615   3.678459 
   0.0000000000    -26.000    100.000   0.879305    0.040164   0.080462   0.000069   0.919469   3.677875 
   0.0000000000    -25.000    100.000   0.880573    0.038755   0.080602   0.000071   0.919327   3.677310 
   0.0000000000    -24.000    100.000   0.881785    0.037405   0.080737   0.000073   0.919190   3.676760 
   0.0000000000    -23.000    100.000   0.882945    0.036111   0.080869   0.000074   0.919056   3.676226 
   0.0000000000    -22.000    100.000   0.884056    0.034871   0.080997   0.000076   0.918927   3.675706 
   0.0000000000    -21.000    100.000   0.885118    0.033681   0.081122   0.000078   0.918800   3.675199 
   0.0000000000    -20.000    100.000   0.886136    0.032540   0.081244   0.000080   0.918676   3.674705 
   0.0000000000    -19.000    100.000   0.887110    0.031445   0.081363   0.000082   0.918556   3.674223 
   0.0000000000    -18.000    100.000   0.888044    0.030394   0.081479   0.000084   0.918438   3.673751 
   0.0000000000    -17.000    100.000   0.888938    0.029384   0.081592   0.000086   0.918322   3.673288 
   0.0000000000    -16.000    100.000   0.889795    0.028414   0.081704   0.000087   0.918209   3.672835 
   0.0000000000    -15.000    100.000   0.890616    0.027482   0.081813   0.000089   0.918098   3.672391 
   0.0000000000    -14.000    100.000   0.891403    0.026586   0.081920   0.000091   0.917988   3.671954 
   0.0000000000    -13.000    100.000   0.892157    0.025724   0.082026   0.000093   0.917881   3.671524 
   0.0000000000    -12.000    100.000   0.892880    0.024896   0.082129   0.000095   0.917775   3.671101 
   0.0000000000    -11.000    100.000   0.893573    0.024098   0.082232   0.000098   0.917671   3.670683 
   0.0000000000    -10.000    100.000   0.894237    0.023331   0.082333   0.000100   0.917568   3.670271 
   0.0000000000     -9.000    100.000   0.894873    0.022592   0.082432   0.000102   0.917466   3.669863 
   0.0000000000     -8.000    100.000   0.895484    0.021881   0.082531   0.000104   0.917365   3.669460 
   0.0000000000     -7.000    100.000   0.896069    0.021196   0.082629   0.000106   0.917265   3.669061 
   0.0000000000     -6.000    100.000   0.896630    0.020536   0.082726   0.000108   0.917166   3.668664 
   0.0000000000     -5.000    100.000   0.897167    0.019901   0.082822   0.000110   0.917068   3.668271 
   0.0000000000     -4.000    100.000   0.897682    0.019288   0.082917   0.000113   0.916970   3.667880 
   0.0000000000     -3.000    100.000   0.898176    0.018697   0.083013   0.000115   0.916873   3.667490 
   0.0000000000     -2.000    100.000   0.898648    0.018127   0.083107   0.000117   0.916776   3.667102 
   0.0000000000     -1.000    100.000   0.899101    0.017578   0.083202   0.000120   0.916679   3.666715 
   0.0000000000      0.000    100.000   0.899534    0.017048   0.083296   0.000122   0.916582   3.666329 
   0.0000000000      1.000    100.000   0.899949    0.016536   0.083390   0.000124   0.916486   3.665943 
   0.0000000000      2.000    100.000   0.900346    0.016043   0.083484   0.000127   0.916389   3.665557 
   0.0000000000      3.000    100.000   0.900726    0.015567   0.083578   0.000129   0.916293   3.665171 
   0.0000000000      4.000    100.000   0.901089    0.015107   0.083673   0.000132   0.916196   3.664783 
   0.0000000000      5.000    100.000   0.901436    0.014662   0.083767   0.000134   0.916099   3.664395 
   0.0000000000      6.000    100.000   0.901768    0.014233   0.083862   0.000137   0.916001   3.664005 
   0.0000000000      7.000    100.000   0.902084    0.013819   0.083958   0.000139   0.915903   3.663613 
   0.0000000000      8.000    100.000   0.902386    0.013418   0.084054   0.000142   0.915805   3.663219 
   0.0000000000      9.000    100.000   0.902674    0.013031   0.084150   0.000144   0.915706   3.662822 
   0.0000000000     10.000    100.000   0.902949    0.012657   0.084247   0.000147   0.915606   3.662423 
   0.0000000000     11.000    100.000   0.903210    0.012295   0.084345   0.000150   0.915505   3.662021 
   0.0000000000     12.000    100.000   0.903458    0.011946   0.084444   0.000152   0.915404   3.661615 
   0.0000000000     13.000    100.000   0.903694    0.011607   0.084543   0.000155   0.915302   3.661206 
   0.0000000000     14.000    100.000   0.903918    0.011280   0.084644   0.000158   0.915198   3.660793 
   0.0000000000     15.000    100.000   0.904130    0.010964   0.084745   0.000161   0.915094   3.660376 
   0.0000000000     16.000    100.000   0.904331    0.010657   0.084848   0.000163   0.914988   3.659954 
   0.0000000000     17.000    100.000   0.904521    0.010361   0.084952   0.000166   0.914882   3.659527 
   0.0000000000     18.000    100.000   0.904700    0.010074   0.085057   0.000169   0.914774   3.659096 
   0.0000000000     19.000    100.000   0.904869    0.009796   0.085163   0.000172   0.914665   3.658659 
   0.0000000000     20.000    100.000   0.905027    0.009527   0.085271   0.000175   0.914554   3.658217 
   0.0000000000     21.000    100.000   0.905176    0.009267   0.085380   0.000178   0.914442   3.657769 
   0.0000000000     22.000    100.000   0.905314    0.009014   0.085490   0.000181   0.914329   3.657315 
   0.0000000000     23.000    100.000   0.905444    0.008770   0.085602   0.000184   0.914214   3.656855 
   0.0000000000     24.000    100.000   0.905564    0.008533   0.085716   0.000187   0.914097   3.656388 
   0.0000000000     25.000    100.000   0.905675    0.008304   0.085831   0.000191   0.913979   3.655915 
   0.0000000000     26.000    100.000   0.905777    0.008081   0.085948   0.000194   0.913859   3.655434 
   0.0000000000     27.000    100.000   0.905871    0.007866   0.086066   0.000197   0.913737   3.654947 
   0.0000000000     28.000    100.000   0.905956    0.007657   0.086187   0.000200   0.913613   3.654452 
   0.0000000000     29.000    100.000   0.906033    0.007454   0.086309   0.000203   0.913487   3.653949 
   0.0000000000     30.000    100.000   0.906102    0.007258   0.086434   0.000207   0.913360   3.653438 
   0.0000000000     31.000    100.000   0.906163    0.007067   0.086560   0.000210   0.913230   3.652919 
   0.0000000000     32.000    100.000   0.906216    0.006882   0.086688   0.000214   0.913098   3.652392 
   0.0000000000     33.000    100.000   0.906261    0.006703   0.086819   0.000217   0.912964   3.651857 
   0.0000000000     34.000    100.000   0.906299    0.006529   0.086951   0.000221   0.912828   3.651312 
   0.0000000000     35.000    100.000   0.906330    0.006360   0.087086   0.000224   0.912690   3.650758 
   0.0000000000     36.000    100.000   0.906353    0.006196   0.087223   0.000228   0.912549   3.650196 
   0.0000000000     37.000    100.000   0.906369    0.006037   0.087363   0.000231   0.912406   3.649623 
   0.0000000000     38.000    100.000   0.906378    0.005883   0.087505   0.000235   0.912260   3.649041 
   0.0000000000     39.000    100.000   0.906379    0.005733   0.087649   0.000239   0.912112   3.648449 
   0.0000000000     40.000    100.000   0.906375    0.005587   0.087796   0.000242   0.911962   3.647847 
   0.0000000000     41.000    100.000   0.906363    0.005446   0.087945   0.000246   0.911809   3.647234 
   0.0000000000     42.000    100.000   0.906344    0.005308   0.088097   0.000250   0.911653   3.646611 
   0.0000000000     43.000    100.000   0.906319    0.005175   0.088252   0.000254   0.911494   3.645977 
   0.0000000000     44.000    100.000   0.906288    0.005045   0.088409   0.000258   0.911333   3.645332 
   0.0000000000     45.000    100.000   0.906249    0.004919   0.088569   0.000262   0.911169   3.644676 
   0.0000000000     46.000    100.000   0.906205    0.004797   0.088732   0.000266   0.911002   3.644008 
   0.0000000000     47.000    100.000   0.906154    0.004678   0.088898   0.000270   0.910832   3.643328 
   0.0000000000     48.000    100.000   0.906097    0.004562   0.089067   0.000274   0.910659   3.642636 
   0.0000000000     49.000    100.000   0.906033    0.004450   0.089239   0.000278   0.910483   3.641933 
   0.0000000000     50.000    100.000   0.905963    0.004341   0.089414   0.000282   0.910304   3.641217 
   0.0000000000     51.000    100.000   0.905887    0.004235   0.089592   0.000286   0.910122   3.640488 
   0.0000000000     52.000    100.000   0.905805    0.004131   0.089773   0.000291   0.909937   3.639746 
   0.0000000000     53.000    100.000   0.905717    0.004031   0.089957   0.000295   0.909748   3.638992 
   0.0000000000     54.000    100.000   0.905623    0.003933   0.090145   0.000299   0.909556   3.638224 
   0.0000000000     55.000    100.000   0.905523    0.003838   0.090336   0.000304   0.909361   3.637442 
   0.0000000000     56.000    100.000   0.905417    0.003745   0.090530   0.000308   0.909162   3.636647 
   0.0000000000     57.000    100.000   0.905304    0.003655   0.090728   0.000313   0.908959   3.635838 
   0.0000000000     58.000    100.000   0.905186    0.003568   0.090929   0.000317   0.908754   3.635014 
   0.0000000000     59.000    100.000   0.905062    0.003482   0.091134   0.000322   0.908544   3.634177 
   0.0000000000     60.000    100.000   0.904932    0.003399   0.091342   0.000327   0.908331   3.633324 
   0.0000000000     61.000    100.000   0.904796    0.003318   0.091554   0.000332   0.908114   3.632457 
   0.0000000000     62.000    100.000   0.904654    0.003240   0.091770   0.000336   0.907894   3.631574 
   0.0000000000     63.000    100.000   0.904506    0.003163   0.091990   0.000341   0.907669   3.630676 
   0.0000000000     64.000    100.000   0.904352    0.003088   0.092213   0.000346   0.907441   3.629763 
   0.0000000000     65.000    100.000   0.904192    0.003016   0.092441   0.000351   0.907208   3.628833 
   0.0000000000     66.000    100.000   0.904027    0.002945   0.092672   0.000356   0.906972   3.627888 
   0.0000000000     67.000    100.000   0.903855    0.002876   0.092907   0.000361   0.906731   3.626926 
   0.0000000000     68.000    100.000   0.903678    0.002809   0.093147   0.000366   0.906487   3.625948 
   0.0000000000     69.000    100.000   0.903495    0.002744   0.093390   0.000372   0.906238   3.624952 
   0.0000000000     70.000    100.000   0.903305    0.002680   0.093638   0.000377   0.905985   3.623940 
   0.0000000000     71.000    100.000   0.903110    0.002618   0.093890   0.000382   0.905728   3.622911 
   0.0000000000     72.000    100.000   0.902909    0.002557   0.094146   0.000388   0.905466   3.621863 
   0.0000000000     73.000    100.000   0.902702    0.002498   0.094407   0.000393   0.905200   3.620799 
   0.0000000000     74.000    100.000   0.902488    0.002441   0.094672   0.000399   0.904929   3.619716 
   0.0000000000     75.000    100.000   0.902269    0.002385   0.094942   0.000404   0.904654   3.618614 
   0.0000000000     76.000    100.000   0.902044    0.002330   0.095216   0.000410   0.904374   3.617495 
   0.0000000000     77.000    100.000   0.901812    0.002277   0.095495   0.000416   0.904089   3.616356 
   0.0000000000     78.000    100.000   0.901575    0.002225   0.095779   0.000422   0.903800   3.615198 
   0.0000000000     79.000    100.000   0.901331    0.002174   0.096067   0.000427   0.903505   3.614021 
   0.0000000000     80.000    100.000   0.901082    0.002124   0.096360   0.000433   0.903206   3.612825 
   0.0000000000     81.000    100.000   0.900826    0.002076   0.096658   0.000439   0.902902   3.611608 
   0.0000000000     82.000    100.000   0.900564    0.002029   0.096962   0.000446   0.902593   3.610372 
   0.0000000000     83.000    100.000   0.900295    0.001983   0.097270   0.000452   0.902279   3.609115 
   0.0000000000     84.000    100.000   0.900021    0.001938   0.097583   0.000458   0.901959   3.607837 
   0.0000000000     85.000    100.000   0.899740    0.001895   0.097901   0.000464   0.901635   3.606539 
   0.0000000000     86.000    100.000   0.899453    0.001852   0.098225   0.000471   0.901305   3.605219 
   0.0000000000     87.000    100.000   0.899159    0.001810   0.098553   0.000477   0.900969   3.603878 
   0.0000000000     88.000    100.000   0.898859    0.001770   0.098888   0.000484   0.900629   3.602515 
   0.0000000000     89.000    100.000   0.898552    0.001730   0.099227   0.000490   0.900282   3.601130 
   0.0000000000     90.000    100.000   0.898239    0.001692   0.099572   0.000497   0.899931   3.599723 
   0.0000000000     91.000    100.000   0.897919    0.001654   0.099923   0.000504   0.899573   3.598293 
   0.0000000000     92.000    100.000   0.897593    0.001617   0.100279   0.000511   0.899210   3.596840 
   0.0000000000     93.000    100.000   0.897260    0.001581   0.100641   0.000518   0.898841   3.595364 
   0.0000000000     94.000    100.000   0.896920    0.001546   0.101009   0.000525   0.898466   3.593864 
   0.0000000000     95.000    100.000   0.896574    0.001511   0.101383   0.000532   0.898085   3.592341 
   0.0000000000     96.000    100.000   0.896221    0.001478   0.101762   0.000539   0.897699   3.590794 
   0.0000000000     97.000    100.000   0.895861    0.001445   0.102148   0.000546   0.897306   3.589222 
   0.0000000000     98.000    100.000   0.895494    0.001413   0.102540   0.000554   0.896907   3.587626 
   0.0000000000     99.000    100.000   0.895120    0.001382   0.102937   0.000561   0.896501   3.586005 
   0.0000000000    100.000    100.000   0.894738    0.001351   0.103341   0.000569   0.896090   3.584359 
   0.0000000000    101.000    100.000   0.894350    0.001321   0.103752   0.000577   0.895672   3.582687 
   0.0000000000    102.000    100.000   0.893955    0.001292   0.104168   0.000584   0.895247   3.580989 
   0.0000000000    103.000    100.000   0.893553    0.001264   0.104591   0.000592   0.894816   3.579265 
   0.0000000000    104.000    100.000   0.893143    0.001236   0.105021   0.000600   0.894379   3.577514 
   0.0000000000    105.000    100.000   0.892726    0.001209   0.105457   0.000608   0.893934   3.575737 
   0.0000000000    106.000    100.000   0.892301    0.001182   0.105900   0.000617   0.893483   3.573932 
   0.0000000000    107.000    100.000   0.891869    0.001156   0.106350   0.000625   0.893025   3.572100 
   0.0000000000    108.000    100.000   0.891430    0.001131   0.106806   0.000633   0.892560   3.570241 
   0.0000000000    109.000    100.000   0.890982    0.001106   0.107270   0.000642   0.892088   3.568353 
   0.0000000000    110.000    100.000   0.890528    0.001081   0.107740   0.000650   0.891609   3.566437 
   0.0000000000    111.000    100.000   0.890065    0.001058   0.108218   0.000659   0.891123   3.564492 
   0.0000000000    112.000    100.000   0.889595    0.001034   0.108703   0.000668   0.890629   3.562518 
   0.0000000000    113.000    100.000   0.889117    0.001012   0.109195   0.000677   0.890129   3.560514 
   0.0000000000    114.000    100.000   0.888631    0.000990   0.109694   0.000686   0.889620   3.558481 
   0.0000000000    115.000    100.000   0.888136    0.000968   0.110200   0.000695   0.889104   3.556417 
   0.0000000000    116.000    100.000   0.887634    0.000947   0.110715   0.000705   0.888581   3.554324 
   0.0000000000    117.000    100.000   0.887124    0.000926   0.111236   0.000714   0.888050   3.552199 
   0.0000000000    118.000    100.000   0.886605    0.000906   0.111766   0.000723   0.887511   3.550044 
   0.0000000000    119.000    100.000   0.886078    0.000886   0.112303   0.000733   0.886964   3.547856 
   0.0000000000    120.000    100.000   0.885543    0.000866   0.112848   0.000743   0.886409   3.545637 
   0.0000000000    121.000    100.000   0.884999    0.000847   0.113401   0.000753   0.885847   3.543386 
   0.0000000000    122.000    100.000   0.884447    0.000829   0.113962   0.000763   0.885276   3.541103 
   0.0000000000    123.000    100.000   0.883886    0.000810   0.114530   0.000773   0.884697   3.538786 
   0.0000000000    124.000    100.000   0.883316    0.000793   0.115108   0.000783   0.884109   3.536436 
   0.0000000000    125.000    100.000   0.882738    0.000775   0.115693   0.000794   0.883513   3.534053 
   0.0000000000    126.000    100.000   0.882151    0.000758   0.116287   0.000804   0.882909   3.531636 
