#solute size.    Temp(C) Press(Mpa)        fHB          fS        fLJ         fO        xHB        nHB 
   0.0000000000   -173.000    230.000   0.008973    0.990211   0.000816   0.000000   0.999184   3.996737 
   0.0000000000   -172.000    230.000   0.010177    0.988898   0.000925   0.000000   0.999075   3.996299 
   0.0000000000   -171.000    230.000   0.011526    0.987426   0.001048   0.000000   0.998952   3.995809 
   0.0000000000   -170.000    230.000   0.013037    0.985778   0.001185   0.000000   0.998815   3.995259 
   0.0000000000   -169.000    230.000   0.014728    0.983933   0.001339   0.000000   0.998661   3.994644 
   0.0000000000   -168.000    230.000   0.016621    0.981868   0.001511   0.000000   0.998489   3.993956 
   0.0000000000   -167.000    230.000   0.018741    0.979555   0.001704   0.000000   0.998296   3.993185 
   0.0000000000   -166.000    230.000   0.021114    0.976967   0.001919   0.000000   0.998081   3.992322 
   0.0000000000   -165.000    230.000   0.023771    0.974068   0.002161   0.000000   0.997839   3.991356 
   0.0000000000   -164.000    230.000   0.026748    0.970820   0.002432   0.000000   0.997568   3.990273 
   0.0000000000   -163.000    230.000   0.030089    0.967176   0.002735   0.000000   0.997265   3.989059 
   0.0000000000   -162.000    230.000   0.033841    0.963082   0.003076   0.000000   0.996924   3.987694 
   0.0000000000   -161.000    230.000   0.038070    0.958469   0.003461   0.000000   0.996539   3.986156 
   0.0000000000   -160.000    230.000   0.042838    0.953268   0.003894   0.000000   0.996106   3.984423 
   0.0000000000   -159.000    230.000   0.048235    0.947380   0.004385   0.000000   0.995615   3.982460 
   0.0000000000   -158.000    230.000   0.054376    0.940680   0.004943   0.000000   0.995057   3.980227 
   0.0000000000   -157.000    230.000   0.061388    0.933031   0.005581   0.000000   0.994419   3.977677 
   0.0000000000   -156.000    230.000   0.069465    0.924220   0.006315   0.000000   0.993685   3.974740 
   0.0000000000   -155.000    230.000   0.078836    0.913997   0.007167   0.000000   0.992833   3.971332 
   0.0000000000   -154.000    230.000   0.089875    0.901955   0.008170   0.000000   0.991830   3.967318 
   0.0000000000   -153.000    230.000   0.103106    0.887521   0.009373   0.000000   0.990627   3.962507 
   0.0000000000   -152.000    230.000   0.119453    0.869688   0.010859   0.000000   0.989141   3.956563 
   0.0000000000   -151.000    230.000   0.140689    0.846521   0.012790   0.000000   0.987210   3.948840 
   0.0000000000   -150.000    230.000   0.171562    0.812842   0.015596   0.000000   0.984403   3.937614 
   0.0000000000   -149.000    230.000   0.901516    0.016528   0.081937   0.000019   0.918044   3.672176 
   0.0000000000   -148.000    230.000   0.901652    0.016380   0.081948   0.000020   0.918032   3.672127 
   0.0000000000   -147.000    230.000   0.901789    0.016230   0.081960   0.000021   0.918019   3.672077 
   0.0000000000   -146.000    230.000   0.901927    0.016080   0.081971   0.000022   0.918007   3.672027 
   0.0000000000   -145.000    230.000   0.902067    0.015927   0.081983   0.000023   0.917994   3.671976 
   0.0000000000   -144.000    230.000   0.902206    0.015775   0.081995   0.000024   0.917981   3.671925 
   0.0000000000   -143.000    230.000   0.902347    0.015622   0.082006   0.000025   0.917968   3.671874 
   0.0000000000   -142.000    230.000   0.902490    0.015466   0.082018   0.000026   0.917955   3.671822 
   0.0000000000   -141.000    230.000   0.902632    0.015310   0.082030   0.000027   0.917943   3.671770 
   0.0000000000   -140.000    230.000   0.902774    0.015155   0.082042   0.000028   0.917930   3.671718 
   0.0000000000   -139.000    230.000   0.902920    0.014997   0.082054   0.000029   0.917916   3.671666 
   0.0000000000   -138.000    230.000   0.903065    0.014838   0.082066   0.000030   0.917903   3.671613 
   0.0000000000   -137.000    230.000   0.903209    0.014681   0.082078   0.000032   0.917890   3.671560 
   0.0000000000   -136.000    230.000   0.903356    0.014521   0.082091   0.000033   0.917877   3.671507 
   0.0000000000   -135.000    230.000   0.903502    0.014361   0.082103   0.000034   0.917863   3.671454 
   0.0000000000   -134.000    230.000   0.903648    0.014202   0.082115   0.000035   0.917850   3.671401 
   0.0000000000   -133.000    230.000   0.903795    0.014041   0.082127   0.000036   0.917837   3.671347 
   0.0000000000   -132.000    230.000   0.903943    0.013880   0.082139   0.000038   0.917823   3.671293 
   0.0000000000   -131.000    230.000   0.904091    0.013719   0.082151   0.000039   0.917810   3.671240 
   0.0000000000   -130.000    230.000   0.904238    0.013558   0.082163   0.000040   0.917796   3.671186 
   0.0000000000   -129.000    230.000   0.904385    0.013398   0.082175   0.000042   0.917783   3.671132 
   0.0000000000   -128.000    230.000   0.904533    0.013237   0.082187   0.000043   0.917770   3.671079 
   0.0000000000   -127.000    230.000   0.904681    0.013075   0.082199   0.000045   0.917756   3.671025 
   0.0000000000   -126.000    230.000   0.904829    0.012914   0.082211   0.000046   0.917743   3.670971 
   0.0000000000   -125.000    230.000   0.904976    0.012753   0.082223   0.000048   0.917729   3.670917 
   0.0000000000   -124.000    230.000   0.905123    0.012593   0.082235   0.000049   0.917716   3.670864 
   0.0000000000   -123.000    230.000   0.905270    0.012432   0.082247   0.000051   0.917703   3.670810 
   0.0000000000   -122.000    230.000   0.905416    0.012274   0.082258   0.000052   0.917689   3.670757 
   0.0000000000   -121.000    230.000   0.905562    0.012114   0.082270   0.000054   0.917676   3.670704 
   0.0000000000   -120.000    230.000   0.905708    0.011955   0.082282   0.000056   0.917663   3.670651 
   0.0000000000   -119.000    230.000   0.905853    0.011797   0.082293   0.000057   0.917649   3.670598 
   0.0000000000   -118.000    230.000   0.905998    0.011639   0.082305   0.000059   0.917636   3.670545 
   0.0000000000   -117.000    230.000   0.906141    0.011482   0.082316   0.000061   0.917623   3.670493 
   0.0000000000   -116.000    230.000   0.906285    0.011325   0.082327   0.000063   0.917610   3.670440 
   0.0000000000   -115.000    230.000   0.906427    0.011170   0.082338   0.000065   0.917597   3.670388 
   0.0000000000   -114.000    230.000   0.906569    0.011015   0.082349   0.000066   0.917584   3.670336 
   0.0000000000   -113.000    230.000   0.906710    0.010861   0.082360   0.000068   0.917571   3.670285 
   0.0000000000   -112.000    230.000   0.906850    0.010708   0.082371   0.000070   0.917558   3.670234 
   0.0000000000   -111.000    230.000   0.906989    0.010557   0.082382   0.000072   0.917546   3.670183 
   0.0000000000   -110.000    230.000   0.907127    0.010406   0.082393   0.000074   0.917533   3.670132 
   0.0000000000   -109.000    230.000   0.907265    0.010256   0.082403   0.000076   0.917521   3.670082 
   0.0000000000   -108.000    230.000   0.907401    0.010107   0.082414   0.000078   0.917508   3.670032 
   0.0000000000   -107.000    230.000   0.907536    0.009959   0.082424   0.000080   0.917496   3.669982 
   0.0000000000   -106.000    230.000   0.907671    0.009813   0.082434   0.000083   0.917483   3.669933 
   0.0000000000   -105.000    230.000   0.907804    0.009667   0.082444   0.000085   0.917471   3.669884 
   0.0000000000   -104.000    230.000   0.907936    0.009523   0.082454   0.000087   0.917459   3.669836 
   0.0000000000   -103.000    230.000   0.908067    0.009380   0.082464   0.000089   0.917447   3.669787 
   0.0000000000   -102.000    230.000   0.908196    0.009238   0.082474   0.000092   0.917435   3.669740 
   0.0000000000   -101.000    230.000   0.908325    0.009098   0.082483   0.000094   0.917423   3.669692 
   0.0000000000   -100.000    230.000   0.908452    0.008959   0.082493   0.000096   0.917411   3.669645 
   0.0000000000    -99.000    230.000   0.908578    0.008821   0.082502   0.000099   0.917400   3.669598 
   0.0000000000    -98.000    230.000   0.908703    0.008685   0.082511   0.000101   0.917388   3.669552 
   0.0000000000    -97.000    230.000   0.908826    0.008550   0.082520   0.000103   0.917377   3.669506 
   0.0000000000    -96.000    230.000   0.908948    0.008417   0.082529   0.000106   0.917365   3.669461 
   0.0000000000    -95.000    230.000   0.909069    0.008285   0.082538   0.000108   0.917354   3.669416 
   0.0000000000    -94.000    230.000   0.909188    0.008154   0.082546   0.000111   0.917343   3.669371 
   0.0000000000    -93.000    230.000   0.909307    0.008025   0.082555   0.000114   0.917332   3.669327 
   0.0000000000    -92.000    230.000   0.909423    0.007898   0.082563   0.000116   0.917321   3.669283 
   0.0000000000    -91.000    230.000   0.909538    0.007772   0.082571   0.000119   0.917310   3.669239 
   0.0000000000    -90.000    230.000   0.909652    0.007647   0.082579   0.000122   0.917299   3.669196 
   0.0000000000    -89.000    230.000   0.909765    0.007524   0.082587   0.000124   0.917288   3.669153 
   0.0000000000    -88.000    230.000   0.909876    0.007402   0.082595   0.000127   0.917278   3.669111 
   0.0000000000    -87.000    230.000   0.909985    0.007282   0.082603   0.000130   0.917267   3.669069 
   0.0000000000    -86.000    230.000   0.910094    0.007163   0.082610   0.000133   0.917257   3.669027 
   0.0000000000    -85.000    230.000   0.910201    0.007046   0.082618   0.000136   0.917246   3.668986 
   0.0000000000    -84.000    230.000   0.910306    0.006930   0.082625   0.000139   0.917236   3.668945 
   0.0000000000    -83.000    230.000   0.910410    0.006816   0.082632   0.000142   0.917226   3.668904 
   0.0000000000    -82.000    230.000   0.910512    0.006704   0.082639   0.000145   0.917216   3.668864 
   0.0000000000    -81.000    230.000   0.910614    0.006593   0.082646   0.000148   0.917206   3.668824 
   0.0000000000    -80.000    230.000   0.910713    0.006483   0.082653   0.000151   0.917196   3.668784 
   0.0000000000    -79.000    230.000   0.910811    0.006375   0.082660   0.000154   0.917186   3.668745 
   0.0000000000    -78.000    230.000   0.910908    0.006268   0.082666   0.000157   0.917176   3.668706 
   0.0000000000    -77.000    230.000   0.911003    0.006163   0.082673   0.000160   0.917167   3.668667 
   0.0000000000    -76.000    230.000   0.911097    0.006060   0.082679   0.000164   0.917157   3.668629 
   0.0000000000    -75.000    230.000   0.911190    0.005958   0.082685   0.000167   0.917148   3.668590 
   0.0000000000    -74.000    230.000   0.911281    0.005857   0.082692   0.000170   0.917138   3.668552 
   0.0000000000    -73.000    230.000   0.911370    0.005758   0.082698   0.000174   0.917129   3.668514 
   0.0000000000    -72.000    230.000   0.911459    0.005661   0.082704   0.000177   0.917119   3.668476 
   0.0000000000    -71.000    230.000   0.911545    0.005564   0.082710   0.000181   0.917110   3.668439 
   0.0000000000    -70.000    230.000   0.911631    0.005470   0.082716   0.000184   0.917100   3.668402 
   0.0000000000    -69.000    230.000   0.911715    0.005377   0.082721   0.000188   0.917091   3.668364 
   0.0000000000    -68.000    230.000   0.911797    0.005285   0.082727   0.000191   0.917082   3.668327 
   0.0000000000    -67.000    230.000   0.911878    0.005194   0.082733   0.000195   0.917073   3.668290 
   0.0000000000    -66.000    230.000   0.911958    0.005105   0.082738   0.000198   0.917063   3.668253 
   0.0000000000    -65.000    230.000   0.912036    0.005018   0.082744   0.000202   0.917054   3.668216 
   0.0000000000    -64.000    230.000   0.912113    0.004932   0.082749   0.000206   0.917045   3.668179 
   0.0000000000    -63.000    230.000   0.912189    0.004847   0.082755   0.000209   0.917036   3.668142 
   0.0000000000    -62.000    230.000   0.912263    0.004763   0.082760   0.000213   0.917026   3.668106 
   0.0000000000    -61.000    230.000   0.912336    0.004681   0.082766   0.000217   0.917017   3.668069 
   0.0000000000    -60.000    230.000   0.912407    0.004600   0.082771   0.000221   0.917008   3.668032 
   0.0000000000    -59.000    230.000   0.912478    0.004521   0.082776   0.000225   0.916999   3.667994 
   0.0000000000    -58.000    230.000   0.912546    0.004443   0.082782   0.000229   0.916989   3.667957 
   0.0000000000    -57.000    230.000   0.912614    0.004366   0.082787   0.000233   0.916980   3.667920 
   0.0000000000    -56.000    230.000   0.912680    0.004290   0.082793   0.000237   0.916971   3.667882 
   0.0000000000    -55.000    230.000   0.912745    0.004216   0.082798   0.000241   0.916961   3.667844 
   0.0000000000    -54.000    230.000   0.912809    0.004143   0.082803   0.000245   0.916952   3.667806 
   0.0000000000    -53.000    230.000   0.912871    0.004071   0.082809   0.000249   0.916942   3.667768 
   0.0000000000    -52.000    230.000   0.912932    0.004001   0.082814   0.000253   0.916932   3.667730 
   0.0000000000    -51.000    230.000   0.912991    0.003931   0.082820   0.000258   0.916923   3.667691 
   0.0000000000    -50.000    230.000   0.913050    0.003863   0.082825   0.000262   0.916913   3.667651 
   0.0000000000    -49.000    230.000   0.913107    0.003796   0.082831   0.000266   0.916903   3.667612 
   0.0000000000    -48.000    230.000   0.913163    0.003730   0.082837   0.000271   0.916893   3.667571 
   0.0000000000    -47.000    230.000   0.913218    0.003665   0.082842   0.000275   0.916883   3.667531 
   0.0000000000    -46.000    230.000   0.913271    0.003601   0.082848   0.000279   0.916872   3.667490 
   0.0000000000    -45.000    230.000   0.913323    0.003539   0.082854   0.000284   0.916862   3.667448 
   0.0000000000    -44.000    230.000   0.913374    0.003477   0.082860   0.000288   0.916851   3.667406 
   0.0000000000    -43.000    230.000   0.913424    0.003417   0.082866   0.000293   0.916841   3.667363 
   0.0000000000    -42.000    230.000   0.913472    0.003357   0.082873   0.000298   0.916830   3.667319 
   0.0000000000    -41.000    230.000   0.913520    0.003299   0.082879   0.000302   0.916819   3.667275 
   0.0000000000    -40.000    230.000   0.913566    0.003242   0.082886   0.000307   0.916807   3.667230 
   0.0000000000    -39.000    230.000   0.913610    0.003185   0.082892   0.000312   0.916796   3.667184 
   0.0000000000    -38.000    230.000   0.913654    0.003130   0.082899   0.000316   0.916784   3.667137 
   0.0000000000    -37.000    230.000   0.913697    0.003076   0.082906   0.000321   0.916772   3.667090 
   0.0000000000    -36.000    230.000   0.913738    0.003023   0.082914   0.000326   0.916760   3.667041 
   0.0000000000    -35.000    230.000   0.913778    0.002970   0.082921   0.000331   0.916748   3.666992 
   0.0000000000    -34.000    230.000   0.913817    0.002919   0.082929   0.000336   0.916735   3.666942 
   0.0000000000    -33.000    230.000   0.913854    0.002868   0.082937   0.000341   0.916723   3.666890 
   0.0000000000    -32.000    230.000   0.913891    0.002819   0.082945   0.000346   0.916709   3.666838 
   0.0000000000    -31.000    230.000   0.913926    0.002770   0.082953   0.000351   0.916696   3.666784 
   0.0000000000    -30.000    230.000   0.913960    0.002722   0.082962   0.000356   0.916682   3.666729 
   0.0000000000    -29.000    230.000   0.913993    0.002675   0.082971   0.000361   0.916668   3.666673 
   0.0000000000    -28.000    230.000   0.914025    0.002629   0.082980   0.000366   0.916654   3.666616 
   0.0000000000    -27.000    230.000   0.914056    0.002583   0.082989   0.000371   0.916639   3.666557 
   0.0000000000    -26.000    230.000   0.914085    0.002539   0.082999   0.000377   0.916624   3.666497 
   0.0000000000    -25.000    230.000   0.914114    0.002495   0.083009   0.000382   0.916609   3.666435 
   0.0000000000    -24.000    230.000   0.914141    0.002452   0.083020   0.000387   0.916593   3.666372 
   0.0000000000    -23.000    230.000   0.914167    0.002410   0.083030   0.000393   0.916577   3.666308 
   0.0000000000    -22.000    230.000   0.914191    0.002369   0.083042   0.000398   0.916560   3.666241 
   0.0000000000    -21.000    230.000   0.914215    0.002328   0.083053   0.000403   0.916543   3.666173 
   0.0000000000    -20.000    230.000   0.914238    0.002288   0.083065   0.000409   0.916526   3.666104 
   0.0000000000    -19.000    230.000   0.914259    0.002249   0.083077   0.000415   0.916508   3.666032 
   0.0000000000    -18.000    230.000   0.914279    0.002211   0.083090   0.000420   0.916490   3.665959 
   0.0000000000    -17.000    230.000   0.914298    0.002173   0.083103   0.000426   0.916471   3.665884 
   0.0000000000    -16.000    230.000   0.914316    0.002136   0.083117   0.000431   0.916452   3.665807 
   0.0000000000    -15.000    230.000   0.914332    0.002100   0.083131   0.000437   0.916432   3.665728 
   0.0000000000    -14.000    230.000   0.914348    0.002064   0.083146   0.000443   0.916412   3.665646 
   0.0000000000    -13.000    230.000   0.914362    0.002029   0.083161   0.000449   0.916391   3.665563 
   0.0000000000    -12.000    230.000   0.914375    0.001994   0.083176   0.000454   0.916369   3.665478 
   0.0000000000    -11.000    230.000   0.914387    0.001961   0.083192   0.000460   0.916347   3.665390 
   0.0000000000    -10.000    230.000   0.914397    0.001927   0.083209   0.000466   0.916325   3.665300 
   0.0000000000     -9.000    230.000   0.914407    0.001895   0.083226   0.000472   0.916302   3.665207 
   0.0000000000     -8.000    230.000   0.914415    0.001863   0.083244   0.000478   0.916278   3.665112 
   0.0000000000     -7.000    230.000   0.914422    0.001831   0.083262   0.000484   0.916254   3.665015 
   0.0000000000     -6.000    230.000   0.914428    0.001801   0.083281   0.000490   0.916229   3.664914 
   0.0000000000     -5.000    230.000   0.914433    0.001770   0.083301   0.000496   0.916203   3.664812 
   0.0000000000     -4.000    230.000   0.914436    0.001741   0.083321   0.000503   0.916177   3.664706 
   0.0000000000     -3.000    230.000   0.914438    0.001712   0.083342   0.000509   0.916149   3.664598 
   0.0000000000     -2.000    230.000   0.914439    0.001683   0.083363   0.000515   0.916122   3.664487 
   0.0000000000     -1.000    230.000   0.914438    0.001655   0.083385   0.000521   0.916093   3.664373 
   0.0000000000      0.000    230.000   0.914437    0.001627   0.083408   0.000528   0.916064   3.664255 
   0.0000000000      1.000    230.000   0.914434    0.001600   0.083432   0.000534   0.916034   3.664135 
   0.0000000000      2.000    230.000   0.914429    0.001573   0.083456   0.000541   0.916003   3.664012 
   0.0000000000      3.000    230.000   0.914424    0.001547   0.083482   0.000547   0.915971   3.663885 
   0.0000000000      4.000    230.000   0.914417    0.001522   0.083508   0.000554   0.915939   3.663755 
   0.0000000000      5.000    230.000   0.914409    0.001496   0.083534   0.000560   0.915905   3.663622 
   0.0000000000      6.000    230.000   0.914399    0.001472   0.083562   0.000567   0.915871   3.663485 
   0.0000000000      7.000    230.000   0.914389    0.001447   0.083590   0.000573   0.915836   3.663344 
   0.0000000000      8.000    230.000   0.914377    0.001424   0.083620   0.000580   0.915800   3.663200 
   0.0000000000      9.000    230.000   0.914363    0.001400   0.083650   0.000587   0.915763   3.663053 
   0.0000000000     10.000    230.000   0.914348    0.001377   0.083681   0.000594   0.915725   3.662901 
   0.0000000000     11.000    230.000   0.914332    0.001355   0.083713   0.000600   0.915686   3.662746 
   0.0000000000     12.000    230.000   0.914314    0.001332   0.083746   0.000607   0.915647   3.662586 
   0.0000000000     13.000    230.000   0.914295    0.001311   0.083780   0.000614   0.915606   3.662423 
   0.0000000000     14.000    230.000   0.914275    0.001289   0.083815   0.000621   0.915564   3.662255 
   0.0000000000     15.000    230.000   0.914253    0.001268   0.083851   0.000628   0.915521   3.662084 
   0.0000000000     16.000    230.000   0.914229    0.001248   0.083888   0.000635   0.915477   3.661908 
   0.0000000000     17.000    230.000   0.914204    0.001227   0.083926   0.000642   0.915432   3.661727 
   0.0000000000     18.000    230.000   0.914178    0.001207   0.083965   0.000650   0.915386   3.661542 
   0.0000000000     19.000    230.000   0.914150    0.001188   0.084005   0.000657   0.915338   3.661353 
   0.0000000000     20.000    230.000   0.914121    0.001169   0.084046   0.000664   0.915290   3.661159 
   0.0000000000     21.000    230.000   0.914090    0.001150   0.084089   0.000671   0.915240   3.660960 
   0.0000000000     22.000    230.000   0.914058    0.001131   0.084132   0.000679   0.915189   3.660757 
   0.0000000000     23.000    230.000   0.914024    0.001113   0.084177   0.000686   0.915137   3.660548 
   0.0000000000     24.000    230.000   0.913988    0.001095   0.084223   0.000694   0.915084   3.660335 
   0.0000000000     25.000    230.000   0.913951    0.001078   0.084270   0.000701   0.915029   3.660116 
   0.0000000000     26.000    230.000   0.913912    0.001061   0.084318   0.000709   0.914973   3.659892 
   0.0000000000     27.000    230.000   0.913872    0.001044   0.084368   0.000716   0.914916   3.659663 
   0.0000000000     28.000    230.000   0.913830    0.001027   0.084419   0.000724   0.914857   3.659429 
   0.0000000000     29.000    230.000   0.913787    0.001011   0.084471   0.000731   0.914797   3.659189 
   0.0000000000     30.000    230.000   0.913741    0.000995   0.084525   0.000739   0.914736   3.658943 
   0.0000000000     31.000    230.000   0.913694    0.000979   0.084580   0.000747   0.914673   3.658692 
   0.0000000000     32.000    230.000   0.913645    0.000963   0.084636   0.000755   0.914609   3.658435 
   0.0000000000     33.000    230.000   0.913595    0.000948   0.084694   0.000763   0.914543   3.658172 
   0.0000000000     34.000    230.000   0.913543    0.000933   0.084753   0.000771   0.914476   3.657903 
   0.0000000000     35.000    230.000   0.913489    0.000918   0.084814   0.000779   0.914407   3.657629 
   0.0000000000     36.000    230.000   0.913433    0.000904   0.084876   0.000787   0.914337   3.657348 
   0.0000000000     37.000    230.000   0.913375    0.000890   0.084940   0.000795   0.914265   3.657060 
   0.0000000000     38.000    230.000   0.913316    0.000876   0.085005   0.000803   0.914192   3.656766 
   0.0000000000     39.000    230.000   0.913254    0.000862   0.085072   0.000811   0.914117   3.656466 
   0.0000000000     40.000    230.000   0.913191    0.000849   0.085141   0.000819   0.914040   3.656160 
   0.0000000000     41.000    230.000   0.913126    0.000835   0.085211   0.000828   0.913962   3.655846 
   0.0000000000     42.000    230.000   0.913059    0.000822   0.085282   0.000836   0.913881   3.655526 
   0.0000000000     43.000    230.000   0.912990    0.000810   0.085356   0.000845   0.913800   3.655199 
   0.0000000000     44.000    230.000   0.912919    0.000797   0.085431   0.000853   0.913716   3.654864 
   0.0000000000     45.000    230.000   0.912846    0.000785   0.085508   0.000862   0.913631   3.654523 
   0.0000000000     46.000    230.000   0.912771    0.000773   0.085586   0.000870   0.913544   3.654175 
   0.0000000000     47.000    230.000   0.912694    0.000761   0.085666   0.000879   0.913455   3.653819 
   0.0000000000     48.000    230.000   0.912615    0.000749   0.085748   0.000888   0.913364   3.653455 
   0.0000000000     49.000    230.000   0.912534    0.000737   0.085832   0.000896   0.913271   3.653084 
   0.0000000000     50.000    230.000   0.912451    0.000726   0.085918   0.000905   0.913176   3.652706 
   0.0000000000     51.000    230.000   0.912365    0.000715   0.086006   0.000914   0.913080   3.652319 
   0.0000000000     52.000    230.000   0.912277    0.000704   0.086096   0.000923   0.912981   3.651925 
   0.0000000000     53.000    230.000   0.912188    0.000693   0.086187   0.000932   0.912881   3.651523 
   0.0000000000     54.000    230.000   0.912096    0.000682   0.086281   0.000941   0.912778   3.651112 
   0.0000000000     55.000    230.000   0.912001    0.000672   0.086376   0.000950   0.912673   3.650693 
   0.0000000000     56.000    230.000   0.911905    0.000662   0.086474   0.000960   0.912567   3.650266 
   0.0000000000     57.000    230.000   0.911806    0.000652   0.086573   0.000969   0.912458   3.649830 
   0.0000000000     58.000    230.000   0.911705    0.000642   0.086675   0.000978   0.912347   3.649386 
   0.0000000000     59.000    230.000   0.911601    0.000632   0.086779   0.000988   0.912233   3.648933 
   0.0000000000     60.000    230.000   0.911495    0.000622   0.086885   0.000997   0.912118   3.648471 
   0.0000000000     61.000    230.000   0.911387    0.000613   0.086993   0.001007   0.912000   3.648000 
   0.0000000000     62.000    230.000   0.911276    0.000604   0.087104   0.001016   0.911880   3.647520 
   0.0000000000     63.000    230.000   0.911163    0.000595   0.087216   0.001026   0.911758   3.647031 
   0.0000000000     64.000    230.000   0.911047    0.000586   0.087331   0.001036   0.911633   3.646532 
   0.0000000000     65.000    230.000   0.910929    0.000577   0.087448   0.001046   0.911506   3.646024 
   0.0000000000     66.000    230.000   0.910808    0.000568   0.087568   0.001056   0.911377   3.645506 
   0.0000000000     67.000    230.000   0.910685    0.000560   0.087690   0.001065   0.911245   3.644978 
   0.0000000000     68.000    230.000   0.910559    0.000551   0.087814   0.001076   0.911110   3.644441 
   0.0000000000     69.000    230.000   0.910431    0.000543   0.087941   0.001086   0.910973   3.643894 
   0.0000000000     70.000    230.000   0.910299    0.000535   0.088070   0.001096   0.910834   3.643336 
   0.0000000000     71.000    230.000   0.910165    0.000527   0.088202   0.001106   0.910692   3.642768 
   0.0000000000     72.000    230.000   0.910029    0.000519   0.088336   0.001116   0.910547   3.642190 
   0.0000000000     73.000    230.000   0.909889    0.000511   0.088473   0.001127   0.910400   3.641601 
   0.0000000000     74.000    230.000   0.909747    0.000503   0.088612   0.001137   0.910250   3.641001 
   0.0000000000     75.000    230.000   0.909602    0.000496   0.088754   0.001148   0.910098   3.640391 
   0.0000000000     76.000    230.000   0.909454    0.000489   0.088899   0.001159   0.909942   3.639770 
   0.0000000000     77.000    230.000   0.909303    0.000481   0.089046   0.001169   0.909784   3.639137 
   0.0000000000     78.000    230.000   0.909149    0.000474   0.089197   0.001180   0.909623   3.638493 
   0.0000000000     79.000    230.000   0.908992    0.000467   0.089349   0.001191   0.909460   3.637838 
   0.0000000000     80.000    230.000   0.908833    0.000460   0.089505   0.001202   0.909293   3.637172 
   0.0000000000     81.000    230.000   0.908670    0.000453   0.089664   0.001213   0.909123   3.636493 
   0.0000000000     82.000    230.000   0.908504    0.000447   0.089825   0.001224   0.908951   3.635803 
   0.0000000000     83.000    230.000   0.908335    0.000440   0.089989   0.001235   0.908775   3.635101 
   0.0000000000     84.000    230.000   0.908163    0.000434   0.090157   0.001247   0.908597   3.634387 
   0.0000000000     85.000    230.000   0.907988    0.000427   0.090327   0.001258   0.908415   3.633661 
   0.0000000000     86.000    230.000   0.907810    0.000421   0.090500   0.001270   0.908230   3.632922 
   0.0000000000     87.000    230.000   0.907628    0.000415   0.090676   0.001281   0.908043   3.632171 
   0.0000000000     88.000    230.000   0.907443    0.000408   0.090855   0.001293   0.907852   3.631407 
   0.0000000000     89.000    230.000   0.907255    0.000402   0.091038   0.001305   0.907657   3.630630 
   0.0000000000     90.000    230.000   0.907063    0.000397   0.091224   0.001317   0.907460   3.629840 
   0.0000000000     91.000    230.000   0.906868    0.000391   0.091412   0.001328   0.907259   3.629037 
   0.0000000000     92.000    230.000   0.906670    0.000385   0.091604   0.001341   0.907055   3.628220 
   0.0000000000     93.000    230.000   0.906468    0.000379   0.091800   0.001353   0.906848   3.627390 
   0.0000000000     94.000    230.000   0.906263    0.000374   0.091998   0.001365   0.906637   3.626547 
   0.0000000000     95.000    230.000   0.906054    0.000368   0.092200   0.001377   0.906422   3.625690 
   0.0000000000     96.000    230.000   0.905842    0.000363   0.092406   0.001390   0.906205   3.624818 
   0.0000000000     97.000    230.000   0.905626    0.000358   0.092614   0.001402   0.905983   3.623933 
   0.0000000000     98.000    230.000   0.905406    0.000352   0.092827   0.001415   0.905758   3.623033 
   0.0000000000     99.000    230.000   0.905183    0.000347   0.093042   0.001428   0.905530   3.622119 
   0.0000000000    100.000    230.000   0.904956    0.000342   0.093262   0.001441   0.905298   3.621191 
   0.0000000000    101.000    230.000   0.904725    0.000337   0.093485   0.001454   0.905062   3.620247 
   0.0000000000    102.000    230.000   0.904490    0.000332   0.093711   0.001467   0.904822   3.619289 
   0.0000000000    103.000    230.000   0.904252    0.000327   0.093941   0.001480   0.904579   3.618316 
   0.0000000000    104.000    230.000   0.904009    0.000322   0.094175   0.001493   0.904332   3.617327 
   0.0000000000    105.000    230.000   0.903763    0.000318   0.094413   0.001507   0.904081   3.616323 
   0.0000000000    106.000    230.000   0.903513    0.000313   0.094654   0.001520   0.903826   3.615303 
   0.0000000000    107.000    230.000   0.903258    0.000308   0.094899   0.001534   0.903567   3.614267 
   0.0000000000    108.000    230.000   0.903000    0.000304   0.095148   0.001548   0.903304   3.613216 
   0.0000000000    109.000    230.000   0.902738    0.000300   0.095401   0.001562   0.903037   3.612149 
   0.0000000000    110.000    230.000   0.902471    0.000295   0.095658   0.001576   0.902766   3.611065 
   0.0000000000    111.000    230.000   0.902200    0.000291   0.095919   0.001590   0.902491   3.609964 
   0.0000000000    112.000    230.000   0.901925    0.000287   0.096184   0.001604   0.902212   3.608847 
   0.0000000000    113.000    230.000   0.901646    0.000282   0.096453   0.001618   0.901928   3.607713 
   0.0000000000    114.000    230.000   0.901362    0.000278   0.096726   0.001633   0.901641   3.606562 
   0.0000000000    115.000    230.000   0.901074    0.000274   0.097004   0.001648   0.901349   3.605394 
   0.0000000000    116.000    230.000   0.900782    0.000270   0.097285   0.001662   0.901052   3.604209 
   0.0000000000    117.000    230.000   0.900485    0.000266   0.097571   0.001677   0.900751   3.603005 
   0.0000000000    118.000    230.000   0.900184    0.000262   0.097861   0.001692   0.900446   3.601785 
   0.0000000000    119.000    230.000   0.899878    0.000258   0.098156   0.001708   0.900136   3.600546 
   0.0000000000    120.000    230.000   0.899568    0.000255   0.098455   0.001723   0.899822   3.599289 
   0.0000000000    121.000    230.000   0.899252    0.000251   0.098758   0.001738   0.899503   3.598013 
   0.0000000000    122.000    230.000   0.898933    0.000247   0.099066   0.001754   0.899180   3.596719 
   0.0000000000    123.000    230.000   0.898608    0.000244   0.099379   0.001770   0.898852   3.595407 
   0.0000000000    124.000    230.000   0.898279    0.000240   0.099696   0.001786   0.898519   3.594075 
   0.0000000000    125.000    230.000   0.897945    0.000236   0.100017   0.001802   0.898181   3.592725 
   0.0000000000    126.000    230.000   0.897606    0.000233   0.100344   0.001818   0.897839   3.591355 
