#solute size.    Temp(C) Press(Mpa)        fHB          fS        fLJ         fO        xHB        nHB 
   0.0000000000   -173.000     22.000   0.000000    1.000000   0.000000   0.000000   1.000000   4.000000 
   0.0000000000   -172.000     22.000   0.000000    1.000000   0.000000   0.000000   1.000000   4.000000 
   0.0000000000   -171.000     22.000   0.000000    1.000000   0.000000   0.000000   1.000000   4.000000 
   0.0000000000   -170.000     22.000   0.000000    1.000000   0.000000   0.000000   1.000000   4.000000 
   0.0000000000   -169.000     22.000   0.000000    1.000000   0.000000   0.000000   1.000000   4.000000 
   0.0000000000   -168.000     22.000   0.000000    1.000000   0.000000   0.000000   1.000000   4.000000 
   0.0000000000   -167.000     22.000   0.000000    1.000000   0.000000   0.000000   1.000000   4.000000 
   0.0000000000   -166.000     22.000   0.000000    1.000000   0.000000   0.000000   1.000000   4.000000 
   0.0000000000   -165.000     22.000   0.000000    0.999999   0.000000   0.000000   1.000000   4.000000 
   0.0000000000   -164.000     22.000   0.000001    0.999999   0.000000   0.000000   1.000000   4.000000 
   0.0000000000   -163.000     22.000   0.000001    0.999999   0.000000   0.000000   1.000000   4.000000 
   0.0000000000   -162.000     22.000   0.000001    0.999999   0.000000   0.000000   1.000000   4.000000 
   0.0000000000   -161.000     22.000   0.000001    0.999999   0.000000   0.000000   1.000000   4.000000 
   0.0000000000   -160.000     22.000   0.000001    0.999998   0.000000   0.000000   1.000000   3.999999 
   0.0000000000   -159.000     22.000   0.000002    0.999998   0.000000   0.000000   1.000000   3.999999 
   0.0000000000   -158.000     22.000   0.000002    0.999998   0.000000   0.000000   1.000000   3.999999 
   0.0000000000   -157.000     22.000   0.000003    0.999997   0.000000   0.000000   1.000000   3.999999 
   0.0000000000   -156.000     22.000   0.000003    0.999996   0.000000   0.000000   1.000000   3.999999 
   0.0000000000   -155.000     22.000   0.000004    0.999996   0.000000   0.000000   1.000000   3.999999 
   0.0000000000   -154.000     22.000   0.000005    0.999995   0.000000   0.000000   1.000000   3.999998 
   0.0000000000   -153.000     22.000   0.000006    0.999993   0.000001   0.000000   0.999999   3.999998 
   0.0000000000   -152.000     22.000   0.000007    0.999992   0.000001   0.000000   0.999999   3.999997 
   0.0000000000   -151.000     22.000   0.000009    0.999990   0.000001   0.000000   0.999999   3.999997 
   0.0000000000   -150.000     22.000   0.000011    0.999988   0.000001   0.000000   0.999999   3.999996 
   0.0000000000   -149.000     22.000   0.000013    0.999986   0.000001   0.000000   0.999999   3.999995 
   0.0000000000   -148.000     22.000   0.000015    0.999983   0.000001   0.000000   0.999999   3.999994 
   0.0000000000   -147.000     22.000   0.000018    0.999980   0.000002   0.000000   0.999998   3.999993 
   0.0000000000   -146.000     22.000   0.000022    0.999976   0.000002   0.000000   0.999998   3.999992 
   0.0000000000   -145.000     22.000   0.000026    0.999971   0.000002   0.000000   0.999998   3.999990 
   0.0000000000   -144.000     22.000   0.000031    0.999966   0.000003   0.000000   0.999997   3.999989 
   0.0000000000   -143.000     22.000   0.000037    0.999960   0.000003   0.000000   0.999997   3.999987 
   0.0000000000   -142.000     22.000   0.000043    0.999953   0.000004   0.000000   0.999996   3.999984 
   0.0000000000   -141.000     22.000   0.000051    0.999944   0.000005   0.000000   0.999995   3.999981 
   0.0000000000   -140.000     22.000   0.000060    0.999934   0.000005   0.000000   0.999995   3.999978 
   0.0000000000   -139.000     22.000   0.000071    0.999923   0.000006   0.000000   0.999994   3.999974 
   0.0000000000   -138.000     22.000   0.000083    0.999910   0.000008   0.000000   0.999992   3.999970 
   0.0000000000   -137.000     22.000   0.000097    0.999894   0.000009   0.000000   0.999991   3.999965 
   0.0000000000   -136.000     22.000   0.000113    0.999877   0.000010   0.000000   0.999990   3.999959 
   0.0000000000   -135.000     22.000   0.000131    0.999857   0.000012   0.000000   0.999988   3.999952 
   0.0000000000   -134.000     22.000   0.000153    0.999833   0.000014   0.000000   0.999986   3.999944 
   0.0000000000   -133.000     22.000   0.000177    0.999807   0.000016   0.000000   0.999984   3.999936 
   0.0000000000   -132.000     22.000   0.000205    0.999777   0.000019   0.000000   0.999981   3.999926 
   0.0000000000   -131.000     22.000   0.000236    0.999742   0.000021   0.000000   0.999979   3.999914 
   0.0000000000   -130.000     22.000   0.000273    0.999703   0.000025   0.000000   0.999975   3.999901 
   0.0000000000   -129.000     22.000   0.000314    0.999658   0.000029   0.000000   0.999971   3.999886 
   0.0000000000   -128.000     22.000   0.000360    0.999607   0.000033   0.000000   0.999967   3.999869 
   0.0000000000   -127.000     22.000   0.000413    0.999549   0.000038   0.000000   0.999962   3.999850 
   0.0000000000   -126.000     22.000   0.000473    0.999484   0.000043   0.000000   0.999957   3.999828 
   0.0000000000   -125.000     22.000   0.000541    0.999410   0.000049   0.000000   0.999951   3.999803 
   0.0000000000   -124.000     22.000   0.000618    0.999326   0.000056   0.000000   0.999944   3.999775 
   0.0000000000   -123.000     22.000   0.000704    0.999232   0.000064   0.000000   0.999936   3.999744 
   0.0000000000   -122.000     22.000   0.000801    0.999127   0.000073   0.000000   0.999927   3.999709 
   0.0000000000   -121.000     22.000   0.000909    0.999008   0.000083   0.000000   0.999917   3.999669 
   0.0000000000   -120.000     22.000   0.001031    0.998875   0.000094   0.000000   0.999906   3.999625 
   0.0000000000   -119.000     22.000   0.001168    0.998726   0.000106   0.000000   0.999894   3.999575 
   0.0000000000   -118.000     22.000   0.001321    0.998559   0.000120   0.000000   0.999880   3.999520 
   0.0000000000   -117.000     22.000   0.001492    0.998373   0.000136   0.000000   0.999864   3.999458 
   0.0000000000   -116.000     22.000   0.001682    0.998165   0.000153   0.000000   0.999847   3.999388 
   0.0000000000   -115.000     22.000   0.001895    0.997933   0.000172   0.000000   0.999828   3.999311 
   0.0000000000   -114.000     22.000   0.002131    0.997676   0.000194   0.000000   0.999806   3.999225 
   0.0000000000   -113.000     22.000   0.002393    0.997389   0.000218   0.000000   0.999782   3.999130 
   0.0000000000   -112.000     22.000   0.002685    0.997071   0.000244   0.000000   0.999756   3.999024 
   0.0000000000   -111.000     22.000   0.003007    0.996719   0.000273   0.000000   0.999727   3.998906 
   0.0000000000   -110.000     22.000   0.003365    0.996329   0.000306   0.000000   0.999694   3.998776 
   0.0000000000   -109.000     22.000   0.003760    0.995898   0.000342   0.000000   0.999658   3.998632 
   0.0000000000   -108.000     22.000   0.004197    0.995421   0.000382   0.000000   0.999618   3.998473 
   0.0000000000   -107.000     22.000   0.004679    0.994895   0.000425   0.000000   0.999575   3.998298 
   0.0000000000   -106.000     22.000   0.005210    0.994316   0.000474   0.000000   0.999526   3.998105 
   0.0000000000   -105.000     22.000   0.005795    0.993678   0.000527   0.000000   0.999473   3.997892 
   0.0000000000   -104.000     22.000   0.006438    0.992976   0.000585   0.000000   0.999415   3.997658 
   0.0000000000   -103.000     22.000   0.007145    0.992205   0.000650   0.000000   0.999350   3.997401 
   0.0000000000   -102.000     22.000   0.007920    0.991360   0.000720   0.000000   0.999280   3.997119 
   0.0000000000   -101.000     22.000   0.008770    0.990432   0.000798   0.000000   0.999202   3.996810 
   0.0000000000   -100.000     22.000   0.009701    0.989417   0.000882   0.000000   0.999118   3.996471 
   0.0000000000    -99.000     22.000   0.010719    0.988306   0.000975   0.000000   0.999025   3.996101 
   0.0000000000    -98.000     22.000   0.011833    0.987091   0.001076   0.000000   0.998924   3.995696 
   0.0000000000    -97.000     22.000   0.013048    0.985766   0.001187   0.000000   0.998813   3.995254 
   0.0000000000    -96.000     22.000   0.014374    0.984319   0.001307   0.000000   0.998693   3.994771 
   0.0000000000    -95.000     22.000   0.015818    0.982743   0.001439   0.000000   0.998561   3.994245 
   0.0000000000    -94.000     22.000   0.017391    0.981027   0.001582   0.000000   0.998418   3.993673 
   0.0000000000    -93.000     22.000   0.019102    0.979161   0.001737   0.000000   0.998263   3.993050 
   0.0000000000    -92.000     22.000   0.020961    0.977132   0.001907   0.000000   0.998093   3.992374 
   0.0000000000    -91.000     22.000   0.022980    0.974930   0.002090   0.000000   0.997910   3.991639 
   0.0000000000    -90.000     22.000   0.025169    0.972542   0.002289   0.000000   0.997710   3.990842 
   0.0000000000    -89.000     22.000   0.027541    0.969953   0.002505   0.000000   0.997495   3.989978 
   0.0000000000    -88.000     22.000   0.030110    0.967151   0.002739   0.000000   0.997261   3.989043 
   0.0000000000    -87.000     22.000   0.032888    0.964120   0.002992   0.000000   0.997008   3.988031 
   0.0000000000    -86.000     22.000   0.035890    0.960844   0.003265   0.000000   0.996735   3.986938 
   0.0000000000    -85.000     22.000   0.039132    0.957308   0.003561   0.000000   0.996439   3.985758 
   0.0000000000    -84.000     22.000   0.042628    0.953493   0.003879   0.000000   0.996121   3.984484 
   0.0000000000    -83.000     22.000   0.046396    0.949382   0.004222   0.000000   0.995778   3.983112 
   0.0000000000    -82.000     22.000   0.050452    0.944956   0.004591   0.000000   0.995408   3.981634 
   0.0000000000    -81.000     22.000   0.054815    0.940196   0.004989   0.000000   0.995011   3.980044 
   0.0000000000    -80.000     22.000   0.059503    0.935081   0.005416   0.000000   0.994584   3.978336 
   0.0000000000    -79.000     22.000   0.064535    0.929590   0.005874   0.000000   0.994126   3.976502 
   0.0000000000    -78.000     22.000   0.069932    0.923702   0.006366   0.000000   0.993634   3.974535 
   0.0000000000    -77.000     22.000   0.075713    0.917394   0.006893   0.000000   0.993107   3.972428 
   0.0000000000    -76.000     22.000   0.081899    0.910644   0.007457   0.000000   0.992543   3.970172 
   0.0000000000    -75.000     22.000   0.088511    0.903430   0.008059   0.000000   0.991940   3.967761 
   0.0000000000    -74.000     22.000   0.095570    0.895727   0.008703   0.000000   0.991297   3.965187 
   0.0000000000    -73.000     22.000   0.103097    0.887513   0.009389   0.000000   0.990610   3.962441 
   0.0000000000    -72.000     22.000   0.111114    0.878765   0.010121   0.000000   0.989879   3.959516 
   0.0000000000    -71.000     22.000   0.119641    0.869460   0.010898   0.000000   0.989101   3.956405 
   0.0000000000    -70.000     22.000   0.128698    0.859576   0.011725   0.000000   0.988275   3.953099 
   0.0000000000    -69.000     22.000   0.138304    0.849094   0.012601   0.000000   0.987398   3.949592 
   0.0000000000    -68.000     22.000   0.148479    0.837990   0.013530   0.000001   0.986469   3.945877 
   0.0000000000    -67.000     22.000   0.159235    0.826252   0.014512   0.000001   0.985487   3.941949 
   0.0000000000    -66.000     22.000   0.170587    0.813863   0.015549   0.000001   0.984451   3.937803 
   0.0000000000    -65.000     22.000   0.182546    0.800812   0.016641   0.000001   0.983358   3.933433 
   0.0000000000    -64.000     22.000   0.195120    0.787090   0.017790   0.000001   0.982209   3.928838 
   0.0000000000    -63.000     22.000   0.208311    0.772693   0.018995   0.000001   0.981004   3.924016 
   0.0000000000    -62.000     22.000   0.222120    0.757622   0.020257   0.000001   0.979742   3.918967 
   0.0000000000    -61.000     22.000   0.236542    0.741881   0.021576   0.000001   0.978423   3.913692 
   0.0000000000    -60.000     22.000   0.251559    0.725490   0.022949   0.000001   0.977049   3.908198 
   0.0000000000    -59.000     22.000   0.267155    0.708468   0.024376   0.000002   0.975623   3.902490 
   0.0000000000    -58.000     22.000   0.283302    0.690842   0.025854   0.000002   0.974145   3.896579 
   0.0000000000    -57.000     22.000   0.299967    0.672652   0.027379   0.000002   0.972619   3.890476 
   0.0000000000    -56.000     22.000   0.317106    0.653943   0.028948   0.000002   0.971049   3.884198 
   0.0000000000    -55.000     22.000   0.334676    0.634763   0.030558   0.000002   0.969440   3.877759 
   0.0000000000    -54.000     22.000   0.352606    0.615190   0.032201   0.000003   0.967796   3.871185 
   0.0000000000    -53.000     22.000   0.370834    0.595291   0.033872   0.000003   0.966125   3.864500 
   0.0000000000    -52.000     22.000   0.389288    0.575144   0.035565   0.000003   0.964432   3.857729 
   0.0000000000    -51.000     22.000   0.407888    0.554837   0.037271   0.000004   0.962725   3.850900 
   0.0000000000    -50.000     22.000   0.426552    0.534459   0.038985   0.000004   0.961011   3.844045 
   0.0000000000    -49.000     22.000   0.445202    0.514095   0.040698   0.000004   0.959298   3.837190 
   0.0000000000    -48.000     22.000   0.463740    0.493853   0.042402   0.000005   0.957593   3.830373 
   0.0000000000    -47.000     22.000   0.482090    0.473815   0.044090   0.000005   0.955905   3.823620 
   0.0000000000    -46.000     22.000   0.500172    0.454068   0.045754   0.000006   0.954240   3.816961 
   0.0000000000    -45.000     22.000   0.517914    0.434692   0.047388   0.000006   0.952605   3.810422 
   0.0000000000    -44.000     22.000   0.535250    0.415757   0.048987   0.000007   0.951006   3.804026 
   0.0000000000    -43.000     22.000   0.552124    0.397325   0.050544   0.000007   0.949449   3.797795 
   0.0000000000    -42.000     22.000   0.568489    0.379447   0.052056   0.000008   0.947936   3.791745 
   0.0000000000    -41.000     22.000   0.584306    0.362166   0.053519   0.000008   0.946472   3.785890 
   0.0000000000    -40.000     22.000   0.599548    0.345512   0.054931   0.000009   0.945060   3.780241 
   0.0000000000    -39.000     22.000   0.614196    0.329505   0.056289   0.000010   0.943701   3.774804 
   0.0000000000    -38.000     22.000   0.628238    0.314158   0.057594   0.000010   0.942396   3.769583 
   0.0000000000    -37.000     22.000   0.641671    0.299474   0.058844   0.000011   0.941145   3.764580 
   0.0000000000    -36.000     22.000   0.654497    0.285451   0.060040   0.000012   0.939948   3.759794 
   0.0000000000    -35.000     22.000   0.666725    0.272080   0.061182   0.000013   0.938805   3.755220 
   0.0000000000    -34.000     22.000   0.678368    0.259346   0.062273   0.000013   0.937714   3.750856 
   0.0000000000    -33.000     22.000   0.689437    0.247237   0.063312   0.000014   0.936674   3.746696 
   0.0000000000    -32.000     22.000   0.699959    0.235723   0.064303   0.000015   0.935682   3.742730 
   0.0000000000    -31.000     22.000   0.709951    0.224787   0.065246   0.000016   0.934738   3.738952 
   0.0000000000    -30.000     22.000   0.719434    0.214405   0.066145   0.000016   0.933839   3.735355 
   0.0000000000    -29.000     22.000   0.728430    0.204552   0.067000   0.000017   0.932983   3.731930 
   0.0000000000    -28.000     22.000   0.736962    0.195205   0.067815   0.000018   0.932167   3.728669 
   0.0000000000    -27.000     22.000   0.745053    0.186338   0.068590   0.000019   0.931391   3.725563 
   0.0000000000    -26.000     22.000   0.752724    0.177927   0.069329   0.000020   0.930651   3.722605 
   0.0000000000    -25.000     22.000   0.759998    0.169949   0.070033   0.000021   0.929946   3.719786 
   0.0000000000    -24.000     22.000   0.766895    0.162380   0.070704   0.000022   0.929275   3.717098 
   0.0000000000    -23.000     22.000   0.773435    0.155198   0.071344   0.000023   0.928634   3.714534 
   0.0000000000    -22.000     22.000   0.779636    0.148386   0.071955   0.000023   0.928022   3.712088 
   0.0000000000    -21.000     22.000   0.785522    0.141916   0.072538   0.000024   0.927438   3.709750 
   0.0000000000    -20.000     22.000   0.791107    0.135772   0.073096   0.000025   0.926879   3.707516 
   0.0000000000    -19.000     22.000   0.796407    0.129938   0.073629   0.000026   0.926345   3.705379 
   0.0000000000    -18.000     22.000   0.801439    0.124394   0.074139   0.000027   0.925833   3.703333 
   0.0000000000    -17.000     22.000   0.806217    0.119126   0.074628   0.000028   0.925343   3.701373 
   0.0000000000    -16.000     22.000   0.810756    0.114117   0.075097   0.000029   0.924873   3.699493 
   0.0000000000    -15.000     22.000   0.815069    0.109353   0.075547   0.000030   0.924422   3.697688 
   0.0000000000    -14.000     22.000   0.819167    0.104821   0.075980   0.000031   0.923989   3.695954 
   0.0000000000    -13.000     22.000   0.823064    0.100508   0.076396   0.000033   0.923572   3.694287 
   0.0000000000    -12.000     22.000   0.826769    0.096401   0.076796   0.000034   0.923170   3.692681 
   0.0000000000    -11.000     22.000   0.830294    0.092490   0.077182   0.000035   0.922783   3.691134 
   0.0000000000    -10.000     22.000   0.833647    0.088763   0.077554   0.000036   0.922410   3.689641 
   0.0000000000     -9.000     22.000   0.836839    0.085211   0.077913   0.000037   0.922050   3.688198 
   0.0000000000     -8.000     22.000   0.839877    0.081824   0.078261   0.000038   0.921701   3.686804 
   0.0000000000     -7.000     22.000   0.842769    0.078595   0.078597   0.000039   0.921364   3.685454 
   0.0000000000     -6.000     22.000   0.845524    0.075512   0.078923   0.000040   0.921036   3.684146 
   0.0000000000     -5.000     22.000   0.848149    0.072570   0.079239   0.000042   0.920719   3.682876 
   0.0000000000     -4.000     22.000   0.850650    0.069761   0.079546   0.000043   0.920411   3.681643 
   0.0000000000     -3.000     22.000   0.853033    0.067078   0.079845   0.000044   0.920111   3.680444 
   0.0000000000     -2.000     22.000   0.855305    0.064514   0.080136   0.000045   0.919819   3.679275 
   0.0000000000     -1.000     22.000   0.857470    0.062064   0.080419   0.000047   0.919534   3.678136 
   0.0000000000      0.000     22.000   0.859535    0.059721   0.080696   0.000048   0.919256   3.677025 
   0.0000000000      1.000     22.000   0.861504    0.057481   0.080966   0.000049   0.918984   3.675938 
   0.0000000000      2.000     22.000   0.863381    0.055337   0.081231   0.000050   0.918719   3.674874 
   0.0000000000      3.000     22.000   0.865172    0.053286   0.081490   0.000052   0.918458   3.673832 
   0.0000000000      4.000     22.000   0.866880    0.051323   0.081744   0.000053   0.918202   3.672810 
   0.0000000000      5.000     22.000   0.868509    0.049442   0.081994   0.000055   0.917951   3.671806 
   0.0000000000      6.000     22.000   0.870063    0.047642   0.082240   0.000056   0.917704   3.670818 
   0.0000000000      7.000     22.000   0.871545    0.045916   0.082481   0.000057   0.917461   3.669845 
   0.0000000000      8.000     22.000   0.872959    0.044262   0.082720   0.000059   0.917222   3.668887 
   0.0000000000      9.000     22.000   0.874308    0.042677   0.082955   0.000060   0.916985   3.667940 
   0.0000000000     10.000     22.000   0.875594    0.041157   0.083187   0.000062   0.916751   3.667005 
   0.0000000000     11.000     22.000   0.876821    0.039699   0.083417   0.000063   0.916520   3.666080 
   0.0000000000     12.000     22.000   0.877991    0.038300   0.083644   0.000065   0.916291   3.665163 
   0.0000000000     13.000     22.000   0.879106    0.036958   0.083870   0.000066   0.916064   3.664254 
   0.0000000000     14.000     22.000   0.880169    0.035669   0.084094   0.000068   0.915838   3.663352 
   0.0000000000     15.000     22.000   0.881182    0.034432   0.084317   0.000069   0.915614   3.662455 
   0.0000000000     16.000     22.000   0.882147    0.033244   0.084538   0.000071   0.915391   3.661563 
   0.0000000000     17.000     22.000   0.883066    0.032103   0.084759   0.000073   0.915169   3.660674 
   0.0000000000     18.000     22.000   0.883941    0.031006   0.084979   0.000074   0.914947   3.659788 
   0.0000000000     19.000     22.000   0.884774    0.029952   0.085198   0.000076   0.914726   3.658904 
   0.0000000000     20.000     22.000   0.885566    0.028939   0.085417   0.000078   0.914505   3.658021 
   0.0000000000     21.000     22.000   0.886320    0.027965   0.085636   0.000079   0.914285   3.657138 
   0.0000000000     22.000     22.000   0.887036    0.027028   0.085855   0.000081   0.914064   3.656255 
   0.0000000000     23.000     22.000   0.887716    0.026127   0.086074   0.000083   0.913842   3.655370 
   0.0000000000     24.000     22.000   0.888361    0.025260   0.086294   0.000085   0.913621   3.654483 
   0.0000000000     25.000     22.000   0.888973    0.024425   0.086515   0.000087   0.913398   3.653593 
   0.0000000000     26.000     22.000   0.889553    0.023622   0.086736   0.000089   0.913175   3.652700 
   0.0000000000     27.000     22.000   0.890102    0.022849   0.086959   0.000090   0.912951   3.651803 
   0.0000000000     28.000     22.000   0.890621    0.022104   0.087182   0.000092   0.912725   3.650901 
   0.0000000000     29.000     22.000   0.891111    0.021387   0.087407   0.000094   0.912498   3.649993 
   0.0000000000     30.000     22.000   0.891574    0.020696   0.087634   0.000096   0.912270   3.649080 
   0.0000000000     31.000     22.000   0.892009    0.020031   0.087862   0.000098   0.912040   3.648159 
   0.0000000000     32.000     22.000   0.892419    0.019389   0.088092   0.000100   0.911808   3.647232 
   0.0000000000     33.000     22.000   0.892803    0.018771   0.088323   0.000102   0.911574   3.646297 
   0.0000000000     34.000     22.000   0.893164    0.018175   0.088557   0.000105   0.911338   3.645353 
   0.0000000000     35.000     22.000   0.893500    0.017600   0.088793   0.000107   0.911100   3.644400 
   0.0000000000     36.000     22.000   0.893814    0.017046   0.089032   0.000109   0.910860   3.643438 
   0.0000000000     37.000     22.000   0.894106    0.016511   0.089272   0.000111   0.910617   3.642466 
   0.0000000000     38.000     22.000   0.894376    0.015995   0.089516   0.000113   0.910371   3.641484 
   0.0000000000     39.000     22.000   0.894625    0.015497   0.089762   0.000116   0.910123   3.640490 
   0.0000000000     40.000     22.000   0.894855    0.015017   0.090011   0.000118   0.909871   3.639485 
   0.0000000000     41.000     22.000   0.895064    0.014553   0.090263   0.000120   0.909617   3.638468 
   0.0000000000     42.000     22.000   0.895255    0.014105   0.090518   0.000122   0.909360   3.637439 
   0.0000000000     43.000     22.000   0.895426    0.013673   0.090776   0.000125   0.909099   3.636397 
   0.0000000000     44.000     22.000   0.895580    0.013255   0.091037   0.000127   0.908835   3.635341 
   0.0000000000     45.000     22.000   0.895716    0.012852   0.091302   0.000130   0.908568   3.634271 
   0.0000000000     46.000     22.000   0.895835    0.012462   0.091571   0.000132   0.908297   3.633187 
   0.0000000000     47.000     22.000   0.895937    0.012086   0.091843   0.000135   0.908022   3.632089 
   0.0000000000     48.000     22.000   0.896022    0.011722   0.092119   0.000137   0.907744   3.630975 
   0.0000000000     49.000     22.000   0.896091    0.011370   0.092399   0.000140   0.907461   3.629845 
   0.0000000000     50.000     22.000   0.896145    0.011030   0.092682   0.000143   0.907175   3.628699 
   0.0000000000     51.000     22.000   0.896183    0.010701   0.092970   0.000145   0.906884   3.627537 
   0.0000000000     52.000     22.000   0.896206    0.010383   0.093262   0.000148   0.906589   3.626358 
   0.0000000000     53.000     22.000   0.896215    0.010076   0.093559   0.000151   0.906290   3.625161 
   0.0000000000     54.000     22.000   0.896208    0.009778   0.093860   0.000154   0.905987   3.623947 
   0.0000000000     55.000     22.000   0.896188    0.009491   0.094165   0.000157   0.905679   3.622714 
   0.0000000000     56.000     22.000   0.896154    0.009212   0.094475   0.000160   0.905366   3.621463 
   0.0000000000     57.000     22.000   0.896105    0.008943   0.094789   0.000163   0.905048   3.620192 
   0.0000000000     58.000     22.000   0.896044    0.008682   0.095109   0.000166   0.904725   3.618902 
   0.0000000000     59.000     22.000   0.895969    0.008429   0.095433   0.000169   0.904398   3.617592 
   0.0000000000     60.000     22.000   0.895880    0.008185   0.095763   0.000172   0.904065   3.616262 
   0.0000000000     61.000     22.000   0.895779    0.007948   0.096098   0.000175   0.903728   3.614910 
   0.0000000000     62.000     22.000   0.895665    0.007719   0.096438   0.000178   0.903384   3.613538 
   0.0000000000     63.000     22.000   0.895539    0.007497   0.096783   0.000181   0.903036   3.612144 
   0.0000000000     64.000     22.000   0.895400    0.007282   0.097134   0.000185   0.902682   3.610728 
   0.0000000000     65.000     22.000   0.895248    0.007074   0.097490   0.000188   0.902322   3.609289 
   0.0000000000     66.000     22.000   0.895085    0.006872   0.097852   0.000191   0.901957   3.607828 
   0.0000000000     67.000     22.000   0.894909    0.006677   0.098220   0.000195   0.901586   3.606343 
   0.0000000000     68.000     22.000   0.894722    0.006487   0.098593   0.000198   0.901209   3.604835 
   0.0000000000     69.000     22.000   0.894522    0.006303   0.098973   0.000202   0.900826   3.603302 
   0.0000000000     70.000     22.000   0.894311    0.006125   0.099358   0.000205   0.900436   3.601745 
   0.0000000000     71.000     22.000   0.894088    0.005952   0.099750   0.000209   0.900041   3.600163 
   0.0000000000     72.000     22.000   0.893854    0.005785   0.100148   0.000213   0.899639   3.598555 
   0.0000000000     73.000     22.000   0.893608    0.005623   0.100553   0.000216   0.899230   3.596922 
   0.0000000000     74.000     22.000   0.893351    0.005465   0.100964   0.000220   0.898816   3.595262 
   0.0000000000     75.000     22.000   0.893082    0.005312   0.101382   0.000224   0.898394   3.593576 
   0.0000000000     76.000     22.000   0.892802    0.005164   0.101806   0.000228   0.897966   3.591862 
   0.0000000000     77.000     22.000   0.892510    0.005020   0.102238   0.000232   0.897530   3.590121 
   0.0000000000     78.000     22.000   0.892208    0.004881   0.102676   0.000236   0.897088   3.588352 
   0.0000000000     79.000     22.000   0.891894    0.004745   0.103121   0.000240   0.896639   3.586555 
   0.0000000000     80.000     22.000   0.891568    0.004614   0.103573   0.000245   0.896182   3.584729 
   0.0000000000     81.000     22.000   0.891232    0.004486   0.104033   0.000249   0.895718   3.582873 
   0.0000000000     82.000     22.000   0.890885    0.004362   0.104500   0.000253   0.895247   3.580987 
   0.0000000000     83.000     22.000   0.890526    0.004242   0.104975   0.000258   0.894768   3.579072 
   0.0000000000     84.000     22.000   0.890156    0.004125   0.105457   0.000262   0.894281   3.577125 
   0.0000000000     85.000     22.000   0.889775    0.004012   0.105946   0.000267   0.893787   3.575148 
   0.0000000000     86.000     22.000   0.889383    0.003902   0.106444   0.000271   0.893285   3.573139 
   0.0000000000     87.000     22.000   0.888980    0.003795   0.106950   0.000276   0.892775   3.571098 
   0.0000000000     88.000     22.000   0.888565    0.003691   0.107463   0.000281   0.892256   3.569025 
   0.0000000000     89.000     22.000   0.888140    0.003590   0.107985   0.000285   0.891730   3.566918 
   0.0000000000     90.000     22.000   0.887703    0.003492   0.108515   0.000290   0.891195   3.564778 
   0.0000000000     91.000     22.000   0.887255    0.003396   0.109054   0.000295   0.890651   3.562604 
   0.0000000000     92.000     22.000   0.886795    0.003304   0.109601   0.000300   0.890099   3.560396 
   0.0000000000     93.000     22.000   0.886325    0.003214   0.110156   0.000305   0.889538   3.558153 
   0.0000000000     94.000     22.000   0.885842    0.003126   0.110721   0.000311   0.888969   3.555875 
   0.0000000000     95.000     22.000   0.885349    0.003041   0.111294   0.000316   0.888390   3.553561 
   0.0000000000     96.000     22.000   0.884844    0.002959   0.111876   0.000321   0.887803   3.551211 
   0.0000000000     97.000     22.000   0.884328    0.002878   0.112467   0.000327   0.887206   3.548824 
   0.0000000000     98.000     22.000   0.883800    0.002800   0.113068   0.000332   0.886600   3.546399 
   0.0000000000     99.000     22.000   0.883260    0.002724   0.113678   0.000338   0.885984   3.543937 
   0.0000000000    100.000     22.000   0.882709    0.002650   0.114297   0.000344   0.885359   3.541437 
   0.0000000000    101.000     22.000   0.882146    0.002578   0.114926   0.000350   0.884724   3.538897 
   0.0000000000    102.000     22.000   0.881571    0.002508   0.115565   0.000356   0.884080   3.536319 
   0.0000000000    103.000     22.000   0.880985    0.002440   0.116213   0.000362   0.883425   3.533701 
   0.0000000000    104.000     22.000   0.880386    0.002374   0.116872   0.000368   0.882761   3.531042 
   0.0000000000    105.000     22.000   0.879776    0.002310   0.117540   0.000374   0.882086   3.528343 
   0.0000000000    106.000     22.000   0.879153    0.002247   0.118219   0.000380   0.881401   3.525602 
   0.0000000000    107.000     22.000   0.878518    0.002187   0.118908   0.000387   0.880705   3.522820 
   0.0000000000    108.000     22.000   0.877872    0.002127   0.119608   0.000393   0.879999   3.519995 
   0.0000000000    109.000     22.000   0.877212    0.002070   0.120318   0.000400   0.879282   3.517128 
   0.0000000000    110.000     22.000   0.876541    0.002013   0.121039   0.000406   0.878554   3.514217 
   0.0000000000    111.000     22.000   0.875857    0.001959   0.121771   0.000413   0.877815   3.511262 
   0.0000000000    112.000     22.000   0.875160    0.001906   0.122514   0.000420   0.877066   3.508263 
   0.0000000000    113.000     22.000   0.874451    0.001854   0.123268   0.000427   0.876305   3.505218 
   0.0000000000    114.000     22.000   0.873729    0.001804   0.124034   0.000434   0.875532   3.502129 
   0.0000000000    115.000     22.000   0.872994    0.001755   0.124810   0.000442   0.874748   3.498993 
   0.0000000000    116.000     22.000   0.872246    0.001707   0.125598   0.000449   0.873953   3.495810 
   0.0000000000    117.000     22.000   0.871485    0.001660   0.126398   0.000457   0.873145   3.492581 
   0.0000000000    118.000     22.000   0.870711    0.001615   0.127210   0.000464   0.872326   3.489304 
   0.0000000000    119.000     22.000   0.869924    0.001571   0.128034   0.000472   0.871495   3.485978 
   0.0000000000    120.000     22.000   0.869123    0.001528   0.128869   0.000480   0.870651   3.482604 
   0.0000000000    121.000     22.000   0.868309    0.001486   0.129717   0.000488   0.869795   3.479181 
   0.0000000000    122.000     22.000   0.867481    0.001446   0.130577   0.000496   0.868927   3.475707 
   0.0000000000    123.000     22.000   0.866640    0.001406   0.131450   0.000504   0.868046   3.472184 
   0.0000000000    124.000     22.000   0.865785    0.001367   0.132335   0.000513   0.867152   3.468609 
   0.0000000000    125.000     22.000   0.864916    0.001330   0.133233   0.000521   0.866246   3.464984 
   0.0000000000    126.000     22.000   0.864033    0.001293   0.134144   0.000530   0.865326   3.461306 
