#solute size.    Temp(C) Press(Mpa)        fHB          fS        fLJ         fO        xHB        nHB 
   0.0000000000   -173.000     60.000   0.000000    0.999999   0.000000   0.000000   1.000000   4.000000 
   0.0000000000   -172.000     60.000   0.000001    0.999999   0.000000   0.000000   1.000000   4.000000 
   0.0000000000   -171.000     60.000   0.000001    0.999999   0.000000   0.000000   1.000000   4.000000 
   0.0000000000   -170.000     60.000   0.000001    0.999999   0.000000   0.000000   1.000000   4.000000 
   0.0000000000   -169.000     60.000   0.000001    0.999999   0.000000   0.000000   1.000000   4.000000 
   0.0000000000   -168.000     60.000   0.000002    0.999998   0.000000   0.000000   1.000000   3.999999 
   0.0000000000   -167.000     60.000   0.000002    0.999998   0.000000   0.000000   1.000000   3.999999 
   0.0000000000   -166.000     60.000   0.000002    0.999997   0.000000   0.000000   1.000000   3.999999 
   0.0000000000   -165.000     60.000   0.000003    0.999997   0.000000   0.000000   1.000000   3.999999 
   0.0000000000   -164.000     60.000   0.000004    0.999996   0.000000   0.000000   1.000000   3.999999 
   0.0000000000   -163.000     60.000   0.000005    0.999995   0.000000   0.000000   1.000000   3.999998 
   0.0000000000   -162.000     60.000   0.000006    0.999994   0.000001   0.000000   0.999999   3.999998 
   0.0000000000   -161.000     60.000   0.000007    0.999993   0.000001   0.000000   0.999999   3.999998 
   0.0000000000   -160.000     60.000   0.000008    0.999991   0.000001   0.000000   0.999999   3.999997 
   0.0000000000   -159.000     60.000   0.000010    0.999989   0.000001   0.000000   0.999999   3.999996 
   0.0000000000   -158.000     60.000   0.000012    0.999987   0.000001   0.000000   0.999999   3.999996 
   0.0000000000   -157.000     60.000   0.000014    0.999984   0.000001   0.000000   0.999999   3.999995 
   0.0000000000   -156.000     60.000   0.000017    0.999981   0.000002   0.000000   0.999998   3.999994 
   0.0000000000   -155.000     60.000   0.000021    0.999977   0.000002   0.000000   0.999998   3.999992 
   0.0000000000   -154.000     60.000   0.000025    0.999973   0.000002   0.000000   0.999998   3.999991 
   0.0000000000   -153.000     60.000   0.000030    0.999968   0.000003   0.000000   0.999997   3.999989 
   0.0000000000   -152.000     60.000   0.000035    0.999961   0.000003   0.000000   0.999997   3.999987 
   0.0000000000   -151.000     60.000   0.000042    0.999954   0.000004   0.000000   0.999996   3.999985 
   0.0000000000   -150.000     60.000   0.000050    0.999946   0.000005   0.000000   0.999995   3.999982 
   0.0000000000   -149.000     60.000   0.000059    0.999936   0.000005   0.000000   0.999995   3.999979 
   0.0000000000   -148.000     60.000   0.000069    0.999925   0.000006   0.000000   0.999994   3.999975 
   0.0000000000   -147.000     60.000   0.000081    0.999911   0.000007   0.000000   0.999993   3.999970 
   0.0000000000   -146.000     60.000   0.000095    0.999896   0.000009   0.000000   0.999991   3.999965 
   0.0000000000   -145.000     60.000   0.000112    0.999878   0.000010   0.000000   0.999990   3.999959 
   0.0000000000   -144.000     60.000   0.000130    0.999858   0.000012   0.000000   0.999988   3.999953 
   0.0000000000   -143.000     60.000   0.000152    0.999834   0.000014   0.000000   0.999986   3.999945 
   0.0000000000   -142.000     60.000   0.000177    0.999807   0.000016   0.000000   0.999984   3.999936 
   0.0000000000   -141.000     60.000   0.000205    0.999776   0.000019   0.000000   0.999981   3.999925 
   0.0000000000   -140.000     60.000   0.000238    0.999741   0.000022   0.000000   0.999978   3.999914 
   0.0000000000   -139.000     60.000   0.000275    0.999700   0.000025   0.000000   0.999975   3.999900 
   0.0000000000   -138.000     60.000   0.000317    0.999654   0.000029   0.000000   0.999971   3.999885 
   0.0000000000   -137.000     60.000   0.000365    0.999602   0.000033   0.000000   0.999967   3.999867 
   0.0000000000   -136.000     60.000   0.000420    0.999542   0.000038   0.000000   0.999962   3.999847 
   0.0000000000   -135.000     60.000   0.000482    0.999474   0.000044   0.000000   0.999956   3.999825 
   0.0000000000   -134.000     60.000   0.000553    0.999397   0.000050   0.000000   0.999950   3.999799 
   0.0000000000   -133.000     60.000   0.000632    0.999310   0.000057   0.000000   0.999943   3.999770 
   0.0000000000   -132.000     60.000   0.000722    0.999212   0.000066   0.000000   0.999934   3.999737 
   0.0000000000   -131.000     60.000   0.000823    0.999102   0.000075   0.000000   0.999925   3.999701 
   0.0000000000   -130.000     60.000   0.000937    0.998977   0.000085   0.000000   0.999915   3.999659 
   0.0000000000   -129.000     60.000   0.001066    0.998838   0.000097   0.000000   0.999903   3.999613 
   0.0000000000   -128.000     60.000   0.001209    0.998681   0.000110   0.000000   0.999890   3.999560 
   0.0000000000   -127.000     60.000   0.001371    0.998505   0.000125   0.000000   0.999875   3.999502 
   0.0000000000   -126.000     60.000   0.001551    0.998308   0.000141   0.000000   0.999859   3.999436 
   0.0000000000   -125.000     60.000   0.001752    0.998088   0.000159   0.000000   0.999841   3.999363 
   0.0000000000   -124.000     60.000   0.001977    0.997843   0.000180   0.000000   0.999820   3.999281 
   0.0000000000   -123.000     60.000   0.002228    0.997569   0.000203   0.000000   0.999797   3.999190 
   0.0000000000   -122.000     60.000   0.002507    0.997265   0.000228   0.000000   0.999772   3.999088 
   0.0000000000   -121.000     60.000   0.002817    0.996926   0.000256   0.000000   0.999744   3.998975 
   0.0000000000   -120.000     60.000   0.003162    0.996551   0.000287   0.000000   0.999713   3.998850 
   0.0000000000   -119.000     60.000   0.003544    0.996134   0.000322   0.000000   0.999678   3.998711 
   0.0000000000   -118.000     60.000   0.003967    0.995672   0.000361   0.000000   0.999639   3.998557 
   0.0000000000   -117.000     60.000   0.004435    0.995161   0.000403   0.000000   0.999597   3.998387 
   0.0000000000   -116.000     60.000   0.004953    0.994597   0.000450   0.000000   0.999550   3.998199 
   0.0000000000   -115.000     60.000   0.005524    0.993974   0.000502   0.000000   0.999498   3.997991 
   0.0000000000   -114.000     60.000   0.006154    0.993287   0.000559   0.000000   0.999441   3.997762 
   0.0000000000   -113.000     60.000   0.006848    0.992530   0.000623   0.000000   0.999377   3.997510 
   0.0000000000   -112.000     60.000   0.007611    0.991697   0.000692   0.000000   0.999308   3.997232 
   0.0000000000   -111.000     60.000   0.008450    0.990782   0.000768   0.000000   0.999232   3.996927 
   0.0000000000   -110.000     60.000   0.009371    0.989777   0.000852   0.000000   0.999148   3.996592 
   0.0000000000   -109.000     60.000   0.010382    0.988674   0.000944   0.000000   0.999056   3.996224 
   0.0000000000   -108.000     60.000   0.011489    0.987466   0.001045   0.000000   0.998955   3.995822 
   0.0000000000   -107.000     60.000   0.012701    0.986144   0.001155   0.000000   0.998845   3.995381 
   0.0000000000   -106.000     60.000   0.014027    0.984697   0.001275   0.000000   0.998725   3.994899 
   0.0000000000   -105.000     60.000   0.015476    0.983117   0.001407   0.000000   0.998593   3.994372 
   0.0000000000   -104.000     60.000   0.017058    0.981391   0.001551   0.000000   0.998449   3.993796 
   0.0000000000   -103.000     60.000   0.018783    0.979509   0.001708   0.000000   0.998292   3.993169 
   0.0000000000   -102.000     60.000   0.020663    0.977458   0.001879   0.000000   0.998121   3.992485 
   0.0000000000   -101.000     60.000   0.022710    0.975225   0.002065   0.000000   0.997935   3.991740 
   0.0000000000   -100.000     60.000   0.024937    0.972796   0.002267   0.000000   0.997733   3.990930 
   0.0000000000    -99.000     60.000   0.027357    0.970156   0.002488   0.000000   0.997512   3.990050 
   0.0000000000    -98.000     60.000   0.029985    0.967289   0.002727   0.000000   0.997273   3.989094 
   0.0000000000    -97.000     60.000   0.032836    0.964178   0.002986   0.000000   0.997014   3.988056 
   0.0000000000    -96.000     60.000   0.035928    0.960805   0.003267   0.000000   0.996733   3.986931 
   0.0000000000    -95.000     60.000   0.039277    0.957151   0.003572   0.000000   0.996428   3.985713 
   0.0000000000    -94.000     60.000   0.042901    0.953197   0.003901   0.000000   0.996099   3.984394 
   0.0000000000    -93.000     60.000   0.046821    0.948921   0.004258   0.000000   0.995742   3.982968 
   0.0000000000    -92.000     60.000   0.051056    0.944300   0.004643   0.000000   0.995357   3.981427 
   0.0000000000    -91.000     60.000   0.055629    0.939312   0.005059   0.000000   0.994941   3.979763 
   0.0000000000    -90.000     60.000   0.060562    0.933929   0.005508   0.000000   0.994492   3.977967 
   0.0000000000    -89.000     60.000   0.065879    0.928129   0.005992   0.000000   0.994008   3.976032 
   0.0000000000    -88.000     60.000   0.071604    0.921883   0.006513   0.000000   0.993487   3.973949 
   0.0000000000    -87.000     60.000   0.077763    0.915163   0.007073   0.000000   0.992927   3.971707 
   0.0000000000    -86.000     60.000   0.084384    0.907940   0.007676   0.000000   0.992324   3.969296 
   0.0000000000    -85.000     60.000   0.091495    0.900182   0.008323   0.000000   0.991677   3.966708 
   0.0000000000    -84.000     60.000   0.099123    0.891860   0.009017   0.000000   0.990983   3.963931 
   0.0000000000    -83.000     60.000   0.107299    0.882940   0.009761   0.000000   0.990238   3.960954 
   0.0000000000    -82.000     60.000   0.116052    0.873390   0.010558   0.000000   0.989442   3.957767 
   0.0000000000    -81.000     60.000   0.125415    0.863174   0.011410   0.000000   0.988589   3.954357 
   0.0000000000    -80.000     60.000   0.135414    0.852265   0.012321   0.000000   0.987679   3.950715 
   0.0000000000    -79.000     60.000   0.146080    0.840628   0.013292   0.000001   0.986708   3.946831 
   0.0000000000    -78.000     60.000   0.157441    0.828232   0.014326   0.000001   0.985673   3.942692 
   0.0000000000    -77.000     60.000   0.169525    0.815047   0.015427   0.000001   0.984573   3.938290 
   0.0000000000    -76.000     60.000   0.182361    0.801042   0.016596   0.000001   0.983403   3.933614 
   0.0000000000    -75.000     60.000   0.195962    0.786203   0.017835   0.000001   0.982164   3.928658 
   0.0000000000    -74.000     60.000   0.210347    0.770507   0.019145   0.000001   0.980854   3.923416 
   0.0000000000    -73.000     60.000   0.225529    0.753942   0.020528   0.000001   0.979471   3.917883 
   0.0000000000    -72.000     60.000   0.241516    0.736497   0.021985   0.000001   0.978014   3.912055 
   0.0000000000    -71.000     60.000   0.258294    0.718191   0.023514   0.000002   0.976485   3.905939 
   0.0000000000    -70.000     60.000   0.275850    0.699034   0.025114   0.000002   0.974885   3.899538 
   0.0000000000    -69.000     60.000   0.294157    0.679059   0.026782   0.000002   0.973216   3.892863 
   0.0000000000    -68.000     60.000   0.313181    0.658301   0.028516   0.000002   0.971481   3.885925 
   0.0000000000    -67.000     60.000   0.332847    0.636841   0.030309   0.000002   0.969688   3.878752 
   0.0000000000    -66.000     60.000   0.353086    0.614756   0.032155   0.000003   0.967842   3.871369 
   0.0000000000    -65.000     60.000   0.373806    0.592146   0.034045   0.000003   0.965952   3.863808 
   0.0000000000    -64.000     60.000   0.394910    0.569117   0.035970   0.000004   0.964027   3.856107 
   0.0000000000    -63.000     60.000   0.416250    0.545829   0.037917   0.000004   0.962079   3.848317 
   0.0000000000    -62.000     60.000   0.437700    0.522421   0.039874   0.000004   0.960121   3.840486 
   0.0000000000    -61.000     60.000   0.459117    0.499050   0.041829   0.000005   0.958166   3.832664 
   0.0000000000    -60.000     60.000   0.480366    0.475860   0.043769   0.000005   0.956225   3.824902 
   0.0000000000    -59.000     60.000   0.501283    0.453031   0.045679   0.000006   0.954315   3.817258 
   0.0000000000    -58.000     60.000   0.521747    0.430697   0.047549   0.000007   0.952444   3.809777 
   0.0000000000    -57.000     60.000   0.541641    0.408984   0.049367   0.000007   0.950626   3.802502 
   0.0000000000    -56.000     60.000   0.560866    0.388001   0.051125   0.000008   0.948867   3.795468 
   0.0000000000    -55.000     60.000   0.579345    0.367831   0.052815   0.000009   0.947176   3.788704 
   0.0000000000    -54.000     60.000   0.597021    0.348536   0.054433   0.000009   0.945557   3.782230 
   0.0000000000    -53.000     60.000   0.613859    0.330155   0.055975   0.000010   0.944015   3.776058 
   0.0000000000    -52.000     60.000   0.629843    0.312706   0.057440   0.000011   0.942549   3.770196 
   0.0000000000    -51.000     60.000   0.644961    0.296200   0.058827   0.000012   0.941161   3.764646 
   0.0000000000    -50.000     60.000   0.659247    0.280602   0.060138   0.000013   0.939849   3.759396 
   0.0000000000    -49.000     60.000   0.672712    0.265899   0.061376   0.000014   0.938611   3.754444 
   0.0000000000    -48.000     60.000   0.685386    0.252058   0.062541   0.000014   0.937444   3.749776 
   0.0000000000    -47.000     60.000   0.697304    0.239041   0.063639   0.000015   0.936345   3.745382 
   0.0000000000    -46.000     60.000   0.708505    0.226807   0.064672   0.000016   0.935311   3.741246 
   0.0000000000    -45.000     60.000   0.719027    0.215312   0.065644   0.000017   0.934339   3.737354 
   0.0000000000    -44.000     60.000   0.728906    0.204518   0.066558   0.000018   0.933423   3.733694 
   0.0000000000    -43.000     60.000   0.738193    0.194369   0.067419   0.000019   0.932562   3.730246 
   0.0000000000    -42.000     60.000   0.746920    0.184830   0.068230   0.000020   0.931750   3.726999 
   0.0000000000    -41.000     60.000   0.755124    0.175861   0.068994   0.000021   0.930985   3.723940 
   0.0000000000    -40.000     60.000   0.762839    0.167425   0.069714   0.000022   0.930264   3.721056 
   0.0000000000    -39.000     60.000   0.770099    0.159484   0.070393   0.000023   0.929584   3.718334 
   0.0000000000    -38.000     60.000   0.776935    0.152006   0.071035   0.000024   0.928941   3.715764 
   0.0000000000    -37.000     60.000   0.783371    0.144963   0.071641   0.000025   0.928334   3.713335 
   0.0000000000    -36.000     60.000   0.789443    0.138316   0.072215   0.000026   0.927759   3.711036 
   0.0000000000    -35.000     60.000   0.795170    0.132044   0.072758   0.000027   0.927215   3.708859 
   0.0000000000    -34.000     60.000   0.800577    0.126122   0.073273   0.000029   0.926699   3.706795 
   0.0000000000    -33.000     60.000   0.805684    0.120526   0.073761   0.000030   0.926209   3.704837 
   0.0000000000    -32.000     60.000   0.810511    0.115234   0.074225   0.000031   0.925744   3.702976 
   0.0000000000    -31.000     60.000   0.815076    0.110226   0.074666   0.000032   0.925302   3.701207 
   0.0000000000    -30.000     60.000   0.819397    0.105484   0.075086   0.000033   0.924881   3.699523 
   0.0000000000    -29.000     60.000   0.823486    0.100994   0.075486   0.000034   0.924480   3.697919 
   0.0000000000    -28.000     60.000   0.827363    0.096734   0.075867   0.000036   0.924097   3.696388 
   0.0000000000    -27.000     60.000   0.831040    0.092692   0.076232   0.000037   0.923732   3.694926 
   0.0000000000    -26.000     60.000   0.834527    0.088855   0.076580   0.000038   0.923382   3.693529 
   0.0000000000    -25.000     60.000   0.837837    0.085210   0.076913   0.000039   0.923048   3.692191 
   0.0000000000    -24.000     60.000   0.840981    0.081747   0.077232   0.000040   0.922727   3.690910 
   0.0000000000    -23.000     60.000   0.843968    0.078453   0.077538   0.000042   0.922420   3.689680 
   0.0000000000    -22.000     60.000   0.846807    0.075318   0.077832   0.000043   0.922125   3.688500 
   0.0000000000    -21.000     60.000   0.849507    0.072335   0.078114   0.000044   0.921841   3.687365 
   0.0000000000    -20.000     60.000   0.852076    0.069493   0.078386   0.000046   0.921568   3.686273 
   0.0000000000    -19.000     60.000   0.854521    0.066784   0.078648   0.000047   0.921305   3.685221 
   0.0000000000    -18.000     60.000   0.856849    0.064202   0.078900   0.000048   0.921051   3.684206 
   0.0000000000    -17.000     60.000   0.859067    0.061739   0.079144   0.000050   0.920806   3.683226 
   0.0000000000    -16.000     60.000   0.861181    0.059389   0.079379   0.000051   0.920569   3.682278 
   0.0000000000    -15.000     60.000   0.863195    0.057146   0.079607   0.000053   0.920340   3.681361 
   0.0000000000    -14.000     60.000   0.865116    0.055002   0.079828   0.000054   0.920118   3.680471 
   0.0000000000    -13.000     60.000   0.866948    0.052954   0.080043   0.000055   0.919902   3.679608 
   0.0000000000    -12.000     60.000   0.868697    0.050996   0.080251   0.000057   0.919692   3.678769 
   0.0000000000    -11.000     60.000   0.870365    0.049123   0.080453   0.000058   0.919488   3.677954 
   0.0000000000    -10.000     60.000   0.871958    0.047332   0.080650   0.000060   0.919290   3.677159 
   0.0000000000     -9.000     60.000   0.873478    0.045618   0.080842   0.000061   0.919096   3.676385 
   0.0000000000     -8.000     60.000   0.874931    0.043976   0.081030   0.000063   0.918907   3.675628 
   0.0000000000     -7.000     60.000   0.876318    0.042405   0.081213   0.000064   0.918722   3.674889 
   0.0000000000     -6.000     60.000   0.877642    0.040899   0.081393   0.000066   0.918541   3.674165 
   0.0000000000     -5.000     60.000   0.878908    0.039456   0.081569   0.000068   0.918364   3.673455 
   0.0000000000     -4.000     60.000   0.880118    0.038072   0.081741   0.000069   0.918190   3.672759 
   0.0000000000     -3.000     60.000   0.881274    0.036745   0.081910   0.000071   0.918019   3.672075 
   0.0000000000     -2.000     60.000   0.882378    0.035472   0.082077   0.000073   0.917851   3.671402 
   0.0000000000     -1.000     60.000   0.883434    0.034251   0.082241   0.000074   0.917685   3.670740 
   0.0000000000      0.000     60.000   0.884443    0.033079   0.082402   0.000076   0.917522   3.670086 
   0.0000000000      1.000     60.000   0.885407    0.031953   0.082562   0.000078   0.917360   3.669441 
   0.0000000000      2.000     60.000   0.886328    0.030872   0.082720   0.000080   0.917201   3.668803 
   0.0000000000      3.000     60.000   0.887209    0.029834   0.082876   0.000081   0.917043   3.668172 
   0.0000000000      4.000     60.000   0.888050    0.028836   0.083030   0.000083   0.916887   3.667547 
   0.0000000000      5.000     60.000   0.888854    0.027877   0.083184   0.000085   0.916732   3.666926 
   0.0000000000      6.000     60.000   0.889623    0.026955   0.083336   0.000087   0.916578   3.666310 
   0.0000000000      7.000     60.000   0.890356    0.026068   0.083487   0.000089   0.916424   3.665698 
   0.0000000000      8.000     60.000   0.891057    0.025215   0.083637   0.000091   0.916272   3.665088 
   0.0000000000      9.000     60.000   0.891726    0.024395   0.083787   0.000093   0.916120   3.664481 
   0.0000000000     10.000     60.000   0.892364    0.023605   0.083937   0.000094   0.915969   3.663875 
   0.0000000000     11.000     60.000   0.892973    0.022844   0.084086   0.000096   0.915818   3.663271 
   0.0000000000     12.000     60.000   0.893554    0.022112   0.084235   0.000098   0.915667   3.662667 
   0.0000000000     13.000     60.000   0.894108    0.021407   0.084384   0.000101   0.915516   3.662062 
   0.0000000000     14.000     60.000   0.894636    0.020728   0.084533   0.000103   0.915364   3.661457 
   0.0000000000     15.000     60.000   0.895139    0.020074   0.084682   0.000105   0.915213   3.660851 
   0.0000000000     16.000     60.000   0.895617    0.019444   0.084832   0.000107   0.915061   3.660244 
   0.0000000000     17.000     60.000   0.896072    0.018836   0.084983   0.000109   0.914908   3.659634 
   0.0000000000     18.000     60.000   0.896505    0.018250   0.085134   0.000111   0.914755   3.659021 
   0.0000000000     19.000     60.000   0.896916    0.017685   0.085285   0.000113   0.914601   3.658405 
   0.0000000000     20.000     60.000   0.897306    0.017140   0.085438   0.000116   0.914446   3.657786 
   0.0000000000     21.000     60.000   0.897676    0.016614   0.085592   0.000118   0.914291   3.657162 
   0.0000000000     22.000     60.000   0.898026    0.016107   0.085746   0.000120   0.914134   3.656535 
   0.0000000000     23.000     60.000   0.898358    0.015618   0.085902   0.000122   0.913975   3.655902 
   0.0000000000     24.000     60.000   0.898671    0.015145   0.086059   0.000125   0.913816   3.655264 
   0.0000000000     25.000     60.000   0.898966    0.014689   0.086218   0.000127   0.913655   3.654620 
   0.0000000000     26.000     60.000   0.899244    0.014249   0.086378   0.000130   0.913492   3.653970 
   0.0000000000     27.000     60.000   0.899505    0.013823   0.086540   0.000132   0.913328   3.653313 
   0.0000000000     28.000     60.000   0.899750    0.013413   0.086703   0.000134   0.913162   3.652649 
   0.0000000000     29.000     60.000   0.899979    0.013016   0.086868   0.000137   0.912995   3.651979 
   0.0000000000     30.000     60.000   0.900193    0.012632   0.087035   0.000140   0.912825   3.651300 
   0.0000000000     31.000     60.000   0.900392    0.012261   0.087204   0.000142   0.912653   3.650614 
   0.0000000000     32.000     60.000   0.900577    0.011903   0.087376   0.000145   0.912480   3.649919 
   0.0000000000     33.000     60.000   0.900747    0.011556   0.087549   0.000147   0.912304   3.649215 
   0.0000000000     34.000     60.000   0.900904    0.011221   0.087724   0.000150   0.912126   3.648503 
   0.0000000000     35.000     60.000   0.901048    0.010898   0.087902   0.000153   0.911945   3.647780 
   0.0000000000     36.000     60.000   0.901178    0.010584   0.088082   0.000156   0.911762   3.647049 
   0.0000000000     37.000     60.000   0.901296    0.010281   0.088265   0.000158   0.911577   3.646307 
   0.0000000000     38.000     60.000   0.901401    0.009988   0.088450   0.000161   0.911389   3.645554 
   0.0000000000     39.000     60.000   0.901494    0.009704   0.088638   0.000164   0.911198   3.644791 
   0.0000000000     40.000     60.000   0.901575    0.009429   0.088829   0.000167   0.911004   3.644017 
   0.0000000000     41.000     60.000   0.901645    0.009163   0.089022   0.000170   0.910808   3.643231 
   0.0000000000     42.000     60.000   0.901703    0.008906   0.089219   0.000173   0.910608   3.642434 
   0.0000000000     43.000     60.000   0.901750    0.008656   0.089418   0.000176   0.910406   3.641624 
   0.0000000000     44.000     60.000   0.901786    0.008415   0.089621   0.000179   0.910201   3.640802 
   0.0000000000     45.000     60.000   0.901811    0.008181   0.089826   0.000182   0.909992   3.639968 
   0.0000000000     46.000     60.000   0.901826    0.007954   0.090035   0.000185   0.909780   3.639120 
   0.0000000000     47.000     60.000   0.901830    0.007735   0.090247   0.000188   0.909565   3.638259 
   0.0000000000     48.000     60.000   0.901824    0.007522   0.090462   0.000192   0.909346   3.637385 
   0.0000000000     49.000     60.000   0.901809    0.007316   0.090681   0.000195   0.909124   3.636496 
   0.0000000000     50.000     60.000   0.901783    0.007116   0.090903   0.000198   0.908898   3.635594 
   0.0000000000     51.000     60.000   0.901747    0.006922   0.091129   0.000201   0.908669   3.634677 
   0.0000000000     52.000     60.000   0.901702    0.006734   0.091359   0.000205   0.908436   3.633745 
   0.0000000000     53.000     60.000   0.901648    0.006552   0.091592   0.000208   0.908199   3.632797 
   0.0000000000     54.000     60.000   0.901584    0.006375   0.091830   0.000212   0.907959   3.631835 
   0.0000000000     55.000     60.000   0.901510    0.006204   0.092071   0.000215   0.907714   3.630856 
   0.0000000000     56.000     60.000   0.901428    0.006037   0.092316   0.000219   0.907465   3.629862 
   0.0000000000     57.000     60.000   0.901337    0.005876   0.092565   0.000222   0.907213   3.628851 
   0.0000000000     58.000     60.000   0.901236    0.005720   0.092818   0.000226   0.906956   3.627823 
   0.0000000000     59.000     60.000   0.901127    0.005568   0.093075   0.000230   0.906695   3.626779 
   0.0000000000     60.000     60.000   0.901009    0.005420   0.093337   0.000234   0.906429   3.625717 
   0.0000000000     61.000     60.000   0.900882    0.005277   0.093603   0.000237   0.906159   3.624637 
   0.0000000000     62.000     60.000   0.900747    0.005138   0.093874   0.000241   0.905885   3.623540 
   0.0000000000     63.000     60.000   0.900603    0.005003   0.094149   0.000245   0.905606   3.622424 
   0.0000000000     64.000     60.000   0.900451    0.004872   0.094428   0.000249   0.905323   3.621290 
   0.0000000000     65.000     60.000   0.900290    0.004745   0.094712   0.000253   0.905034   3.620137 
   0.0000000000     66.000     60.000   0.900120    0.004621   0.095001   0.000257   0.904741   3.618965 
   0.0000000000     67.000     60.000   0.899942    0.004501   0.095295   0.000262   0.904443   3.617773 
   0.0000000000     68.000     60.000   0.899756    0.004384   0.095594   0.000266   0.904141   3.616562 
   0.0000000000     69.000     60.000   0.899562    0.004271   0.095897   0.000270   0.903833   3.615331 
   0.0000000000     70.000     60.000   0.899359    0.004161   0.096206   0.000274   0.903520   3.614079 
   0.0000000000     71.000     60.000   0.899148    0.004054   0.096520   0.000279   0.903201   3.612806 
   0.0000000000     72.000     60.000   0.898928    0.003950   0.096839   0.000283   0.902878   3.611512 
   0.0000000000     73.000     60.000   0.898701    0.003849   0.097163   0.000288   0.902549   3.610197 
   0.0000000000     74.000     60.000   0.898465    0.003750   0.097493   0.000292   0.902215   3.608860 
   0.0000000000     75.000     60.000   0.898221    0.003655   0.097828   0.000297   0.901875   3.607501 
   0.0000000000     76.000     60.000   0.897969    0.003562   0.098168   0.000301   0.901530   3.606120 
   0.0000000000     77.000     60.000   0.897708    0.003471   0.098515   0.000306   0.901179   3.604716 
   0.0000000000     78.000     60.000   0.897439    0.003383   0.098867   0.000311   0.900822   3.603289 
   0.0000000000     79.000     60.000   0.897162    0.003297   0.099224   0.000316   0.900460   3.601839 
   0.0000000000     80.000     60.000   0.896877    0.003214   0.099588   0.000321   0.900091   3.600365 
   0.0000000000     81.000     60.000   0.896583    0.003133   0.099957   0.000326   0.899717   3.598867 
   0.0000000000     82.000     60.000   0.896282    0.003054   0.100333   0.000331   0.899336   3.597345 
   0.0000000000     83.000     60.000   0.895972    0.002978   0.100715   0.000336   0.898949   3.595797 
   0.0000000000     84.000     60.000   0.895653    0.002903   0.101102   0.000341   0.898556   3.594225 
   0.0000000000     85.000     60.000   0.895327    0.002830   0.101496   0.000347   0.898157   3.592628 
   0.0000000000     86.000     60.000   0.894991    0.002760   0.101897   0.000352   0.897751   3.591004 
   0.0000000000     87.000     60.000   0.894648    0.002691   0.102304   0.000357   0.897339   3.589355 
   0.0000000000     88.000     60.000   0.894296    0.002624   0.102717   0.000363   0.896920   3.587679 
   0.0000000000     89.000     60.000   0.893936    0.002559   0.103137   0.000369   0.896494   3.585976 
   0.0000000000     90.000     60.000   0.893567    0.002495   0.103564   0.000374   0.896062   3.584247 
   0.0000000000     91.000     60.000   0.893189    0.002433   0.103998   0.000380   0.895622   3.582489 
   0.0000000000     92.000     60.000   0.892803    0.002373   0.104438   0.000386   0.895176   3.580704 
   0.0000000000     93.000     60.000   0.892409    0.002314   0.104886   0.000392   0.894723   3.578890 
   0.0000000000     94.000     60.000   0.892005    0.002257   0.105340   0.000398   0.894262   3.577048 
   0.0000000000     95.000     60.000   0.891593    0.002201   0.105802   0.000404   0.893794   3.575177 
   0.0000000000     96.000     60.000   0.891172    0.002147   0.106271   0.000410   0.893319   3.573276 
   0.0000000000     97.000     60.000   0.890743    0.002094   0.106747   0.000416   0.892836   3.571346 
   0.0000000000     98.000     60.000   0.890304    0.002042   0.107231   0.000423   0.892346   3.569385 
   0.0000000000     99.000     60.000   0.889857    0.001992   0.107722   0.000429   0.891849   3.567395 
   0.0000000000    100.000     60.000   0.889400    0.001943   0.108221   0.000435   0.891343   3.565372 
   0.0000000000    101.000     60.000   0.888935    0.001895   0.108728   0.000442   0.890830   3.563319 
   0.0000000000    102.000     60.000   0.888460    0.001849   0.109243   0.000449   0.890309   3.561234 
   0.0000000000    103.000     60.000   0.887976    0.001803   0.109765   0.000456   0.889779   3.559117 
   0.0000000000    104.000     60.000   0.887483    0.001759   0.110296   0.000462   0.889242   3.556967 
   0.0000000000    105.000     60.000   0.886980    0.001716   0.110834   0.000469   0.888696   3.554785 
   0.0000000000    106.000     60.000   0.886468    0.001674   0.111381   0.000477   0.888142   3.552569 
   0.0000000000    107.000     60.000   0.885947    0.001633   0.111936   0.000484   0.887580   3.550320 
   0.0000000000    108.000     60.000   0.885416    0.001593   0.112500   0.000491   0.887009   3.548036 
   0.0000000000    109.000     60.000   0.884876    0.001554   0.113072   0.000498   0.886429   3.545718 
   0.0000000000    110.000     60.000   0.884325    0.001516   0.113653   0.000506   0.885841   3.543365 
   0.0000000000    111.000     60.000   0.883765    0.001479   0.114242   0.000514   0.885244   3.540976 
   0.0000000000    112.000     60.000   0.883195    0.001443   0.114841   0.000521   0.884638   3.538552 
   0.0000000000    113.000     60.000   0.882616    0.001407   0.115448   0.000529   0.884023   3.536092 
   0.0000000000    114.000     60.000   0.882026    0.001373   0.116064   0.000537   0.883399   3.533595 
   0.0000000000    115.000     60.000   0.881426    0.001339   0.116690   0.000545   0.882765   3.531061 
   0.0000000000    116.000     60.000   0.880816    0.001306   0.117324   0.000553   0.882122   3.528489 
   0.0000000000    117.000     60.000   0.880196    0.001274   0.117968   0.000562   0.881470   3.525880 
   0.0000000000    118.000     60.000   0.879565    0.001243   0.118622   0.000570   0.880808   3.523232 
   0.0000000000    119.000     60.000   0.878924    0.001213   0.119285   0.000579   0.880136   3.520546 
   0.0000000000    120.000     60.000   0.878272    0.001183   0.119958   0.000587   0.879455   3.517820 
   0.0000000000    121.000     60.000   0.877610    0.001154   0.120640   0.000596   0.878764   3.515055 
   0.0000000000    122.000     60.000   0.876937    0.001126   0.121333   0.000605   0.878062   3.512249 
   0.0000000000    123.000     60.000   0.876253    0.001098   0.122035   0.000614   0.877351   3.509403 
   0.0000000000    124.000     60.000   0.875558    0.001071   0.122748   0.000623   0.876629   3.506516 
   0.0000000000    125.000     60.000   0.874852    0.001045   0.123471   0.000632   0.875897   3.503588 
   0.0000000000    126.000     60.000   0.874136    0.001019   0.124204   0.000642   0.875155   3.500618 
