#solute size.    Temp(C) Press(Mpa)        fHB          fS        fLJ         fO        xHB        nHB 
   0.0000000000   -173.000      2.000   0.000000    1.000000   0.000000   0.000000   1.000000   4.000000 
   0.0000000000   -172.000      2.000   0.000000    1.000000   0.000000   0.000000   1.000000   4.000000 
   0.0000000000   -171.000      2.000   0.000000    1.000000   0.000000   0.000000   1.000000   4.000000 
   0.0000000000   -170.000      2.000   0.000000    1.000000   0.000000   0.000000   1.000000   4.000000 
   0.0000000000   -169.000      2.000   0.000000    1.000000   0.000000   0.000000   1.000000   4.000000 
   0.0000000000   -168.000      2.000   0.000000    1.000000   0.000000   0.000000   1.000000   4.000000 
   0.0000000000   -167.000      2.000   0.000000    1.000000   0.000000   0.000000   1.000000   4.000000 
   0.0000000000   -166.000      2.000   0.000000    1.000000   0.000000   0.000000   1.000000   4.000000 
   0.0000000000   -165.000      2.000   0.000000    1.000000   0.000000   0.000000   1.000000   4.000000 
   0.0000000000   -164.000      2.000   0.000000    1.000000   0.000000   0.000000   1.000000   4.000000 
   0.0000000000   -163.000      2.000   0.000000    1.000000   0.000000   0.000000   1.000000   4.000000 
   0.0000000000   -162.000      2.000   0.000000    1.000000   0.000000   0.000000   1.000000   4.000000 
   0.0000000000   -161.000      2.000   0.000000    0.999999   0.000000   0.000000   1.000000   4.000000 
   0.0000000000   -160.000      2.000   0.000001    0.999999   0.000000   0.000000   1.000000   4.000000 
   0.0000000000   -159.000      2.000   0.000001    0.999999   0.000000   0.000000   1.000000   4.000000 
   0.0000000000   -158.000      2.000   0.000001    0.999999   0.000000   0.000000   1.000000   4.000000 
   0.0000000000   -157.000      2.000   0.000001    0.999999   0.000000   0.000000   1.000000   4.000000 
   0.0000000000   -156.000      2.000   0.000001    0.999998   0.000000   0.000000   1.000000   3.999999 
   0.0000000000   -155.000      2.000   0.000002    0.999998   0.000000   0.000000   1.000000   3.999999 
   0.0000000000   -154.000      2.000   0.000002    0.999998   0.000000   0.000000   1.000000   3.999999 
   0.0000000000   -153.000      2.000   0.000003    0.999997   0.000000   0.000000   1.000000   3.999999 
   0.0000000000   -152.000      2.000   0.000003    0.999996   0.000000   0.000000   1.000000   3.999999 
   0.0000000000   -151.000      2.000   0.000004    0.999996   0.000000   0.000000   1.000000   3.999999 
   0.0000000000   -150.000      2.000   0.000005    0.999995   0.000000   0.000000   1.000000   3.999998 
   0.0000000000   -149.000      2.000   0.000006    0.999993   0.000001   0.000000   0.999999   3.999998 
   0.0000000000   -148.000      2.000   0.000007    0.999992   0.000001   0.000000   0.999999   3.999997 
   0.0000000000   -147.000      2.000   0.000009    0.999990   0.000001   0.000000   0.999999   3.999997 
   0.0000000000   -146.000      2.000   0.000011    0.999989   0.000001   0.000000   0.999999   3.999996 
   0.0000000000   -145.000      2.000   0.000013    0.999986   0.000001   0.000000   0.999999   3.999995 
   0.0000000000   -144.000      2.000   0.000015    0.999984   0.000001   0.000000   0.999999   3.999995 
   0.0000000000   -143.000      2.000   0.000018    0.999980   0.000002   0.000000   0.999998   3.999993 
   0.0000000000   -142.000      2.000   0.000021    0.999977   0.000002   0.000000   0.999998   3.999992 
   0.0000000000   -141.000      2.000   0.000026    0.999972   0.000002   0.000000   0.999998   3.999991 
   0.0000000000   -140.000      2.000   0.000030    0.999967   0.000003   0.000000   0.999997   3.999989 
   0.0000000000   -139.000      2.000   0.000036    0.999961   0.000003   0.000000   0.999997   3.999987 
   0.0000000000   -138.000      2.000   0.000042    0.999954   0.000004   0.000000   0.999996   3.999985 
   0.0000000000   -137.000      2.000   0.000050    0.999946   0.000005   0.000000   0.999995   3.999982 
   0.0000000000   -136.000      2.000   0.000058    0.999936   0.000005   0.000000   0.999995   3.999979 
   0.0000000000   -135.000      2.000   0.000068    0.999925   0.000006   0.000000   0.999994   3.999975 
   0.0000000000   -134.000      2.000   0.000080    0.999913   0.000007   0.000000   0.999993   3.999971 
   0.0000000000   -133.000      2.000   0.000093    0.999898   0.000008   0.000000   0.999992   3.999966 
   0.0000000000   -132.000      2.000   0.000109    0.999881   0.000010   0.000000   0.999990   3.999960 
   0.0000000000   -131.000      2.000   0.000126    0.999862   0.000012   0.000000   0.999988   3.999954 
   0.0000000000   -130.000      2.000   0.000147    0.999840   0.000013   0.000000   0.999987   3.999947 
   0.0000000000   -129.000      2.000   0.000170    0.999815   0.000015   0.000000   0.999985   3.999938 
   0.0000000000   -128.000      2.000   0.000197    0.999786   0.000018   0.000000   0.999982   3.999929 
   0.0000000000   -127.000      2.000   0.000227    0.999753   0.000021   0.000000   0.999979   3.999918 
   0.0000000000   -126.000      2.000   0.000261    0.999715   0.000024   0.000000   0.999976   3.999905 
   0.0000000000   -125.000      2.000   0.000300    0.999672   0.000027   0.000000   0.999973   3.999891 
   0.0000000000   -124.000      2.000   0.000345    0.999624   0.000031   0.000000   0.999969   3.999875 
   0.0000000000   -123.000      2.000   0.000395    0.999569   0.000036   0.000000   0.999964   3.999856 
   0.0000000000   -122.000      2.000   0.000452    0.999507   0.000041   0.000000   0.999959   3.999836 
   0.0000000000   -121.000      2.000   0.000516    0.999437   0.000047   0.000000   0.999953   3.999812 
   0.0000000000   -120.000      2.000   0.000589    0.999358   0.000054   0.000000   0.999946   3.999786 
   0.0000000000   -119.000      2.000   0.000671    0.999269   0.000061   0.000000   0.999939   3.999756 
   0.0000000000   -118.000      2.000   0.000762    0.999168   0.000069   0.000000   0.999931   3.999723 
   0.0000000000   -117.000      2.000   0.000865    0.999056   0.000079   0.000000   0.999921   3.999685 
   0.0000000000   -116.000      2.000   0.000981    0.998930   0.000089   0.000000   0.999911   3.999643 
   0.0000000000   -115.000      2.000   0.001110    0.998789   0.000101   0.000000   0.999899   3.999596 
   0.0000000000   -114.000      2.000   0.001255    0.998631   0.000114   0.000000   0.999886   3.999544 
   0.0000000000   -113.000      2.000   0.001416    0.998455   0.000129   0.000000   0.999871   3.999485 
   0.0000000000   -112.000      2.000   0.001596    0.998259   0.000145   0.000000   0.999855   3.999420 
   0.0000000000   -111.000      2.000   0.001797    0.998040   0.000163   0.000000   0.999837   3.999347 
   0.0000000000   -110.000      2.000   0.002019    0.997797   0.000184   0.000000   0.999816   3.999266 
   0.0000000000   -109.000      2.000   0.002267    0.997527   0.000206   0.000000   0.999794   3.999175 
   0.0000000000   -108.000      2.000   0.002542    0.997227   0.000231   0.000000   0.999769   3.999076 
   0.0000000000   -107.000      2.000   0.002846    0.996895   0.000259   0.000000   0.999741   3.998965 
   0.0000000000   -106.000      2.000   0.003183    0.996528   0.000289   0.000000   0.999711   3.998842 
   0.0000000000   -105.000      2.000   0.003555    0.996122   0.000323   0.000000   0.999677   3.998707 
   0.0000000000   -104.000      2.000   0.003966    0.995673   0.000361   0.000000   0.999639   3.998557 
   0.0000000000   -103.000      2.000   0.004420    0.995178   0.000402   0.000000   0.999598   3.998392 
   0.0000000000   -102.000      2.000   0.004919    0.994634   0.000447   0.000000   0.999553   3.998211 
   0.0000000000   -101.000      2.000   0.005469    0.994034   0.000497   0.000000   0.999503   3.998011 
   0.0000000000   -100.000      2.000   0.006073    0.993375   0.000552   0.000000   0.999448   3.997791 
   0.0000000000    -99.000      2.000   0.006736    0.992651   0.000613   0.000000   0.999387   3.997549 
   0.0000000000    -98.000      2.000   0.007464    0.991857   0.000679   0.000000   0.999321   3.997285 
   0.0000000000    -97.000      2.000   0.008262    0.990987   0.000751   0.000000   0.999249   3.996994 
   0.0000000000    -96.000      2.000   0.009135    0.990034   0.000831   0.000000   0.999169   3.996677 
   0.0000000000    -95.000      2.000   0.010089    0.988993   0.000918   0.000000   0.999082   3.996329 
   0.0000000000    -94.000      2.000   0.011132    0.987855   0.001013   0.000000   0.998987   3.995950 
   0.0000000000    -93.000      2.000   0.012270    0.986614   0.001116   0.000000   0.998884   3.995535 
   0.0000000000    -92.000      2.000   0.013511    0.985260   0.001229   0.000000   0.998771   3.995084 
   0.0000000000    -91.000      2.000   0.014863    0.983785   0.001352   0.000000   0.998648   3.994592 
   0.0000000000    -90.000      2.000   0.016333    0.982181   0.001486   0.000000   0.998514   3.994056 
   0.0000000000    -89.000      2.000   0.017932    0.980437   0.001631   0.000000   0.998369   3.993474 
   0.0000000000    -88.000      2.000   0.019668    0.978542   0.001790   0.000000   0.998210   3.992842 
   0.0000000000    -87.000      2.000   0.021552    0.976487   0.001961   0.000000   0.998039   3.992156 
   0.0000000000    -86.000      2.000   0.023595    0.974258   0.002147   0.000000   0.997853   3.991412 
   0.0000000000    -85.000      2.000   0.025806    0.971845   0.002348   0.000000   0.997652   3.990606 
   0.0000000000    -84.000      2.000   0.028199    0.969235   0.002566   0.000000   0.997434   3.989734 
   0.0000000000    -83.000      2.000   0.030786    0.966412   0.002802   0.000000   0.997198   3.988792 
   0.0000000000    -82.000      2.000   0.033579    0.963365   0.003056   0.000000   0.996944   3.987774 
   0.0000000000    -81.000      2.000   0.036592    0.960077   0.003331   0.000000   0.996669   3.986676 
   0.0000000000    -80.000      2.000   0.039840    0.956533   0.003627   0.000000   0.996373   3.985492 
   0.0000000000    -79.000      2.000   0.043337    0.952717   0.003946   0.000000   0.996054   3.984217 
   0.0000000000    -78.000      2.000   0.047099    0.948612   0.004289   0.000000   0.995711   3.982845 
   0.0000000000    -77.000      2.000   0.051142    0.944201   0.004657   0.000000   0.995343   3.981371 
   0.0000000000    -76.000      2.000   0.055482    0.939465   0.005053   0.000000   0.994947   3.979788 
   0.0000000000    -75.000      2.000   0.060136    0.934386   0.005477   0.000000   0.994522   3.978090 
   0.0000000000    -74.000      2.000   0.065123    0.928945   0.005932   0.000000   0.994068   3.976270 
   0.0000000000    -73.000      2.000   0.070459    0.923122   0.006419   0.000000   0.993581   3.974323 
   0.0000000000    -72.000      2.000   0.076164    0.916897   0.006940   0.000000   0.993060   3.972240 
   0.0000000000    -71.000      2.000   0.082255    0.910249   0.007496   0.000000   0.992504   3.970016 
   0.0000000000    -70.000      2.000   0.088752    0.903159   0.008089   0.000000   0.991911   3.967643 
   0.0000000000    -69.000      2.000   0.095672    0.895607   0.008721   0.000000   0.991279   3.965116 
   0.0000000000    -68.000      2.000   0.103034    0.887572   0.009393   0.000000   0.990606   3.962425 
   0.0000000000    -67.000      2.000   0.110857    0.879035   0.010108   0.000000   0.989892   3.959567 
   0.0000000000    -66.000      2.000   0.119157    0.869977   0.010867   0.000000   0.989133   3.956532 
   0.0000000000    -65.000      2.000   0.127950    0.860379   0.011670   0.000000   0.988329   3.953317 
   0.0000000000    -64.000      2.000   0.137254    0.850225   0.012521   0.000000   0.987478   3.949914 
   0.0000000000    -63.000      2.000   0.147081    0.839499   0.013420   0.000001   0.986579   3.946318 
   0.0000000000    -62.000      2.000   0.157443    0.828188   0.014368   0.000001   0.985631   3.942525 
   0.0000000000    -61.000      2.000   0.168353    0.816279   0.015367   0.000001   0.984633   3.938531 
   0.0000000000    -60.000      2.000   0.179815    0.803768   0.016416   0.000001   0.983583   3.934333 
   0.0000000000    -59.000      2.000   0.191834    0.790648   0.017517   0.000001   0.982482   3.929929 
   0.0000000000    -58.000      2.000   0.204412    0.776917   0.018669   0.000001   0.981330   3.925319 
   0.0000000000    -57.000      2.000   0.217546    0.762580   0.019873   0.000001   0.980126   3.920503 
   0.0000000000    -56.000      2.000   0.231227    0.747644   0.021128   0.000001   0.978871   3.915485 
   0.0000000000    -55.000      2.000   0.245444    0.732123   0.022432   0.000001   0.977567   3.910268 
   0.0000000000    -54.000      2.000   0.260179    0.716036   0.023784   0.000001   0.976215   3.904859 
   0.0000000000    -53.000      2.000   0.275412    0.699404   0.025182   0.000002   0.974816   3.899264 
   0.0000000000    -52.000      2.000   0.291106    0.682269   0.026624   0.000002   0.973374   3.893497 
   0.0000000000    -51.000      2.000   0.307229    0.664664   0.028106   0.000002   0.971892   3.887569 
   0.0000000000    -50.000      2.000   0.323739    0.646635   0.029624   0.000002   0.970374   3.881496 
   0.0000000000    -49.000      2.000   0.340588    0.628236   0.031174   0.000002   0.968824   3.875295 
   0.0000000000    -48.000      2.000   0.357722    0.609524   0.032751   0.000003   0.967246   3.868985 
   0.0000000000    -47.000      2.000   0.375083    0.590563   0.034350   0.000003   0.965647   3.862587 
   0.0000000000    -46.000      2.000   0.392614    0.571416   0.035966   0.000003   0.964031   3.856122 
   0.0000000000    -45.000      2.000   0.410238    0.552166   0.037592   0.000003   0.962405   3.849619 
   0.0000000000    -44.000      2.000   0.427892    0.532882   0.039221   0.000004   0.960775   3.843099 
   0.0000000000    -43.000      2.000   0.445507    0.513640   0.040849   0.000004   0.959147   3.836588 
   0.0000000000    -42.000      2.000   0.463015    0.494513   0.042468   0.000005   0.957528   3.830111 
   0.0000000000    -41.000      2.000   0.480349    0.475573   0.044072   0.000005   0.955923   3.823691 
   0.0000000000    -40.000      2.000   0.497448    0.456890   0.045657   0.000005   0.954338   3.817352 
   0.0000000000    -39.000      2.000   0.514252    0.438527   0.047215   0.000006   0.952779   3.811115 
   0.0000000000    -38.000      2.000   0.530709    0.420541   0.048744   0.000006   0.951250   3.804999 
   0.0000000000    -37.000      2.000   0.546772    0.402983   0.050238   0.000007   0.949755   3.799021 
   0.0000000000    -36.000      2.000   0.562402    0.385896   0.051694   0.000007   0.948299   3.793195 
   0.0000000000    -35.000      2.000   0.577567    0.369316   0.053109   0.000008   0.946883   3.787533 
   0.0000000000    -34.000      2.000   0.592239    0.353272   0.054480   0.000008   0.945511   3.782045 
   0.0000000000    -33.000      2.000   0.606401    0.337783   0.055807   0.000009   0.944184   3.776737 
   0.0000000000    -32.000      2.000   0.620040    0.322864   0.057087   0.000010   0.942904   3.771614 
   0.0000000000    -31.000      2.000   0.633147    0.308523   0.058320   0.000010   0.941670   3.766679 
   0.0000000000    -30.000      2.000   0.645722    0.294761   0.059506   0.000011   0.940483   3.761932 
   0.0000000000    -29.000      2.000   0.657767    0.281576   0.060645   0.000012   0.939343   3.757373 
   0.0000000000    -28.000      2.000   0.669289    0.268960   0.061738   0.000012   0.938249   3.752998 
   0.0000000000    -27.000      2.000   0.680297    0.256904   0.062786   0.000013   0.937201   3.748803 
   0.0000000000    -26.000      2.000   0.690803    0.245393   0.063790   0.000014   0.936196   3.744786 
   0.0000000000    -25.000      2.000   0.700822    0.234413   0.064751   0.000014   0.935235   3.740939 
   0.0000000000    -24.000      2.000   0.710370    0.223945   0.065670   0.000015   0.934315   3.737258 
   0.0000000000    -23.000      2.000   0.719462    0.213972   0.066550   0.000016   0.933434   3.733736 
   0.0000000000    -22.000      2.000   0.728118    0.204474   0.067392   0.000017   0.932592   3.730367 
   0.0000000000    -21.000      2.000   0.736354    0.195432   0.068197   0.000017   0.931786   3.727143 
   0.0000000000    -20.000      2.000   0.744186    0.186829   0.068967   0.000018   0.931015   3.724059 
   0.0000000000    -19.000      2.000   0.751638    0.178639   0.069704   0.000019   0.930277   3.721106 
   0.0000000000    -18.000      2.000   0.758724    0.170846   0.070410   0.000020   0.929570   3.718280 
   0.0000000000    -17.000      2.000   0.765463    0.163430   0.071086   0.000021   0.928893   3.715572 
   0.0000000000    -16.000      2.000   0.771870    0.156375   0.071734   0.000022   0.928244   3.712978 
   0.0000000000    -15.000      2.000   0.777962    0.149661   0.072355   0.000022   0.927623   3.710490 
   0.0000000000    -14.000      2.000   0.783755    0.143271   0.072951   0.000023   0.927026   3.708103 
   0.0000000000    -13.000      2.000   0.789263    0.137190   0.073523   0.000024   0.926453   3.705812 
   0.0000000000    -12.000      2.000   0.794503    0.131400   0.074072   0.000025   0.925903   3.703610 
   0.0000000000    -11.000      2.000   0.799486    0.125888   0.074601   0.000026   0.925373   3.701493 
   0.0000000000    -10.000      2.000   0.804226    0.120638   0.075109   0.000027   0.924864   3.699455 
   0.0000000000     -9.000      2.000   0.808736    0.115637   0.075599   0.000028   0.924373   3.697493 
   0.0000000000     -8.000      2.000   0.813028    0.110872   0.076071   0.000029   0.923900   3.695601 
   0.0000000000     -7.000      2.000   0.817112    0.106332   0.076526   0.000030   0.923444   3.693775 
   0.0000000000     -6.000      2.000   0.821000    0.102003   0.076966   0.000031   0.923003   3.692011 
   0.0000000000     -5.000      2.000   0.824701    0.097875   0.077392   0.000032   0.922576   3.690305 
   0.0000000000     -4.000      2.000   0.828225    0.093938   0.077804   0.000033   0.922163   3.688654 
   0.0000000000     -3.000      2.000   0.831580    0.090184   0.078203   0.000034   0.921763   3.687054 
   0.0000000000     -2.000      2.000   0.834776    0.086599   0.078590   0.000035   0.921375   3.685501 
   0.0000000000     -1.000      2.000   0.837821    0.083177   0.078965   0.000036   0.920998   3.683994 
   0.0000000000      0.000      2.000   0.840722    0.079910   0.079331   0.000037   0.920632   3.682527 
   0.0000000000      1.000      2.000   0.843486    0.076789   0.079687   0.000038   0.920275   3.681100 
   0.0000000000      2.000      2.000   0.846120    0.073808   0.080033   0.000040   0.919927   3.679709 
   0.0000000000      3.000      2.000   0.848630    0.070958   0.080371   0.000041   0.919588   3.678352 
   0.0000000000      4.000      2.000   0.851022    0.068234   0.080702   0.000042   0.919256   3.677026 
   0.0000000000      5.000      2.000   0.853302    0.065630   0.081025   0.000043   0.918932   3.675729 
   0.0000000000      6.000      2.000   0.855476    0.063139   0.081341   0.000044   0.918615   3.674459 
   0.0000000000      7.000      2.000   0.857548    0.060756   0.081651   0.000045   0.918303   3.673213 
   0.0000000000      8.000      2.000   0.859523    0.058475   0.081956   0.000047   0.917998   3.671990 
   0.0000000000      9.000      2.000   0.861406    0.056292   0.082255   0.000048   0.917697   3.670789 
   0.0000000000     10.000      2.000   0.863200    0.054201   0.082549   0.000049   0.917401   3.669606 
   0.0000000000     11.000      2.000   0.864911    0.052199   0.082839   0.000051   0.917110   3.668440 
   0.0000000000     12.000      2.000   0.866542    0.050281   0.083125   0.000052   0.916823   3.667291 
   0.0000000000     13.000      2.000   0.868096    0.048443   0.083408   0.000053   0.916539   3.666155 
   0.0000000000     14.000      2.000   0.869577    0.046682   0.083687   0.000055   0.916258   3.665033 
   0.0000000000     15.000      2.000   0.870988    0.044993   0.083964   0.000056   0.915980   3.663922 
   0.0000000000     16.000      2.000   0.872332    0.043373   0.084238   0.000057   0.915705   3.662820 
   0.0000000000     17.000      2.000   0.873612    0.041820   0.084509   0.000059   0.915432   3.661727 
   0.0000000000     18.000      2.000   0.874831    0.040329   0.084779   0.000060   0.915161   3.660642 
   0.0000000000     19.000      2.000   0.875992    0.038899   0.085048   0.000062   0.914891   3.659563 
   0.0000000000     20.000      2.000   0.877096    0.037526   0.085315   0.000063   0.914622   3.658489 
   0.0000000000     21.000      2.000   0.878146    0.036208   0.085581   0.000065   0.914355   3.657419 
   0.0000000000     22.000      2.000   0.879145    0.034943   0.085846   0.000066   0.914088   3.656352 
   0.0000000000     23.000      2.000   0.880095    0.033727   0.086111   0.000068   0.913822   3.655286 
   0.0000000000     24.000      2.000   0.880997    0.032559   0.086375   0.000069   0.913555   3.654222 
   0.0000000000     25.000      2.000   0.881853    0.031436   0.086640   0.000071   0.913289   3.653157 
   0.0000000000     26.000      2.000   0.882665    0.030358   0.086904   0.000073   0.913023   3.652092 
   0.0000000000     27.000      2.000   0.883435    0.029321   0.087170   0.000074   0.912756   3.651024 
   0.0000000000     28.000      2.000   0.884165    0.028323   0.087435   0.000076   0.912489   3.649954 
   0.0000000000     29.000      2.000   0.884856    0.027364   0.087702   0.000078   0.912220   3.648880 
   0.0000000000     30.000      2.000   0.885509    0.026442   0.087970   0.000079   0.911951   3.647802 
   0.0000000000     31.000      2.000   0.886126    0.025554   0.088239   0.000081   0.911680   3.646719 
   0.0000000000     32.000      2.000   0.886707    0.024700   0.088510   0.000083   0.911407   3.645629 
   0.0000000000     33.000      2.000   0.887256    0.023878   0.088782   0.000085   0.911133   3.644533 
   0.0000000000     34.000      2.000   0.887771    0.023086   0.089056   0.000087   0.910857   3.643430 
   0.0000000000     35.000      2.000   0.888256    0.022324   0.089332   0.000089   0.910580   3.642318 
   0.0000000000     36.000      2.000   0.888710    0.021590   0.089610   0.000091   0.910299   3.641198 
   0.0000000000     37.000      2.000   0.889134    0.020883   0.089891   0.000092   0.910017   3.640068 
   0.0000000000     38.000      2.000   0.889531    0.020201   0.090174   0.000094   0.909732   3.638928 
   0.0000000000     39.000      2.000   0.889899    0.019545   0.090459   0.000096   0.909444   3.637777 
   0.0000000000     40.000      2.000   0.890241    0.018912   0.090748   0.000098   0.909154   3.636615 
   0.0000000000     41.000      2.000   0.890558    0.018302   0.091039   0.000101   0.908860   3.635441 
   0.0000000000     42.000      2.000   0.890849    0.017714   0.091334   0.000103   0.908563   3.634254 
   0.0000000000     43.000      2.000   0.891116    0.017147   0.091632   0.000105   0.908263   3.633054 
   0.0000000000     44.000      2.000   0.891360    0.016600   0.091933   0.000107   0.907960   3.631840 
   0.0000000000     45.000      2.000   0.891580    0.016073   0.092238   0.000109   0.907653   3.630611 
   0.0000000000     46.000      2.000   0.891778    0.015564   0.092547   0.000111   0.907342   3.629368 
   0.0000000000     47.000      2.000   0.891955    0.015072   0.092859   0.000114   0.907027   3.628109 
   0.0000000000     48.000      2.000   0.892110    0.014598   0.093175   0.000116   0.906709   3.626834 
   0.0000000000     49.000      2.000   0.892245    0.014141   0.093496   0.000118   0.906386   3.625543 
   0.0000000000     50.000      2.000   0.892360    0.013699   0.093821   0.000121   0.906059   3.624234 
   0.0000000000     51.000      2.000   0.892455    0.013272   0.094150   0.000123   0.905727   3.622908 
   0.0000000000     52.000      2.000   0.892531    0.012860   0.094483   0.000126   0.905391   3.621563 
   0.0000000000     53.000      2.000   0.892588    0.012462   0.094822   0.000128   0.905050   3.620200 
   0.0000000000     54.000      2.000   0.892627    0.012078   0.095165   0.000131   0.904704   3.618818 
   0.0000000000     55.000      2.000   0.892647    0.011706   0.095513   0.000133   0.904354   3.617415 
   0.0000000000     56.000      2.000   0.892651    0.011347   0.095866   0.000136   0.903998   3.615993 
   0.0000000000     57.000      2.000   0.892637    0.011001   0.096224   0.000139   0.903637   3.614549 
   0.0000000000     58.000      2.000   0.892606    0.010665   0.096588   0.000141   0.903271   3.613085 
   0.0000000000     59.000      2.000   0.892559    0.010341   0.096956   0.000144   0.902900   3.611598 
   0.0000000000     60.000      2.000   0.892495    0.010027   0.097331   0.000147   0.902522   3.610089 
   0.0000000000     61.000      2.000   0.892415    0.009724   0.097711   0.000150   0.902139   3.608558 
   0.0000000000     62.000      2.000   0.892320    0.009431   0.098097   0.000153   0.901751   3.607003 
   0.0000000000     63.000      2.000   0.892209    0.009147   0.098488   0.000156   0.901356   3.605424 
   0.0000000000     64.000      2.000   0.892082    0.008873   0.098886   0.000159   0.900955   3.603821 
   0.0000000000     65.000      2.000   0.891941    0.008607   0.099290   0.000162   0.900548   3.602193 
   0.0000000000     66.000      2.000   0.891785    0.008350   0.099700   0.000165   0.900135   3.600540 
   0.0000000000     67.000      2.000   0.891614    0.008102   0.100117   0.000168   0.899715   3.598862 
   0.0000000000     68.000      2.000   0.891428    0.007861   0.100540   0.000171   0.899289   3.597156 
   0.0000000000     69.000      2.000   0.891228    0.007628   0.100970   0.000174   0.898856   3.595425 
   0.0000000000     70.000      2.000   0.891014    0.007402   0.101406   0.000178   0.898416   3.593665 
   0.0000000000     71.000      2.000   0.890786    0.007184   0.101849   0.000181   0.897970   3.591878 
   0.0000000000     72.000      2.000   0.890544    0.006972   0.102300   0.000184   0.897516   3.590063 
   0.0000000000     73.000      2.000   0.890288    0.006767   0.102757   0.000188   0.897055   3.588219 
   0.0000000000     74.000      2.000   0.890018    0.006569   0.103222   0.000191   0.896586   3.586346 
   0.0000000000     75.000      2.000   0.889734    0.006376   0.103694   0.000195   0.896111   3.584443 
   0.0000000000     76.000      2.000   0.889438    0.006190   0.104174   0.000199   0.895627   3.582510 
   0.0000000000     77.000      2.000   0.889127    0.006009   0.104661   0.000202   0.895136   3.580545 
   0.0000000000     78.000      2.000   0.888803    0.005834   0.105157   0.000206   0.894637   3.578550 
   0.0000000000     79.000      2.000   0.888466    0.005664   0.105659   0.000210   0.894131   3.576523 
   0.0000000000     80.000      2.000   0.888116    0.005500   0.106171   0.000214   0.893616   3.574463 
   0.0000000000     81.000      2.000   0.887752    0.005340   0.106690   0.000218   0.893093   3.572371 
   0.0000000000     82.000      2.000   0.887376    0.005186   0.107217   0.000222   0.892561   3.570245 
   0.0000000000     83.000      2.000   0.886986    0.005036   0.107753   0.000226   0.892021   3.568085 
   0.0000000000     84.000      2.000   0.886583    0.004890   0.108297   0.000230   0.891473   3.565891 
   0.0000000000     85.000      2.000   0.886166    0.004749   0.108850   0.000234   0.890916   3.563662 
   0.0000000000     86.000      2.000   0.885737    0.004612   0.109412   0.000238   0.890349   3.561398 
   0.0000000000     87.000      2.000   0.885295    0.004480   0.109983   0.000243   0.889774   3.559097 
   0.0000000000     88.000      2.000   0.884839    0.004351   0.110563   0.000247   0.889190   3.556760 
   0.0000000000     89.000      2.000   0.884371    0.004226   0.111152   0.000252   0.888597   3.554386 
   0.0000000000     90.000      2.000   0.883889    0.004104   0.111750   0.000256   0.887994   3.551975 
   0.0000000000     91.000      2.000   0.883395    0.003987   0.112358   0.000261   0.887381   3.549525 
   0.0000000000     92.000      2.000   0.882887    0.003872   0.112975   0.000266   0.886759   3.547036 
   0.0000000000     93.000      2.000   0.882366    0.003762   0.113602   0.000271   0.886127   3.544509 
   0.0000000000     94.000      2.000   0.881831    0.003654   0.114239   0.000275   0.885485   3.541941 
   0.0000000000     95.000      2.000   0.881284    0.003549   0.114886   0.000280   0.884833   3.539333 
   0.0000000000     96.000      2.000   0.880723    0.003448   0.115543   0.000286   0.884171   3.536684 
   0.0000000000     97.000      2.000   0.880149    0.003349   0.116211   0.000291   0.883498   3.533994 
   0.0000000000     98.000      2.000   0.879562    0.003254   0.116889   0.000296   0.882815   3.531261 
   0.0000000000     99.000      2.000   0.878961    0.003161   0.117577   0.000301   0.882122   3.528486 
   0.0000000000    100.000      2.000   0.878347    0.003070   0.118276   0.000307   0.881417   3.525668 
   0.0000000000    101.000      2.000   0.877719    0.002983   0.118986   0.000312   0.880701   3.522806 
   0.0000000000    102.000      2.000   0.877077    0.002897   0.119707   0.000318   0.879975   3.519899 
   0.0000000000    103.000      2.000   0.876422    0.002815   0.120440   0.000324   0.879237   3.516948 
   0.0000000000    104.000      2.000   0.875754    0.002734   0.121183   0.000329   0.878488   3.513951 
   0.0000000000    105.000      2.000   0.875071    0.002656   0.121938   0.000335   0.877727   3.510908 
   0.0000000000    106.000      2.000   0.874375    0.002580   0.122704   0.000341   0.876955   3.507818 
   0.0000000000    107.000      2.000   0.873664    0.002506   0.123482   0.000347   0.876170   3.504681 
   0.0000000000    108.000      2.000   0.872940    0.002435   0.124272   0.000354   0.875374   3.501496 
   0.0000000000    109.000      2.000   0.872201    0.002365   0.125074   0.000360   0.874566   3.498263 
   0.0000000000    110.000      2.000   0.871448    0.002297   0.125889   0.000366   0.873745   3.494981 
   0.0000000000    111.000      2.000   0.870681    0.002231   0.126715   0.000373   0.872912   3.491649 
   0.0000000000    112.000      2.000   0.869899    0.002167   0.127554   0.000379   0.872067   3.488266 
   0.0000000000    113.000      2.000   0.869103    0.002105   0.128406   0.000386   0.871208   3.484833 
   0.0000000000    114.000      2.000   0.868293    0.002044   0.129270   0.000393   0.870337   3.481348 
   0.0000000000    115.000      2.000   0.867467    0.001986   0.130147   0.000400   0.869453   3.477812 
   0.0000000000    116.000      2.000   0.866627    0.001928   0.131037   0.000407   0.868556   3.474222 
   0.0000000000    117.000      2.000   0.865772    0.001873   0.131941   0.000414   0.867645   3.470579 
   0.0000000000    118.000      2.000   0.864902    0.001819   0.132858   0.000422   0.866721   3.466883 
   0.0000000000    119.000      2.000   0.864017    0.001766   0.133788   0.000429   0.865783   3.463132 
   0.0000000000    120.000      2.000   0.863116    0.001715   0.134732   0.000437   0.864831   3.459325 
   0.0000000000    121.000      2.000   0.862201    0.001665   0.135690   0.000445   0.863866   3.455464 
   0.0000000000    122.000      2.000   0.861270    0.001617   0.136661   0.000452   0.862886   3.451545 
   0.0000000000    123.000      2.000   0.860323    0.001570   0.137647   0.000460   0.861893   3.447570 
   0.0000000000    124.000      2.000   0.859360    0.001524   0.138647   0.000469   0.860884   3.443538 
   0.0000000000    125.000      2.000   0.858382    0.001479   0.139661   0.000477   0.859862   3.439447 
   0.0000000000    126.000      2.000   0.857388    0.001436   0.140690   0.000485   0.858824   3.435298 
