#solute size.    Temp(C) Press(Mpa)        fHB          fS        fLJ         fO        xHB        nHB 
   0.0000000000   -173.000    320.000   0.916613    0.000058   0.083243   0.000085   0.916671   3.666685 
   0.0000000000   -172.000    320.000   0.916610    0.000061   0.083239   0.000088   0.916671   3.666686 
   0.0000000000   -171.000    320.000   0.916607    0.000064   0.083235   0.000092   0.916671   3.666684 
   0.0000000000   -170.000    320.000   0.916604    0.000068   0.083232   0.000095   0.916672   3.666687 
   0.0000000000   -169.000    320.000   0.916602    0.000071   0.083228   0.000099   0.916673   3.666692 
   0.0000000000   -168.000    320.000   0.916599    0.000074   0.083224   0.000103   0.916673   3.666692 
   0.0000000000   -167.000    320.000   0.916596    0.000078   0.083221   0.000106   0.916673   3.666694 
   0.0000000000   -166.000    320.000   0.916592    0.000081   0.083216   0.000110   0.916673   3.666694 
   0.0000000000   -165.000    320.000   0.916589    0.000085   0.083212   0.000114   0.916674   3.666695 
   0.0000000000   -164.000    320.000   0.916586    0.000088   0.083208   0.000118   0.916674   3.666696 
   0.0000000000   -163.000    320.000   0.916582    0.000092   0.083204   0.000122   0.916674   3.666697 
   0.0000000000   -162.000    320.000   0.916579    0.000096   0.083199   0.000126   0.916675   3.666699 
   0.0000000000   -161.000    320.000   0.916575    0.000100   0.083195   0.000130   0.916675   3.666700 
   0.0000000000   -160.000    320.000   0.916572    0.000104   0.083190   0.000134   0.916675   3.666701 
   0.0000000000   -159.000    320.000   0.916568    0.000108   0.083186   0.000138   0.916676   3.666703 
   0.0000000000   -158.000    320.000   0.916564    0.000112   0.083181   0.000143   0.916676   3.666704 
   0.0000000000   -157.000    320.000   0.916560    0.000116   0.083177   0.000147   0.916676   3.666705 
   0.0000000000   -156.000    320.000   0.916557    0.000120   0.083172   0.000151   0.916677   3.666707 
   0.0000000000   -155.000    320.000   0.916553    0.000124   0.083167   0.000156   0.916677   3.666708 
   0.0000000000   -154.000    320.000   0.916549    0.000129   0.083162   0.000160   0.916677   3.666710 
   0.0000000000   -153.000    320.000   0.916545    0.000133   0.083157   0.000165   0.916678   3.666711 
   0.0000000000   -152.000    320.000   0.916541    0.000138   0.083152   0.000170   0.916678   3.666712 
   0.0000000000   -151.000    320.000   0.916537    0.000142   0.083147   0.000174   0.916678   3.666714 
   0.0000000000   -150.000    320.000   0.916532    0.000146   0.083142   0.000179   0.916679   3.666715 
   0.0000000000   -149.000    320.000   0.916528    0.000151   0.083137   0.000184   0.916679   3.666717 
   0.0000000000   -148.000    320.000   0.916524    0.000156   0.083132   0.000189   0.916680   3.666719 
   0.0000000000   -147.000    320.000   0.916520    0.000160   0.083126   0.000194   0.916680   3.666720 
   0.0000000000   -146.000    320.000   0.916515    0.000165   0.083121   0.000199   0.916680   3.666722 
   0.0000000000   -145.000    320.000   0.916511    0.000170   0.083116   0.000204   0.916681   3.666723 
   0.0000000000   -144.000    320.000   0.916507    0.000174   0.083110   0.000209   0.916681   3.666725 
   0.0000000000   -143.000    320.000   0.916502    0.000179   0.083105   0.000214   0.916682   3.666726 
   0.0000000000   -142.000    320.000   0.916498    0.000184   0.083099   0.000219   0.916682   3.666728 
   0.0000000000   -141.000    320.000   0.916494    0.000189   0.083093   0.000224   0.916682   3.666730 
   0.0000000000   -140.000    320.000   0.916489    0.000193   0.083088   0.000229   0.916683   3.666731 
   0.0000000000   -139.000    320.000   0.916485    0.000198   0.083082   0.000235   0.916683   3.666733 
   0.0000000000   -138.000    320.000   0.916481    0.000203   0.083076   0.000240   0.916684   3.666734 
   0.0000000000   -137.000    320.000   0.916476    0.000208   0.083070   0.000246   0.916684   3.666736 
   0.0000000000   -136.000    320.000   0.916472    0.000213   0.083065   0.000251   0.916684   3.666737 
   0.0000000000   -135.000    320.000   0.916467    0.000217   0.083059   0.000257   0.916685   3.666739 
   0.0000000000   -134.000    320.000   0.916463    0.000222   0.083053   0.000262   0.916685   3.666741 
   0.0000000000   -133.000    320.000   0.916459    0.000227   0.083047   0.000268   0.916686   3.666742 
   0.0000000000   -132.000    320.000   0.916454    0.000232   0.083041   0.000274   0.916686   3.666744 
   0.0000000000   -131.000    320.000   0.916450    0.000236   0.083034   0.000279   0.916686   3.666745 
   0.0000000000   -130.000    320.000   0.916446    0.000241   0.083028   0.000285   0.916687   3.666747 
   0.0000000000   -129.000    320.000   0.916442    0.000246   0.083022   0.000291   0.916687   3.666748 
   0.0000000000   -128.000    320.000   0.916437    0.000250   0.083016   0.000297   0.916687   3.666750 
   0.0000000000   -127.000    320.000   0.916433    0.000255   0.083009   0.000303   0.916688   3.666751 
   0.0000000000   -126.000    320.000   0.916429    0.000259   0.083003   0.000309   0.916688   3.666753 
   0.0000000000   -125.000    320.000   0.916425    0.000264   0.082997   0.000315   0.916689   3.666754 
   0.0000000000   -124.000    320.000   0.916421    0.000268   0.082990   0.000321   0.916689   3.666756 
   0.0000000000   -123.000    320.000   0.916417    0.000273   0.082984   0.000327   0.916689   3.666757 
   0.0000000000   -122.000    320.000   0.916413    0.000277   0.082977   0.000333   0.916690   3.666759 
   0.0000000000   -121.000    320.000   0.916409    0.000281   0.082971   0.000339   0.916690   3.666760 
   0.0000000000   -120.000    320.000   0.916405    0.000285   0.082964   0.000345   0.916690   3.666761 
   0.0000000000   -119.000    320.000   0.916401    0.000290   0.082958   0.000352   0.916691   3.666763 
   0.0000000000   -118.000    320.000   0.916397    0.000294   0.082951   0.000358   0.916691   3.666764 
   0.0000000000   -117.000    320.000   0.916394    0.000298   0.082944   0.000365   0.916691   3.666765 
   0.0000000000   -116.000    320.000   0.916390    0.000302   0.082937   0.000371   0.916692   3.666767 
   0.0000000000   -115.000    320.000   0.916386    0.000306   0.082931   0.000377   0.916692   3.666768 
   0.0000000000   -114.000    320.000   0.916383    0.000310   0.082924   0.000384   0.916692   3.666769 
   0.0000000000   -113.000    320.000   0.916379    0.000313   0.082917   0.000391   0.916693   3.666770 
   0.0000000000   -112.000    320.000   0.916376    0.000317   0.082910   0.000397   0.916693   3.666771 
   0.0000000000   -111.000    320.000   0.916372    0.000321   0.082903   0.000404   0.916693   3.666772 
   0.0000000000   -110.000    320.000   0.916369    0.000324   0.082896   0.000411   0.916693   3.666773 
   0.0000000000   -109.000    320.000   0.916366    0.000328   0.082889   0.000417   0.916694   3.666774 
   0.0000000000   -108.000    320.000   0.916363    0.000331   0.082882   0.000424   0.916694   3.666775 
   0.0000000000   -107.000    320.000   0.916360    0.000334   0.082875   0.000431   0.916694   3.666776 
   0.0000000000   -106.000    320.000   0.916357    0.000337   0.082868   0.000438   0.916694   3.666777 
   0.0000000000   -105.000    320.000   0.916354    0.000341   0.082861   0.000445   0.916694   3.666778 
   0.0000000000   -104.000    320.000   0.916351    0.000344   0.082854   0.000452   0.916695   3.666778 
   0.0000000000   -103.000    320.000   0.916348    0.000346   0.082846   0.000459   0.916695   3.666779 
   0.0000000000   -102.000    320.000   0.916346    0.000349   0.082839   0.000466   0.916695   3.666780 
   0.0000000000   -101.000    320.000   0.916343    0.000352   0.082832   0.000473   0.916695   3.666780 
   0.0000000000   -100.000    320.000   0.916341    0.000355   0.082825   0.000480   0.916695   3.666781 
   0.0000000000    -99.000    320.000   0.916338    0.000357   0.082817   0.000487   0.916695   3.666781 
   0.0000000000    -98.000    320.000   0.916336    0.000360   0.082810   0.000495   0.916695   3.666782 
   0.0000000000    -97.000    320.000   0.916333    0.000362   0.082803   0.000502   0.916696   3.666782 
   0.0000000000    -96.000    320.000   0.916331    0.000364   0.082795   0.000509   0.916696   3.666782 
   0.0000000000    -95.000    320.000   0.916329    0.000367   0.082788   0.000517   0.916696   3.666782 
   0.0000000000    -94.000    320.000   0.916327    0.000369   0.082780   0.000524   0.916696   3.666782 
   0.0000000000    -93.000    320.000   0.916325    0.000371   0.082773   0.000531   0.916696   3.666782 
   0.0000000000    -92.000    320.000   0.916323    0.000373   0.082765   0.000539   0.916696   3.666782 
   0.0000000000    -91.000    320.000   0.916321    0.000374   0.082758   0.000546   0.916696   3.666782 
   0.0000000000    -90.000    320.000   0.916319    0.000376   0.082750   0.000554   0.916695   3.666782 
   0.0000000000    -89.000    320.000   0.916318    0.000378   0.082743   0.000562   0.916695   3.666782 
   0.0000000000    -88.000    320.000   0.916316    0.000379   0.082735   0.000569   0.916695   3.666781 
   0.0000000000    -87.000    320.000   0.916314    0.000381   0.082728   0.000577   0.916695   3.666780 
   0.0000000000    -86.000    320.000   0.916313    0.000382   0.082720   0.000585   0.916695   3.666780 
   0.0000000000    -85.000    320.000   0.916312    0.000383   0.082713   0.000593   0.916695   3.666779 
   0.0000000000    -84.000    320.000   0.916310    0.000384   0.082705   0.000601   0.916694   3.666778 
   0.0000000000    -83.000    320.000   0.916309    0.000385   0.082697   0.000608   0.916694   3.666777 
   0.0000000000    -82.000    320.000   0.916308    0.000386   0.082690   0.000616   0.916694   3.666776 
   0.0000000000    -81.000    320.000   0.916306    0.000387   0.082682   0.000624   0.916694   3.666774 
   0.0000000000    -80.000    320.000   0.916305    0.000388   0.082674   0.000632   0.916693   3.666773 
   0.0000000000    -79.000    320.000   0.916304    0.000389   0.082667   0.000640   0.916693   3.666771 
   0.0000000000    -78.000    320.000   0.916303    0.000389   0.082659   0.000649   0.916692   3.666769 
   0.0000000000    -77.000    320.000   0.916302    0.000390   0.082651   0.000657   0.916692   3.666767 
   0.0000000000    -76.000    320.000   0.916301    0.000390   0.082644   0.000665   0.916691   3.666765 
   0.0000000000    -75.000    320.000   0.916300    0.000391   0.082636   0.000673   0.916691   3.666763 
   0.0000000000    -74.000    320.000   0.916299    0.000391   0.082629   0.000681   0.916690   3.666761 
   0.0000000000    -73.000    320.000   0.916298    0.000391   0.082621   0.000690   0.916689   3.666758 
   0.0000000000    -72.000    320.000   0.916297    0.000391   0.082613   0.000698   0.916689   3.666755 
   0.0000000000    -71.000    320.000   0.916296    0.000392   0.082606   0.000706   0.916688   3.666752 
   0.0000000000    -70.000    320.000   0.916296    0.000391   0.082598   0.000715   0.916687   3.666748 
   0.0000000000    -69.000    320.000   0.916295    0.000391   0.082590   0.000723   0.916686   3.666745 
   0.0000000000    -68.000    320.000   0.916294    0.000391   0.082583   0.000732   0.916685   3.666741 
   0.0000000000    -67.000    320.000   0.916293    0.000391   0.082575   0.000740   0.916684   3.666737 
   0.0000000000    -66.000    320.000   0.916292    0.000391   0.082568   0.000749   0.916683   3.666733 
   0.0000000000    -65.000    320.000   0.916292    0.000390   0.082560   0.000758   0.916682   3.666728 
   0.0000000000    -64.000    320.000   0.916291    0.000390   0.082553   0.000766   0.916681   3.666723 
   0.0000000000    -63.000    320.000   0.916290    0.000389   0.082545   0.000775   0.916679   3.666718 
   0.0000000000    -62.000    320.000   0.916289    0.000389   0.082538   0.000784   0.916678   3.666712 
   0.0000000000    -61.000    320.000   0.916288    0.000388   0.082531   0.000793   0.916677   3.666706 
   0.0000000000    -60.000    320.000   0.916288    0.000387   0.082523   0.000801   0.916675   3.666700 
   0.0000000000    -59.000    320.000   0.916287    0.000387   0.082516   0.000810   0.916673   3.666694 
   0.0000000000    -58.000    320.000   0.916286    0.000386   0.082509   0.000819   0.916672   3.666687 
   0.0000000000    -57.000    320.000   0.916285    0.000385   0.082502   0.000828   0.916670   3.666680 
   0.0000000000    -56.000    320.000   0.916284    0.000384   0.082495   0.000837   0.916668   3.666672 
   0.0000000000    -55.000    320.000   0.916283    0.000383   0.082488   0.000846   0.916666   3.666664 
   0.0000000000    -54.000    320.000   0.916282    0.000382   0.082481   0.000855   0.916664   3.666655 
   0.0000000000    -53.000    320.000   0.916281    0.000381   0.082474   0.000865   0.916662   3.666646 
   0.0000000000    -52.000    320.000   0.916279    0.000380   0.082467   0.000874   0.916659   3.666637 
   0.0000000000    -51.000    320.000   0.916278    0.000379   0.082460   0.000883   0.916657   3.666627 
   0.0000000000    -50.000    320.000   0.916277    0.000377   0.082454   0.000892   0.916654   3.666617 
   0.0000000000    -49.000    320.000   0.916275    0.000376   0.082447   0.000901   0.916651   3.666606 
   0.0000000000    -48.000    320.000   0.916274    0.000375   0.082441   0.000911   0.916649   3.666594 
   0.0000000000    -47.000    320.000   0.916272    0.000373   0.082434   0.000920   0.916646   3.666582 
   0.0000000000    -46.000    320.000   0.916270    0.000372   0.082428   0.000930   0.916642   3.666570 
   0.0000000000    -45.000    320.000   0.916269    0.000370   0.082422   0.000939   0.916639   3.666556 
   0.0000000000    -44.000    320.000   0.916267    0.000369   0.082416   0.000949   0.916636   3.666543 
   0.0000000000    -43.000    320.000   0.916265    0.000367   0.082410   0.000958   0.916632   3.666528 
   0.0000000000    -42.000    320.000   0.916262    0.000366   0.082404   0.000968   0.916628   3.666513 
   0.0000000000    -41.000    320.000   0.916260    0.000364   0.082399   0.000977   0.916624   3.666497 
   0.0000000000    -40.000    320.000   0.916258    0.000363   0.082393   0.000987   0.916620   3.666481 
   0.0000000000    -39.000    320.000   0.916255    0.000361   0.082388   0.000997   0.916616   3.666463 
   0.0000000000    -38.000    320.000   0.916252    0.000359   0.082382   0.001006   0.916611   3.666445 
   0.0000000000    -37.000    320.000   0.916249    0.000358   0.082377   0.001016   0.916607   3.666426 
   0.0000000000    -36.000    320.000   0.916246    0.000356   0.082373   0.001026   0.916602   3.666407 
   0.0000000000    -35.000    320.000   0.916243    0.000354   0.082368   0.001036   0.916597   3.666386 
   0.0000000000    -34.000    320.000   0.916239    0.000352   0.082363   0.001045   0.916591   3.666365 
   0.0000000000    -33.000    320.000   0.916235    0.000350   0.082359   0.001055   0.916586   3.666343 
   0.0000000000    -32.000    320.000   0.916231    0.000348   0.082355   0.001065   0.916580   3.666320 
   0.0000000000    -31.000    320.000   0.916227    0.000347   0.082351   0.001075   0.916574   3.666295 
   0.0000000000    -30.000    320.000   0.916223    0.000345   0.082347   0.001085   0.916568   3.666270 
   0.0000000000    -29.000    320.000   0.916218    0.000343   0.082344   0.001095   0.916561   3.666244 
   0.0000000000    -28.000    320.000   0.916213    0.000341   0.082340   0.001106   0.916554   3.666217 
   0.0000000000    -27.000    320.000   0.916208    0.000339   0.082337   0.001116   0.916547   3.666189 
   0.0000000000    -26.000    320.000   0.916203    0.000337   0.082334   0.001126   0.916540   3.666159 
   0.0000000000    -25.000    320.000   0.916197    0.000335   0.082332   0.001136   0.916532   3.666129 
   0.0000000000    -24.000    320.000   0.916191    0.000333   0.082329   0.001146   0.916524   3.666097 
   0.0000000000    -23.000    320.000   0.916185    0.000331   0.082327   0.001157   0.916516   3.666064 
   0.0000000000    -22.000    320.000   0.916179    0.000329   0.082326   0.001167   0.916508   3.666030 
   0.0000000000    -21.000    320.000   0.916172    0.000327   0.082324   0.001177   0.916499   3.665995 
   0.0000000000    -20.000    320.000   0.916165    0.000325   0.082323   0.001188   0.916489   3.665958 
   0.0000000000    -19.000    320.000   0.916157    0.000323   0.082322   0.001198   0.916480   3.665920 
   0.0000000000    -18.000    320.000   0.916150    0.000321   0.082321   0.001209   0.916470   3.665880 
   0.0000000000    -17.000    320.000   0.916141    0.000318   0.082321   0.001219   0.916460   3.665839 
   0.0000000000    -16.000    320.000   0.916133    0.000316   0.082321   0.001230   0.916449   3.665797 
   0.0000000000    -15.000    320.000   0.916124    0.000314   0.082322   0.001240   0.916438   3.665753 
   0.0000000000    -14.000    320.000   0.916115    0.000312   0.082322   0.001251   0.916427   3.665707 
   0.0000000000    -13.000    320.000   0.916105    0.000310   0.082323   0.001262   0.916415   3.665660 
   0.0000000000    -12.000    320.000   0.916095    0.000308   0.082325   0.001272   0.916403   3.665611 
   0.0000000000    -11.000    320.000   0.916084    0.000306   0.082327   0.001283   0.916390   3.665561 
   0.0000000000    -10.000    320.000   0.916074    0.000304   0.082329   0.001294   0.916377   3.665509 
   0.0000000000     -9.000    320.000   0.916062    0.000302   0.082332   0.001305   0.916364   3.665455 
   0.0000000000     -8.000    320.000   0.916050    0.000299   0.082335   0.001315   0.916350   3.665399 
   0.0000000000     -7.000    320.000   0.916038    0.000297   0.082338   0.001326   0.916335   3.665342 
   0.0000000000     -6.000    320.000   0.916025    0.000295   0.082342   0.001337   0.916320   3.665282 
   0.0000000000     -5.000    320.000   0.916012    0.000293   0.082347   0.001348   0.916305   3.665220 
   0.0000000000     -4.000    320.000   0.915998    0.000291   0.082352   0.001359   0.916289   3.665157 
   0.0000000000     -3.000    320.000   0.915984    0.000289   0.082357   0.001370   0.916273   3.665091 
   0.0000000000     -2.000    320.000   0.915969    0.000287   0.082363   0.001381   0.916256   3.665024 
   0.0000000000     -1.000    320.000   0.915954    0.000284   0.082369   0.001392   0.916238   3.664954 
   0.0000000000      0.000    320.000   0.915938    0.000282   0.082376   0.001404   0.916220   3.664882 
   0.0000000000      1.000    320.000   0.915922    0.000280   0.082383   0.001415   0.916202   3.664808 
   0.0000000000      2.000    320.000   0.915905    0.000278   0.082391   0.001426   0.916183   3.664731 
   0.0000000000      3.000    320.000   0.915887    0.000276   0.082400   0.001437   0.916163   3.664652 
   0.0000000000      4.000    320.000   0.915869    0.000274   0.082409   0.001449   0.916143   3.664571 
   0.0000000000      5.000    320.000   0.915850    0.000272   0.082418   0.001460   0.916122   3.664487 
   0.0000000000      6.000    320.000   0.915831    0.000270   0.082428   0.001471   0.916100   3.664401 
   0.0000000000      7.000    320.000   0.915810    0.000267   0.082439   0.001483   0.916078   3.664312 
   0.0000000000      8.000    320.000   0.915790    0.000265   0.082451   0.001494   0.916055   3.664220 
   0.0000000000      9.000    320.000   0.915768    0.000263   0.082463   0.001506   0.916031   3.664126 
   0.0000000000     10.000    320.000   0.915746    0.000261   0.082475   0.001517   0.916007   3.664029 
   0.0000000000     11.000    320.000   0.915723    0.000259   0.082489   0.001529   0.915982   3.663929 
   0.0000000000     12.000    320.000   0.915700    0.000257   0.082503   0.001541   0.915957   3.663826 
   0.0000000000     13.000    320.000   0.915675    0.000255   0.082517   0.001552   0.915930   3.663721 
   0.0000000000     14.000    320.000   0.915650    0.000253   0.082533   0.001564   0.915903   3.663612 
   0.0000000000     15.000    320.000   0.915624    0.000251   0.082549   0.001576   0.915875   3.663501 
   0.0000000000     16.000    320.000   0.915598    0.000249   0.082566   0.001588   0.915846   3.663386 
   0.0000000000     17.000    320.000   0.915570    0.000247   0.082583   0.001600   0.915817   3.663268 
   0.0000000000     18.000    320.000   0.915542    0.000245   0.082602   0.001611   0.915787   3.663147 
   0.0000000000     19.000    320.000   0.915513    0.000243   0.082621   0.001623   0.915756   3.663023 
   0.0000000000     20.000    320.000   0.915483    0.000241   0.082641   0.001635   0.915724   3.662895 
   0.0000000000     21.000    320.000   0.915452    0.000239   0.082662   0.001647   0.915691   3.662764 
   0.0000000000     22.000    320.000   0.915420    0.000237   0.082683   0.001659   0.915657   3.662629 
   0.0000000000     23.000    320.000   0.915388    0.000235   0.082706   0.001671   0.915623   3.662491 
   0.0000000000     24.000    320.000   0.915354    0.000233   0.082729   0.001684   0.915587   3.662349 
   0.0000000000     25.000    320.000   0.915320    0.000231   0.082753   0.001696   0.915551   3.662203 
   0.0000000000     26.000    320.000   0.915285    0.000229   0.082778   0.001708   0.915513   3.662054 
   0.0000000000     27.000    320.000   0.915248    0.000227   0.082804   0.001720   0.915475   3.661901 
   0.0000000000     28.000    320.000   0.915211    0.000225   0.082831   0.001733   0.915436   3.661744 
   0.0000000000     29.000    320.000   0.915173    0.000223   0.082859   0.001745   0.915396   3.661583 
   0.0000000000     30.000    320.000   0.915133    0.000221   0.082888   0.001757   0.915354   3.661417 
   0.0000000000     31.000    320.000   0.915093    0.000219   0.082918   0.001770   0.915312   3.661248 
   0.0000000000     32.000    320.000   0.915051    0.000217   0.082949   0.001782   0.915269   3.661075 
   0.0000000000     33.000    320.000   0.915009    0.000216   0.082981   0.001795   0.915224   3.660897 
   0.0000000000     34.000    320.000   0.914965    0.000214   0.083014   0.001808   0.915179   3.660715 
   0.0000000000     35.000    320.000   0.914920    0.000212   0.083047   0.001820   0.915132   3.660529 
   0.0000000000     36.000    320.000   0.914874    0.000210   0.083082   0.001833   0.915084   3.660338 
   0.0000000000     37.000    320.000   0.914827    0.000208   0.083119   0.001846   0.915036   3.660143 
   0.0000000000     38.000    320.000   0.914779    0.000206   0.083156   0.001859   0.914986   3.659942 
   0.0000000000     39.000    320.000   0.914730    0.000205   0.083194   0.001871   0.914934   3.659738 
   0.0000000000     40.000    320.000   0.914679    0.000203   0.083234   0.001884   0.914882   3.659528 
   0.0000000000     41.000    320.000   0.914627    0.000201   0.083274   0.001897   0.914828   3.659314 
   0.0000000000     42.000    320.000   0.914574    0.000199   0.083316   0.001910   0.914774   3.659094 
   0.0000000000     43.000    320.000   0.914520    0.000197   0.083359   0.001923   0.914717   3.658870 
   0.0000000000     44.000    320.000   0.914464    0.000196   0.083403   0.001937   0.914660   3.658640 
   0.0000000000     45.000    320.000   0.914407    0.000194   0.083449   0.001950   0.914601   3.658406 
   0.0000000000     46.000    320.000   0.914349    0.000192   0.083496   0.001963   0.914541   3.658166 
   0.0000000000     47.000    320.000   0.914290    0.000191   0.083544   0.001976   0.914480   3.657920 
   0.0000000000     48.000    320.000   0.914229    0.000189   0.083593   0.001990   0.914417   3.657669 
   0.0000000000     49.000    320.000   0.914166    0.000187   0.083644   0.002003   0.914353   3.657413 
   0.0000000000     50.000    320.000   0.914102    0.000185   0.083696   0.002017   0.914288   3.657151 
   0.0000000000     51.000    320.000   0.914037    0.000184   0.083749   0.002030   0.914221   3.656884 
   0.0000000000     52.000    320.000   0.913970    0.000182   0.083804   0.002044   0.914153   3.656610 
   0.0000000000     53.000    320.000   0.913902    0.000180   0.083860   0.002057   0.914083   3.656331 
   0.0000000000     54.000    320.000   0.913833    0.000179   0.083918   0.002071   0.914011   3.656046 
   0.0000000000     55.000    320.000   0.913761    0.000177   0.083977   0.002085   0.913939   3.655754 
   0.0000000000     56.000    320.000   0.913689    0.000176   0.084037   0.002099   0.913864   3.655457 
   0.0000000000     57.000    320.000   0.913614    0.000174   0.084099   0.002113   0.913788   3.655153 
   0.0000000000     58.000    320.000   0.913538    0.000172   0.084163   0.002126   0.913711   3.654843 
   0.0000000000     59.000    320.000   0.913461    0.000171   0.084228   0.002140   0.913632   3.654527 
   0.0000000000     60.000    320.000   0.913382    0.000169   0.084294   0.002155   0.913551   3.654204 
   0.0000000000     61.000    320.000   0.913301    0.000168   0.084363   0.002169   0.913469   3.653875 
   0.0000000000     62.000    320.000   0.913218    0.000166   0.084432   0.002183   0.913385   3.653539 
   0.0000000000     63.000    320.000   0.913134    0.000165   0.084504   0.002197   0.913299   3.653196 
   0.0000000000     64.000    320.000   0.913048    0.000163   0.084577   0.002212   0.913212   3.652846 
   0.0000000000     65.000    320.000   0.912961    0.000162   0.084652   0.002226   0.913122   3.652490 
   0.0000000000     66.000    320.000   0.912871    0.000160   0.084728   0.002241   0.913031   3.652126 
   0.0000000000     67.000    320.000   0.912780    0.000159   0.084806   0.002255   0.912939   3.651755 
   0.0000000000     68.000    320.000   0.912687    0.000157   0.084886   0.002270   0.912844   3.651377 
   0.0000000000     69.000    320.000   0.912592    0.000156   0.084968   0.002284   0.912748   3.650991 
   0.0000000000     70.000    320.000   0.912495    0.000154   0.085051   0.002299   0.912650   3.650599 
   0.0000000000     71.000    320.000   0.912397    0.000153   0.085136   0.002314   0.912550   3.650198 
   0.0000000000     72.000    320.000   0.912296    0.000151   0.085223   0.002329   0.912448   3.649790 
   0.0000000000     73.000    320.000   0.912193    0.000150   0.085312   0.002344   0.912344   3.649374 
   0.0000000000     74.000    320.000   0.912089    0.000149   0.085403   0.002359   0.912238   3.648951 
   0.0000000000     75.000    320.000   0.911982    0.000147   0.085496   0.002374   0.912130   3.648519 
   0.0000000000     76.000    320.000   0.911874    0.000146   0.085591   0.002390   0.912020   3.648079 
   0.0000000000     77.000    320.000   0.911763    0.000145   0.085687   0.002405   0.911908   3.647631 
   0.0000000000     78.000    320.000   0.911651    0.000143   0.085786   0.002420   0.911794   3.647175 
   0.0000000000     79.000    320.000   0.911536    0.000142   0.085886   0.002436   0.911678   3.646711 
   0.0000000000     80.000    320.000   0.911419    0.000140   0.085989   0.002452   0.911560   3.646238 
   0.0000000000     81.000    320.000   0.911300    0.000139   0.086094   0.002467   0.911439   3.645757 
   0.0000000000     82.000    320.000   0.911179    0.000138   0.086200   0.002483   0.911317   3.645267 
   0.0000000000     83.000    320.000   0.911055    0.000137   0.086309   0.002499   0.911192   3.644768 
   0.0000000000     84.000    320.000   0.910930    0.000135   0.086420   0.002515   0.911065   3.644260 
   0.0000000000     85.000    320.000   0.910802    0.000134   0.086533   0.002531   0.910936   3.643743 
   0.0000000000     86.000    320.000   0.910672    0.000133   0.086649   0.002547   0.910804   3.643217 
   0.0000000000     87.000    320.000   0.910539    0.000131   0.086766   0.002563   0.910671   3.642682 
   0.0000000000     88.000    320.000   0.910404    0.000130   0.086886   0.002580   0.910534   3.642138 
   0.0000000000     89.000    320.000   0.910267    0.000129   0.087008   0.002596   0.910396   3.641584 
   0.0000000000     90.000    320.000   0.910127    0.000128   0.087132   0.002613   0.910255   3.641020 
   0.0000000000     91.000    320.000   0.909985    0.000126   0.087259   0.002629   0.910112   3.640447 
   0.0000000000     92.000    320.000   0.909841    0.000125   0.087388   0.002646   0.909966   3.639865 
   0.0000000000     93.000    320.000   0.909694    0.000124   0.087519   0.002663   0.909818   3.639272 
   0.0000000000     94.000    320.000   0.909544    0.000123   0.087653   0.002680   0.909667   3.638669 
   0.0000000000     95.000    320.000   0.909392    0.000122   0.087789   0.002697   0.909514   3.638056 
   0.0000000000     96.000    320.000   0.909238    0.000121   0.087928   0.002714   0.909358   3.637433 
   0.0000000000     97.000    320.000   0.909081    0.000119   0.088069   0.002731   0.909200   3.636799 
   0.0000000000     98.000    320.000   0.908921    0.000118   0.088213   0.002749   0.909039   3.636155 
   0.0000000000     99.000    320.000   0.908758    0.000117   0.088359   0.002766   0.908875   3.635501 
   0.0000000000    100.000    320.000   0.908593    0.000116   0.088507   0.002784   0.908709   3.634836 
   0.0000000000    101.000    320.000   0.908425    0.000115   0.088659   0.002801   0.908540   3.634159 
   0.0000000000    102.000    320.000   0.908254    0.000114   0.088813   0.002819   0.908368   3.633472 
   0.0000000000    103.000    320.000   0.908081    0.000113   0.088969   0.002837   0.908194   3.632774 
   0.0000000000    104.000    320.000   0.907905    0.000111   0.089129   0.002855   0.908016   3.632065 
   0.0000000000    105.000    320.000   0.907726    0.000110   0.089291   0.002873   0.907836   3.631344 
   0.0000000000    106.000    320.000   0.907544    0.000109   0.089455   0.002892   0.907653   3.630612 
   0.0000000000    107.000    320.000   0.907359    0.000108   0.089623   0.002910   0.907467   3.629868 
   0.0000000000    108.000    320.000   0.907171    0.000107   0.089793   0.002929   0.907278   3.629112 
   0.0000000000    109.000    320.000   0.906980    0.000106   0.089966   0.002947   0.907086   3.628345 
   0.0000000000    110.000    320.000   0.906786    0.000105   0.090142   0.002966   0.906891   3.627566 
   0.0000000000    111.000    320.000   0.906590    0.000104   0.090321   0.002985   0.906694   3.626774 
   0.0000000000    112.000    320.000   0.906390    0.000103   0.090503   0.003004   0.906493   3.625971 
   0.0000000000    113.000    320.000   0.906187    0.000102   0.090688   0.003023   0.906289   3.625155 
   0.0000000000    114.000    320.000   0.905981    0.000101   0.090876   0.003043   0.906082   3.624326 
   0.0000000000    115.000    320.000   0.905771    0.000100   0.091067   0.003062   0.905871   3.623485 
   0.0000000000    116.000    320.000   0.905559    0.000099   0.091260   0.003082   0.905658   3.622631 
   0.0000000000    117.000    320.000   0.905343    0.000098   0.091457   0.003101   0.905441   3.621765 
   0.0000000000    118.000    320.000   0.905124    0.000097   0.091657   0.003121   0.905221   3.620885 
   0.0000000000    119.000    320.000   0.904902    0.000096   0.091861   0.003141   0.904998   3.619992 
   0.0000000000    120.000    320.000   0.904676    0.000095   0.092067   0.003162   0.904771   3.619086 
   0.0000000000    121.000    320.000   0.904447    0.000094   0.092276   0.003182   0.904542   3.618166 
   0.0000000000    122.000    320.000   0.904215    0.000093   0.092489   0.003202   0.904308   3.617233 
   0.0000000000    123.000    320.000   0.903979    0.000092   0.092705   0.003223   0.904072   3.616286 
   0.0000000000    124.000    320.000   0.903740    0.000091   0.092925   0.003244   0.903831   3.615325 
   0.0000000000    125.000    320.000   0.903497    0.000090   0.093148   0.003265   0.903588   3.614351 
   0.0000000000    126.000    320.000   0.903251    0.000089   0.093374   0.003286   0.903340   3.613362 
