#solute size.    Temp(C) Press(Mpa)        fHB          fS        fLJ         fO        xHB        nHB 
   0.0000000000   -173.000    150.000   0.000081    0.999912   0.000007   0.000000   0.999993   3.999971 
   0.0000000000   -172.000    150.000   0.000096    0.999895   0.000009   0.000000   0.999991   3.999965 
   0.0000000000   -171.000    150.000   0.000114    0.999875   0.000010   0.000000   0.999990   3.999958 
   0.0000000000   -170.000    150.000   0.000135    0.999852   0.000012   0.000000   0.999988   3.999951 
   0.0000000000   -169.000    150.000   0.000160    0.999826   0.000015   0.000000   0.999985   3.999942 
   0.0000000000   -168.000    150.000   0.000188    0.999795   0.000017   0.000000   0.999983   3.999932 
   0.0000000000   -167.000    150.000   0.000221    0.999759   0.000020   0.000000   0.999980   3.999920 
   0.0000000000   -166.000    150.000   0.000259    0.999718   0.000024   0.000000   0.999976   3.999906 
   0.0000000000   -165.000    150.000   0.000302    0.999670   0.000027   0.000000   0.999973   3.999890 
   0.0000000000   -164.000    150.000   0.000352    0.999616   0.000032   0.000000   0.999968   3.999872 
   0.0000000000   -163.000    150.000   0.000410    0.999553   0.000037   0.000000   0.999963   3.999851 
   0.0000000000   -162.000    150.000   0.000475    0.999481   0.000043   0.000000   0.999957   3.999827 
   0.0000000000   -161.000    150.000   0.000551    0.999399   0.000050   0.000000   0.999950   3.999800 
   0.0000000000   -160.000    150.000   0.000636    0.999306   0.000058   0.000000   0.999942   3.999769 
   0.0000000000   -159.000    150.000   0.000734    0.999200   0.000067   0.000000   0.999933   3.999733 
   0.0000000000   -158.000    150.000   0.000844    0.999079   0.000077   0.000000   0.999923   3.999693 
   0.0000000000   -157.000    150.000   0.000970    0.998942   0.000088   0.000000   0.999912   3.999647 
   0.0000000000   -156.000    150.000   0.001112    0.998787   0.000101   0.000000   0.999899   3.999596 
   0.0000000000   -155.000    150.000   0.001272    0.998612   0.000116   0.000000   0.999884   3.999537 
   0.0000000000   -154.000    150.000   0.001453    0.998414   0.000132   0.000000   0.999868   3.999471 
   0.0000000000   -153.000    150.000   0.001657    0.998192   0.000151   0.000000   0.999849   3.999397 
   0.0000000000   -152.000    150.000   0.001887    0.997942   0.000172   0.000000   0.999828   3.999314 
   0.0000000000   -151.000    150.000   0.002144    0.997661   0.000195   0.000000   0.999805   3.999220 
   0.0000000000   -150.000    150.000   0.002433    0.997346   0.000221   0.000000   0.999779   3.999115 
   0.0000000000   -149.000    150.000   0.002757    0.996993   0.000251   0.000000   0.999749   3.998998 
   0.0000000000   -148.000    150.000   0.003118    0.996598   0.000283   0.000000   0.999717   3.998866 
   0.0000000000   -147.000    150.000   0.003522    0.996158   0.000320   0.000000   0.999680   3.998719 
   0.0000000000   -146.000    150.000   0.003972    0.995666   0.000361   0.000000   0.999639   3.998555 
   0.0000000000   -145.000    150.000   0.004474    0.995119   0.000407   0.000000   0.999593   3.998373 
   0.0000000000   -144.000    150.000   0.005032    0.994510   0.000457   0.000000   0.999543   3.998170 
   0.0000000000   -143.000    150.000   0.005652    0.993834   0.000514   0.000000   0.999486   3.997945 
   0.0000000000   -142.000    150.000   0.006341    0.993083   0.000576   0.000000   0.999424   3.997694 
   0.0000000000   -141.000    150.000   0.007104    0.992250   0.000646   0.000000   0.999354   3.997417 
   0.0000000000   -140.000    150.000   0.007949    0.991328   0.000723   0.000000   0.999277   3.997109 
   0.0000000000   -139.000    150.000   0.008885    0.990307   0.000808   0.000000   0.999192   3.996769 
   0.0000000000   -138.000    150.000   0.009919    0.989179   0.000902   0.000000   0.999098   3.996393 
   0.0000000000   -137.000    150.000   0.011061    0.987933   0.001006   0.000000   0.998994   3.995978 
   0.0000000000   -136.000    150.000   0.012322    0.986558   0.001120   0.000000   0.998880   3.995519 
   0.0000000000   -135.000    150.000   0.013712    0.985042   0.001247   0.000000   0.998753   3.995014 
   0.0000000000   -134.000    150.000   0.015243    0.983371   0.001386   0.000000   0.998614   3.994457 
   0.0000000000   -133.000    150.000   0.016929    0.981532   0.001539   0.000000   0.998461   3.993844 
   0.0000000000   -132.000    150.000   0.018784    0.979508   0.001708   0.000000   0.998292   3.993169 
   0.0000000000   -131.000    150.000   0.020824    0.977283   0.001893   0.000000   0.998107   3.992428 
   0.0000000000   -130.000    150.000   0.023066    0.974838   0.002097   0.000000   0.997903   3.991612 
   0.0000000000   -129.000    150.000   0.025527    0.972152   0.002321   0.000000   0.997679   3.990717 
   0.0000000000   -128.000    150.000   0.028230    0.969204   0.002566   0.000000   0.997434   3.989734 
   0.0000000000   -127.000    150.000   0.031197    0.965967   0.002836   0.000000   0.997164   3.988656 
   0.0000000000   -126.000    150.000   0.034451    0.962417   0.003132   0.000000   0.996868   3.987472 
   0.0000000000   -125.000    150.000   0.038019    0.958524   0.003456   0.000000   0.996544   3.986175 
   0.0000000000   -124.000    150.000   0.041932    0.954256   0.003812   0.000000   0.996188   3.984752 
   0.0000000000   -123.000    150.000   0.046221    0.949577   0.004202   0.000000   0.995798   3.983192 
   0.0000000000   -122.000    150.000   0.050924    0.944447   0.004629   0.000000   0.995371   3.981482 
   0.0000000000   -121.000    150.000   0.056079    0.938823   0.005098   0.000000   0.994902   3.979607 
   0.0000000000   -120.000    150.000   0.061732    0.932656   0.005612   0.000000   0.994388   3.977552 
   0.0000000000   -119.000    150.000   0.067935    0.925889   0.006176   0.000000   0.993824   3.975296 
   0.0000000000   -118.000    150.000   0.074738    0.918468   0.006794   0.000000   0.993206   3.972822 
   0.0000000000   -117.000    150.000   0.082206    0.910321   0.007473   0.000000   0.992527   3.970106 
   0.0000000000   -116.000    150.000   0.090409    0.901372   0.008219   0.000000   0.991781   3.967123 
   0.0000000000   -115.000    150.000   0.099434    0.891526   0.009039   0.000000   0.990960   3.963841 
   0.0000000000   -114.000    150.000   0.109362    0.880695   0.009942   0.000000   0.990058   3.960231 
   0.0000000000   -113.000    150.000   0.120303    0.868760   0.010937   0.000000   0.989063   3.956252 
   0.0000000000   -112.000    150.000   0.132388    0.855576   0.012035   0.000000   0.987964   3.951857 
   0.0000000000   -111.000    150.000   0.145745    0.841005   0.013250   0.000000   0.986750   3.947000 
   0.0000000000   -110.000    150.000   0.160562    0.824841   0.014597   0.000001   0.985403   3.941612 
   0.0000000000   -109.000    150.000   0.177018    0.806888   0.016093   0.000001   0.983907   3.935627 
   0.0000000000   -108.000    150.000   0.195388    0.786848   0.017763   0.000001   0.982237   3.928946 
   0.0000000000   -107.000    150.000   0.215957    0.764410   0.019633   0.000001   0.980367   3.921466 
   0.0000000000   -106.000    150.000   0.239097    0.739166   0.021736   0.000001   0.978263   3.913051 
   0.0000000000   -105.000    150.000   0.265272    0.710611   0.024116   0.000001   0.975883   3.903532 
   0.0000000000   -104.000    150.000   0.295097    0.678075   0.026827   0.000002   0.973171   3.892685 
   0.0000000000   -103.000    150.000   0.329270    0.640794   0.029934   0.000002   0.970064   3.880257 
   0.0000000000   -102.000    150.000   0.368664    0.597819   0.033515   0.000003   0.966483   3.865931 
   0.0000000000   -101.000    150.000   0.413995    0.548366   0.037635   0.000003   0.962361   3.849445 
   0.0000000000   -100.000    150.000   0.465252    0.492449   0.042295   0.000004   0.957701   3.830804 
   0.0000000000    -99.000    150.000   0.519959    0.432768   0.047267   0.000006   0.952727   3.810908 
   0.0000000000    -98.000    150.000   0.572544    0.375402   0.052047   0.000007   0.947946   3.791784 
   0.0000000000    -97.000    150.000   0.617666    0.326178   0.056148   0.000009   0.943844   3.775374 
   0.0000000000    -96.000    150.000   0.653917    0.286631   0.059442   0.000010   0.940547   3.762190 
   0.0000000000    -95.000    150.000   0.682659    0.255275   0.062054   0.000012   0.937934   3.751736 
   0.0000000000    -94.000    150.000   0.705708    0.230130   0.064149   0.000013   0.935838   3.743352 
   0.0000000000    -93.000    150.000   0.724635    0.209481   0.065869   0.000015   0.934117   3.736466 
   0.0000000000    -92.000    150.000   0.740432    0.192248   0.067304   0.000016   0.932680   3.730719 
   0.0000000000    -91.000    150.000   0.753886    0.177570   0.068527   0.000017   0.931456   3.725824 
   0.0000000000    -90.000    150.000   0.765486    0.164915   0.069581   0.000019   0.930401   3.721603 
   0.0000000000    -89.000    150.000   0.775645    0.153831   0.070504   0.000020   0.929476   3.717905 
   0.0000000000    -88.000    150.000   0.784639    0.144019   0.071321   0.000021   0.928658   3.714631 
   0.0000000000    -87.000    150.000   0.792647    0.135282   0.072049   0.000023   0.927929   3.711716 
   0.0000000000    -86.000    150.000   0.799844    0.127430   0.072703   0.000024   0.927274   3.709094 
   0.0000000000    -85.000    150.000   0.806367    0.120313   0.073295   0.000025   0.926680   3.706718 
   0.0000000000    -84.000    150.000   0.812294    0.113846   0.073834   0.000026   0.926140   3.704558 
   0.0000000000    -83.000    150.000   0.817724    0.107921   0.074327   0.000028   0.925645   3.702579 
   0.0000000000    -82.000    150.000   0.822706    0.102484   0.074780   0.000029   0.925190   3.700762 
   0.0000000000    -81.000    150.000   0.827309    0.097461   0.075199   0.000030   0.924771   3.699083 
   0.0000000000    -80.000    150.000   0.831564    0.092818   0.075586   0.000032   0.924382   3.697530 
   0.0000000000    -79.000    150.000   0.835523    0.088498   0.075946   0.000033   0.924021   3.696084 
   0.0000000000    -78.000    150.000   0.839209    0.084476   0.076281   0.000035   0.923684   3.694737 
   0.0000000000    -77.000    150.000   0.842645    0.080725   0.076594   0.000036   0.923370   3.693480 
   0.0000000000    -76.000    150.000   0.845867    0.077208   0.076887   0.000037   0.923075   3.692301 
   0.0000000000    -75.000    150.000   0.848889    0.073909   0.077163   0.000039   0.922798   3.691194 
   0.0000000000    -74.000    150.000   0.851729    0.070809   0.077422   0.000040   0.922538   3.690153 
   0.0000000000    -73.000    150.000   0.854399    0.067895   0.077665   0.000042   0.922293   3.689173 
   0.0000000000    -72.000    150.000   0.856921    0.065141   0.077895   0.000043   0.922062   3.688247 
   0.0000000000    -71.000    150.000   0.859302    0.062540   0.078113   0.000045   0.921843   3.687370 
   0.0000000000    -70.000    150.000   0.861555    0.060080   0.078319   0.000046   0.921635   3.686541 
   0.0000000000    -69.000    150.000   0.863688    0.057751   0.078514   0.000048   0.921438   3.685754 
   0.0000000000    -68.000    150.000   0.865710    0.055541   0.078699   0.000049   0.921252   3.685007 
   0.0000000000    -67.000    150.000   0.867627    0.053447   0.078875   0.000051   0.921074   3.684297 
   0.0000000000    -66.000    150.000   0.869452    0.051453   0.079042   0.000052   0.920905   3.683620 
   0.0000000000    -65.000    150.000   0.871187    0.049556   0.079202   0.000054   0.920744   3.682975 
   0.0000000000    -64.000    150.000   0.872839    0.047751   0.079354   0.000056   0.920590   3.682360 
   0.0000000000    -63.000    150.000   0.874413    0.046030   0.079500   0.000057   0.920443   3.681772 
   0.0000000000    -62.000    150.000   0.875914    0.044388   0.079638   0.000059   0.920302   3.681210 
   0.0000000000    -61.000    150.000   0.877347    0.042821   0.079771   0.000061   0.920168   3.680672 
   0.0000000000    -60.000    150.000   0.878715    0.041324   0.079898   0.000063   0.920039   3.680157 
   0.0000000000    -59.000    150.000   0.880020    0.039895   0.080020   0.000064   0.919916   3.679663 
   0.0000000000    -58.000    150.000   0.881271    0.038526   0.080137   0.000066   0.919797   3.679188 
   0.0000000000    -57.000    150.000   0.882467    0.037216   0.080249   0.000068   0.919683   3.678732 
   0.0000000000    -56.000    150.000   0.883612    0.035962   0.080357   0.000070   0.919574   3.678294 
   0.0000000000    -55.000    150.000   0.884709    0.034759   0.080460   0.000072   0.919468   3.677872 
   0.0000000000    -54.000    150.000   0.885760    0.033607   0.080560   0.000073   0.919367   3.677466 
   0.0000000000    -53.000    150.000   0.886768    0.032501   0.080656   0.000075   0.919269   3.677074 
   0.0000000000    -52.000    150.000   0.887734    0.031440   0.080749   0.000077   0.919174   3.676697 
   0.0000000000    -51.000    150.000   0.888662    0.030421   0.080838   0.000079   0.919083   3.676332 
   0.0000000000    -50.000    150.000   0.889552    0.029443   0.080924   0.000081   0.918995   3.675979 
   0.0000000000    -49.000    150.000   0.890407    0.028503   0.081007   0.000083   0.918909   3.675638 
   0.0000000000    -48.000    150.000   0.891228    0.027599   0.081088   0.000085   0.918827   3.675307 
   0.0000000000    -47.000    150.000   0.892017    0.026729   0.081166   0.000087   0.918747   3.674987 
   0.0000000000    -46.000    150.000   0.892776    0.025893   0.081242   0.000089   0.918669   3.674677 
   0.0000000000    -45.000    150.000   0.893505    0.025089   0.081315   0.000091   0.918594   3.674376 
   0.0000000000    -44.000    150.000   0.894207    0.024314   0.081386   0.000093   0.918521   3.674083 
   0.0000000000    -43.000    150.000   0.894882    0.023568   0.081455   0.000096   0.918450   3.673798 
   0.0000000000    -42.000    150.000   0.895531    0.022849   0.081522   0.000098   0.918380   3.673521 
   0.0000000000    -41.000    150.000   0.896157    0.022156   0.081587   0.000100   0.918313   3.673251 
   0.0000000000    -40.000    150.000   0.896759    0.021488   0.081651   0.000102   0.918247   3.672987 
   0.0000000000    -39.000    150.000   0.897338    0.020844   0.081713   0.000105   0.918183   3.672730 
   0.0000000000    -38.000    150.000   0.897896    0.020223   0.081773   0.000107   0.918120   3.672479 
   0.0000000000    -37.000    150.000   0.898434    0.019624   0.081833   0.000109   0.918058   3.672233 
   0.0000000000    -36.000    150.000   0.898952    0.019046   0.081890   0.000111   0.917998   3.671993 
   0.0000000000    -35.000    150.000   0.899451    0.018488   0.081947   0.000114   0.917939   3.671757 
   0.0000000000    -34.000    150.000   0.899932    0.017949   0.082002   0.000116   0.917881   3.671526 
   0.0000000000    -33.000    150.000   0.900395    0.017429   0.082057   0.000119   0.917825   3.671298 
   0.0000000000    -32.000    150.000   0.900842    0.016927   0.082110   0.000121   0.917769   3.671075 
   0.0000000000    -31.000    150.000   0.901273    0.016441   0.082163   0.000124   0.917714   3.670855 
   0.0000000000    -30.000    150.000   0.901688    0.015972   0.082214   0.000126   0.917660   3.670638 
   0.0000000000    -29.000    150.000   0.902088    0.015519   0.082265   0.000129   0.917606   3.670425 
   0.0000000000    -28.000    150.000   0.902473    0.015080   0.082315   0.000131   0.917553   3.670214 
   0.0000000000    -27.000    150.000   0.902845    0.014656   0.082365   0.000134   0.917501   3.670005 
   0.0000000000    -26.000    150.000   0.903203    0.014246   0.082414   0.000137   0.917450   3.669799 
   0.0000000000    -25.000    150.000   0.903549    0.013850   0.082462   0.000139   0.917399   3.669594 
   0.0000000000    -24.000    150.000   0.903882    0.013466   0.082510   0.000142   0.917348   3.669392 
   0.0000000000    -23.000    150.000   0.904203    0.013095   0.082558   0.000145   0.917298   3.669190 
   0.0000000000    -22.000    150.000   0.904512    0.012736   0.082605   0.000147   0.917248   3.668990 
   0.0000000000    -21.000    150.000   0.904810    0.012388   0.082652   0.000150   0.917198   3.668791 
   0.0000000000    -20.000    150.000   0.905097    0.012051   0.082699   0.000153   0.917148   3.668593 
   0.0000000000    -19.000    150.000   0.905374    0.011725   0.082745   0.000156   0.917099   3.668395 
   0.0000000000    -18.000    150.000   0.905640    0.011409   0.082792   0.000159   0.917050   3.668198 
   0.0000000000    -17.000    150.000   0.905897    0.011103   0.082838   0.000162   0.917000   3.668001 
   0.0000000000    -16.000    150.000   0.906144    0.010807   0.082884   0.000165   0.916951   3.667804 
   0.0000000000    -15.000    150.000   0.906382    0.010520   0.082931   0.000168   0.916902   3.667607 
   0.0000000000    -14.000    150.000   0.906611    0.010242   0.082977   0.000171   0.916852   3.667409 
   0.0000000000    -13.000    150.000   0.906831    0.009972   0.083024   0.000174   0.916803   3.667211 
   0.0000000000    -12.000    150.000   0.907043    0.009710   0.083070   0.000177   0.916753   3.667012 
   0.0000000000    -11.000    150.000   0.907246    0.009457   0.083117   0.000180   0.916703   3.666812 
   0.0000000000    -10.000    150.000   0.907442    0.009211   0.083164   0.000183   0.916653   3.666611 
   0.0000000000     -9.000    150.000   0.907630    0.008972   0.083212   0.000186   0.916602   3.666408 
   0.0000000000     -8.000    150.000   0.907810    0.008741   0.083260   0.000189   0.916551   3.666205 
   0.0000000000     -7.000    150.000   0.907984    0.008516   0.083308   0.000193   0.916500   3.665999 
   0.0000000000     -6.000    150.000   0.908149    0.008298   0.083356   0.000196   0.916448   3.665792 
   0.0000000000     -5.000    150.000   0.908309    0.008087   0.083405   0.000199   0.916396   3.665583 
   0.0000000000     -4.000    150.000   0.908461    0.007882   0.083455   0.000202   0.916343   3.665371 
   0.0000000000     -3.000    150.000   0.908606    0.007683   0.083505   0.000206   0.916289   3.665158 
   0.0000000000     -2.000    150.000   0.908746    0.007490   0.083555   0.000209   0.916235   3.664942 
   0.0000000000     -1.000    150.000   0.908879    0.007302   0.083606   0.000213   0.916181   3.664723 
   0.0000000000      0.000    150.000   0.909006    0.007120   0.083658   0.000216   0.916125   3.664502 
   0.0000000000      1.000    150.000   0.909127    0.006943   0.083711   0.000220   0.916069   3.664277 
   0.0000000000      2.000    150.000   0.909242    0.006771   0.083764   0.000223   0.916013   3.664050 
   0.0000000000      3.000    150.000   0.909351    0.006604   0.083818   0.000227   0.915955   3.663820 
   0.0000000000      4.000    150.000   0.909455    0.006442   0.083873   0.000230   0.915896   3.663586 
   0.0000000000      5.000    150.000   0.909553    0.006284   0.083929   0.000234   0.915837   3.663348 
   0.0000000000      6.000    150.000   0.909646    0.006131   0.083985   0.000238   0.915777   3.663107 
   0.0000000000      7.000    150.000   0.909733    0.005982   0.084043   0.000242   0.915716   3.662862 
   0.0000000000      8.000    150.000   0.909816    0.005837   0.084101   0.000245   0.915653   3.662613 
   0.0000000000      9.000    150.000   0.909893    0.005697   0.084161   0.000249   0.915590   3.662360 
   0.0000000000     10.000    150.000   0.909966    0.005560   0.084221   0.000253   0.915526   3.662103 
   0.0000000000     11.000    150.000   0.910033    0.005427   0.084283   0.000257   0.915460   3.661841 
   0.0000000000     12.000    150.000   0.910096    0.005298   0.084346   0.000261   0.915394   3.661575 
   0.0000000000     13.000    150.000   0.910154    0.005172   0.084409   0.000265   0.915326   3.661304 
   0.0000000000     14.000    150.000   0.910207    0.005050   0.084474   0.000269   0.915257   3.661028 
   0.0000000000     15.000    150.000   0.910256    0.004931   0.084541   0.000273   0.915187   3.660747 
   0.0000000000     16.000    150.000   0.910300    0.004815   0.084608   0.000277   0.915115   3.660461 
   0.0000000000     17.000    150.000   0.910340    0.004702   0.084677   0.000281   0.915042   3.660169 
   0.0000000000     18.000    150.000   0.910375    0.004593   0.084747   0.000285   0.914968   3.659873 
   0.0000000000     19.000    150.000   0.910407    0.004486   0.084818   0.000289   0.914893   3.659570 
   0.0000000000     20.000    150.000   0.910433    0.004382   0.084891   0.000294   0.914816   3.659262 
   0.0000000000     21.000    150.000   0.910456    0.004281   0.084965   0.000298   0.914737   3.658948 
   0.0000000000     22.000    150.000   0.910474    0.004183   0.085041   0.000302   0.914657   3.658628 
   0.0000000000     23.000    150.000   0.910489    0.004087   0.085118   0.000307   0.914575   3.658302 
   0.0000000000     24.000    150.000   0.910499    0.003994   0.085197   0.000311   0.914492   3.657969 
   0.0000000000     25.000    150.000   0.910505    0.003903   0.085277   0.000315   0.914408   3.657630 
   0.0000000000     26.000    150.000   0.910507    0.003814   0.085359   0.000320   0.914321   3.657285 
   0.0000000000     27.000    150.000   0.910505    0.003728   0.085443   0.000324   0.914233   3.656932 
   0.0000000000     28.000    150.000   0.910499    0.003644   0.085528   0.000329   0.914143   3.656573 
   0.0000000000     29.000    150.000   0.910489    0.003562   0.085615   0.000334   0.914052   3.656206 
   0.0000000000     30.000    150.000   0.910476    0.003483   0.085704   0.000338   0.913958   3.655833 
   0.0000000000     31.000    150.000   0.910458    0.003405   0.085794   0.000343   0.913863   3.655452 
   0.0000000000     32.000    150.000   0.910436    0.003329   0.085886   0.000348   0.913766   3.655063 
   0.0000000000     33.000    150.000   0.910411    0.003256   0.085981   0.000352   0.913667   3.654667 
   0.0000000000     34.000    150.000   0.910382    0.003184   0.086077   0.000357   0.913566   3.654263 
   0.0000000000     35.000    150.000   0.910349    0.003114   0.086175   0.000362   0.913463   3.653851 
   0.0000000000     36.000    150.000   0.910313    0.003045   0.086275   0.000367   0.913358   3.653431 
   0.0000000000     37.000    150.000   0.910272    0.002979   0.086377   0.000372   0.913251   3.653003 
   0.0000000000     38.000    150.000   0.910228    0.002914   0.086481   0.000377   0.913142   3.652566 
   0.0000000000     39.000    150.000   0.910180    0.002850   0.086588   0.000382   0.913030   3.652121 
   0.0000000000     40.000    150.000   0.910128    0.002789   0.086696   0.000387   0.912917   3.651667 
   0.0000000000     41.000    150.000   0.910073    0.002728   0.086807   0.000392   0.912801   3.651204 
   0.0000000000     42.000    150.000   0.910013    0.002670   0.086919   0.000398   0.912683   3.650732 
   0.0000000000     43.000    150.000   0.909950    0.002612   0.087034   0.000403   0.912563   3.650250 
   0.0000000000     44.000    150.000   0.909884    0.002556   0.087152   0.000408   0.912440   3.649760 
   0.0000000000     45.000    150.000   0.909813    0.002502   0.087271   0.000414   0.912315   3.649260 
   0.0000000000     46.000    150.000   0.909739    0.002448   0.087393   0.000419   0.912187   3.648750 
   0.0000000000     47.000    150.000   0.909661    0.002396   0.087518   0.000425   0.912058   3.648230 
   0.0000000000     48.000    150.000   0.909579    0.002346   0.087645   0.000430   0.911925   3.647701 
   0.0000000000     49.000    150.000   0.909494    0.002296   0.087774   0.000436   0.911790   3.647161 
   0.0000000000     50.000    150.000   0.909405    0.002248   0.087906   0.000441   0.911653   3.646611 
   0.0000000000     51.000    150.000   0.909312    0.002201   0.088040   0.000447   0.911512   3.646050 
   0.0000000000     52.000    150.000   0.909215    0.002154   0.088178   0.000453   0.911370   3.645479 
   0.0000000000     53.000    150.000   0.909115    0.002109   0.088317   0.000459   0.911224   3.644897 
   0.0000000000     54.000    150.000   0.909010    0.002066   0.088460   0.000464   0.911076   3.644303 
   0.0000000000     55.000    150.000   0.908902    0.002023   0.088605   0.000470   0.910925   3.643699 
   0.0000000000     56.000    150.000   0.908790    0.001981   0.088753   0.000476   0.910771   3.643084 
   0.0000000000     57.000    150.000   0.908674    0.001940   0.088904   0.000482   0.910614   3.642456 
   0.0000000000     58.000    150.000   0.908555    0.001900   0.089057   0.000488   0.910454   3.641818 
   0.0000000000     59.000    150.000   0.908431    0.001861   0.089214   0.000495   0.910292   3.641167 
   0.0000000000     60.000    150.000   0.908304    0.001822   0.089373   0.000501   0.910126   3.640504 
   0.0000000000     61.000    150.000   0.908172    0.001785   0.089536   0.000507   0.909957   3.639830 
   0.0000000000     62.000    150.000   0.908037    0.001749   0.089701   0.000513   0.909786   3.639142 
   0.0000000000     63.000    150.000   0.907898    0.001713   0.089870   0.000520   0.909611   3.638443 
   0.0000000000     64.000    150.000   0.907754    0.001678   0.090041   0.000526   0.909433   3.637730 
   0.0000000000     65.000    150.000   0.907607    0.001644   0.090216   0.000533   0.909251   3.637005 
   0.0000000000     66.000    150.000   0.907456    0.001611   0.090394   0.000539   0.909067   3.636266 
   0.0000000000     67.000    150.000   0.907300    0.001578   0.090575   0.000546   0.908879   3.635515 
   0.0000000000     68.000    150.000   0.907141    0.001547   0.090760   0.000553   0.908687   3.634749 
   0.0000000000     69.000    150.000   0.906977    0.001516   0.090948   0.000559   0.908493   3.633971 
   0.0000000000     70.000    150.000   0.906809    0.001485   0.091139   0.000566   0.908294   3.633178 
   0.0000000000     71.000    150.000   0.906637    0.001455   0.091334   0.000573   0.908093   3.632371 
   0.0000000000     72.000    150.000   0.906461    0.001426   0.091532   0.000580   0.907888   3.631550 
   0.0000000000     73.000    150.000   0.906281    0.001398   0.091734   0.000587   0.907679   3.630715 
   0.0000000000     74.000    150.000   0.906096    0.001370   0.091939   0.000594   0.907466   3.629865 
   0.0000000000     75.000    150.000   0.905907    0.001343   0.092148   0.000602   0.907250   3.629001 
   0.0000000000     76.000    150.000   0.905714    0.001316   0.092361   0.000609   0.907030   3.628121 
   0.0000000000     77.000    150.000   0.905516    0.001290   0.092577   0.000616   0.906807   3.627227 
   0.0000000000     78.000    150.000   0.905314    0.001265   0.092797   0.000624   0.906579   3.626317 
   0.0000000000     79.000    150.000   0.905108    0.001240   0.093021   0.000631   0.906348   3.625391 
   0.0000000000     80.000    150.000   0.904897    0.001215   0.093249   0.000639   0.906112   3.624449 
   0.0000000000     81.000    150.000   0.904682    0.001192   0.093481   0.000646   0.905873   3.623492 
   0.0000000000     82.000    150.000   0.904461    0.001168   0.093716   0.000654   0.905630   3.622519 
   0.0000000000     83.000    150.000   0.904237    0.001145   0.093956   0.000662   0.905382   3.621529 
   0.0000000000     84.000    150.000   0.904008    0.001123   0.094200   0.000670   0.905131   3.620522 
   0.0000000000     85.000    150.000   0.903774    0.001101   0.094448   0.000678   0.904875   3.619499 
   0.0000000000     86.000    150.000   0.903535    0.001080   0.094700   0.000686   0.904615   3.618459 
   0.0000000000     87.000    150.000   0.903292    0.001059   0.094956   0.000694   0.904350   3.617401 
   0.0000000000     88.000    150.000   0.903044    0.001038   0.095216   0.000702   0.904082   3.616327 
   0.0000000000     89.000    150.000   0.902791    0.001018   0.095481   0.000710   0.903809   3.615234 
   0.0000000000     90.000    150.000   0.902533    0.000998   0.095750   0.000719   0.903531   3.614124 
   0.0000000000     91.000    150.000   0.902270    0.000979   0.096024   0.000727   0.903249   3.612995 
   0.0000000000     92.000    150.000   0.902002    0.000960   0.096302   0.000736   0.902962   3.611849 
   0.0000000000     93.000    150.000   0.901730    0.000941   0.096585   0.000744   0.902671   3.610684 
   0.0000000000     94.000    150.000   0.901452    0.000923   0.096872   0.000753   0.902375   3.609500 
   0.0000000000     95.000    150.000   0.901169    0.000905   0.097164   0.000762   0.902074   3.608297 
   0.0000000000     96.000    150.000   0.900881    0.000888   0.097460   0.000771   0.901769   3.607075 
   0.0000000000     97.000    150.000   0.900587    0.000871   0.097762   0.000780   0.901458   3.605833 
   0.0000000000     98.000    150.000   0.900289    0.000854   0.098068   0.000789   0.901143   3.604572 
   0.0000000000     99.000    150.000   0.899985    0.000838   0.098379   0.000798   0.900823   3.603291 
   0.0000000000    100.000    150.000   0.899676    0.000822   0.098695   0.000808   0.900498   3.601990 
   0.0000000000    101.000    150.000   0.899361    0.000806   0.099016   0.000817   0.900167   3.600669 
   0.0000000000    102.000    150.000   0.899041    0.000791   0.099342   0.000827   0.899832   3.599327 
   0.0000000000    103.000    150.000   0.898716    0.000775   0.099673   0.000836   0.899491   3.597964 
   0.0000000000    104.000    150.000   0.898384    0.000761   0.100009   0.000846   0.899145   3.596580 
   0.0000000000    105.000    150.000   0.898048    0.000746   0.100351   0.000856   0.898794   3.595175 
   0.0000000000    106.000    150.000   0.897705    0.000732   0.100697   0.000866   0.898437   3.593748 
   0.0000000000    107.000    150.000   0.897357    0.000718   0.101049   0.000876   0.898075   3.592300 
   0.0000000000    108.000    150.000   0.897003    0.000704   0.101407   0.000886   0.897707   3.590829 
   0.0000000000    109.000    150.000   0.896643    0.000691   0.101770   0.000896   0.897334   3.589336 
   0.0000000000    110.000    150.000   0.896278    0.000678   0.102138   0.000907   0.896955   3.587821 
   0.0000000000    111.000    150.000   0.895906    0.000665   0.102512   0.000917   0.896571   3.586283 
   0.0000000000    112.000    150.000   0.895528    0.000652   0.102892   0.000928   0.896180   3.584722 
   0.0000000000    113.000    150.000   0.895145    0.000640   0.103277   0.000938   0.895784   3.583137 
   0.0000000000    114.000    150.000   0.894755    0.000628   0.103669   0.000949   0.895382   3.581529 
   0.0000000000    115.000    150.000   0.894359    0.000616   0.104066   0.000960   0.894974   3.579897 
   0.0000000000    116.000    150.000   0.893956    0.000604   0.104468   0.000971   0.894560   3.578241 
   0.0000000000    117.000    150.000   0.893548    0.000592   0.104877   0.000982   0.894140   3.576561 
   0.0000000000    118.000    150.000   0.893133    0.000581   0.105292   0.000994   0.893714   3.574856 
   0.0000000000    119.000    150.000   0.892711    0.000570   0.105713   0.001005   0.893281   3.573126 
   0.0000000000    120.000    150.000   0.892283    0.000559   0.106140   0.001017   0.892843   3.571371 
   0.0000000000    121.000    150.000   0.891849    0.000549   0.106574   0.001029   0.892398   3.569590 
   0.0000000000    122.000    150.000   0.891408    0.000538   0.107013   0.001040   0.891946   3.567784 
   0.0000000000    123.000    150.000   0.890960    0.000528   0.107460   0.001052   0.891488   3.565952 
   0.0000000000    124.000    150.000   0.890505    0.000518   0.107912   0.001065   0.891023   3.564094 
   0.0000000000    125.000    150.000   0.890044    0.000508   0.108371   0.001077   0.890552   3.562209 
   0.0000000000    126.000    150.000   0.889576    0.000498   0.108836   0.001089   0.890074   3.560297 
