#solute size.    Temp(C) Press(Mpa)        fHB          fS        fLJ         fO        xHB        nHB 
   0.0000000000   -173.000    -20.000   0.000000    1.000000   0.000000   0.000000   1.000000   4.000000 
   0.0000000000   -172.000    -20.000   0.000000    1.000000   0.000000   0.000000   1.000000   4.000000 
   0.0000000000   -171.000    -20.000   0.000000    1.000000   0.000000   0.000000   1.000000   4.000000 
   0.0000000000   -170.000    -20.000   0.000000    1.000000   0.000000   0.000000   1.000000   4.000000 
   0.0000000000   -169.000    -20.000   0.000000    1.000000   0.000000   0.000000   1.000000   4.000000 
   0.0000000000   -168.000    -20.000   0.000000    1.000000   0.000000   0.000000   1.000000   4.000000 
   0.0000000000   -167.000    -20.000   0.000000    1.000000   0.000000   0.000000   1.000000   4.000000 
   0.0000000000   -166.000    -20.000   0.000000    1.000000   0.000000   0.000000   1.000000   4.000000 
   0.0000000000   -165.000    -20.000   0.000000    1.000000   0.000000   0.000000   1.000000   4.000000 
   0.0000000000   -164.000    -20.000   0.000000    1.000000   0.000000   0.000000   1.000000   4.000000 
   0.0000000000   -163.000    -20.000   0.000000    1.000000   0.000000   0.000000   1.000000   4.000000 
   0.0000000000   -162.000    -20.000   0.000000    1.000000   0.000000   0.000000   1.000000   4.000000 
   0.0000000000   -161.000    -20.000   0.000000    1.000000   0.000000   0.000000   1.000000   4.000000 
   0.0000000000   -160.000    -20.000   0.000000    1.000000   0.000000   0.000000   1.000000   4.000000 
   0.0000000000   -159.000    -20.000   0.000000    1.000000   0.000000   0.000000   1.000000   4.000000 
   0.0000000000   -158.000    -20.000   0.000000    1.000000   0.000000   0.000000   1.000000   4.000000 
   0.0000000000   -157.000    -20.000   0.000000    0.999999   0.000000   0.000000   1.000000   4.000000 
   0.0000000000   -156.000    -20.000   0.000001    0.999999   0.000000   0.000000   1.000000   4.000000 
   0.0000000000   -155.000    -20.000   0.000001    0.999999   0.000000   0.000000   1.000000   4.000000 
   0.0000000000   -154.000    -20.000   0.000001    0.999999   0.000000   0.000000   1.000000   4.000000 
   0.0000000000   -153.000    -20.000   0.000001    0.999999   0.000000   0.000000   1.000000   4.000000 
   0.0000000000   -152.000    -20.000   0.000001    0.999998   0.000000   0.000000   1.000000   3.999999 
   0.0000000000   -151.000    -20.000   0.000002    0.999998   0.000000   0.000000   1.000000   3.999999 
   0.0000000000   -150.000    -20.000   0.000002    0.999998   0.000000   0.000000   1.000000   3.999999 
   0.0000000000   -149.000    -20.000   0.000003    0.999997   0.000000   0.000000   1.000000   3.999999 
   0.0000000000   -148.000    -20.000   0.000003    0.999996   0.000000   0.000000   1.000000   3.999999 
   0.0000000000   -147.000    -20.000   0.000004    0.999996   0.000000   0.000000   1.000000   3.999999 
   0.0000000000   -146.000    -20.000   0.000005    0.999995   0.000000   0.000000   1.000000   3.999998 
   0.0000000000   -145.000    -20.000   0.000006    0.999994   0.000001   0.000000   0.999999   3.999998 
   0.0000000000   -144.000    -20.000   0.000007    0.999992   0.000001   0.000000   0.999999   3.999997 
   0.0000000000   -143.000    -20.000   0.000008    0.999991   0.000001   0.000000   0.999999   3.999997 
   0.0000000000   -142.000    -20.000   0.000010    0.999989   0.000001   0.000000   0.999999   3.999996 
   0.0000000000   -141.000    -20.000   0.000012    0.999987   0.000001   0.000000   0.999999   3.999996 
   0.0000000000   -140.000    -20.000   0.000015    0.999984   0.000001   0.000000   0.999999   3.999995 
   0.0000000000   -139.000    -20.000   0.000017    0.999981   0.000002   0.000000   0.999998   3.999994 
   0.0000000000   -138.000    -20.000   0.000021    0.999977   0.000002   0.000000   0.999998   3.999992 
   0.0000000000   -137.000    -20.000   0.000025    0.999973   0.000002   0.000000   0.999998   3.999991 
   0.0000000000   -136.000    -20.000   0.000029    0.999968   0.000003   0.000000   0.999997   3.999989 
   0.0000000000   -135.000    -20.000   0.000034    0.999963   0.000003   0.000000   0.999997   3.999988 
   0.0000000000   -134.000    -20.000   0.000040    0.999956   0.000004   0.000000   0.999996   3.999985 
   0.0000000000   -133.000    -20.000   0.000048    0.999948   0.000004   0.000000   0.999996   3.999983 
   0.0000000000   -132.000    -20.000   0.000056    0.999939   0.000005   0.000000   0.999995   3.999980 
   0.0000000000   -131.000    -20.000   0.000065    0.999929   0.000006   0.000000   0.999994   3.999976 
   0.0000000000   -130.000    -20.000   0.000076    0.999917   0.000007   0.000000   0.999993   3.999972 
   0.0000000000   -129.000    -20.000   0.000089    0.999903   0.000008   0.000000   0.999992   3.999968 
   0.0000000000   -128.000    -20.000   0.000104    0.999887   0.000009   0.000000   0.999991   3.999962 
   0.0000000000   -127.000    -20.000   0.000120    0.999869   0.000011   0.000000   0.999989   3.999956 
   0.0000000000   -126.000    -20.000   0.000140    0.999848   0.000013   0.000000   0.999987   3.999949 
   0.0000000000   -125.000    -20.000   0.000161    0.999824   0.000015   0.000000   0.999985   3.999941 
   0.0000000000   -124.000    -20.000   0.000187    0.999797   0.000017   0.000000   0.999983   3.999932 
   0.0000000000   -123.000    -20.000   0.000215    0.999765   0.000020   0.000000   0.999980   3.999922 
   0.0000000000   -122.000    -20.000   0.000248    0.999730   0.000023   0.000000   0.999977   3.999910 
   0.0000000000   -121.000    -20.000   0.000284    0.999690   0.000026   0.000000   0.999974   3.999897 
   0.0000000000   -120.000    -20.000   0.000326    0.999644   0.000030   0.000000   0.999970   3.999881 
   0.0000000000   -119.000    -20.000   0.000374    0.999592   0.000034   0.000000   0.999966   3.999864 
   0.0000000000   -118.000    -20.000   0.000427    0.999534   0.000039   0.000000   0.999961   3.999845 
   0.0000000000   -117.000    -20.000   0.000488    0.999468   0.000044   0.000000   0.999956   3.999823 
   0.0000000000   -116.000    -20.000   0.000556    0.999394   0.000051   0.000000   0.999949   3.999798 
   0.0000000000   -115.000    -20.000   0.000632    0.999310   0.000057   0.000000   0.999943   3.999770 
   0.0000000000   -114.000    -20.000   0.000718    0.999216   0.000065   0.000000   0.999935   3.999739 
   0.0000000000   -113.000    -20.000   0.000815    0.999111   0.000074   0.000000   0.999926   3.999704 
   0.0000000000   -112.000    -20.000   0.000923    0.998993   0.000084   0.000000   0.999916   3.999664 
   0.0000000000   -111.000    -20.000   0.001044    0.998861   0.000095   0.000000   0.999905   3.999620 
   0.0000000000   -110.000    -20.000   0.001180    0.998713   0.000107   0.000000   0.999893   3.999571 
   0.0000000000   -109.000    -20.000   0.001331    0.998548   0.000121   0.000000   0.999879   3.999516 
   0.0000000000   -108.000    -20.000   0.001499    0.998364   0.000136   0.000000   0.999864   3.999455 
   0.0000000000   -107.000    -20.000   0.001687    0.998160   0.000153   0.000000   0.999847   3.999386 
   0.0000000000   -106.000    -20.000   0.001895    0.997933   0.000172   0.000000   0.999828   3.999311 
   0.0000000000   -105.000    -20.000   0.002126    0.997680   0.000193   0.000000   0.999807   3.999227 
   0.0000000000   -104.000    -20.000   0.002383    0.997400   0.000217   0.000000   0.999783   3.999133 
   0.0000000000   -103.000    -20.000   0.002667    0.997090   0.000243   0.000000   0.999757   3.999030 
   0.0000000000   -102.000    -20.000   0.002982    0.996747   0.000271   0.000000   0.999729   3.998915 
   0.0000000000   -101.000    -20.000   0.003329    0.996368   0.000303   0.000000   0.999697   3.998789 
   0.0000000000   -100.000    -20.000   0.003712    0.995950   0.000338   0.000000   0.999662   3.998649 
   0.0000000000    -99.000    -20.000   0.004135    0.995489   0.000376   0.000000   0.999624   3.998496 
   0.0000000000    -98.000    -20.000   0.004601    0.994981   0.000418   0.000000   0.999582   3.998326 
   0.0000000000    -97.000    -20.000   0.005113    0.994422   0.000465   0.000000   0.999535   3.998140 
   0.0000000000    -96.000    -20.000   0.005675    0.993808   0.000516   0.000000   0.999484   3.997935 
   0.0000000000    -95.000    -20.000   0.006293    0.993135   0.000572   0.000000   0.999428   3.997710 
   0.0000000000    -94.000    -20.000   0.006970    0.992396   0.000634   0.000000   0.999366   3.997464 
   0.0000000000    -93.000    -20.000   0.007712    0.991586   0.000702   0.000000   0.999298   3.997194 
   0.0000000000    -92.000    -20.000   0.008524    0.990701   0.000775   0.000000   0.999225   3.996898 
   0.0000000000    -91.000    -20.000   0.009411    0.989733   0.000856   0.000000   0.999144   3.996575 
   0.0000000000    -90.000    -20.000   0.010380    0.988675   0.000944   0.000000   0.999056   3.996222 
   0.0000000000    -89.000    -20.000   0.011437    0.987522   0.001041   0.000000   0.998959   3.995837 
   0.0000000000    -88.000    -20.000   0.012589    0.986265   0.001146   0.000000   0.998854   3.995417 
   0.0000000000    -87.000    -20.000   0.013843    0.984897   0.001260   0.000000   0.998740   3.994960 
   0.0000000000    -86.000    -20.000   0.015207    0.983408   0.001384   0.000000   0.998616   3.994463 
   0.0000000000    -85.000    -20.000   0.016690    0.981791   0.001519   0.000000   0.998481   3.993923 
   0.0000000000    -84.000    -20.000   0.018299    0.980035   0.001666   0.000000   0.998334   3.993337 
   0.0000000000    -83.000    -20.000   0.020044    0.978131   0.001825   0.000000   0.998175   3.992701 
   0.0000000000    -82.000    -20.000   0.021935    0.976068   0.001997   0.000000   0.998003   3.992011 
   0.0000000000    -81.000    -20.000   0.023982    0.973834   0.002184   0.000000   0.997816   3.991265 
   0.0000000000    -80.000    -20.000   0.026195    0.971419   0.002386   0.000000   0.997614   3.990458 
   0.0000000000    -79.000    -20.000   0.028586    0.968810   0.002604   0.000000   0.997396   3.989586 
   0.0000000000    -78.000    -20.000   0.031167    0.965994   0.002839   0.000000   0.997161   3.988644 
   0.0000000000    -77.000    -20.000   0.033949    0.962958   0.003093   0.000000   0.996907   3.987629 
   0.0000000000    -76.000    -20.000   0.036947    0.959687   0.003366   0.000000   0.996634   3.986535 
   0.0000000000    -75.000    -20.000   0.040172    0.956167   0.003661   0.000000   0.996339   3.985358 
   0.0000000000    -74.000    -20.000   0.043640    0.952383   0.003977   0.000000   0.996023   3.984092 
   0.0000000000    -73.000    -20.000   0.047363    0.948319   0.004317   0.000000   0.995683   3.982731 
   0.0000000000    -72.000    -20.000   0.051359    0.943959   0.004682   0.000000   0.995318   3.981272 
   0.0000000000    -71.000    -20.000   0.055640    0.939287   0.005073   0.000000   0.994927   3.979708 
   0.0000000000    -70.000    -20.000   0.060224    0.934284   0.005492   0.000000   0.994508   3.978032 
   0.0000000000    -69.000    -20.000   0.065125    0.928935   0.005940   0.000000   0.994060   3.976240 
   0.0000000000    -68.000    -20.000   0.070361    0.923220   0.006419   0.000000   0.993581   3.974325 
   0.0000000000    -67.000    -20.000   0.075948    0.917122   0.006929   0.000000   0.993070   3.972281 
   0.0000000000    -66.000    -20.000   0.081903    0.910623   0.007474   0.000000   0.992526   3.970102 
   0.0000000000    -65.000    -20.000   0.088240    0.903705   0.008054   0.000000   0.991946   3.967782 
   0.0000000000    -64.000    -20.000   0.094978    0.896351   0.008671   0.000000   0.991329   3.965315 
   0.0000000000    -63.000    -20.000   0.102132    0.888542   0.009326   0.000000   0.990674   3.962694 
   0.0000000000    -62.000    -20.000   0.109716    0.880262   0.010021   0.000000   0.989979   3.959915 
   0.0000000000    -61.000    -20.000   0.117747    0.871495   0.010757   0.000000   0.989243   3.956971 
   0.0000000000    -60.000    -20.000   0.126238    0.862226   0.011536   0.000000   0.988464   3.953856 
   0.0000000000    -59.000    -20.000   0.135201    0.852441   0.012358   0.000000   0.987642   3.950568 
   0.0000000000    -58.000    -20.000   0.144649    0.842126   0.013225   0.000000   0.986775   3.947100 
   0.0000000000    -57.000    -20.000   0.154589    0.831273   0.014137   0.000001   0.985862   3.943449 
   0.0000000000    -56.000    -20.000   0.165031    0.819872   0.015096   0.000001   0.984903   3.939612 
   0.0000000000    -55.000    -20.000   0.175979    0.807918   0.016102   0.000001   0.983897   3.935588 
   0.0000000000    -54.000    -20.000   0.187438    0.795406   0.017156   0.000001   0.982843   3.931374 
   0.0000000000    -53.000    -20.000   0.199403    0.782339   0.018257   0.000001   0.981743   3.926970 
   0.0000000000    -52.000    -20.000   0.211873    0.768721   0.019404   0.000001   0.980595   3.922379 
   0.0000000000    -51.000    -20.000   0.224841    0.754560   0.020599   0.000001   0.979400   3.917602 
   0.0000000000    -50.000    -20.000   0.238293    0.739867   0.021838   0.000001   0.978161   3.912643 
   0.0000000000    -49.000    -20.000   0.252216    0.724661   0.023122   0.000001   0.976877   3.907507 
   0.0000000000    -48.000    -20.000   0.266587    0.708964   0.024448   0.000001   0.975551   3.902203 
   0.0000000000    -47.000    -20.000   0.281382    0.692802   0.025814   0.000002   0.974185   3.896738 
   0.0000000000    -46.000    -20.000   0.296575    0.676206   0.027218   0.000002   0.972781   3.891123 
   0.0000000000    -45.000    -20.000   0.312125    0.659218   0.028655   0.000002   0.971343   3.885371 
   0.0000000000    -44.000    -20.000   0.327995    0.641879   0.030124   0.000002   0.969874   3.879496 
   0.0000000000    -43.000    -20.000   0.344141    0.624237   0.031619   0.000002   0.968379   3.873514 
   0.0000000000    -42.000    -20.000   0.360517    0.606343   0.033137   0.000003   0.966860   3.867441 
   0.0000000000    -41.000    -20.000   0.377072    0.588252   0.034673   0.000003   0.965324   3.861297 
   0.0000000000    -40.000    -20.000   0.393751    0.570024   0.036222   0.000003   0.963775   3.855100 
   0.0000000000    -39.000    -20.000   0.410499    0.551718   0.037779   0.000003   0.962217   3.848870 
   0.0000000000    -38.000    -20.000   0.427260    0.533397   0.039339   0.000004   0.960657   3.842629 
   0.0000000000    -37.000    -20.000   0.443977    0.515121   0.040897   0.000004   0.959099   3.836396 
   0.0000000000    -36.000    -20.000   0.460599    0.496948   0.042448   0.000004   0.957548   3.830190 
   0.0000000000    -35.000    -20.000   0.477063    0.478945   0.043987   0.000005   0.956009   3.824035 
   0.0000000000    -34.000    -20.000   0.493323    0.461164   0.045508   0.000005   0.954487   3.817947 
   0.0000000000    -33.000    -20.000   0.509330    0.443656   0.047009   0.000005   0.952986   3.811943 
   0.0000000000    -32.000    -20.000   0.525040    0.426470   0.048484   0.000006   0.951510   3.806040 
   0.0000000000    -31.000    -20.000   0.540414    0.409649   0.049931   0.000006   0.950063   3.800252 
   0.0000000000    -30.000    -20.000   0.555419    0.393229   0.051345   0.000007   0.948648   3.794591 
   0.0000000000    -29.000    -20.000   0.570025    0.377242   0.052726   0.000007   0.947267   3.789068 
   0.0000000000    -28.000    -20.000   0.584208    0.361715   0.054069   0.000008   0.945923   3.783692 
   0.0000000000    -27.000    -20.000   0.597950    0.346667   0.055375   0.000008   0.944617   3.778468 
   0.0000000000    -26.000    -20.000   0.611236    0.332115   0.056640   0.000009   0.943351   3.773403 
   0.0000000000    -25.000    -20.000   0.624058    0.318067   0.057866   0.000009   0.942125   3.768499 
   0.0000000000    -24.000    -20.000   0.636410    0.304530   0.059050   0.000010   0.940940   3.763759 
   0.0000000000    -23.000    -20.000   0.648291    0.291505   0.060194   0.000011   0.939796   3.759183 
   0.0000000000    -22.000    -20.000   0.659703    0.278990   0.061297   0.000011   0.938692   3.754769 
   0.0000000000    -21.000    -20.000   0.670650    0.266979   0.062359   0.000012   0.937629   3.750517 
   0.0000000000    -20.000    -20.000   0.681141    0.255465   0.063382   0.000012   0.936606   3.746422 
   0.0000000000    -19.000    -20.000   0.691184    0.244437   0.064366   0.000013   0.935621   3.742483 
   0.0000000000    -18.000    -20.000   0.700790    0.233883   0.065313   0.000014   0.934673   3.738694 
   0.0000000000    -17.000    -20.000   0.709969    0.223793   0.066223   0.000014   0.933763   3.735052 
   0.0000000000    -16.000    -20.000   0.718740    0.214147   0.067098   0.000015   0.932887   3.731549 
   0.0000000000    -15.000    -20.000   0.727113    0.204932   0.067938   0.000016   0.932046   3.728183 
   0.0000000000    -14.000    -20.000   0.735104    0.196133   0.068747   0.000017   0.931237   3.724947 
   0.0000000000    -13.000    -20.000   0.742725    0.187734   0.069524   0.000017   0.930459   3.721836 
   0.0000000000    -12.000    -20.000   0.749993    0.179718   0.070271   0.000018   0.929711   3.718844 
   0.0000000000    -11.000    -20.000   0.756922    0.172069   0.070990   0.000019   0.928991   3.715966 
   0.0000000000    -10.000    -20.000   0.763526    0.164773   0.071681   0.000020   0.928299   3.713196 
   0.0000000000     -9.000    -20.000   0.769820    0.157812   0.072347   0.000020   0.927632   3.710529 
   0.0000000000     -8.000    -20.000   0.775817    0.151172   0.072989   0.000021   0.926990   3.707960 
   0.0000000000     -7.000    -20.000   0.781532    0.144839   0.073607   0.000022   0.926371   3.705483 
   0.0000000000     -6.000    -20.000   0.786976    0.138798   0.074204   0.000023   0.925773   3.703093 
   0.0000000000     -5.000    -20.000   0.792162    0.133034   0.074780   0.000024   0.925197   3.700787 
   0.0000000000     -4.000    -20.000   0.797104    0.127536   0.075336   0.000025   0.924640   3.698558 
   0.0000000000     -3.000    -20.000   0.801812    0.122289   0.075874   0.000025   0.924101   3.696403 
   0.0000000000     -2.000    -20.000   0.806297    0.117283   0.076394   0.000026   0.923579   3.694318 
   0.0000000000     -1.000    -20.000   0.810570    0.112505   0.076898   0.000027   0.923074   3.692298 
   0.0000000000      0.000    -20.000   0.814641    0.107944   0.077387   0.000028   0.922585   3.690339 
   0.0000000000      1.000    -20.000   0.818520    0.103589   0.077862   0.000029   0.922109   3.688437 
   0.0000000000      2.000    -20.000   0.822216    0.099431   0.078322   0.000030   0.921647   3.686590 
   0.0000000000      3.000    -20.000   0.825738    0.095460   0.078771   0.000031   0.921198   3.684793 
   0.0000000000      4.000    -20.000   0.829094    0.091666   0.079207   0.000032   0.920761   3.683043 
   0.0000000000      5.000    -20.000   0.832293    0.088042   0.079632   0.000033   0.920334   3.681338 
   0.0000000000      6.000    -20.000   0.835340    0.084578   0.080048   0.000034   0.919918   3.679673 
   0.0000000000      7.000    -20.000   0.838245    0.081267   0.080453   0.000035   0.919512   3.678047 
   0.0000000000      8.000    -20.000   0.841013    0.078101   0.080850   0.000036   0.919114   3.676456 
   0.0000000000      9.000    -20.000   0.843650    0.075074   0.081238   0.000037   0.918725   3.674899 
   0.0000000000     10.000    -20.000   0.846163    0.072180   0.081619   0.000038   0.918343   3.673372 
   0.0000000000     11.000    -20.000   0.848559    0.069410   0.081992   0.000040   0.917968   3.671873 
   0.0000000000     12.000    -20.000   0.850841    0.066759   0.082359   0.000041   0.917600   3.670400 
   0.0000000000     13.000    -20.000   0.853016    0.064222   0.082721   0.000042   0.917238   3.668950 
   0.0000000000     14.000    -20.000   0.855088    0.061793   0.083076   0.000043   0.916881   3.667523 
   0.0000000000     15.000    -20.000   0.857061    0.059467   0.083427   0.000044   0.916529   3.666115 
   0.0000000000     16.000    -20.000   0.858941    0.057240   0.083774   0.000045   0.916181   3.664724 
   0.0000000000     17.000    -20.000   0.860732    0.055106   0.084116   0.000047   0.915838   3.663350 
   0.0000000000     18.000    -20.000   0.862437    0.053061   0.084455   0.000048   0.915498   3.661990 
   0.0000000000     19.000    -20.000   0.864060    0.051101   0.084790   0.000049   0.915161   3.660643 
   0.0000000000     20.000    -20.000   0.865604    0.049223   0.085123   0.000050   0.914827   3.659307 
   0.0000000000     21.000    -20.000   0.867074    0.047421   0.085453   0.000052   0.914495   3.657980 
   0.0000000000     22.000    -20.000   0.868472    0.045694   0.085782   0.000053   0.914165   3.656662 
   0.0000000000     23.000    -20.000   0.869801    0.044037   0.086108   0.000054   0.913837   3.655350 
   0.0000000000     24.000    -20.000   0.871064    0.042447   0.086433   0.000056   0.913511   3.654043 
   0.0000000000     25.000    -20.000   0.872264    0.040921   0.086758   0.000057   0.913185   3.652740 
   0.0000000000     26.000    -20.000   0.873404    0.039457   0.087081   0.000059   0.912860   3.651440 
   0.0000000000     27.000    -20.000   0.874485    0.038051   0.087404   0.000060   0.912536   3.650142 
   0.0000000000     28.000    -20.000   0.875511    0.036700   0.087727   0.000062   0.912211   3.648844 
   0.0000000000     29.000    -20.000   0.876483    0.035404   0.088051   0.000063   0.911886   3.647546 
   0.0000000000     30.000    -20.000   0.877403    0.034158   0.088374   0.000065   0.911561   3.646245 
   0.0000000000     31.000    -20.000   0.878274    0.032961   0.088698   0.000066   0.911235   3.644942 
   0.0000000000     32.000    -20.000   0.879098    0.031811   0.089024   0.000068   0.910909   3.643635 
   0.0000000000     33.000    -20.000   0.879875    0.030705   0.089350   0.000069   0.910581   3.642323 
   0.0000000000     34.000    -20.000   0.880609    0.029643   0.089678   0.000071   0.910251   3.641005 
   0.0000000000     35.000    -20.000   0.881300    0.028620   0.090007   0.000073   0.909920   3.639680 
   0.0000000000     36.000    -20.000   0.881949    0.027637   0.090339   0.000074   0.909587   3.638348 
   0.0000000000     37.000    -20.000   0.882560    0.026692   0.090672   0.000076   0.909252   3.637007 
   0.0000000000     38.000    -20.000   0.883132    0.025782   0.091008   0.000078   0.908914   3.635656 
   0.0000000000     39.000    -20.000   0.883667    0.024907   0.091347   0.000080   0.908574   3.634296 
   0.0000000000     40.000    -20.000   0.884167    0.024064   0.091688   0.000081   0.908231   3.632924 
   0.0000000000     41.000    -20.000   0.884632    0.023253   0.092032   0.000083   0.907885   3.631541 
   0.0000000000     42.000    -20.000   0.885064    0.022472   0.092379   0.000085   0.907536   3.630145 
   0.0000000000     43.000    -20.000   0.885464    0.021720   0.092729   0.000087   0.907184   3.628735 
   0.0000000000     44.000    -20.000   0.885833    0.020995   0.093083   0.000089   0.906828   3.627311 
   0.0000000000     45.000    -20.000   0.886171    0.020297   0.093441   0.000091   0.906468   3.625873 
   0.0000000000     46.000    -20.000   0.886480    0.019625   0.093803   0.000093   0.906105   3.624418 
   0.0000000000     47.000    -20.000   0.886760    0.018977   0.094168   0.000095   0.905737   3.622948 
   0.0000000000     48.000    -20.000   0.887013    0.018353   0.094538   0.000097   0.905365   3.621460 
   0.0000000000     49.000    -20.000   0.887238    0.017750   0.094912   0.000099   0.904989   3.619955 
   0.0000000000     50.000    -20.000   0.887438    0.017170   0.095291   0.000101   0.904608   3.618431 
   0.0000000000     51.000    -20.000   0.887612    0.016610   0.095675   0.000103   0.904222   3.616888 
   0.0000000000     52.000    -20.000   0.887761    0.016071   0.096063   0.000106   0.903831   3.615326 
   0.0000000000     53.000    -20.000   0.887886    0.015550   0.096456   0.000108   0.903436   3.613743 
   0.0000000000     54.000    -20.000   0.887987    0.015048   0.096855   0.000110   0.903035   3.612139 
   0.0000000000     55.000    -20.000   0.888066    0.014563   0.097259   0.000112   0.902628   3.610514 
   0.0000000000     56.000    -20.000   0.888121    0.014095   0.097669   0.000115   0.902216   3.608866 
   0.0000000000     57.000    -20.000   0.888155    0.013643   0.098084   0.000117   0.901799   3.607195 
   0.0000000000     58.000    -20.000   0.888168    0.013208   0.098505   0.000120   0.901375   3.605501 
   0.0000000000     59.000    -20.000   0.888159    0.012787   0.098932   0.000122   0.900946   3.603782 
   0.0000000000     60.000    -20.000   0.888129    0.012380   0.099366   0.000125   0.900510   3.602039 
   0.0000000000     61.000    -20.000   0.888080    0.011988   0.099805   0.000127   0.900068   3.600270 
   0.0000000000     62.000    -20.000   0.888010    0.011609   0.100251   0.000130   0.899619   3.598476 
   0.0000000000     63.000    -20.000   0.887921    0.011243   0.100704   0.000133   0.899164   3.596654 
   0.0000000000     64.000    -20.000   0.887813    0.010889   0.101163   0.000135   0.898701   3.594806 
   0.0000000000     65.000    -20.000   0.887685    0.010547   0.101630   0.000138   0.898232   3.592929 
   0.0000000000     66.000    -20.000   0.887540    0.010217   0.102103   0.000141   0.897756   3.591025 
   0.0000000000     67.000    -20.000   0.887376    0.009897   0.102584   0.000144   0.897273   3.589091 
   0.0000000000     68.000    -20.000   0.887193    0.009588   0.103071   0.000147   0.896782   3.587127 
   0.0000000000     69.000    -20.000   0.886994    0.009290   0.103567   0.000150   0.896283   3.585133 
   0.0000000000     70.000    -20.000   0.886776    0.009001   0.104070   0.000153   0.895777   3.583109 
   0.0000000000     71.000    -20.000   0.886541    0.008722   0.104581   0.000156   0.895263   3.581053 
   0.0000000000     72.000    -20.000   0.886289    0.008452   0.105100   0.000159   0.894741   3.578965 
   0.0000000000     73.000    -20.000   0.886020    0.008191   0.105627   0.000162   0.894211   3.576844 
   0.0000000000     74.000    -20.000   0.885734    0.007938   0.106162   0.000165   0.893673   3.574690 
   0.0000000000     75.000    -20.000   0.885432    0.007694   0.106706   0.000169   0.893126   3.572502 
   0.0000000000     76.000    -20.000   0.885113    0.007457   0.107258   0.000172   0.892570   3.570280 
   0.0000000000     77.000    -20.000   0.884778    0.007228   0.107819   0.000175   0.892006   3.568023 
   0.0000000000     78.000    -20.000   0.884426    0.007006   0.108389   0.000179   0.891432   3.565730 
   0.0000000000     79.000    -20.000   0.884058    0.006792   0.108967   0.000182   0.890850   3.563400 
   0.0000000000     80.000    -20.000   0.883674    0.006584   0.109555   0.000186   0.890258   3.561034 
   0.0000000000     81.000    -20.000   0.883275    0.006383   0.110153   0.000190   0.889658   3.558630 
   0.0000000000     82.000    -20.000   0.882859    0.006188   0.110759   0.000194   0.889047   3.556188 
   0.0000000000     83.000    -20.000   0.882427    0.006000   0.111376   0.000197   0.888427   3.553707 
   0.0000000000     84.000    -20.000   0.881980    0.005817   0.112002   0.000201   0.887797   3.551187 
   0.0000000000     85.000    -20.000   0.881517    0.005640   0.112638   0.000205   0.887157   3.548627 
   0.0000000000     86.000    -20.000   0.881038    0.005469   0.113284   0.000209   0.886506   3.546026 
   0.0000000000     87.000    -20.000   0.880543    0.005302   0.113941   0.000213   0.885846   3.543383 
   0.0000000000     88.000    -20.000   0.880033    0.005141   0.114608   0.000217   0.885175   3.540699 
   0.0000000000     89.000    -20.000   0.879508    0.004986   0.115285   0.000222   0.884493   3.537972 
   0.0000000000     90.000    -20.000   0.878966    0.004834   0.115973   0.000226   0.883801   3.535202 
   0.0000000000     91.000    -20.000   0.878409    0.004688   0.116672   0.000230   0.883097   3.532389 
   0.0000000000     92.000    -20.000   0.877837    0.004546   0.117383   0.000235   0.882383   3.529530 
   0.0000000000     93.000    -20.000   0.877248    0.004408   0.118104   0.000239   0.881657   3.526627 
   0.0000000000     94.000    -20.000   0.876645    0.004275   0.118837   0.000244   0.880919   3.523677 
   0.0000000000     95.000    -20.000   0.876025    0.004145   0.119581   0.000249   0.880170   3.520681 
   0.0000000000     96.000    -20.000   0.875390    0.004020   0.120337   0.000254   0.879410   3.517638 
   0.0000000000     97.000    -20.000   0.874739    0.003898   0.121105   0.000258   0.878637   3.514547 
   0.0000000000     98.000    -20.000   0.874072    0.003780   0.121884   0.000263   0.877852   3.511408 
   0.0000000000     99.000    -20.000   0.873389    0.003666   0.122677   0.000269   0.877055   3.508220 
   0.0000000000    100.000    -20.000   0.872691    0.003555   0.123481   0.000274   0.876245   3.504981 
   0.0000000000    101.000    -20.000   0.871976    0.003447   0.124298   0.000279   0.875423   3.501693 
   0.0000000000    102.000    -20.000   0.871246    0.003342   0.125127   0.000284   0.874588   3.498353 
   0.0000000000    103.000    -20.000   0.870499    0.003241   0.125970   0.000290   0.873740   3.494961 
   0.0000000000    104.000    -20.000   0.869736    0.003143   0.126825   0.000295   0.872879   3.491517 
   0.0000000000    105.000    -20.000   0.868958    0.003047   0.127694   0.000301   0.872005   3.488019 
   0.0000000000    106.000    -20.000   0.868162    0.002955   0.128576   0.000307   0.871117   3.484468 
   0.0000000000    107.000    -20.000   0.867351    0.002865   0.129472   0.000313   0.870215   3.480862 
   0.0000000000    108.000    -20.000   0.866523    0.002778   0.130381   0.000319   0.869300   3.477201 
   0.0000000000    109.000    -20.000   0.865678    0.002693   0.131304   0.000325   0.868371   3.473483 
   0.0000000000    110.000    -20.000   0.864817    0.002611   0.132242   0.000331   0.867427   3.469710 
   0.0000000000    111.000    -20.000   0.863939    0.002531   0.133193   0.000337   0.866470   3.465879 
   0.0000000000    112.000    -20.000   0.863044    0.002454   0.134159   0.000344   0.865497   3.461989 
   0.0000000000    113.000    -20.000   0.862132    0.002378   0.135139   0.000350   0.864510   3.458042 
   0.0000000000    114.000    -20.000   0.861203    0.002305   0.136134   0.000357   0.863509   3.454034 
   0.0000000000    115.000    -20.000   0.860257    0.002235   0.137144   0.000364   0.862492   3.449967 
   0.0000000000    116.000    -20.000   0.859294    0.002166   0.138170   0.000371   0.861460   3.445839 
   0.0000000000    117.000    -20.000   0.858313    0.002099   0.139210   0.000378   0.860412   3.441650 
   0.0000000000    118.000    -20.000   0.857315    0.002034   0.140266   0.000385   0.859350   3.437398 
   0.0000000000    119.000    -20.000   0.856300    0.001971   0.141337   0.000392   0.858271   3.433084 
   0.0000000000    120.000    -20.000   0.855266    0.001910   0.142424   0.000400   0.857177   3.428707 
   0.0000000000    121.000    -20.000   0.854215    0.001851   0.143527   0.000407   0.856066   3.424265 
   0.0000000000    122.000    -20.000   0.853146    0.001793   0.144645   0.000415   0.854940   3.419758 
   0.0000000000    123.000    -20.000   0.852060    0.001737   0.145780   0.000423   0.853797   3.415188 
   0.0000000000    124.000    -20.000   0.850955    0.001683   0.146932   0.000431   0.852638   3.410550 
   0.0000000000    125.000    -20.000   0.849831    0.001630   0.148100   0.000439   0.851461   3.405846 
   0.0000000000    126.000    -20.000   0.848690    0.001579   0.149284   0.000447   0.850269   3.401074 
