#solute size.    Temp(C) Press(Mpa)        fHB          fS        fLJ         fO        xHB        nHB 
   0.0000000000   -173.000    140.000   0.000046    0.999950   0.000004   0.000000   0.999996   3.999983 
   0.0000000000   -172.000    140.000   0.000055    0.999940   0.000005   0.000000   0.999995   3.999980 
   0.0000000000   -171.000    140.000   0.000065    0.999929   0.000006   0.000000   0.999994   3.999976 
   0.0000000000   -170.000    140.000   0.000078    0.999915   0.000007   0.000000   0.999993   3.999972 
   0.0000000000   -169.000    140.000   0.000092    0.999899   0.000008   0.000000   0.999992   3.999966 
   0.0000000000   -168.000    140.000   0.000109    0.999881   0.000010   0.000000   0.999990   3.999960 
   0.0000000000   -167.000    140.000   0.000129    0.999859   0.000012   0.000000   0.999988   3.999953 
   0.0000000000   -166.000    140.000   0.000152    0.999834   0.000014   0.000000   0.999986   3.999945 
   0.0000000000   -165.000    140.000   0.000179    0.999805   0.000016   0.000000   0.999984   3.999935 
   0.0000000000   -164.000    140.000   0.000210    0.999771   0.000019   0.000000   0.999981   3.999924 
   0.0000000000   -163.000    140.000   0.000245    0.999733   0.000022   0.000000   0.999978   3.999911 
   0.0000000000   -162.000    140.000   0.000286    0.999688   0.000026   0.000000   0.999974   3.999896 
   0.0000000000   -161.000    140.000   0.000333    0.999637   0.000030   0.000000   0.999970   3.999879 
   0.0000000000   -160.000    140.000   0.000387    0.999578   0.000035   0.000000   0.999965   3.999859 
   0.0000000000   -159.000    140.000   0.000449    0.999510   0.000041   0.000000   0.999959   3.999837 
   0.0000000000   -158.000    140.000   0.000519    0.999434   0.000047   0.000000   0.999953   3.999811 
   0.0000000000   -157.000    140.000   0.000600    0.999346   0.000055   0.000000   0.999945   3.999782 
   0.0000000000   -156.000    140.000   0.000691    0.999246   0.000063   0.000000   0.999937   3.999749 
   0.0000000000   -155.000    140.000   0.000795    0.999133   0.000072   0.000000   0.999928   3.999711 
   0.0000000000   -154.000    140.000   0.000912    0.999005   0.000083   0.000000   0.999917   3.999668 
   0.0000000000   -153.000    140.000   0.001045    0.998860   0.000095   0.000000   0.999905   3.999620 
   0.0000000000   -152.000    140.000   0.001195    0.998696   0.000109   0.000000   0.999891   3.999565 
   0.0000000000   -151.000    140.000   0.001365    0.998511   0.000124   0.000000   0.999876   3.999504 
   0.0000000000   -150.000    140.000   0.001555    0.998303   0.000141   0.000000   0.999859   3.999434 
   0.0000000000   -149.000    140.000   0.001770    0.998069   0.000161   0.000000   0.999839   3.999356 
   0.0000000000   -148.000    140.000   0.002011    0.997807   0.000183   0.000000   0.999817   3.999269 
   0.0000000000   -147.000    140.000   0.002281    0.997512   0.000207   0.000000   0.999793   3.999171 
   0.0000000000   -146.000    140.000   0.002583    0.997182   0.000235   0.000000   0.999765   3.999061 
   0.0000000000   -145.000    140.000   0.002920    0.996814   0.000265   0.000000   0.999735   3.998938 
   0.0000000000   -144.000    140.000   0.003298    0.996403   0.000300   0.000000   0.999700   3.998801 
   0.0000000000   -143.000    140.000   0.003718    0.995944   0.000338   0.000000   0.999662   3.998648 
   0.0000000000   -142.000    140.000   0.004186    0.995433   0.000381   0.000000   0.999619   3.998478 
   0.0000000000   -141.000    140.000   0.004707    0.994865   0.000428   0.000000   0.999572   3.998288 
   0.0000000000   -140.000    140.000   0.005285    0.994234   0.000480   0.000000   0.999520   3.998078 
   0.0000000000   -139.000    140.000   0.005927    0.993534   0.000539   0.000000   0.999461   3.997845 
   0.0000000000   -138.000    140.000   0.006639    0.992758   0.000604   0.000000   0.999396   3.997586 
   0.0000000000   -137.000    140.000   0.007427    0.991898   0.000675   0.000000   0.999325   3.997299 
   0.0000000000   -136.000    140.000   0.008298    0.990948   0.000754   0.000000   0.999246   3.996983 
   0.0000000000   -135.000    140.000   0.009261    0.989897   0.000842   0.000000   0.999158   3.996632 
   0.0000000000   -134.000    140.000   0.010324    0.988737   0.000939   0.000000   0.999061   3.996246 
   0.0000000000   -133.000    140.000   0.011497    0.987458   0.001045   0.000000   0.998955   3.995819 
   0.0000000000   -132.000    140.000   0.012789    0.986049   0.001163   0.000000   0.998837   3.995350 
   0.0000000000   -131.000    140.000   0.014212    0.984497   0.001292   0.000000   0.998708   3.994832 
   0.0000000000   -130.000    140.000   0.015777    0.982789   0.001434   0.000000   0.998566   3.994263 
   0.0000000000   -129.000    140.000   0.017498    0.980911   0.001591   0.000000   0.998409   3.993637 
   0.0000000000   -128.000    140.000   0.019389    0.978848   0.001763   0.000000   0.998237   3.992949 
   0.0000000000   -127.000    140.000   0.021465    0.976584   0.001951   0.000000   0.998049   3.992195 
   0.0000000000   -126.000    140.000   0.023743    0.974099   0.002158   0.000000   0.997842   3.991366 
   0.0000000000   -125.000    140.000   0.026241    0.971374   0.002386   0.000000   0.997614   3.990458 
   0.0000000000   -124.000    140.000   0.028978    0.968387   0.002634   0.000000   0.997366   3.989462 
   0.0000000000   -123.000    140.000   0.031977    0.965116   0.002907   0.000000   0.997093   3.988372 
   0.0000000000   -122.000    140.000   0.035263    0.961531   0.003206   0.000000   0.996794   3.987177 
   0.0000000000   -121.000    140.000   0.038858    0.957609   0.003533   0.000000   0.996467   3.985870 
   0.0000000000   -120.000    140.000   0.042792    0.953317   0.003890   0.000000   0.996110   3.984439 
   0.0000000000   -119.000    140.000   0.047097    0.948622   0.004282   0.000000   0.995718   3.982874 
   0.0000000000   -118.000    140.000   0.051804    0.943486   0.004710   0.000000   0.995290   3.981162 
   0.0000000000   -117.000    140.000   0.056953    0.937869   0.005178   0.000000   0.994822   3.979289 
   0.0000000000   -116.000    140.000   0.062584    0.931726   0.005690   0.000000   0.994310   3.977241 
   0.0000000000   -115.000    140.000   0.068746    0.925005   0.006250   0.000000   0.993750   3.975001 
   0.0000000000   -114.000    140.000   0.075483    0.917655   0.006862   0.000000   0.993138   3.972551 
   0.0000000000   -113.000    140.000   0.082854    0.909614   0.007532   0.000000   0.992468   3.969870 
   0.0000000000   -112.000    140.000   0.090920    0.900814   0.008266   0.000000   0.991734   3.966937 
   0.0000000000   -111.000    140.000   0.099751    0.891180   0.009068   0.000000   0.990931   3.963725 
   0.0000000000   -110.000    140.000   0.109433    0.880618   0.009949   0.000000   0.990051   3.960204 
   0.0000000000   -109.000    140.000   0.120042    0.869044   0.010913   0.000000   0.989087   3.956346 
   0.0000000000   -108.000    140.000   0.131682    0.856347   0.011971   0.000000   0.988028   3.952113 
   0.0000000000   -107.000    140.000   0.144477    0.842388   0.013135   0.000000   0.986865   3.947460 
   0.0000000000   -106.000    140.000   0.158539    0.827047   0.014413   0.000001   0.985586   3.942346 
   0.0000000000   -105.000    140.000   0.174039    0.810138   0.015822   0.000001   0.984177   3.936709 
   0.0000000000   -104.000    140.000   0.191124    0.791499   0.017375   0.000001   0.982624   3.930495 
   0.0000000000   -103.000    140.000   0.210024    0.770881   0.019094   0.000001   0.980905   3.923622 
   0.0000000000   -102.000    140.000   0.230955    0.748048   0.020997   0.000001   0.979002   3.916009 
   0.0000000000   -101.000    140.000   0.254183    0.722707   0.023108   0.000001   0.976890   3.907561 
   0.0000000000   -100.000    140.000   0.280011    0.694531   0.025456   0.000002   0.974542   3.898168 
   0.0000000000    -99.000    140.000   0.308765    0.663162   0.028071   0.000002   0.971927   3.887710 
   0.0000000000    -98.000    140.000   0.340798    0.628217   0.030983   0.000002   0.969015   3.876060 
   0.0000000000    -97.000    140.000   0.376328    0.589457   0.034213   0.000003   0.965784   3.863137 
   0.0000000000    -96.000    140.000   0.415350    0.546886   0.037760   0.000004   0.962236   3.848945 
   0.0000000000    -95.000    140.000   0.457323    0.501097   0.041576   0.000004   0.958420   3.833679 
   0.0000000000    -94.000    140.000   0.500834    0.453629   0.045531   0.000005   0.954463   3.817853 
   0.0000000000    -93.000    140.000   0.543578    0.406998   0.049417   0.000006   0.950577   3.802307 
   0.0000000000    -92.000    140.000   0.583147    0.363832   0.053014   0.000008   0.946979   3.787915 
   0.0000000000    -91.000    140.000   0.618005    0.325804   0.056182   0.000009   0.943809   3.775235 
   0.0000000000    -90.000    140.000   0.647846    0.293249   0.058894   0.000010   0.941095   3.764380 
   0.0000000000    -89.000    140.000   0.673111    0.265687   0.061191   0.000012   0.938797   3.755189 
   0.0000000000    -88.000    140.000   0.694501    0.242351   0.063135   0.000013   0.936852   3.747407 
   0.0000000000    -87.000    140.000   0.712780    0.222409   0.064797   0.000015   0.935189   3.740756 
   0.0000000000    -86.000    140.000   0.728528    0.205228   0.066228   0.000016   0.933756   3.735025 
   0.0000000000    -85.000    140.000   0.742228    0.190282   0.067473   0.000017   0.932510   3.730038 
   0.0000000000    -84.000    140.000   0.754258    0.177157   0.068567   0.000019   0.931415   3.725659 
   0.0000000000    -83.000    140.000   0.764912    0.165533   0.069535   0.000020   0.930445   3.721779 
   0.0000000000    -82.000    140.000   0.774433    0.155145   0.070401   0.000021   0.929578   3.718311 
   0.0000000000    -81.000    140.000   0.782977    0.145823   0.071178   0.000022   0.928800   3.715199 
   0.0000000000    -80.000    140.000   0.790699    0.137397   0.071880   0.000024   0.928096   3.712384 
   0.0000000000    -79.000    140.000   0.797730    0.129726   0.072520   0.000025   0.927455   3.709821 
   0.0000000000    -78.000    140.000   0.804140    0.122731   0.073103   0.000026   0.926871   3.707483 
   0.0000000000    -77.000    140.000   0.810029    0.116304   0.073639   0.000028   0.926333   3.705334 
   0.0000000000    -76.000    140.000   0.815450    0.110388   0.074133   0.000029   0.925839   3.703354 
   0.0000000000    -75.000    140.000   0.820453    0.104928   0.074588   0.000030   0.925382   3.701526 
   0.0000000000    -74.000    140.000   0.825097    0.099860   0.075011   0.000032   0.924957   3.699829 
   0.0000000000    -73.000    140.000   0.829412    0.095150   0.075405   0.000033   0.924562   3.698250 
   0.0000000000    -72.000    140.000   0.833429    0.090766   0.075771   0.000034   0.924195   3.696779 
   0.0000000000    -71.000    140.000   0.837186    0.086664   0.076114   0.000036   0.923851   3.695402 
   0.0000000000    -70.000    140.000   0.840703    0.082825   0.076435   0.000037   0.923528   3.694112 
   0.0000000000    -69.000    140.000   0.844002    0.079223   0.076736   0.000039   0.923225   3.692900 
   0.0000000000    -68.000    140.000   0.847097    0.075843   0.077020   0.000040   0.922941   3.691762 
   0.0000000000    -67.000    140.000   0.850016    0.072656   0.077287   0.000041   0.922672   3.690687 
   0.0000000000    -66.000    140.000   0.852767    0.069652   0.077539   0.000043   0.922418   3.689673 
   0.0000000000    -65.000    140.000   0.855363    0.066815   0.077777   0.000044   0.922178   3.688714 
   0.0000000000    -64.000    140.000   0.857818    0.064133   0.078003   0.000046   0.921951   3.687806 
   0.0000000000    -63.000    140.000   0.860138    0.061598   0.078216   0.000047   0.921736   3.686946 
   0.0000000000    -62.000    140.000   0.862340    0.059191   0.078419   0.000049   0.921532   3.686127 
   0.0000000000    -61.000    140.000   0.864429    0.056908   0.078612   0.000051   0.921337   3.685350 
   0.0000000000    -60.000    140.000   0.866413    0.054740   0.078796   0.000052   0.921152   3.684609 
   0.0000000000    -59.000    140.000   0.868298    0.052678   0.078970   0.000054   0.920976   3.683904 
   0.0000000000    -58.000    140.000   0.870091    0.050717   0.079137   0.000055   0.920808   3.683230 
   0.0000000000    -57.000    140.000   0.871798    0.048849   0.079296   0.000057   0.920647   3.682587 
   0.0000000000    -56.000    140.000   0.873425    0.047068   0.079448   0.000059   0.920493   3.681972 
   0.0000000000    -55.000    140.000   0.874976    0.045370   0.079594   0.000060   0.920346   3.681384 
   0.0000000000    -54.000    140.000   0.876455    0.043751   0.079733   0.000062   0.920205   3.680821 
   0.0000000000    -53.000    140.000   0.877868    0.042202   0.079866   0.000064   0.920070   3.680280 
   0.0000000000    -52.000    140.000   0.879218    0.040722   0.079994   0.000065   0.919940   3.679761 
   0.0000000000    -51.000    140.000   0.880509    0.039307   0.080117   0.000067   0.919816   3.679262 
   0.0000000000    -50.000    140.000   0.881743    0.037952   0.080235   0.000069   0.919696   3.678782 
   0.0000000000    -49.000    140.000   0.882925    0.036655   0.080349   0.000071   0.919580   3.678321 
   0.0000000000    -48.000    140.000   0.884056    0.035413   0.080458   0.000073   0.919469   3.677876 
   0.0000000000    -47.000    140.000   0.885139    0.034222   0.080564   0.000075   0.919362   3.677447 
   0.0000000000    -46.000    140.000   0.886177    0.033081   0.080665   0.000076   0.919258   3.677033 
   0.0000000000    -45.000    140.000   0.887172    0.031986   0.080764   0.000078   0.919158   3.676632 
   0.0000000000    -44.000    140.000   0.888127    0.030934   0.080858   0.000080   0.919061   3.676245 
   0.0000000000    -43.000    140.000   0.889042    0.029925   0.080950   0.000082   0.918968   3.675871 
   0.0000000000    -42.000    140.000   0.889921    0.028956   0.081039   0.000084   0.918877   3.675508 
   0.0000000000    -41.000    140.000   0.890764    0.028025   0.081125   0.000086   0.918789   3.675156 
   0.0000000000    -40.000    140.000   0.891574    0.027130   0.081208   0.000088   0.918704   3.674814 
   0.0000000000    -39.000    140.000   0.892352    0.026268   0.081289   0.000090   0.918621   3.674482 
   0.0000000000    -38.000    140.000   0.893100    0.025440   0.081368   0.000093   0.918540   3.674159 
   0.0000000000    -37.000    140.000   0.893819    0.024643   0.081444   0.000095   0.918461   3.673845 
   0.0000000000    -36.000    140.000   0.894509    0.023875   0.081519   0.000097   0.918385   3.673538 
   0.0000000000    -35.000    140.000   0.895173    0.023136   0.081591   0.000099   0.918310   3.673239 
   0.0000000000    -34.000    140.000   0.895812    0.022425   0.081662   0.000101   0.918237   3.672947 
   0.0000000000    -33.000    140.000   0.896426    0.021739   0.081731   0.000103   0.918165   3.672661 
   0.0000000000    -32.000    140.000   0.897017    0.021078   0.081799   0.000106   0.918095   3.672382 
   0.0000000000    -31.000    140.000   0.897586    0.020441   0.081865   0.000108   0.918027   3.672108 
   0.0000000000    -30.000    140.000   0.898133    0.019827   0.081930   0.000110   0.917960   3.671840 
   0.0000000000    -29.000    140.000   0.898660    0.019234   0.081993   0.000113   0.917894   3.671576 
   0.0000000000    -28.000    140.000   0.899166    0.018663   0.082056   0.000115   0.917829   3.671317 
   0.0000000000    -27.000    140.000   0.899654    0.018111   0.082117   0.000117   0.917765   3.671062 
   0.0000000000    -26.000    140.000   0.900124    0.017579   0.082178   0.000120   0.917703   3.670811 
   0.0000000000    -25.000    140.000   0.900576    0.017065   0.082237   0.000122   0.917641   3.670563 
   0.0000000000    -24.000    140.000   0.901011    0.016569   0.082296   0.000125   0.917580   3.670318 
   0.0000000000    -23.000    140.000   0.901430    0.016089   0.082354   0.000127   0.917519   3.670077 
   0.0000000000    -22.000    140.000   0.901833    0.015626   0.082411   0.000130   0.917459   3.669837 
   0.0000000000    -21.000    140.000   0.902222    0.015179   0.082468   0.000132   0.917400   3.669600 
   0.0000000000    -20.000    140.000   0.902595    0.014746   0.082524   0.000135   0.917341   3.669365 
   0.0000000000    -19.000    140.000   0.902955    0.014328   0.082580   0.000137   0.917283   3.669132 
   0.0000000000    -18.000    140.000   0.903301    0.013924   0.082635   0.000140   0.917225   3.668900 
   0.0000000000    -17.000    140.000   0.903635    0.013533   0.082690   0.000143   0.917167   3.668669 
   0.0000000000    -16.000    140.000   0.903955    0.013155   0.082745   0.000145   0.917110   3.668440 
   0.0000000000    -15.000    140.000   0.904264    0.012789   0.082799   0.000148   0.917053   3.668210 
   0.0000000000    -14.000    140.000   0.904560    0.012435   0.082854   0.000151   0.916995   3.667982 
   0.0000000000    -13.000    140.000   0.904846    0.012093   0.082908   0.000154   0.916938   3.667753 
   0.0000000000    -12.000    140.000   0.905120    0.011761   0.082962   0.000157   0.916881   3.667525 
   0.0000000000    -11.000    140.000   0.905384    0.011440   0.083017   0.000159   0.916824   3.667296 
   0.0000000000    -10.000    140.000   0.905637    0.011130   0.083071   0.000162   0.916767   3.667067 
   0.0000000000     -9.000    140.000   0.905881    0.010829   0.083126   0.000165   0.916709   3.666837 
   0.0000000000     -8.000    140.000   0.906114    0.010537   0.083180   0.000168   0.916652   3.666606 
   0.0000000000     -7.000    140.000   0.906339    0.010255   0.083235   0.000171   0.916594   3.666374 
   0.0000000000     -6.000    140.000   0.906554    0.009981   0.083290   0.000174   0.916535   3.666141 
   0.0000000000     -5.000    140.000   0.906761    0.009716   0.083346   0.000177   0.916477   3.665907 
   0.0000000000     -4.000    140.000   0.906959    0.009459   0.083402   0.000180   0.916418   3.665670 
   0.0000000000     -3.000    140.000   0.907148    0.009210   0.083458   0.000183   0.916358   3.665432 
   0.0000000000     -2.000    140.000   0.907329    0.008969   0.083515   0.000187   0.916298   3.665192 
   0.0000000000     -1.000    140.000   0.907503    0.008734   0.083573   0.000190   0.916237   3.664950 
   0.0000000000      0.000    140.000   0.907669    0.008507   0.083631   0.000193   0.916176   3.664705 
   0.0000000000      1.000    140.000   0.907827    0.008287   0.083689   0.000196   0.916114   3.664457 
   0.0000000000      2.000    140.000   0.907978    0.008074   0.083749   0.000200   0.916052   3.664207 
   0.0000000000      3.000    140.000   0.908122    0.007866   0.083809   0.000203   0.915988   3.663954 
   0.0000000000      4.000    140.000   0.908259    0.007665   0.083869   0.000206   0.915924   3.663697 
   0.0000000000      5.000    140.000   0.908389    0.007470   0.083931   0.000210   0.915859   3.663438 
   0.0000000000      6.000    140.000   0.908513    0.007281   0.083993   0.000213   0.915794   3.663174 
   0.0000000000      7.000    140.000   0.908630    0.007097   0.084057   0.000217   0.915727   3.662908 
   0.0000000000      8.000    140.000   0.908741    0.006918   0.084121   0.000220   0.915659   3.662637 
   0.0000000000      9.000    140.000   0.908845    0.006745   0.084186   0.000224   0.915591   3.662362 
   0.0000000000     10.000    140.000   0.908944    0.006577   0.084252   0.000227   0.915521   3.662083 
   0.0000000000     11.000    140.000   0.909037    0.006413   0.084319   0.000231   0.915450   3.661800 
   0.0000000000     12.000    140.000   0.909124    0.006255   0.084388   0.000234   0.915378   3.661512 
   0.0000000000     13.000    140.000   0.909205    0.006100   0.084457   0.000238   0.915305   3.661220 
   0.0000000000     14.000    140.000   0.909280    0.005950   0.084528   0.000242   0.915231   3.660923 
   0.0000000000     15.000    140.000   0.909350    0.005805   0.084599   0.000246   0.915155   3.660621 
   0.0000000000     16.000    140.000   0.909415    0.005663   0.084672   0.000249   0.915078   3.660314 
   0.0000000000     17.000    140.000   0.909474    0.005526   0.084747   0.000253   0.915000   3.660001 
   0.0000000000     18.000    140.000   0.909529    0.005392   0.084822   0.000257   0.914921   3.659683 
   0.0000000000     19.000    140.000   0.909578    0.005262   0.084899   0.000261   0.914840   3.659359 
   0.0000000000     20.000    140.000   0.909622    0.005136   0.084978   0.000265   0.914757   3.659030 
   0.0000000000     21.000    140.000   0.909661    0.005013   0.085058   0.000269   0.914674   3.658694 
   0.0000000000     22.000    140.000   0.909695    0.004893   0.085139   0.000273   0.914588   3.658353 
   0.0000000000     23.000    140.000   0.909724    0.004777   0.085222   0.000277   0.914501   3.658005 
   0.0000000000     24.000    140.000   0.909748    0.004664   0.085306   0.000281   0.914413   3.657650 
   0.0000000000     25.000    140.000   0.909768    0.004554   0.085392   0.000285   0.914322   3.657289 
   0.0000000000     26.000    140.000   0.909783    0.004447   0.085480   0.000289   0.914230   3.656922 
   0.0000000000     27.000    140.000   0.909794    0.004343   0.085570   0.000294   0.914137   3.656547 
   0.0000000000     28.000    140.000   0.909800    0.004242   0.085661   0.000298   0.914041   3.656166 
   0.0000000000     29.000    140.000   0.909801    0.004143   0.085754   0.000302   0.913944   3.655777 
   0.0000000000     30.000    140.000   0.909798    0.004047   0.085848   0.000307   0.913845   3.655380 
   0.0000000000     31.000    140.000   0.909791    0.003954   0.085945   0.000311   0.913744   3.654977 
   0.0000000000     32.000    140.000   0.909779    0.003863   0.086043   0.000315   0.913641   3.654565 
   0.0000000000     33.000    140.000   0.909762    0.003774   0.086144   0.000320   0.913536   3.654146 
   0.0000000000     34.000    140.000   0.909742    0.003688   0.086246   0.000324   0.913430   3.653718 
   0.0000000000     35.000    140.000   0.909717    0.003604   0.086350   0.000329   0.913321   3.653282 
   0.0000000000     36.000    140.000   0.909688    0.003522   0.086457   0.000334   0.913210   3.652838 
   0.0000000000     37.000    140.000   0.909654    0.003442   0.086565   0.000338   0.913096   3.652386 
   0.0000000000     38.000    140.000   0.909617    0.003364   0.086676   0.000343   0.912981   3.651924 
   0.0000000000     39.000    140.000   0.909575    0.003289   0.086789   0.000348   0.912864   3.651454 
   0.0000000000     40.000    140.000   0.909529    0.003215   0.086904   0.000353   0.912744   3.650975 
   0.0000000000     41.000    140.000   0.909479    0.003143   0.087021   0.000357   0.912622   3.650486 
   0.0000000000     42.000    140.000   0.909424    0.003073   0.087140   0.000362   0.912497   3.649989 
   0.0000000000     43.000    140.000   0.909366    0.003005   0.087262   0.000367   0.912370   3.649481 
   0.0000000000     44.000    140.000   0.909303    0.002938   0.087387   0.000372   0.912241   3.648964 
   0.0000000000     45.000    140.000   0.909236    0.002873   0.087513   0.000377   0.912109   3.648438 
   0.0000000000     46.000    140.000   0.909165    0.002810   0.087642   0.000382   0.911975   3.647901 
   0.0000000000     47.000    140.000   0.909090    0.002748   0.087774   0.000388   0.911838   3.647354 
   0.0000000000     48.000    140.000   0.909011    0.002688   0.087908   0.000393   0.911699   3.646796 
   0.0000000000     49.000    140.000   0.908927    0.002630   0.088045   0.000398   0.911557   3.646228 
   0.0000000000     50.000    140.000   0.908840    0.002572   0.088184   0.000403   0.911412   3.645649 
   0.0000000000     51.000    140.000   0.908748    0.002517   0.088326   0.000409   0.911265   3.645060 
   0.0000000000     52.000    140.000   0.908653    0.002462   0.088471   0.000414   0.911115   3.644459 
   0.0000000000     53.000    140.000   0.908553    0.002409   0.088619   0.000420   0.910962   3.643847 
   0.0000000000     54.000    140.000   0.908449    0.002357   0.088769   0.000425   0.910806   3.643224 
   0.0000000000     55.000    140.000   0.908341    0.002307   0.088922   0.000431   0.910647   3.642589 
   0.0000000000     56.000    140.000   0.908228    0.002257   0.089078   0.000436   0.910486   3.641942 
   0.0000000000     57.000    140.000   0.908112    0.002209   0.089237   0.000442   0.910321   3.641284 
   0.0000000000     58.000    140.000   0.907991    0.002162   0.089399   0.000448   0.910153   3.640613 
   0.0000000000     59.000    140.000   0.907866    0.002116   0.089564   0.000454   0.909982   3.639930 
   0.0000000000     60.000    140.000   0.907737    0.002071   0.089732   0.000460   0.909808   3.639234 
   0.0000000000     61.000    140.000   0.907604    0.002027   0.089903   0.000466   0.909631   3.638526 
   0.0000000000     62.000    140.000   0.907466    0.001985   0.090077   0.000472   0.909451   3.637805 
   0.0000000000     63.000    140.000   0.907325    0.001943   0.090255   0.000478   0.909268   3.637070 
   0.0000000000     64.000    140.000   0.907179    0.001902   0.090436   0.000484   0.909081   3.636323 
   0.0000000000     65.000    140.000   0.907028    0.001862   0.090620   0.000490   0.908890   3.635562 
   0.0000000000     66.000    140.000   0.906873    0.001823   0.090807   0.000496   0.908697   3.634787 
   0.0000000000     67.000    140.000   0.906714    0.001785   0.090998   0.000502   0.908500   3.633999 
   0.0000000000     68.000    140.000   0.906551    0.001748   0.091192   0.000509   0.908299   3.633197 
   0.0000000000     69.000    140.000   0.906383    0.001712   0.091390   0.000515   0.908095   3.632380 
   0.0000000000     70.000    140.000   0.906211    0.001677   0.091591   0.000522   0.907887   3.631549 
   0.0000000000     71.000    140.000   0.906034    0.001642   0.091796   0.000528   0.907676   3.630704 
   0.0000000000     72.000    140.000   0.905853    0.001608   0.092004   0.000535   0.907461   3.629843 
   0.0000000000     73.000    140.000   0.905667    0.001575   0.092216   0.000542   0.907242   3.628968 
   0.0000000000     74.000    140.000   0.905477    0.001543   0.092432   0.000548   0.907019   3.628077 
   0.0000000000     75.000    140.000   0.905282    0.001511   0.092652   0.000555   0.906793   3.627171 
   0.0000000000     76.000    140.000   0.905082    0.001480   0.092875   0.000562   0.906562   3.626250 
   0.0000000000     77.000    140.000   0.904878    0.001450   0.093103   0.000569   0.906328   3.625313 
   0.0000000000     78.000    140.000   0.904669    0.001421   0.093334   0.000576   0.906090   3.624359 
   0.0000000000     79.000    140.000   0.904456    0.001392   0.093569   0.000583   0.905847   3.623390 
   0.0000000000     80.000    140.000   0.904237    0.001363   0.093809   0.000591   0.905601   3.622404 
   0.0000000000     81.000    140.000   0.904014    0.001336   0.094052   0.000598   0.905350   3.621401 
   0.0000000000     82.000    140.000   0.903786    0.001309   0.094299   0.000605   0.905095   3.620381 
   0.0000000000     83.000    140.000   0.903554    0.001282   0.094551   0.000613   0.904836   3.619345 
   0.0000000000     84.000    140.000   0.903316    0.001257   0.094807   0.000620   0.904573   3.618291 
   0.0000000000     85.000    140.000   0.903074    0.001231   0.095067   0.000628   0.904305   3.617220 
   0.0000000000     86.000    140.000   0.902826    0.001207   0.095332   0.000635   0.904033   3.616130 
   0.0000000000     87.000    140.000   0.902573    0.001182   0.095601   0.000643   0.903756   3.615023 
   0.0000000000     88.000    140.000   0.902316    0.001159   0.095874   0.000651   0.903475   3.613898 
   0.0000000000     89.000    140.000   0.902053    0.001136   0.096152   0.000659   0.903189   3.612754 
   0.0000000000     90.000    140.000   0.901785    0.001113   0.096435   0.000667   0.902898   3.611592 
   0.0000000000     91.000    140.000   0.901512    0.001091   0.096722   0.000675   0.902603   3.610411 
   0.0000000000     92.000    140.000   0.901234    0.001069   0.097014   0.000683   0.902303   3.609211 
   0.0000000000     93.000    140.000   0.900950    0.001048   0.097311   0.000692   0.901998   3.607991 
   0.0000000000     94.000    140.000   0.900661    0.001027   0.097612   0.000700   0.901688   3.606752 
   0.0000000000     95.000    140.000   0.900367    0.001006   0.097918   0.000708   0.901373   3.605493 
   0.0000000000     96.000    140.000   0.900067    0.000987   0.098229   0.000717   0.901054   3.604214 
   0.0000000000     97.000    140.000   0.899762    0.000967   0.098546   0.000726   0.900729   3.602915 
   0.0000000000     98.000    140.000   0.899451    0.000948   0.098867   0.000734   0.900399   3.601595 
   0.0000000000     99.000    140.000   0.899135    0.000929   0.099193   0.000743   0.900064   3.600255 
   0.0000000000    100.000    140.000   0.898813    0.000911   0.099524   0.000752   0.899723   3.598893 
   0.0000000000    101.000    140.000   0.898485    0.000893   0.099861   0.000761   0.899378   3.597511 
   0.0000000000    102.000    140.000   0.898151    0.000875   0.100203   0.000770   0.899027   3.596106 
   0.0000000000    103.000    140.000   0.897812    0.000858   0.100550   0.000780   0.898670   3.594680 
   0.0000000000    104.000    140.000   0.897467    0.000841   0.100903   0.000789   0.898308   3.593232 
   0.0000000000    105.000    140.000   0.897116    0.000825   0.101261   0.000798   0.897941   3.591762 
   0.0000000000    106.000    140.000   0.896759    0.000808   0.101625   0.000808   0.897567   3.590269 
   0.0000000000    107.000    140.000   0.896396    0.000792   0.101994   0.000818   0.897188   3.588754 
   0.0000000000    108.000    140.000   0.896027    0.000777   0.102369   0.000827   0.896804   3.587215 
   0.0000000000    109.000    140.000   0.895652    0.000762   0.102749   0.000837   0.896413   3.585653 
   0.0000000000    110.000    140.000   0.895270    0.000747   0.103136   0.000847   0.896017   3.584068 
   0.0000000000    111.000    140.000   0.894883    0.000732   0.103528   0.000857   0.895615   3.582459 
   0.0000000000    112.000    140.000   0.894489    0.000718   0.103926   0.000868   0.895206   3.580825 
   0.0000000000    113.000    140.000   0.894088    0.000704   0.104330   0.000878   0.894792   3.579168 
   0.0000000000    114.000    140.000   0.893681    0.000690   0.104740   0.000888   0.894371   3.577485 
   0.0000000000    115.000    140.000   0.893268    0.000676   0.105156   0.000899   0.893944   3.575778 
   0.0000000000    116.000    140.000   0.892848    0.000663   0.105579   0.000910   0.893511   3.574045 
   0.0000000000    117.000    140.000   0.892422    0.000650   0.106008   0.000921   0.893072   3.572287 
   0.0000000000    118.000    140.000   0.891989    0.000637   0.106443   0.000931   0.892626   3.570504 
   0.0000000000    119.000    140.000   0.891549    0.000625   0.106884   0.000943   0.892174   3.568694 
   0.0000000000    120.000    140.000   0.891102    0.000613   0.107332   0.000954   0.891715   3.566858 
   0.0000000000    121.000    140.000   0.890648    0.000601   0.107786   0.000965   0.891249   3.564995 
   0.0000000000    122.000    140.000   0.890188    0.000589   0.108247   0.000977   0.890776   3.563106 
   0.0000000000    123.000    140.000   0.889720    0.000577   0.108715   0.000988   0.890297   3.561189 
   0.0000000000    124.000    140.000   0.889245    0.000566   0.109189   0.001000   0.889811   3.559245 
   0.0000000000    125.000    140.000   0.888763    0.000555   0.109670   0.001012   0.889318   3.557273 
   0.0000000000    126.000    140.000   0.888274    0.000544   0.110158   0.001024   0.888818   3.555273 
