  #sigma_s    Temp(C) Press(Mpa) p_meanfield density (kg/m^3)      kappa      alpha Cp(J/molK) Cv(J/molK)  mu(J/mol)
   0.0000000000   -173.000      -80.000000   0.084280        904.0549    0.0000287991    0.0003635582   55.8655563710   55.2679661456   -2.2934039230 
   0.0000000000   -172.000      -80.000000   0.084181        903.7298    0.0000285094    0.0003559246   55.8172331634   55.2298135247   -2.2926387033 
   0.0000000000   -171.000      -80.000000   0.084084        903.4115    0.0000282250    0.0003485231   55.7708071799   55.1933163398   -2.2918745150 
   0.0000000000   -170.000      -80.000000   0.083989        903.1000    0.0000279458    0.0003413446   55.7261811407   55.1583842933   -2.2911113258 
   0.0000000000   -169.000      -80.000000   0.083897        902.7949    0.0000276716    0.0003343806   55.6832638831   55.1249329860   -2.2903491047 
   0.0000000000   -168.000      -80.000000   0.083806        902.4961    0.0000274023    0.0003276221   55.6419674743   55.0928834728   -2.2895880506 
   0.0000000000   -167.000      -80.000000   0.083717        902.2034    0.0000271379    0.0003210627   55.6022167171   55.0621618579   -2.2888276657 
   0.0000000000   -166.000      -80.000000   0.083630        901.9167    0.0000268781    0.0003146941   55.5639336307   55.0326989244   -2.2880681637 
   0.0000000000   -165.000      -80.000000   0.083544        901.6357    0.0000266230    0.0003085092   55.5270473876   55.0044297953   -2.2873095182 
   0.0000000000   -164.000      -80.000000   0.083461        901.3603    0.0000263723    0.0003025012   55.4914913775   54.9772936241   -2.2865517038 
   0.0000000000   -163.000      -80.000000   0.083379        901.0904    0.0000261259    0.0002966635   55.4572029173   54.9512333106   -2.2857946960 
   0.0000000000   -162.000      -80.000000   0.083299        900.8256    0.0000258839    0.0002909900   55.4241229853   54.9261952416   -2.2850384714 
   0.0000000000   -161.000      -80.000000   0.083220        900.5661    0.0000256460    0.0002854745   55.3921959777   54.9021290534   -2.2842830072 
   0.0000000000   -160.000      -80.000000   0.083143        900.3114    0.0000254122    0.0002801115   55.3613694856   54.8789874146   -2.2835282817 
   0.0000000000   -159.000      -80.000000   0.083067        900.0616    0.0000251823    0.0002748954   55.3315940905   54.8567258271   -2.2827742739 
   0.0000000000   -158.000      -80.000000   0.082993        899.8165    0.0000249564    0.0002698211   55.3028231768   54.8353024460   -2.2820209635 
   0.0000000000   -157.000      -80.000000   0.082920        899.5760    0.0000247342    0.0002648835   55.2750127618   54.8146779133   -2.2812683310 
   0.0000000000   -156.000      -80.000000   0.082848        899.3399    0.0000245158    0.0002600778   55.2481213391   54.7948152091   -2.2805163575 
   0.0000000000   -155.000      -80.000000   0.082778        899.1082    0.0000243009    0.0002553995   55.2221097378   54.7756795153   -2.2797650250 
   0.0000000000   -154.000      -80.000000   0.082709        898.8806    0.0000240896    0.0002508440   55.1969409935   54.7572380934   -2.2790143157 
   0.0000000000   -153.000      -80.000000   0.082642        898.6572    0.0000238818    0.0002464073   55.1725802336   54.7394601748   -2.2782642128 
   0.0000000000   -152.000      -80.000000   0.082575        898.4377    0.0000236773    0.0002420852   55.1489945732   54.7223168634   -2.2775146998 
   0.0000000000   -151.000      -80.000000   0.082510        898.2222    0.0000234762    0.0002378738   55.1261530236   54.7057810500   -2.2767657607 
   0.0000000000   -150.000      -80.000000   0.082446        898.0104    0.0000232783    0.0002337694   55.1040264120   54.6898273379   -2.2760173802 
   0.0000000000   -149.000      -80.000000   0.082383        897.8023    0.0000230835    0.0002297683   55.0825873116   54.6744319794   -2.2752695432 
   0.0000000000   -148.000      -80.000000   0.082321        897.5978    0.0000228919    0.0002258671   55.0618099832   54.6595728241   -2.2745222353 
   0.0000000000   -147.000      -80.000000   0.082260        897.3968    0.0000227032    0.0002220623   55.0416703265   54.6452292771   -2.2737754421 
   0.0000000000   -146.000      -80.000000   0.082201        897.1992    0.0000225176    0.0002183509   55.0221458437   54.6313822688   -2.2730291500 
   0.0000000000   -145.000      -80.000000   0.082142        897.0049    0.0000223348    0.0002147296   55.0032156117   54.6180142351   -2.2722833452 
   0.0000000000   -144.000      -80.000000   0.082084        896.8139    0.0000221549    0.0002111953   54.9848602668   54.6051091093   -2.2715380147 
   0.0000000000   -143.000      -80.000000   0.082028        896.6261    0.0000219777    0.0002077453   54.9670619991   54.5926523247   -2.2707931454 
   0.0000000000   -142.000      -80.000000   0.081972        896.4414    0.0000218033    0.0002043765   54.9498045591   54.5806308293   -2.2700487244 
   0.0000000000   -141.000      -80.000000   0.081917        896.2597    0.0000216315    0.0002010863   54.9330732752   54.5690331121   -2.2693047391 
   0.0000000000   -140.000      -80.000000   0.081863        896.0809    0.0000214623    0.0001978719   54.9168550831   54.5578492421   -2.2685611768 
   0.0000000000   -139.000      -80.000000   0.081810        895.9050    0.0000212957    0.0001947307   54.9011385674   54.5470709197   -2.2678180250 
   0.0000000000   -138.000      -80.000000   0.081758        895.7320    0.0000211317    0.0001916601   54.8859140168   54.5366915419   -2.2670752711 
   0.0000000000   -137.000      -80.000000   0.081707        895.5617    0.0000209701    0.0001886575   54.8711734913   54.5267062814   -2.2663329024 
   0.0000000000   -136.000      -80.000000   0.081656        895.3940    0.0000208109    0.0001857205   54.8569109038   54.5171121800   -2.2655909062 
   0.0000000000   -135.000      -80.000000   0.081606        895.2291    0.0000206541    0.0001828465   54.8431221173   54.5079082576   -2.2648492692 
   0.0000000000   -134.000      -80.000000   0.081557        895.0666    0.0000204996    0.0001800331   54.8298050551   54.4990956370   -2.2641079783 
   0.0000000000   -133.000      -80.000000   0.081509        894.9068    0.0000203474    0.0001772778   54.8169598291   54.4906776859   -2.2633670195 
   0.0000000000   -132.000      -80.000000   0.081462        894.7493    0.0000201976    0.0001745783   54.8045888833   54.4826601760   -2.2626263787 
   0.0000000000   -131.000      -80.000000   0.081415        894.5943    0.0000200499    0.0001719320   54.7926971555   54.4750514614   -2.2618860409 
   0.0000000000   -130.000      -80.000000   0.081369        894.4417    0.0000199045    0.0001693364   54.7812922577   54.4678626753   -2.2611459905 
   0.0000000000   -129.000      -80.000000   0.081324        894.2914    0.0000197612    0.0001667891   54.7703846743   54.4611079487   -2.2604062111 
   0.0000000000   -128.000      -80.000000   0.081279        894.1434    0.0000196201    0.0001642875   54.7599879825   54.4548046489   -2.2596666852 
   0.0000000000   -127.000      -80.000000   0.081235        893.9976    0.0000194812    0.0001618289   54.7501190920   54.4489736412   -2.2589273942 
   0.0000000000   -126.000      -80.000000   0.081192        893.8540    0.0000193443    0.0001594108   54.7407985079   54.4436395744   -2.2581883181 
   0.0000000000   -125.000      -80.000000   0.081150        893.7126    0.0000192096    0.0001570304   54.7320506163   54.4388311895   -2.2574494355 
   0.0000000000   -124.000      -80.000000   0.081108        893.5733    0.0000190770    0.0001546848   54.7239039939   54.4345816555   -2.2567107231 
   0.0000000000   -123.000      -80.000000   0.081066        893.4361    0.0000189465    0.0001523711   54.7163917429   54.4309289306   -2.2559721560 
   0.0000000000   -122.000      -80.000000   0.081026        893.3010    0.0000188180    0.0001500861   54.7095518520   54.4279161519   -2.2552337067 
   0.0000000000   -121.000      -80.000000   0.080986        893.1680    0.0000186917    0.0001478268   54.7034275843   54.4255920535   -2.2544953457 
   0.0000000000   -120.000      -80.000000   0.080946        893.0370    0.0000185675    0.0001455897   54.6980678942   54.4240114150   -2.2537570404 
   0.0000000000   -119.000      -80.000000   0.080907        892.9080    0.0000184453    0.0001433713   54.6935278726   54.4232355399   -2.2530187554 
   0.0000000000   -118.000      -80.000000   0.080869        892.7809    0.0000183254    0.0001411678   54.6898692231   54.4233327678   -2.2522804520 
   0.0000000000   -117.000      -80.000000   0.080832        892.6559    0.0000182075    0.0001389753   54.6871607685   54.4243790177   -2.2515420875 
   0.0000000000   -116.000      -80.000000   0.080795        892.5328    0.0000180919    0.0001367897   54.6854789912   54.4264583668   -2.2508036153 
   0.0000000000   -115.000      -80.000000   0.080758        892.4117    0.0000179785    0.0001346065   54.6849086043   54.4296636633   -2.2500649843 
   0.0000000000   -114.000      -80.000000   0.080723        892.2926    0.0000178674    0.0001324210   54.6855431590   54.4340971755   -2.2493261383 
   0.0000000000   -113.000      -80.000000   0.080687        892.1754    0.0000177586    0.0001302283   54.6874856851   54.4398712775   -2.2485870158 
   0.0000000000   -112.000      -80.000000   0.080653        892.0602    0.0000176522    0.0001280230   54.6908493676   54.4471091714   -2.2478475491 
   0.0000000000   -111.000      -80.000000   0.080619        891.9470    0.0000175482    0.0001257994   54.6957582593   54.4559456483   -2.2471076642 
   0.0000000000   -110.000      -80.000000   0.080585        891.8358    0.0000174468    0.0001235516   54.7023480294   54.4665278868   -2.2463672796 
   0.0000000000   -109.000      -80.000000   0.080553        891.7266    0.0000173481    0.0001212730   54.7107667498   54.4790162900   -2.2456263063 
   0.0000000000   -108.000      -80.000000   0.080520        891.6195    0.0000172520    0.0001189569   54.7211757175   54.4935853617   -2.2448846468 
   0.0000000000   -107.000      -80.000000   0.080489        891.5145    0.0000171588    0.0001165960   54.7337503144   54.5104246197   -2.2441421943 
   0.0000000000   -106.000      -80.000000   0.080458        891.4116    0.0000170685    0.0001141824   54.7486809039   54.5297395482   -2.2433988319 
   0.0000000000   -105.000      -80.000000   0.080428        891.3110    0.0000169813    0.0001117078   54.7661737635   54.5517525868   -2.2426544319 
   0.0000000000   -104.000      -80.000000   0.080398        891.2125    0.0000168974    0.0001091633   54.7864520528   54.5767041560   -2.2419088551 
   0.0000000000   -103.000      -80.000000   0.080369        891.1164    0.0000168169    0.0001065396   54.8097568158   54.6048537169   -2.2411619493 
   0.0000000000   -102.000      -80.000000   0.080341        891.0227    0.0000167400    0.0001038265   54.8363480160   54.6364808643   -2.2404135487 
   0.0000000000   -101.000      -80.000000   0.080314        890.9314    0.0000166668    0.0001010133   54.8665056020   54.6718864498   -2.2396634730 
   0.0000000000   -100.000      -80.000000   0.080287        890.8427    0.0000165976    0.0000980887   54.9005306012   54.7113937322   -2.2389115257 
   0.0000000000    -99.000      -80.000000   0.080261        890.7567    0.0000165327    0.0000950404   54.9387462386   54.7553495522   -2.2381574935 
   0.0000000000    -98.000      -80.000000   0.080236        890.6734    0.0000164722    0.0000918556   54.9814990773   54.8041255253   -2.2374011445 
   0.0000000000    -97.000      -80.000000   0.080212        890.5931    0.0000164164    0.0000885207   55.0291601745   54.8581192501   -2.2366422275 
   0.0000000000    -96.000      -80.000000   0.080189        890.5158    0.0000163657    0.0000850209   55.0821262499   54.9177555231   -2.2358804701 
   0.0000000000    -95.000      -80.000000   0.080167        890.4417    0.0000163203    0.0000813411   55.1408208588   54.9834875548   -2.2351155774 
   0.0000000000    -94.000      -80.000000   0.080146        890.3710    0.0000162805    0.0000774647   55.2056955613   55.0557981770   -2.2343472307 
   0.0000000000    -93.000      -80.000000   0.080126        890.3038    0.0000162468    0.0000733746   55.2772310826   55.1352010329   -2.2335750855 
   0.0000000000    -92.000      -80.000000   0.080107        890.2404    0.0000162195    0.0000690524   55.3559384489   55.2222417365   -2.2327987701 
   0.0000000000    -91.000      -80.000000   0.080089        890.1810    0.0000161990    0.0000644789   55.4423600928   55.3174989912   -2.2320178838 
   0.0000000000    -90.000      -80.000000   0.080072        890.1257    0.0000161857    0.0000596336   55.5370709108   55.4215856493   -2.2312319951 
   0.0000000000    -89.000      -80.000000   0.080057        890.0749    0.0000161802    0.0000544951   55.6406792595   55.5351496971   -2.2304406400 
   0.0000000000    -88.000      -80.000000   0.080043        890.0288    0.0000161829    0.0000490408   55.7538278731   55.6588751472   -2.2296433194 
   0.0000000000    -87.000      -80.000000   0.080031        889.9877    0.0000161943    0.0000432468   55.8771946825   55.7934828134   -2.2288394982 
   0.0000000000    -86.000      -80.000000   0.080020        889.9519    0.0000162150    0.0000370882   56.0114935123   55.9397309459   -2.2280286020 
   0.0000000000    -85.000      -80.000000   0.080011        889.9218    0.0000162457    0.0000305388   56.1574746344   56.0984156987   -2.2272100160 
   0.0000000000    -84.000      -80.000000   0.080004        889.8977    0.0000162868    0.0000235711   56.3159251462   56.2703713973   -2.2263830823 
   0.0000000000    -83.000      -80.000000   0.079999        889.8800    0.0000163392    0.0000161565   56.4876691448   56.4564705742   -2.2255470978 
   0.0000000000    -82.000      -80.000000   0.079995        889.8691    0.0000164035    0.0000082648   56.6735676618   56.6576237327   -2.2247013121 
   0.0000000000    -81.000      -80.000000   0.079994        889.8654    0.0000164804   -0.0000001352   56.8745183211   56.8747787974   -2.2238449251 
   0.0000000000    -80.000      -80.000000   0.079995        889.8695    0.0000165708   -0.0000090759   57.0914546748   57.1089202061   -2.2229770847 
   0.0000000000    -79.000      -80.000000   0.079999        889.8817    0.0000166754   -0.0000185913   57.3253451751   57.3610675917   -2.2220968848 
   0.0000000000    -78.000      -80.000000   0.080005        889.9027    0.0000167952   -0.0000287163   57.5771917270   57.6322739990   -2.2212033630 
   0.0000000000    -77.000      -80.000000   0.080014        889.9330    0.0000169309   -0.0000394871   57.8480277692   57.9236235786   -2.2202954982 
   0.0000000000    -76.000      -80.000000   0.080027        889.9732    0.0000170837   -0.0000509413   58.1389158229   58.2362286920   -2.2193722088 
   0.0000000000    -75.000      -80.000000   0.080042        890.0239    0.0000172544   -0.0000631171   58.4509444431   58.5712263591   -2.2184323506 
   0.0000000000    -74.000      -80.000000   0.080060        890.0858    0.0000174440   -0.0000760542   58.7852245056   58.9297739779   -2.2174747149 
   0.0000000000    -73.000      -80.000000   0.080082        890.1595    0.0000176538   -0.0000897928   59.1428847547   59.3130442362   -2.2164980271 
   0.0000000000    -72.000      -80.000000   0.080108        890.2459    0.0000178847   -0.0001043742   59.5250665369   59.7222191386   -2.2155009446 
   0.0000000000    -71.000      -80.000000   0.080138        890.3456    0.0000181379   -0.0001198400   59.9329176383   60.1584830619   -2.2144820564 
   0.0000000000    -70.000      -80.000000   0.080172        890.4595    0.0000184147   -0.0001362325   60.3675851462   60.6230147593   -2.2134398816 
   0.0000000000    -69.000      -80.000000   0.080211        890.5885    0.0000187161   -0.0001535942   60.8302072485   61.1169782238   -2.2123728687 
   0.0000000000    -68.000      -80.000000   0.080254        890.7334    0.0000190436   -0.0001719673   61.3219038892   61.6415123316   -2.2112793963 
   0.0000000000    -67.000      -80.000000   0.080303        890.8951    0.0000193984   -0.0001913941   61.8437661969   62.1977191826   -2.2101577725 
   0.0000000000    -66.000      -80.000000   0.080357        891.0747    0.0000197817   -0.0002119159   62.3968446079   62.7866510647   -2.2090062363 
   0.0000000000    -65.000      -80.000000   0.080416        891.2731    0.0000201949   -0.0002335733   62.9821356150   63.4092959780   -2.2078229591 
   0.0000000000    -64.000      -80.000000   0.080482        891.4914    0.0000206394   -0.0002564052   63.6005670750   64.0665616644   -2.2066060471 
   0.0000000000    -63.000      -80.000000   0.080554        891.7307    0.0000211164   -0.0002804487   64.2529820326   64.7592581082   -2.2053535438 
   0.0000000000    -62.000      -80.000000   0.080632        891.9920    0.0000216274   -0.0003057384   64.9401210245   65.4880784927   -2.2040634348 
   0.0000000000    -61.000      -80.000000   0.080718        892.2765    0.0000221737   -0.0003323059   65.6626028580   66.2535786254   -2.2027336525 
   0.0000000000    -60.000      -80.000000   0.080810        892.5853    0.0000227565   -0.0003601789   66.4209038847   67.0561548789   -2.2013620820 
   0.0000000000    -59.000      -80.000000   0.080911        892.9198    0.0000233771   -0.0003893808   67.2153358211   67.8960207322   -2.1999465689 
   0.0000000000    -58.000      -80.000000   0.081020        893.2811    0.0000240367   -0.0004199296   68.0460222153   68.7731820460   -2.1984849281 
   0.0000000000    -57.000      -80.000000   0.081137        893.6705    0.0000247366   -0.0004518370   68.9128737036   69.6874112617   -2.1969749536 
   0.0000000000    -56.000      -80.000000   0.081263        894.0891    0.0000254776   -0.0004851077   69.8155622583   70.6382207728   -2.1954144307 
   0.0000000000    -55.000      -80.000000   0.081398        894.5383    0.0000262608   -0.0005197382   70.7534946953   71.6248357948   -2.1938011496 
   0.0000000000    -54.000      -80.000000   0.081543        895.0193    0.0000270870   -0.0005557155   71.7257857810   72.6461671317   -2.1921329202 
   0.0000000000    -53.000      -80.000000   0.081698        895.5335    0.0000279567   -0.0005930162   72.7312313597   73.7007843290   -2.1904075899 
   0.0000000000    -52.000      -80.000000   0.081863        896.0819    0.0000288706   -0.0006316053   73.7682820118   74.7868897900   -2.1886230620 
   0.0000000000    -51.000      -80.000000   0.082040        896.6658    0.0000298287   -0.0006714347   74.8350178411   75.9022945261   -2.1867773173 
   0.0000000000    -50.000      -80.000000   0.082227        897.2863    0.0000308312   -0.0007124420   75.9291250954   77.0443963146   -2.1848684367 
   0.0000000000    -49.000      -80.000000   0.082426        897.9446    0.0000318777   -0.0007545492   77.0478754087   78.2101611157   -2.1828946262 
   0.0000000000    -48.000      -80.000000   0.082637        898.6418    0.0000329677   -0.0007976649   78.1881657264   79.3961731123   -2.1808538676 
   0.0000000000    -47.000      -80.000000   0.082860        899.3786    0.0000341002   -0.0008416704   79.3462880045   80.5983804542   -2.1787453795 
   0.0000000000    -46.000      -80.000000   0.083096        900.1560    0.0000352737   -0.0008864363   80.5182334568   81.8124433395   -2.1765675909 
   0.0000000000    -45.000      -80.000000   0.083344        900.9747    0.0000364867   -0.0009318105   81.6994930716   83.0335144619   -2.1743194873 
   0.0000000000    -44.000      -80.000000   0.083605        901.8352    0.0000377367   -0.0009776201   82.8851123819   84.2563056726   -2.1720003266 
   0.0000000000    -43.000      -80.000000   0.083879        902.7381    0.0000390212   -0.0010236708   84.0697073022   85.4751103112   -2.1696096700 
   0.0000000000    -42.000      -80.000000   0.084167        903.6835    0.0000403369   -0.0010697468   85.2474897468   86.6838358482   -2.1671474139 
   0.0000000000    -41.000      -80.000000   0.084468        904.6715    0.0000416799   -0.0011156110   86.4123039097   87.8760475521   -2.1646138204 
   0.0000000000    -40.000      -80.000000   0.084782        905.7019    0.0000430460   -0.0011610060   87.5576738807   89.0450236410   -2.1620095456 
   0.0000000000    -39.000      -80.000000   0.085109        906.7744    0.0000444303   -0.0012056552   88.6768630078   90.1838220621   -2.1593356661 
   0.0000000000    -38.000      -80.000000   0.085449        907.8882    0.0000458272   -0.0012492646   89.7629450840   91.2853586616   -2.1565937008 
   0.0000000000    -37.000      -80.000000   0.085802        909.0424    0.0000472309   -0.0012915255   90.8088870026   92.3424960545   -2.1537856294 
   0.0000000000    -36.000      -80.000000   0.086168        910.2358    0.0000486348   -0.0013321177   91.8076420623   93.3481420027   -2.1509139042 
   0.0000000000    -35.000      -80.000000   0.086546        911.4671    0.0000500321   -0.0013707189   92.7523123406   94.2954240897   -2.1479808889 
   0.0000000000    -34.000      -80.000000   0.086935        912.7340    0.0000514151   -0.0014069883   93.6360244534   95.1775335300   -2.1449910211 
   0.0000000000    -33.000      -80.000000   0.087335        914.0347    0.0000527764   -0.0014406022   94.4523871162   95.9882311886   -2.1419476994 
   0.0000000000    -32.000      -80.000000   0.087745        915.3667    0.0000541081   -0.0014712403   95.1953853675   96.7217076849   -2.1388552479 
   0.0000000000    -31.000      -80.000000   0.088165        916.7273    0.0000554022   -0.0014985962   95.8595498918   97.3727552944   -2.1357184123 
   0.0000000000    -30.000      -80.000000   0.088593        918.1133    0.0000566509   -0.0015223845   96.4400668636   97.9368704466   -2.1325423240 
   0.0000000000    -29.000      -80.000000   0.089029        919.5216    0.0000578463   -0.0015423464   96.9328785187   98.4103448479   -2.1293324541 
   0.0000000000    -28.000      -80.000000   0.089471        920.9486    0.0000589811   -0.0015582563   97.3347705481   98.7903416972   -2.1260945607 
   0.0000000000    -27.000      -80.000000   0.089918        922.3905    0.0000600484   -0.0015699271   97.6434426864   99.0749538658   -2.1228346273 
   0.0000000000    -26.000      -80.000000   0.090370        923.8434    0.0000610418   -0.0015772154   97.8575593693   99.2632415252   -2.1195587968 
   0.0000000000    -25.000      -80.000000   0.090824        925.3033    0.0000619558   -0.0015800251   97.9767780324   99.3552474936   -2.1162733000 
   0.0000000000    -24.000      -80.000000   0.091280        926.7660    0.0000627857   -0.0015783105   98.0017535542   99.3519894948   -2.1129843823 
   0.0000000000    -23.000      -80.000000   0.091737        928.2274    0.0000635279   -0.0015720773   97.9341183666   99.2554295228   -2.1096982299 
   0.0000000000    -22.000      -80.000000   0.092192        929.6831    0.0000641795   -0.0015613825   97.7764388756   99.0684215101   -2.1064208973 
   0.0000000000    -21.000      -80.000000   0.092646        931.1295    0.0000647393   -0.0015463359   97.5321033748   98.7945991892   -2.1031575187 
   0.0000000000    -20.000      -80.000000   0.093095        932.5618    0.0000652062   -0.0015270867   97.2054099556   98.4384356100   -2.0999150679 
   0.0000000000    -19.000      -80.000000   0.093540        933.9764    0.0000655811   -0.0015038352   96.8012259486   98.0049381871   -2.0966981550 
   0.0000000000    -18.000      -80.000000   0.093978        935.3697    0.0000658656   -0.0014768169   96.3250236773   97.4996620919   -2.0935116835 
   0.0000000000    -17.000      -80.000000   0.094409        936.7381    0.0000660621   -0.0014462996   95.7827266106   96.9285662228   -2.0903601505 
   0.0000000000    -16.000      -80.000000   0.094832        938.0783    0.0000661740   -0.0014125765   95.1805869832   96.2978965757   -2.0872476168 
   0.0000000000    -15.000      -80.000000   0.095246        939.3874    0.0000662057   -0.0013759600   94.5250648287   95.6140723647   -2.0841776882 
   0.0000000000    -14.000      -80.000000   0.095650        940.6626    0.0000661617   -0.0013367744   93.8227122412   94.8835781466   -2.0811535050 
   0.0000000000    -13.000      -80.000000   0.096043        941.9015    0.0000660474   -0.0012953499   93.0800660447   94.1128646073   -2.0781777416 
   0.0000000000    -12.000      -80.000000   0.096424        943.1021    0.0000658685   -0.0012520162   92.3035513590   93.3082600208   -2.0752526132 
   0.0000000000    -11.000      -80.000000   0.096792        944.2626    0.0000656309   -0.0012070974   91.4993977904   92.4758937063   -2.0723798903 
   0.0000000000    -10.000      -80.000000   0.097148        945.3813    0.0000653405   -0.0011609072   90.6735692200   91.6216321772   -2.0695609182 
   0.0000000000     -9.000      -80.000000   0.097491        946.4572    0.0000650035   -0.0011137447   89.8317075090   90.7510280903   -2.0667966422 
   0.0000000000     -8.000      -80.000000   0.097820        947.4893    0.0000646258   -0.0010658917   88.9790898186   89.8692816197   -2.0640876358 
   0.0000000000     -7.000      -80.000000   0.098135        948.4769    0.0000642133   -0.0010176103   88.1205987896   88.9812134884   -2.0614341310 
   0.0000000000     -6.000      -80.000000   0.098437        949.4196    0.0000637715   -0.0009691409   87.2607044712   88.0912486100   -2.0588360506 
   0.0000000000     -5.000      -80.000000   0.098724        950.3171    0.0000633059   -0.0009207017   86.4034566380   87.2034091097   -2.0562930407 
   0.0000000000     -4.000      -80.000000   0.098997        951.1695    0.0000628213   -0.0008724886   85.5524860365   86.3213153997   -2.0538045029 
   0.0000000000     -3.000      -80.000000   0.099255        951.9770    0.0000623224   -0.0008246745   84.7110130298   85.4481939627   -2.0513696255 
   0.0000000000     -2.000      -80.000000   0.099500        952.7398    0.0000618137   -0.0007774109   83.8818621806   84.5868905399   -2.0489874138 
   0.0000000000     -1.000      -80.000000   0.099731        953.4585    0.0000612990   -0.0007308281   83.0674813846   83.7398875012   -2.0466567177 
   0.0000000000      0.000      -80.000000   0.099947        954.1336    0.0000607819   -0.0006850366   82.2699643043   82.9093242903   -2.0443762587 
   0.0000000000      1.000      -80.000000   0.100151        954.7659    0.0000602656   -0.0006401287   81.4910749938   82.0970199651   -2.0421446532 
   0.0000000000      2.000      -80.000000   0.100341        955.3562    0.0000597530   -0.0005961793   80.7322737825   81.3044969931   -2.0399604348 
   0.0000000000      3.000      -80.000000   0.100517        955.9054    0.0000592466   -0.0005532479   79.9947436234   80.5330055962   -2.0378220740 
   0.0000000000      4.000      -80.000000   0.100681        956.4142    0.0000587487   -0.0005113800   79.2794162784   79.7835480703   -2.0357279952 
   0.0000000000      5.000      -80.000000   0.100832        956.8839    0.0000582612   -0.0004706084   78.5869978415   79.0569026215   -2.0336765927 
   0.0000000000      6.000      -80.000000   0.100971        957.3152    0.0000577858   -0.0004309547   77.9179932268   78.3536463700   -2.0316662435 
   0.0000000000      7.000      -80.000000   0.101098        957.7093    0.0000573239   -0.0003924306   77.2727293552   77.6741772647   -2.0296953197 
   0.0000000000      8.000      -80.000000   0.101214        958.0672    0.0000568767   -0.0003550394   76.6513768610   77.0187347294   -2.0277621976 
   0.0000000000      9.000      -80.000000   0.101318        958.3899    0.0000564453   -0.0003187768   76.0539702125   76.3874189278   -2.0258652669 
   0.0000000000     10.000      -80.000000   0.101411        958.6786    0.0000560303   -0.0002836320   75.4804262030   75.7802085898   -2.0240029372 
   0.0000000000     11.000      -80.000000   0.101494        958.9341    0.0000556325   -0.0002495891   74.9305608122   75.1969773820   -2.0221736441 
   0.0000000000     12.000      -80.000000   0.101566        959.1576    0.0000552524   -0.0002166275   74.4041044744   74.6375088401   -2.0203758539 
   0.0000000000     13.000      -80.000000   0.101628        959.3500    0.0000548904   -0.0001847229   73.9007158160   74.1015099047   -2.0186080675 
   0.0000000000     14.000      -80.000000   0.101680        959.5123    0.0000545467   -0.0001538480   73.4199939405   73.5886231218   -2.0168688230 
   0.0000000000     15.000      -80.000000   0.101724        959.6455    0.0000542215   -0.0001239729   72.9614893555   73.0984375809   -2.0151566981 
   0.0000000000     16.000      -80.000000   0.101757        959.7505    0.0000539149   -0.0000950661   72.5247136366   72.6304986697   -2.0134703119 
   0.0000000000     17.000      -80.000000   0.101783        959.8283    0.0000536269   -0.0000670945   72.1091479324   72.1843167323   -2.0118083257 
   0.0000000000     18.000      -80.000000   0.101799        959.8796    0.0000533574   -0.0000400241   71.7142504077   71.7593747164   -2.0101694436 
   0.0000000000     19.000      -80.000000   0.101808        959.9054    0.0000531064   -0.0000138201   71.3394627261   71.3551348946   -2.0085524128 
   0.0000000000     20.000      -80.000000   0.101808        959.9064    0.0000528738    0.0000115525   70.9842156633   70.9710447432   -2.0069560232 
   0.0000000000     21.000      -80.000000   0.101800        959.8834    0.0000526593    0.0000361287   70.6479339420   70.6065420585   -2.0053791075 
   0.0000000000     22.000      -80.000000   0.101786        959.8372    0.0000524628    0.0000599436   70.3300403693   70.2610593849   -2.0038205402 
   0.0000000000     23.000      -80.000000   0.101763        959.7686    0.0000522840    0.0000830319   70.0299593543   69.9340278257   -2.0022792369 
   0.0000000000     24.000      -80.000000   0.101734        959.6781    0.0000521227    0.0001054276   69.7471198766   69.6248803023   -2.0007541533 
   0.0000000000     25.000      -80.000000   0.101698        959.5664    0.0000519787    0.0001271646   69.4809579701   69.3330543211   -1.9992442844 
   0.0000000000     26.000      -80.000000   0.101655        959.4342    0.0000518516    0.0001482756   69.2309187791   69.0579943045   -1.9977486631 
   0.0000000000     27.000      -80.000000   0.101606        959.2821    0.0000517412    0.0001687929   68.9964582409   68.7991535358   -1.9962663589 
   0.0000000000     28.000      -80.000000   0.101551        959.1105    0.0000516473    0.0001887479   68.7770444421   68.5559957636   -1.9947964771 
   0.0000000000     29.000      -80.000000   0.101489        958.9202    0.0000515695    0.0002081708   68.5721586889   68.3279965065   -1.9933381572 
   0.0000000000     30.000      -80.000000   0.101422        958.7115    0.0000515076    0.0002270914   68.3812963324   68.1146440965   -1.9918905715 
   0.0000000000     31.000      -80.000000   0.101349        958.4849    0.0000514614    0.0002455383   68.2039673800   67.9154404933   -1.9904529242 
   0.0000000000     32.000      -80.000000   0.101270        958.2409    0.0000514305    0.0002635392   68.0396969224   67.7299018996   -1.9890244499 
   0.0000000000     33.000      -80.000000   0.101186        957.9799    0.0000514148    0.0002811209   67.8880254053   67.5575592038   -1.9876044122 
   0.0000000000     34.000      -80.000000   0.101096        957.7024    0.0000514140    0.0002983091   67.7485087651   67.3979582741   -1.9861921027 
   0.0000000000     35.000      -80.000000   0.101002        957.4087    0.0000514278    0.0003151289   67.6207184520   67.2506601244   -1.9847868396 
   0.0000000000     36.000      -80.000000   0.100902        957.0991    0.0000514561    0.0003316041   67.5042413567   67.1152409710   -1.9833879666 
   0.0000000000     37.000      -80.000000   0.100797        956.7740    0.0000514986    0.0003477580   67.3986796565   66.9912921958   -1.9819948518 
   0.0000000000     38.000      -80.000000   0.100687        956.4337    0.0000515551    0.0003636127   67.3036505953   66.8784202311   -1.9806068863 
   0.0000000000     39.000      -80.000000   0.100573        956.0785    0.0000516255    0.0003791895   67.2187862075   66.7762463783   -1.9792234836 
   0.0000000000     40.000      -80.000000   0.100454        955.7087    0.0000517095    0.0003945091   67.1437329986   66.6844065712   -1.9778440779 
   0.0000000000     41.000      -80.000000   0.100330        955.3245    0.0000518071    0.0004095912   67.0781515883   66.6025510947   -1.9764681237 
   0.0000000000     42.000      -80.000000   0.100202        954.9262    0.0000519179    0.0004244547   67.0217163272   66.5303442655   -1.9750950945 
   0.0000000000     43.000      -80.000000   0.100070        954.5140    0.0000520420    0.0004391178   66.9741148905   66.4674640842   -1.9737244818 
   0.0000000000     44.000      -80.000000   0.099933        954.0880    0.0000521792    0.0004535980   66.9350478568   66.4136018635   -1.9723557944 
   0.0000000000     45.000      -80.000000   0.099792        953.6485    0.0000523293    0.0004679121   66.9042282746   66.3684618395   -1.9709885575 
   0.0000000000     46.000      -80.000000   0.099646        953.1956    0.0000524922    0.0004820763   66.8813812238   66.3317607687   -1.9696223117 
   0.0000000000     47.000      -80.000000   0.099497        952.7295    0.0000526679    0.0004961059   66.8662433713   66.3032275175   -1.9682566125 
   0.0000000000     48.000      -80.000000   0.099343        952.2503    0.0000528563    0.0005100159   66.8585625282   66.2826026451   -1.9668910293 
   0.0000000000     49.000      -80.000000   0.099185        951.7582    0.0000530572    0.0005238204   66.8580972076   66.2696379846   -1.9655251446 
   0.0000000000     50.000      -80.000000   0.099023        951.2532    0.0000532707    0.0005375332   66.8646161868   66.2640962240   -1.9641585538 
   0.0000000000     51.000      -80.000000   0.098858        950.7355    0.0000534966    0.0005511675   66.8778980752   66.2657504887   -1.9627908639 
   0.0000000000     52.000      -80.000000   0.098688        950.2052    0.0000537350    0.0005647359   66.8977308886   66.2743839285   -1.9614216932 
   0.0000000000     53.000      -80.000000   0.098514        949.6623    0.0000539857    0.0005782504   66.9239116330   66.2897893098   -1.9600506709 
   0.0000000000     54.000      -80.000000   0.098337        949.1069    0.0000542488    0.0005917228   66.9562458955   66.3117686134   -1.9586774362 
   0.0000000000     55.000      -80.000000   0.098155        948.5391    0.0000545243    0.0006051643   66.9945474460   66.3401326408   -1.9573016377 
   0.0000000000     56.000      -80.000000   0.097970        947.9589    0.0000548120    0.0006185856   67.0386378490   66.3747006281   -1.9559229333 
   0.0000000000     57.000      -80.000000   0.097781        947.3663    0.0000551121    0.0006319971   67.0883460852   66.4152998683   -1.9545409893 
   0.0000000000     58.000      -80.000000   0.097588        946.7614    0.0000554246    0.0006454087   67.1435081848   66.4617653429   -1.9531554802 
   0.0000000000     59.000      -80.000000   0.097391        946.1442    0.0000557494    0.0006588300   67.2039668702   66.5139393634   -1.9517660880 
   0.0000000000     60.000      -80.000000   0.097191        945.5147    0.0000560867    0.0006722702   67.2695712113   66.5716712215   -1.9503725021 
   0.0000000000     61.000      -80.000000   0.096986        944.8729    0.0000564363    0.0006857381   67.3401762899   66.6348168495   -1.9489744187 
   0.0000000000     62.000      -80.000000   0.096778        944.2188    0.0000567984    0.0006992424   67.4156428757   66.7032384900   -1.9475715403 
   0.0000000000     63.000      -80.000000   0.096567        943.5524    0.0000571730    0.0007127911   67.4958371134   66.7768043759   -1.9461635758 
   0.0000000000     64.000      -80.000000   0.096351        942.8737    0.0000575602    0.0007263922   67.5806302190   66.8553884188   -1.9447502397 
   0.0000000000     65.000      -80.000000   0.096132        942.1826    0.0000579600    0.0007400532   67.6698981868   66.9388699078   -1.9433312518 
   0.0000000000     66.000      -80.000000   0.095909        941.4792    0.0000583725    0.0007537814   67.7635215064   67.0271332165   -1.9419063372 
   0.0000000000     67.000      -80.000000   0.095682        940.7633    0.0000587977    0.0007675839   67.8613848895   67.1200675196   -1.9404752261 
   0.0000000000     68.000      -80.000000   0.095451        940.0349    0.0000592358    0.0007814674   67.9633770059   67.2175665179   -1.9390376528 
   0.0000000000     69.000      -80.000000   0.095217        939.2940    0.0000596868    0.0007954385   68.0693902278   67.3195281712   -1.9375933564 
   0.0000000000     70.000      -80.000000   0.094978        938.5406    0.0000601508    0.0008095032   68.1793203850   67.4258544402   -1.9361420799 
   0.0000000000     71.000      -80.000000   0.094736        937.7745    0.0000606279    0.0008236677   68.2930665264   67.5364510354   -1.9346835702 
   0.0000000000     72.000      -80.000000   0.094491        936.9957    0.0000611182    0.0008379377   68.4105306908   67.6512271736   -1.9332175781 
   0.0000000000     73.000      -80.000000   0.094241        936.2041    0.0000616218    0.0008523187   68.5316176863   67.7700953422   -1.9317438575 
   0.0000000000     74.000      -80.000000   0.093987        935.3997    0.0000621388    0.0008668160   68.6562348757   67.8929710694   -1.9302621662 
   0.0000000000     75.000      -80.000000   0.093730        934.5824    0.0000626692    0.0008814346   68.7842919712   68.0197727019   -1.9287722647 
   0.0000000000     76.000      -80.000000   0.093469        933.7521    0.0000632133    0.0008961795   68.9157008352   68.1504211880   -1.9272739167 
   0.0000000000     77.000      -80.000000   0.093204        932.9088    0.0000637712    0.0009110551   69.0503752877   68.2848398675   -1.9257668889 
   0.0000000000     78.000      -80.000000   0.092935        932.0522    0.0000643428    0.0009260660   69.1882309225   68.4229542669   -1.9242509507 
   0.0000000000     79.000      -80.000000   0.092662        931.1824    0.0000649284    0.0009412163   69.3291849265   68.5646918999   -1.9227258742 
   0.0000000000     80.000      -80.000000   0.092385        930.2993    0.0000655281    0.0009565099   69.4731559092   68.7099820734   -1.9211914339 
   0.0000000000     81.000      -80.000000   0.092104        929.4027    0.0000661420    0.0009719507   69.6200637353   68.8587556983   -1.9196474070 
   0.0000000000     82.000      -80.000000   0.091820        928.4928    0.0000667699    0.0009875390   69.7697907304   69.0108969996   -1.9180931973 
   0.0000000000     83.000      -80.000000   0.091531        927.5691    0.0000674125    0.0010032842   69.9223340264   69.1664330179   -1.9165293230 
   0.0000000000     84.000      -80.000000   0.091239        926.6316    0.0000680697    0.0010191865   70.0775795971   69.3252528442   -1.9149552072 
   0.0000000000     85.000      -80.000000   0.090942        925.6802    0.0000687415    0.0010352487   70.2354507771   69.4872919934   -1.9133706364 
   0.0000000000     86.000      -80.000000   0.090641        924.7149    0.0000694281    0.0010514734   70.3958714123   69.6524867044   -1.9117753996 
   0.0000000000     87.000      -80.000000   0.090336        923.7355    0.0000701295    0.0010678632   70.5587657269   69.8207737756   -1.9101692878 
   0.0000000000     88.000      -80.000000   0.090028        922.7420    0.0000708460    0.0010844201   70.7240581958   69.9920904050   -1.9085520942 
   0.0000000000     89.000      -80.000000   0.089715        921.7342    0.0000715777    0.0011011461   70.8916734237   70.1663740330   -1.9069236147 
   0.0000000000     90.000      -80.000000   0.089397        920.7120    0.0000723246    0.0011180429   71.0615360270   70.3435621889   -1.9052836470 
   0.0000000000     91.000      -80.000000   0.089076        919.6754    0.0000730868    0.0011351120   71.2335705248   70.5235923412   -1.9036319916 
   0.0000000000     92.000      -80.000000   0.088751        918.6241    0.0000738644    0.0011523544   71.4077012286   70.7064017502   -1.9019684511 
   0.0000000000     93.000      -80.000000   0.088421        917.5582    0.0000746576    0.0011697713   71.5838521448   70.8919273250   -1.9002928307 
   0.0000000000     94.000      -80.000000   0.088088        916.4774    0.0000754665    0.0011873631   71.7619468769   71.0801054822   -1.8986049382 
   0.0000000000     95.000      -80.000000   0.087750        915.3817    0.0000762910    0.0012051303   71.9419085341   71.2708720098   -1.8969045838 
   0.0000000000     96.000      -80.000000   0.087407        914.2710    0.0000771314    0.0012230730   72.1236596466   71.4641619324   -1.8951915807 
   0.0000000000     97.000      -80.000000   0.087061        913.1452    0.0000779876    0.0012411909   72.3071220845   71.6599093810   -1.8934657449 
   0.0000000000     98.000      -80.000000   0.086710        912.0042    0.0000788598    0.0012594835   72.4922169832   71.8580474659   -1.8917268952 
   0.0000000000     99.000      -80.000000   0.086355        910.8478    0.0000797479    0.0012779500   72.6788646732   72.0585081523   -1.8899748538 
   0.0000000000    100.000      -80.000000   0.085996        909.6761    0.0000806521    0.0012965893   72.8669846157   72.2612221407   -1.8882094458 
   0.0000000000    101.000      -80.000000   0.085633        908.4888    0.0000815723    0.0013153998   73.0564953446   72.4661187502   -1.8864305002 
   0.0000000000    102.000      -80.000000   0.085265        907.2860    0.0000825087    0.0013343797   73.2473144114   72.6731258060   -1.8846378491 
   0.0000000000    103.000      -80.000000   0.084893        906.0674    0.0000834612    0.0013535269   73.4393583408   72.8821695308   -1.8828313288 
   0.0000000000    104.000      -80.000000   0.084517        904.8331    0.0000844298    0.0013728387   73.6325425853   73.0931744409   -1.8810107794 
   0.0000000000    105.000      -80.000000   0.084136        903.5830    0.0000854145    0.0013923123   73.8267814932   73.3060632461   -1.8791760452 
   0.0000000000    106.000      -80.000000   0.083751        902.3169    0.0000864152    0.0014119443   74.0219882745   73.5207567555   -1.8773269751 
   0.0000000000    107.000      -80.000000   0.083362        901.0349    0.0000874321    0.0014317310   74.2180749807   73.7371737870   -1.8754634225 
   0.0000000000    108.000      -80.000000   0.082968        899.7368    0.0000884649    0.0014516684   74.4149524853   73.9552310838   -1.8735852458 
   0.0000000000    109.000      -80.000000   0.082570        898.4226    0.0000895136    0.0014717519   74.6125304705   74.1748432349   -1.8716923086 
   0.0000000000    110.000      -80.000000   0.082169        897.0926    0.0000905778    0.0014919711   74.8106733080   74.3958595372   -1.8697841781 
   0.0000000000    111.000      -80.000000   0.081762        895.7460    0.0000916580    0.0015123311   75.0093740995   74.6183123017   -1.8678613200 
   0.0000000000    112.000      -80.000000   0.081351        894.3832    0.0000927538    0.0015328211   75.2084971616   74.8420498694   -1.8659233256 
   0.0000000000    113.000      -80.000000   0.080936        893.0042    0.0000938651    0.0015534348   75.4079474276   75.0669775484   -1.8639700820 
   0.0000000000    114.000      -80.000000   0.080517        891.6088    0.0000949917    0.0015741654   75.6076286772   75.2929981985   -1.8620014830 
   0.0000000000    115.000      -80.000000   0.080093        890.1970    0.0000961334    0.0015950058   75.8074435635   75.5200121943   -1.8600174292 
   0.0000000000    116.000      -80.000000   0.079666        888.7690    0.0000972899    0.0016159483   76.0072936436   75.7479173973   -1.8580178288 
   0.0000000000    117.000      -80.000000   0.079234        887.3246    0.0000984612    0.0016369848   76.2070794182   75.9766091365   -1.8560025973 
   0.0000000000    118.000      -80.000000   0.078798        885.8639    0.0000996468    0.0016581068   76.4067003771   76.2059801988   -1.8539716583 
   0.0000000000    119.000      -80.000000   0.078357        884.3869    0.0001008466    0.0016793051   76.6060550464   76.4359208283   -1.8519249437 
   0.0000000000    120.000      -80.000000   0.077913        882.8936    0.0001020603    0.0017005703   76.8050410485   76.6663187365   -1.8498623942 
   0.0000000000    121.000      -80.000000   0.077465        881.3840    0.0001032875    0.0017218924   77.0035551633   76.8970591225   -1.8477839593 
   0.0000000000    122.000      -80.000000   0.077012        879.8582    0.0001045278    0.0017432608   77.2014933936   77.1280247048   -1.8456895980 
   0.0000000000    123.000      -80.000000   0.076556        878.3163    0.0001057810    0.0017646647   77.3987510390   77.3590957633   -1.8435792789 
   0.0000000000    124.000      -80.000000   0.076095        876.7584    0.0001070466    0.0017860927   77.5952227754   77.5901501945   -1.8414529807 
   0.0000000000    125.000      -80.000000   0.075631        875.1844    0.0001083242    0.0018075329   77.7908027339   77.8210635769   -1.8393106927 
   0.0000000000    126.000      -80.000000   0.075163        873.5945    0.0001096134    0.0018289732   77.9853845899   78.0517092500   -1.8371524147 
