  #sigma_s    Temp(C) Press(Mpa) p_meanfield density (kg/m^3)      kappa      alpha Cp(J/molK) Cv(J/molK)  mu(J/mol)
   0.0000000000   -173.000      210.000000   0.297574        967.4437    0.0000205105    0.0006573207   61.5289752100   56.5807650635   -2.0185789369 
   0.0000000000   -172.000      210.000000   0.297370        966.8168    0.0000210207    0.0006388837   61.5053875492   56.7064846853   -2.0175006574 
   0.0000000000   -171.000      210.000000   0.297172        966.2087    0.0000215874    0.0006193029   61.4918194311   56.8513186977   -2.0164223306 
   0.0000000000   -170.000      210.000000   0.296980        965.6204    0.0000222148    0.0005984743   61.4889184529   57.0165887006   -2.0153434992 
   0.0000000000   -169.000      210.000000   0.296796        965.0533    0.0000229103    0.0005762587   61.4974990167   57.2040771925   -2.0142636571 
   0.0000000000   -168.000      210.000000   0.296619        964.5086    0.0000236821    0.0005525356   61.5182916084   57.4152958198   -2.0131822473 
   0.0000000000   -167.000      210.000000   0.296450        963.9879    0.0000245378    0.0005271420   61.5522504944   57.6522304399   -2.0120986553 
   0.0000000000   -166.000      210.000000   0.296289        963.4929    0.0000254870    0.0004999118   61.6003147811   57.9168396043   -2.0110122033 
   0.0000000000   -165.000      210.000000   0.296138        963.0252    0.0000265399    0.0004706542   61.6635783477   58.2113415021   -2.0099221443 
   0.0000000000   -164.000      210.000000   0.295995        962.5870    0.0000277081    0.0004391575   61.7431788011   58.5380701297   -2.0088276531 
   0.0000000000   -163.000      210.000000   0.295864        962.1805    0.0000290036    0.0004051817   61.8403626119   58.8995626282   -2.0077278192 
   0.0000000000   -162.000      210.000000   0.295743        961.8081    0.0000304429    0.0003684643   61.9564746347   59.2985304305   -2.0066216349 
   0.0000000000   -161.000      210.000000   0.295634        961.4726    0.0000320416    0.0003286971   62.0930295198   59.7379935362   -2.0055079859 
   0.0000000000   -160.000      210.000000   0.295539        961.1771    0.0000338183    0.0002855398   62.2515860807   60.2210738242   -2.0043856365 
   0.0000000000   -159.000      210.000000   0.295457        960.9248    0.0000357961    0.0002385953   62.4339172682   60.7512927081   -2.0032532151 
   0.0000000000   -158.000      210.000000   0.295390        960.7197    0.0000379985    0.0001874128   62.6419078750   61.3323535429   -2.0021091961 
   0.0000000000   -157.000      210.000000   0.295340        960.5660    0.0000404562    0.0001314670   62.8776321117   61.9683378212   -2.0009518791 
   0.0000000000   -156.000      210.000000   0.295310        960.4692    0.0000432052    0.0000701092   63.1435846672   62.6641413455   -1.9997778923 
   0.0000000000   -155.000      210.000000   0.295298        960.4336    0.0000462815    0.0000026874   63.4418587267   63.4237106359   -1.9985876081 
   0.0000000000   -154.000      210.000000   0.295309        960.4661    0.0000497357   -0.0000716748   63.7753540196   64.2526318688   -1.9973774494 
   0.0000000000   -153.000      210.000000   0.295343        960.5736    0.0000536251   -0.0001539932   64.1471059028   65.1566327460   -1.9961446600 
   0.0000000000   -152.000      210.000000   0.295405        960.7645    0.0000580198   -0.0002454919   64.5604578657   66.1419490479   -1.9948861044 
   0.0000000000   -151.000      210.000000   0.295496        961.0483    0.0000630061   -0.0003476690   65.0191791893   67.2154737760   -1.9935981983 
   0.0000000000   -150.000      210.000000   0.295623        961.4373    0.0000686972   -0.0004624867   65.5280292334   68.3859397637   -1.9922748303 
   0.0000000000   -149.000      210.000000   0.295786        961.9428    0.0000752203   -0.0005921210   66.0910912147   69.6601076879   -1.9909142791 
   0.0000000000   -148.000      210.000000   0.295993        962.5815    0.0000827549   -0.0007396326   66.7143695156   71.0482519813   -1.9895094552 
   0.0000000000   -147.000      210.000000   0.296249        963.3726    0.0000915307   -0.0009089235   67.4045388120   72.5611138896   -1.9880535807 
   0.0000000000   -146.000      210.000000   0.296564        964.3420    0.0001018734   -0.0011054986   68.1707969292   74.2133533191   -1.9865353767 
   0.0000000000   -145.000      210.000000   0.296945        965.5158    0.0001141901   -0.0013361629   69.0217270323   76.0159583521   -1.9849493023 
   0.0000000000   -144.000      210.000000   0.297408        966.9367    0.0001291283   -0.0016117153   69.9724673740   77.9900628991   -1.9832775026 
   0.0000000000   -143.000      210.000000   0.297965        968.6510    0.0001475784   -0.0019468773   71.0392982272   80.1527291048   -1.9815078309 
   0.0000000000   -142.000      210.000000   0.298646        970.7346    0.0001710481   -0.0023664885   72.2512750383   82.5358218918   -1.9796117607 
   0.0000000000   -141.000      210.000000   0.299481        973.2863    0.0002019925   -0.0029106662   73.6493300983   85.1725700937   -1.9775596392 
   0.0000000000   -140.000      210.000000   0.300523        976.4627    0.0002450251   -0.0036543888   75.3076624869   88.1136608035   -1.9753023640 
   0.0000000000   -139.000      210.000000   0.301865        980.5381    0.0003101781   -0.0047597025   77.3820748624   91.4435728710   -1.9727537766 
   0.0000000000   -138.000      210.000000   0.303690        986.0500    0.0004246634   -0.0066631900   80.2778243218   95.3110399391   -1.9697532902 
   0.0000000000   -137.000      210.000000   0.306509        994.5056    0.0007116301   -0.0113270920   85.7871880755  100.1118289455   -1.9658557597 
   0.0000000000   -136.000      210.000000   0.377368       1187.3877    0.0001128287    0.0006107918   68.9360742562   66.6325304773   -1.9260291551 
   0.0000000000   -135.000      210.000000   0.377073       1186.6505    0.0001080754    0.0006277922   68.7780172768   66.3354428653   -1.9247136117 
   0.0000000000   -134.000      210.000000   0.376775       1185.8998    0.0001037088    0.0006430719   68.6248396642   66.0495752311   -1.9233986969 
   0.0000000000   -133.000      210.000000   0.376466       1185.1279    0.0000997324    0.0006565471   68.4767980615   65.7769744645   -1.9220905151 
   0.0000000000   -132.000      210.000000   0.376153       1184.3435    0.0000960638    0.0006686583   68.3328169205   65.5146150926   -1.9207844900 
   0.0000000000   -131.000      210.000000   0.375834       1183.5441    0.0000926856    0.0006794479   68.1928285314   65.2629435730   -1.9194832942 
   0.0000000000   -130.000      210.000000   0.375512       1182.7352    0.0000895479    0.0006891895   68.0561310610   65.0200176174   -1.9181840152 
   0.0000000000   -129.000      210.000000   0.375186       1181.9152    0.0000866363    0.0006979174   67.9226818413   64.7860866023   -1.9168886151 
   0.0000000000   -128.000      210.000000   0.374855       1181.0854    0.0000839284    0.0007057527   67.7921891638   64.5605064876   -1.9155968433 
   0.0000000000   -127.000      210.000000   0.374524       1180.2496    0.0000813919    0.0007128505   67.6642440390   64.3420186449   -1.9143065679 
   0.0000000000   -126.000      210.000000   0.374188       1179.4040    0.0000790285    0.0007191751   67.5389733332   64.1314318255   -1.9130212991 
   0.0000000000   -125.000      210.000000   0.373848       1178.5515    0.0000768153    0.0007248446   67.4160763498   63.9278064797   -1.9117395994 
   0.0000000000   -124.000      210.000000   0.373510       1177.6958    0.0000747273    0.0007299878   67.2952184731   63.7299589661   -1.9104587790 
   0.0000000000   -123.000      210.000000   0.373169       1176.8344    0.0000727652    0.0007345816   67.1764709512   63.5383967874   -1.9091814857 
   0.0000000000   -122.000      210.000000   0.372824       1175.9668    0.0000709225    0.0007386514   67.0597796495   63.3530775626   -1.9079087156 
   0.0000000000   -121.000      210.000000   0.372481       1175.0970    0.0000691779    0.0007423114   66.9448391631   63.1728355083   -1.9066373672 
   0.0000000000   -120.000      210.000000   0.372133       1174.2217    0.0000675360    0.0007455163   66.8317836576   62.9983759093   -1.9053709688 
   0.0000000000   -119.000      210.000000   0.371788       1173.3457    0.0000659754    0.0007483878   66.7202805716   62.8283646623   -1.9041053495 
   0.0000000000   -118.000      210.000000   0.371441       1172.4669    0.0000644980    0.0007509034   66.6104035717   62.6632144393   -1.9028429019 
   0.0000000000   -117.000      210.000000   0.371094       1171.5858    0.0000630971    0.0007530905   66.5020775927   62.5026811494   -1.9015835173 
   0.0000000000   -116.000      210.000000   0.370744       1170.7015    0.0000617713    0.0007549472   66.3953152056   62.3468917351   -1.9003286725 
   0.0000000000   -115.000      210.000000   0.370396       1169.8176    0.0000605065    0.0007565565   66.2898897806   62.1948900728   -1.8990748383 
   0.0000000000   -114.000      210.000000   0.370048       1168.9324    0.0000593037    0.0007579016   66.1858502094   62.0469533096   -1.8978240170 
   0.0000000000   -113.000      210.000000   0.369699       1168.0464    0.0000581586    0.0007590005   66.0831489408   61.9029121717   -1.8965761522 
   0.0000000000   -112.000      210.000000   0.369351       1167.1599    0.0000570674    0.0007598698   65.9817434186   61.7626087158   -1.8953312032 
   0.0000000000   -111.000      210.000000   0.369001       1166.2718    0.0000560297    0.0007605043   65.8816487722   61.6261596429   -1.8940906211 
   0.0000000000   -110.000      210.000000   0.368653       1165.3852    0.0000550358    0.0007609624   65.7827068032   61.4928456689   -1.8928511226 
   0.0000000000   -109.000      210.000000   0.368306       1164.4988    0.0000540865    0.0007612300   65.6849558128   61.3628779486   -1.8916145353 
   0.0000000000   -108.000      210.000000   0.367959       1163.6129    0.0000531793    0.0007613193   65.5883648952   61.2361340878   -1.8903808278 
   0.0000000000   -107.000      210.000000   0.367612       1162.7275    0.0000523117    0.0007612405   65.4929061691   61.1125000653   -1.8891499757 
   0.0000000000   -106.000      210.000000   0.367266       1161.8430    0.0000514813    0.0007610036   65.3985535102   60.9918683256   -1.8879219591 
   0.0000000000   -105.000      210.000000   0.366921       1160.9594    0.0000506861    0.0007606174   65.3052827486   60.8741385808   -1.8866967614 
   0.0000000000   -104.000      210.000000   0.366574       1160.0760    0.0000499260    0.0007600763   65.2131084361   60.7594043763   -1.8854757607 
   0.0000000000   -103.000      210.000000   0.366231       1159.1952    0.0000491951    0.0007594186   65.1219290512   60.6471609716   -1.8842559430 
   0.0000000000   -102.000      210.000000   0.365888       1158.3158    0.0000484941    0.0007586343   65.0317708752   60.5375550012   -1.8830389451 
   0.0000000000   -101.000      210.000000   0.365546       1157.4381    0.0000478213    0.0007577302   64.9426163000   60.4305043875   -1.8818247491 
   0.0000000000   -100.000      210.000000   0.365204       1156.5621    0.0000471753    0.0007567126   64.8544473763   60.3259297997   -1.8806133394 
   0.0000000000    -99.000      210.000000   0.364864       1155.6880    0.0000465547    0.0007555876   64.7672490049   60.2237571721   -1.8794047016 
   0.0000000000    -98.000      210.000000   0.364525       1154.8159    0.0000459583    0.0007543606   64.6810058689   60.1239152541   -1.8781988228 
   0.0000000000    -97.000      210.000000   0.364187       1153.9459    0.0000453849    0.0007530369   64.5957037738   60.0263362687   -1.8769956909 
   0.0000000000    -96.000      210.000000   0.363850       1153.0781    0.0000448333    0.0007516214   64.5113302087   59.9309560180   -1.8757952941 
   0.0000000000    -95.000      210.000000   0.363514       1152.2126    0.0000443024    0.0007501187   64.4278722877   59.8377121833   -1.8745976213 
   0.0000000000    -94.000      210.000000   0.363178       1151.3487    0.0000437926    0.0007485242   64.3453391983   59.7466749407   -1.8734040198 
   0.0000000000    -93.000      210.000000   0.362845       1150.4883    0.0000433002    0.0007468615   64.2636752149   59.6575110040   -1.8722116075 
   0.0000000000    -92.000      210.000000   0.362513       1149.6305    0.0000428259    0.0007451239   64.1828942955   59.5703165238   -1.8710219069 
   0.0000000000    -91.000      210.000000   0.362182       1148.7753    0.0000423687    0.0007433152   64.1029867087   59.4850389439   -1.8698349039 
   0.0000000000    -90.000      210.000000   0.361852       1147.9229    0.0000419279    0.0007414389   64.0239429135   59.4016278040   -1.8686505847 
   0.0000000000    -89.000      210.000000   0.361524       1147.0732    0.0000415028    0.0007394985   63.9457537812   59.3200346096   -1.8674689358 
   0.0000000000    -88.000      210.000000   0.361197       1146.2265    0.0000410926    0.0007374972   63.8684109152   59.2402128386   -1.8662899436 
   0.0000000000    -87.000      210.000000   0.360872       1145.3827    0.0000406968    0.0007354381   63.7919059366   59.1621175442   -1.8651135950 
   0.0000000000    -86.000      210.000000   0.360548       1144.5419    0.0000403146    0.0007333242   63.7162313375   59.0857058439   -1.8639398766 
   0.0000000000    -85.000      210.000000   0.360225       1143.7042    0.0000399454    0.0007311584   63.6413794955   59.0109360232   -1.8627687747 
   0.0000000000    -84.000      210.000000   0.359904       1142.8695    0.0000395888    0.0007289432   63.5673433969   58.9377682883   -1.8616002759 
   0.0000000000    -83.000      210.000000   0.359584       1142.0381    0.0000392442    0.0007266814   63.4941162643   58.8661640943   -1.8604343664 
   0.0000000000    -82.000      210.000000   0.359266       1141.2098    0.0000389110    0.0007243755   63.4216916820   58.7960862347   -1.8592710321 
   0.0000000000    -81.000      210.000000   0.358949       1140.3848    0.0000385888    0.0007220277   63.3500632409   58.7274987650   -1.8581102588 
   0.0000000000    -80.000      210.000000   0.358633       1139.5631    0.0000382771    0.0007196405   63.2792251708   58.6603672851   -1.8569520321 
   0.0000000000    -79.000      210.000000   0.358319       1138.7447    0.0000379755    0.0007172160   63.2091716198   58.5946581863   -1.8557963372 
   0.0000000000    -78.000      210.000000   0.358007       1137.9297    0.0000376836    0.0007147565   63.1398971649   58.5303393074   -1.8546431590 
   0.0000000000    -77.000      210.000000   0.357695       1137.1174    0.0000374016    0.0007122592   63.0714002386   58.4674449136   -1.8534937311 
   0.0000000000    -76.000      210.000000   0.357385       1136.3092    0.0000371278    0.0007097360   63.0036673933   58.4058070972   -1.8523454499 
   0.0000000000    -75.000      210.000000   0.357078       1135.5045    0.0000368625    0.0007071837   62.9366984592   58.3454697282   -1.8511996468 
   0.0000000000    -74.000      210.000000   0.356772       1134.7033    0.0000366055    0.0007046040   62.8704887279   58.2864045712   -1.8500563049 
   0.0000000000    -73.000      210.000000   0.356467       1133.9056    0.0000363564    0.0007019988   62.8050336931   58.2285842988   -1.8489154067 
   0.0000000000    -72.000      210.000000   0.356164       1133.1114    0.0000361148    0.0006993698   62.7403289242   58.1719824299   -1.8477769350 
   0.0000000000    -71.000      210.000000   0.355862       1132.3208    0.0000358805    0.0006967187   62.6763702589   58.1165734490   -1.8466408719 
   0.0000000000    -70.000      210.000000   0.355562       1131.5337    0.0000356532    0.0006940471   62.6131535952   58.0623325789   -1.8455071995 
   0.0000000000    -69.000      210.000000   0.355264       1130.7502    0.0000354325    0.0006913566   62.5506750489   58.0092359231   -1.8443758997 
   0.0000000000    -68.000      210.000000   0.354967       1129.9702    0.0000352184    0.0006886487   62.4889308499   57.9572602733   -1.8432469540 
   0.0000000000    -67.000      210.000000   0.354672       1129.1939    0.0000350104    0.0006859250   62.4279173669   57.9063832938   -1.8421203438 
   0.0000000000    -66.000      210.000000   0.354378       1128.4212    0.0000348084    0.0006831867   62.3676311253   57.8565832609   -1.8409960501 
   0.0000000000    -65.000      210.000000   0.354086       1127.6521    0.0000346121    0.0006804354   62.3080687732   57.8078392376   -1.8398740537 
   0.0000000000    -64.000      210.000000   0.353796       1126.8867    0.0000344214    0.0006776724   62.2492270386   57.7601308484   -1.8387543354 
   0.0000000000    -63.000      210.000000   0.353507       1126.1248    0.0000342360    0.0006748990   62.1911028378   57.7134384825   -1.8376368752 
   0.0000000000    -62.000      210.000000   0.353219       1125.3667    0.0000340556    0.0006721164   62.1336931708   57.6677430958   -1.8365216534 
   0.0000000000    -61.000      210.000000   0.352934       1124.6121    0.0000338802    0.0006693258   62.0769951534   57.6230262711   -1.8354086497 
   0.0000000000    -60.000      210.000000   0.352649       1123.8612    0.0000337095    0.0006665286   62.0210060230   57.5792701914   -1.8342978436 
   0.0000000000    -59.000      210.000000   0.352367       1123.1140    0.0000335434    0.0006637258   61.9657231304   57.5364576116   -1.8331892145 
   0.0000000000    -58.000      210.000000   0.352086       1122.3704    0.0000333817    0.0006609186   61.9111439383   57.4945718646   -1.8320827414 
   0.0000000000    -57.000      210.000000   0.351806       1121.6304    0.0000332242    0.0006581080   61.8572659753   57.4535967366   -1.8309784032 
   0.0000000000    -56.000      210.000000   0.351528       1120.8941    0.0000330708    0.0006552952   61.8040869337   57.4135166550   -1.8298761784 
   0.0000000000    -55.000      210.000000   0.351252       1120.1614    0.0000329213    0.0006524812   61.7516045742   57.3743164775   -1.8287760452 
   0.0000000000    -54.000      210.000000   0.350977       1119.4323    0.0000327756    0.0006496669   61.6998167509   57.3359815730   -1.8276779819 
   0.0000000000    -53.000      210.000000   0.350703       1118.7069    0.0000326336    0.0006468534   61.6487214173   57.2984977893   -1.8265819663 
   0.0000000000    -52.000      210.000000   0.350432       1117.9851    0.0000324951    0.0006440416   61.5983166590   57.2618514530   -1.8254879759 
   0.0000000000    -51.000      210.000000   0.350161       1117.2668    0.0000323600    0.0006412324   61.5486006082   57.2260293296   -1.8243959883 
   0.0000000000    -50.000      210.000000   0.349893       1116.5522    0.0000322281    0.0006384268   61.4995715126   57.1910186072   -1.8233059805 
   0.0000000000    -49.000      210.000000   0.349625       1115.8412    0.0000320994    0.0006356255   61.4512277165   57.1568069393   -1.8222179295 
   0.0000000000    -48.000      210.000000   0.349360       1115.1337    0.0000319738    0.0006328296   61.4035676327   57.1233823568   -1.8211318120 
   0.0000000000    -47.000      210.000000   0.349095       1114.4298    0.0000318511    0.0006300397   61.3565897812   57.0907333006   -1.8200476046 
   0.0000000000    -46.000      210.000000   0.348833       1113.7295    0.0000317313    0.0006272567   61.3102927654   57.0588486149   -1.8189652836 
   0.0000000000    -45.000      210.000000   0.348571       1113.0326    0.0000316142    0.0006244814   61.2646752750   57.0277175246   -1.8178848249 
   0.0000000000    -44.000      210.000000   0.348312       1112.3393    0.0000314998    0.0006217145   61.2197360721   56.9973296035   -1.8168062047 
   0.0000000000    -43.000      210.000000   0.348052       1111.6490    0.0000313881    0.0006189552   61.1754662642   56.9676938141   -1.8157304751 
   0.0000000000    -42.000      210.000000   0.347795       1110.9627    0.0000312787    0.0006162075   61.1318804749   56.9387611527   -1.8146554153 
   0.0000000000    -41.000      210.000000   0.347540       1110.2799    0.0000311717    0.0006134704   61.0889697834   56.9105426324   -1.8135821225 
   0.0000000000    -40.000      210.000000   0.347286       1109.6005    0.0000310670    0.0006107446   61.0467332939   56.8830292192   -1.8125105716 
   0.0000000000    -39.000      210.000000   0.347034       1108.9246    0.0000309646    0.0006080307   61.0051701726   56.8562121845   -1.8114407373 
   0.0000000000    -38.000      210.000000   0.346783       1108.2520    0.0000308643    0.0006053294   60.9642796739   56.8300831197   -1.8103725944 
   0.0000000000    -37.000      210.000000   0.346533       1107.5829    0.0000307662    0.0006026414   60.9240611230   56.8046339192   -1.8093061171 
   0.0000000000    -36.000      210.000000   0.346285       1106.9171    0.0000306701    0.0005999671   60.8845139195   56.7798567686   -1.8082412797 
   0.0000000000    -35.000      210.000000   0.346038       1106.2547    0.0000305759    0.0005973073   60.8456375377   56.7557441464   -1.8071780564 
   0.0000000000    -34.000      210.000000   0.345793       1105.5956    0.0000304837    0.0005946625   60.8074315244   56.7322888070   -1.8061164209 
   0.0000000000    -33.000      210.000000   0.345549       1104.9398    0.0000303933    0.0005920333   60.7698954974   56.7094837769   -1.8050563469 
   0.0000000000    -32.000      210.000000   0.345306       1104.2873    0.0000303047    0.0005894203   60.7330291400   56.6873223387   -1.8039978081 
   0.0000000000    -31.000      210.000000   0.345065       1103.6380    0.0000302179    0.0005868239   60.6968322114   56.6657980461   -1.8029407778 
   0.0000000000    -30.000      210.000000   0.344825       1102.9920    0.0000301327    0.0005842447   60.6613045305   56.6449046869   -1.8018852292 
   0.0000000000    -29.000      210.000000   0.344586       1102.3492    0.0000300492    0.0005816831   60.6264459856   56.6246362982   -1.8008311354 
   0.0000000000    -28.000      210.000000   0.344349       1101.7096    0.0000299673    0.0005791398   60.5922565345   56.6049871527   -1.7997784691 
   0.0000000000    -27.000      210.000000   0.344113       1101.0731    0.0000298870    0.0005766151   60.5587361900   56.5859517466   -1.7987272032 
   0.0000000000    -26.000      210.000000   0.343878       1100.4398    0.0000298081    0.0005741096   60.5258850357   56.5675248029   -1.7976773103 
   0.0000000000    -25.000      210.000000   0.343644       1099.8096    0.0000297307    0.0005716237   60.4937032085   56.5497012542   -1.7966287626 
   0.0000000000    -24.000      210.000000   0.343412       1099.1825    0.0000296548    0.0005691578   60.4621909101   56.5324762444   -1.7955815324 
   0.0000000000    -23.000      210.000000   0.343181       1098.5584    0.0000295802    0.0005667124   60.4313484031   56.5158451241   -1.7945355918 
   0.0000000000    -22.000      210.000000   0.342952       1097.9373    0.0000295070    0.0005642879   60.4011760049   56.4998034379   -1.7934909129 
   0.0000000000    -21.000      210.000000   0.342723       1097.3193    0.0000294351    0.0005618847   60.3716740907   56.4843469233   -1.7924474672 
   0.0000000000    -20.000      210.000000   0.342496       1096.7042    0.0000293644    0.0005595032   60.3428430885   56.4694714987   -1.7914052265 
   0.0000000000    -19.000      210.000000   0.342270       1096.0921    0.0000292951    0.0005571439   60.3146834862   56.4551732727   -1.7903641622 
   0.0000000000    -18.000      210.000000   0.342045       1095.4829    0.0000292269    0.0005548070   60.2871958202   56.4414485199   -1.7893242457 
   0.0000000000    -17.000      210.000000   0.341822       1094.8765    0.0000291600    0.0005524929   60.2603806803   56.4282936888   -1.7882854482 
   0.0000000000    -16.000      210.000000   0.341599       1094.2730    0.0000290942    0.0005502021   60.2342387083   56.4157053933   -1.7872477407 
   0.0000000000    -15.000      210.000000   0.341378       1093.6724    0.0000290296    0.0005479348   60.2087705954   56.4036804073   -1.7862110940 
   0.0000000000    -14.000      210.000000   0.341158       1093.0745    0.0000289660    0.0005456915   60.1839770806   56.3922156579   -1.7851754790 
   0.0000000000    -13.000      210.000000   0.340939       1092.4794    0.0000289036    0.0005434724   60.1598589520   56.3813082251   -1.7841408662 
   0.0000000000    -12.000      210.000000   0.340721       1091.8871    0.0000288422    0.0005412779   60.1364170440   56.3709553353   -1.7831072262 
   0.0000000000    -11.000      210.000000   0.340504       1091.2974    0.0000287819    0.0005391083   60.1136522361   56.3611543542   -1.7820745291 
   0.0000000000    -10.000      210.000000   0.340289       1090.7104    0.0000287226    0.0005369639   60.0915654532   56.3519027882   -1.7810427454 
   0.0000000000     -9.000      210.000000   0.340074       1090.1260    0.0000286644    0.0005348450   60.0701576633   56.3431982755   -1.7800118449 
   0.0000000000     -8.000      210.000000   0.339861       1089.5443    0.0000286071    0.0005327519   60.0494298764   56.3350385825   -1.7789817976 
   0.0000000000     -7.000      210.000000   0.339648       1088.9651    0.0000285508    0.0005306849   60.0293831456   56.3274216042   -1.7779525734 
   0.0000000000     -6.000      210.000000   0.339437       1088.3885    0.0000284954    0.0005286443   60.0100185631   56.3203453539   -1.7769241417 
   0.0000000000     -5.000      210.000000   0.339227       1087.8144    0.0000284410    0.0005266304   59.9913372604   56.3138079631   -1.7758964722 
   0.0000000000     -4.000      210.000000   0.339017       1087.2427    0.0000283875    0.0005246434   59.9733404104   56.3078076804   -1.7748695343 
   0.0000000000     -3.000      210.000000   0.338809       1086.6736    0.0000283350    0.0005226835   59.9560292208   56.3023428621   -1.7738432971 
   0.0000000000     -2.000      210.000000   0.338602       1086.1068    0.0000282833    0.0005207512   59.9394049381   56.2974119733   -1.7728177298 
   0.0000000000     -1.000      210.000000   0.338395       1085.5424    0.0000282325    0.0005188466   59.9234688443   56.2930135832   -1.7717928014 
   0.0000000000      0.000      210.000000   0.338190       1084.9803    0.0000281826    0.0005169699   59.9082222564   56.2891463615   -1.7707684808 
   0.0000000000      1.000      210.000000   0.337985       1084.4206    0.0000281336    0.0005151214   59.8936665254   56.2858090739   -1.7697447367 
   0.0000000000      2.000      210.000000   0.337782       1083.8631    0.0000280854    0.0005133014   59.8798030369   56.2830005841   -1.7687215376 
   0.0000000000      3.000      210.000000   0.337579       1083.3079    0.0000280381    0.0005115100   59.8666332090   56.2807198455   -1.7676988521 
   0.0000000000      4.000      210.000000   0.337378       1082.7548    0.0000279916    0.0005097476   59.8541584919   56.2789659012   -1.7666766484 
   0.0000000000      5.000      210.000000   0.337177       1082.2040    0.0000279459    0.0005080142   59.8423803667   56.2777378798   -1.7656548949 
   0.0000000000      6.000      210.000000   0.336977       1081.6553    0.0000279011    0.0005063103   59.8313003456   56.2770349937   -1.7646335596 
   0.0000000000      7.000      210.000000   0.336778       1081.1087    0.0000278570    0.0005046358   59.8209199707   56.2768565369   -1.7636126105 
   0.0000000000      8.000      210.000000   0.336580       1080.5641    0.0000278138    0.0005029912   59.8112408132   56.2772018809   -1.7625920154 
   0.0000000000      9.000      210.000000   0.336382       1080.0216    0.0000277714    0.0005013765   59.8022644731   56.2780704741   -1.7615717421 
   0.0000000000     10.000      210.000000   0.336186       1079.4811    0.0000277298    0.0004997920   59.7939925790   56.2794618384   -1.7605517581 
   0.0000000000     11.000      210.000000   0.335990       1078.9426    0.0000276890    0.0004982379   59.7864267858   56.2813755665   -1.7595320310 
   0.0000000000     12.000      210.000000   0.335795       1078.4060    0.0000276490    0.0004967144   59.7795687762   56.2838113213   -1.7585125280 
   0.0000000000     13.000      210.000000   0.335601       1077.8713    0.0000276098    0.0004952216   59.7734202597   56.2867688327   -1.7574932164 
   0.0000000000     14.000      210.000000   0.335408       1077.3384    0.0000275713    0.0004937598   59.7679829704   56.2902478953   -1.7564740633 
   0.0000000000     15.000      210.000000   0.335215       1076.8074    0.0000275336    0.0004923292   59.7632586690   56.2942483678   -1.7554550357 
   0.0000000000     16.000      210.000000   0.335023       1076.2781    0.0000274967    0.0004909299   59.7592491405   56.2987701692   -1.7544361005 
   0.0000000000     17.000      210.000000   0.334832       1075.7506    0.0000274606    0.0004895621   59.7559561948   56.3038132788   -1.7534172243 
   0.0000000000     18.000      210.000000   0.334642       1075.2248    0.0000274253    0.0004882260   59.7533816660   56.3093777336   -1.7523983738 
   0.0000000000     19.000      210.000000   0.334452       1074.7007    0.0000273908    0.0004869218   59.7515274111   56.3154636259   -1.7513795156 
   0.0000000000     20.000      210.000000   0.334263       1074.1782    0.0000273570    0.0004856496   59.7503953114   56.3220711031   -1.7503606159 
   0.0000000000     21.000      210.000000   0.334075       1073.6573    0.0000273240    0.0004844097   59.7499872711   56.3292003660   -1.7493416411 
   0.0000000000     22.000      210.000000   0.333887       1073.1380    0.0000272917    0.0004832022   59.7503052164   56.3368516652   -1.7483225572 
   0.0000000000     23.000      210.000000   0.333700       1072.6202    0.0000272603    0.0004820272   59.7513510970   56.3450253031   -1.7473033304 
   0.0000000000     24.000      210.000000   0.333513       1072.1039    0.0000272296    0.0004808849   59.7531268836   56.3537216290   -1.7462839264 
   0.0000000000     25.000      210.000000   0.333328       1071.5891    0.0000271997    0.0004797756   59.7556345696   56.3629410404   -1.7452643110 
   0.0000000000     26.000      210.000000   0.333142       1071.0757    0.0000271706    0.0004786993   59.7588761697   56.3726839803   -1.7442444499 
   0.0000000000     27.000      210.000000   0.332958       1070.5637    0.0000271422    0.0004776562   59.7628537200   56.3829509365   -1.7432243087 
   0.0000000000     28.000      210.000000   0.332774       1070.0530    0.0000271147    0.0004766465   59.7675692782   56.3937424406   -1.7422038526 
   0.0000000000     29.000      210.000000   0.332590       1069.5436    0.0000270879    0.0004756704   59.7730249225   56.4050590655   -1.7411830471 
   0.0000000000     30.000      210.000000   0.332407       1069.0355    0.0000270619    0.0004747280   59.7792227523   56.4169014266   -1.7401618573 
   0.0000000000     31.000      210.000000   0.332225       1068.5286    0.0000270367    0.0004738194   59.7861648882   56.4292701793   -1.7391402482 
   0.0000000000     32.000      210.000000   0.332043       1068.0229    0.0000270123    0.0004729448   59.7938534704   56.4421660172   -1.7381181847 
   0.0000000000     33.000      210.000000   0.331861       1067.5183    0.0000269887    0.0004721044   59.8022906607   56.4555896736   -1.7370956316 
   0.0000000000     34.000      210.000000   0.331681       1067.0149    0.0000269659    0.0004712983   59.8114786406   56.4695419183   -1.7360725537 
   0.0000000000     35.000      210.000000   0.331500       1066.5125    0.0000269440    0.0004705268   59.8214196123   56.4840235578   -1.7350489154 
   0.0000000000     36.000      210.000000   0.331320       1066.0112    0.0000269228    0.0004697898   59.8321157984   56.4990354344   -1.7340246812 
   0.0000000000     37.000      210.000000   0.331141       1065.5109    0.0000269024    0.0004690876   59.8435694412   56.5145784249   -1.7329998153 
   0.0000000000     38.000      210.000000   0.330961       1065.0116    0.0000268829    0.0004684204   59.8557828037   56.5306534405   -1.7319742820 
   0.0000000000     39.000      210.000000   0.330783       1064.5132    0.0000268642    0.0004677883   59.8687581690   56.5472614257   -1.7309480453 
   0.0000000000     40.000      210.000000   0.330604       1064.0156    0.0000268463    0.0004671914   59.8824978400   56.5644033572   -1.7299210692 
   0.0000000000     41.000      210.000000   0.330427       1063.5190    0.0000268293    0.0004666299   59.8970041401   56.5820802445   -1.7288933173 
   0.0000000000     42.000      210.000000   0.330249       1063.0231    0.0000268131    0.0004661039   59.9122794125   56.6002931276   -1.7278647535 
   0.0000000000     43.000      210.000000   0.330072       1062.5280    0.0000267977    0.0004656137   59.9283260206   56.6190430775   -1.7268353412 
   0.0000000000     44.000      210.000000   0.329895       1062.0336    0.0000267832    0.0004651593   59.9451463483   56.6383311959   -1.7258050438 
   0.0000000000     45.000      210.000000   0.329718       1061.5400    0.0000267696    0.0004647409   59.9627427990   56.6581586129   -1.7247738246 
   0.0000000000     46.000      210.000000   0.329542       1061.0469    0.0000267569    0.0004643587   59.9811177967   56.6785264885   -1.7237416469 
   0.0000000000     47.000      210.000000   0.329366       1060.5545    0.0000267450    0.0004640128   60.0002737851   56.6994360107   -1.7227084735 
   0.0000000000     48.000      210.000000   0.329191       1060.0627    0.0000267340    0.0004637033   60.0202132286   56.7208883957   -1.7216742674 
   0.0000000000     49.000      210.000000   0.329015       1059.5714    0.0000267239    0.0004634305   60.0409386113   56.7428848870   -1.7206389914 
   0.0000000000     50.000      210.000000   0.328840       1059.0806    0.0000267147    0.0004631944   60.0624524379   56.7654267554   -1.7196026080 
   0.0000000000     51.000      210.000000   0.328666       1058.5903    0.0000267064    0.0004629953   60.0847572330   56.7885152978   -1.7185650797 
   0.0000000000     52.000      210.000000   0.328491       1058.1004    0.0000266990    0.0004628332   60.1078555415   56.8121518376   -1.7175263690 
   0.0000000000     53.000      210.000000   0.328317       1057.6108    0.0000266926    0.0004627084   60.1317499284   56.8363377235   -1.7164864379 
   0.0000000000     54.000      210.000000   0.328142       1057.1216    0.0000266870    0.0004626210   60.1564429790   56.8610743297   -1.7154452487 
   0.0000000000     55.000      210.000000   0.327968       1056.6327    0.0000266824    0.0004625711   60.1819372989   56.8863630553   -1.7144027631 
   0.0000000000     56.000      210.000000   0.327795       1056.1441    0.0000266788    0.0004625589   60.2082355138   56.9122053237   -1.7133589430 
   0.0000000000     57.000      210.000000   0.327621       1055.6556    0.0000266761    0.0004625846   60.2353402694   56.9386025823   -1.7123137501 
   0.0000000000     58.000      210.000000   0.327447       1055.1674    0.0000266744    0.0004626483   60.2632542315   56.9655563020   -1.7112671459 
   0.0000000000     59.000      210.000000   0.327274       1054.6793    0.0000266737    0.0004627502   60.2919800861   56.9930679774   -1.7102190917 
   0.0000000000     60.000      210.000000   0.327101       1054.1913    0.0000266739    0.0004628905   60.3215205392   57.0211391258   -1.7091695487 
   0.0000000000     61.000      210.000000   0.326928       1053.7033    0.0000266752    0.0004630693   60.3518783163   57.0497712867   -1.7081184780 
   0.0000000000     62.000      210.000000   0.326754       1053.2154    0.0000266774    0.0004632867   60.3830561631   57.0789660220   -1.7070658405 
   0.0000000000     63.000      210.000000   0.326581       1052.7274    0.0000266807    0.0004635430   60.4150568447   57.1087249152   -1.7060115970 
   0.0000000000     64.000      210.000000   0.326409       1052.2394    0.0000266850    0.0004638383   60.4478831457   57.1390495711   -1.7049557082 
   0.0000000000     65.000      210.000000   0.326236       1051.7513    0.0000266903    0.0004641728   60.4815378702   57.1699416153   -1.7038981344 
   0.0000000000     66.000      210.000000   0.326063       1051.2630    0.0000266967    0.0004645467   60.5160238413   57.2014026943   -1.7028388360 
   0.0000000000     67.000      210.000000   0.325890       1050.7746    0.0000267041    0.0004649600   60.5513439012   57.2334344744   -1.7017777731 
   0.0000000000     68.000      210.000000   0.325717       1050.2859    0.0000267126    0.0004654131   60.5875009108   57.2660386415   -1.7007149058 
   0.0000000000     69.000      210.000000   0.325544       1049.7969    0.0000267222    0.0004659060   60.6244977491   57.2992169010   -1.6996501939 
   0.0000000000     70.000      210.000000   0.325371       1049.3076    0.0000267329    0.0004664389   60.6623373138   57.3329709769   -1.6985835970 
   0.0000000000     71.000      210.000000   0.325198       1048.8180    0.0000267446    0.0004670121   60.7010225199   57.3673026116   -1.6975150747 
   0.0000000000     72.000      210.000000   0.325025       1048.3280    0.0000267575    0.0004676256   60.7405563003   57.4022135655   -1.6964445863 
   0.0000000000     73.000      210.000000   0.324852       1047.8376    0.0000267715    0.0004682798   60.7809416047   57.4377056161   -1.6953720910 
   0.0000000000     74.000      210.000000   0.324679       1047.3466    0.0000267867    0.0004689747   60.8221813995   57.4737805580   -1.6942975479 
   0.0000000000     75.000      210.000000   0.324506       1046.8552    0.0000268030    0.0004697105   60.8642786675   57.5104402021   -1.6932209157 
   0.0000000000     76.000      210.000000   0.324332       1046.3632    0.0000268204    0.0004704875   60.9072364069   57.5476863751   -1.6921421532 
   0.0000000000     77.000      210.000000   0.324159       1045.8706    0.0000268391    0.0004713057   60.9510576314   57.5855209189   -1.6910612188 
   0.0000000000     78.000      210.000000   0.323985       1045.3773    0.0000268589    0.0004721655   60.9957453690   57.6239456899   -1.6899780710 
   0.0000000000     79.000      210.000000   0.323811       1044.8834    0.0000268799    0.0004730669   61.0413026617   57.6629625587   -1.6888926678 
   0.0000000000     80.000      210.000000   0.323637       1044.3887    0.0000269021    0.0004740103   61.0877325650   57.7025734093   -1.6878049673 
   0.0000000000     81.000      210.000000   0.323463       1043.8933    0.0000269256    0.0004749957   61.1350381468   57.7427801383   -1.6867149272 
   0.0000000000     82.000      210.000000   0.323289       1043.3970    0.0000269503    0.0004760233   61.1832224868   57.7835846542   -1.6856225052 
   0.0000000000     83.000      210.000000   0.323114       1042.8999    0.0000269762    0.0004770934   61.2322886759   57.8249888770   -1.6845276586 
   0.0000000000     84.000      210.000000   0.322939       1042.4019    0.0000270034    0.0004782062   61.2822398150   57.8669947371   -1.6834303449 
   0.0000000000     85.000      210.000000   0.322764       1041.9029    0.0000270319    0.0004793619   61.3330790141   57.9096041745   -1.6823305210 
   0.0000000000     86.000      210.000000   0.322589       1041.4030    0.0000270617    0.0004805606   61.3848093920   57.9528191383   -1.6812281439 
   0.0000000000     87.000      210.000000   0.322413       1040.9020    0.0000270928    0.0004818026   61.4374340741   57.9966415854   -1.6801231701 
   0.0000000000     88.000      210.000000   0.322237       1040.3999    0.0000271252    0.0004830880   61.4909561924   58.0410734800   -1.6790155563 
   0.0000000000     89.000      210.000000   0.322061       1039.8968    0.0000271589    0.0004844171   61.5453788837   58.0861167923   -1.6779052588 
   0.0000000000     90.000      210.000000   0.321884       1039.3924    0.0000271940    0.0004857901   61.6007052888   58.1317734978   -1.6767922336 
   0.0000000000     91.000      210.000000   0.321707       1038.8869    0.0000272305    0.0004872072   61.6569385510   58.1780455760   -1.6756764367 
   0.0000000000     92.000      210.000000   0.321530       1038.3801    0.0000272683    0.0004886686   61.7140818148   58.2249350098   -1.6745578239 
   0.0000000000     93.000      210.000000   0.321353       1037.8720    0.0000273075    0.0004901745   61.7721382245   58.2724437838   -1.6734363506 
   0.0000000000     94.000      210.000000   0.321175       1037.3626    0.0000273482    0.0004917252   61.8311109228   58.3205738835   -1.6723119722 
   0.0000000000     95.000      210.000000   0.320996       1036.8518    0.0000273902    0.0004933208   61.8910030494   58.3693272942   -1.6711846438 
   0.0000000000     96.000      210.000000   0.320817       1036.3396    0.0000274337    0.0004949616   61.9518177390   58.4187059993   -1.6700543205 
   0.0000000000     97.000      210.000000   0.320638       1035.8259    0.0000274787    0.0004966477   62.0135581201   58.4687119794   -1.6689209568 
   0.0000000000     98.000      210.000000   0.320458       1035.3107    0.0000275251    0.0004983795   62.0762273128   58.5193472110   -1.6677845073 
   0.0000000000     99.000      210.000000   0.320278       1034.7939    0.0000275730    0.0005001571   62.1398284274   58.5706136647   -1.6666449264 
   0.0000000000    100.000      210.000000   0.320098       1034.2756    0.0000276224    0.0005019807   62.2043645621   58.6225133039   -1.6655021681 
   0.0000000000    101.000      210.000000   0.319917       1033.7556    0.0000276734    0.0005038506   62.2698388014   58.6750480837   -1.6643561864 
   0.0000000000    102.000      210.000000   0.319735       1033.2338    0.0000277258    0.0005057671   62.3362542136   58.7282199486   -1.6632069349 
   0.0000000000    103.000      210.000000   0.319553       1032.7104    0.0000277798    0.0005077302   62.4036138492   58.7820308316   -1.6620543672 
   0.0000000000    104.000      210.000000   0.319370       1032.1852    0.0000278354    0.0005097403   62.4719207382   58.8364826520   -1.6608984365 
   0.0000000000    105.000      210.000000   0.319187       1031.6581    0.0000278926    0.0005117976   62.5411778879   58.8915773138   -1.6597390960 
   0.0000000000    106.000      210.000000   0.319004       1031.1291    0.0000279514    0.0005139024   62.6113882807   58.9473167042   -1.6585762983 
   0.0000000000    107.000      210.000000   0.318819       1030.5983    0.0000280118    0.0005160547   62.6825548715   59.0037026911   -1.6574099963 
   0.0000000000    108.000      210.000000   0.318634       1030.0654    0.0000280738    0.0005182550   62.7546805848   59.0607371219   -1.6562401423 
   0.0000000000    109.000      210.000000   0.318449       1029.5306    0.0000281375    0.0005205033   62.8277683125   59.1184218210   -1.6550666885 
   0.0000000000    110.000      210.000000   0.318263       1028.9937    0.0000282029    0.0005228000   62.9018209112   59.1767585879   -1.6538895870 
   0.0000000000    111.000      210.000000   0.318076       1028.4547    0.0000282699    0.0005251453   62.9768411985   59.2357491950   -1.6527087895 
   0.0000000000    112.000      210.000000   0.317889       1027.9135    0.0000283387    0.0005275394   63.0528319512   59.2953953857   -1.6515242476 
   0.0000000000    113.000      210.000000   0.317701       1027.3701    0.0000284092    0.0005299825   63.1297959013   59.3556988717   -1.6503359128 
   0.0000000000    114.000      210.000000   0.317512       1026.8245    0.0000284814    0.0005324749   63.2077357333   59.4166613310   -1.6491437361 
   0.0000000000    115.000      210.000000   0.317323       1026.2766    0.0000285554    0.0005350169   63.2866540811   59.4782844054   -1.6479476684 
   0.0000000000    116.000      210.000000   0.317133       1025.7263    0.0000286312    0.0005376086   63.3665535240   59.5405696981   -1.6467476606 
   0.0000000000    117.000      210.000000   0.316942       1025.1737    0.0000287088    0.0005402502   63.4474365840   59.6035187707   -1.6455436631 
   0.0000000000    118.000      210.000000   0.316750       1024.6186    0.0000287882    0.0005429421   63.5293057218   59.6671331413   -1.6443356263 
   0.0000000000    119.000      210.000000   0.316558       1024.0610    0.0000288694    0.0005456845   63.6121633330   59.7314142815   -1.6431235002 
   0.0000000000    120.000      210.000000   0.316365       1023.5010    0.0000289525    0.0005484775   63.6960117450   59.7963636132   -1.6419072348 
   0.0000000000    121.000      210.000000   0.316171       1022.9383    0.0000290375    0.0005513214   63.7808532122   59.8619825065   -1.6406867797 
   0.0000000000    122.000      210.000000   0.315976       1022.3730    0.0000291243    0.0005542165   63.8666899128   59.9282722763   -1.6394620844 
   0.0000000000    123.000      210.000000   0.315781       1021.8050    0.0000292131    0.0005571630   63.9535239442   59.9952341793   -1.6382330981 
   0.0000000000    124.000      210.000000   0.315584       1021.2344    0.0000293038    0.0005601610   64.0413573192   60.0628694110   -1.6369997701 
   0.0000000000    125.000      210.000000   0.315387       1020.6609    0.0000293964    0.0005632109   64.1301919612   60.1311791028   -1.6357620491 
   0.0000000000    126.000      210.000000   0.315189       1020.0847    0.0000294911    0.0005663129   64.2200297003   60.2001643183   -1.6345198838 
