  #sigma_s    Temp(C) Press(Mpa) p_meanfield density (kg/m^3)      kappa      alpha Cp(J/molK) Cv(J/molK)  mu(J/mol)
   0.0000000000   -173.000        0.101325   0.143899        924.2684    0.0000261829    0.0005643471   57.1589931634   55.2679845325   -2.2141687651 
   0.0000000000   -172.000        0.101325   0.143739        923.7518    0.0000259799    0.0005538150   57.0882830424   55.2298374213   -2.2133274601 
   0.0000000000   -171.000        0.101325   0.143581        923.2451    0.0000257787    0.0005435488   57.0199970268   55.1933472459   -2.2124885521 
   0.0000000000   -170.000        0.101325   0.143427        922.7481    0.0000255793    0.0005335410   56.9540237640   55.1584240762   -2.2116519774 
   0.0000000000   -169.000        0.101325   0.143275        922.2604    0.0000253818    0.0005237840   56.8902584693   55.1249839595   -2.2108176745 
   0.0000000000   -168.000        0.101325   0.143127        921.7819    0.0000251863    0.0005142704   56.8286024814   55.0929484918   -2.2099855836 
   0.0000000000   -167.000        0.101325   0.142981        921.3122    0.0000249926    0.0005049931   56.7689628587   55.0622444305   -2.2091556469 
   0.0000000000   -166.000        0.101325   0.142838        920.8513    0.0000248010    0.0004959452   56.7112520113   55.0328033440   -2.2083278082 
   0.0000000000   -165.000        0.101325   0.142698        920.3988    0.0000246113    0.0004871199   56.6553873673   55.0045612949   -2.2075020132 
   0.0000000000   -164.000        0.101325   0.142560        919.9545    0.0000244235    0.0004785106   56.6012910703   54.9774585582   -2.2066782091 
   0.0000000000   -163.000        0.101325   0.142425        919.5183    0.0000242378    0.0004701110   56.5488897055   54.9514393657   -2.2058563447 
   0.0000000000   -162.000        0.101325   0.142292        919.0899    0.0000240541    0.0004619148   56.4981140544   54.9264516822   -2.2050363703 
   0.0000000000   -161.000        0.101325   0.142162        918.6691    0.0000238723    0.0004539160   56.4488988730   54.9024470057   -2.2042182377 
   0.0000000000   -160.000        0.101325   0.142034        918.2558    0.0000236926    0.0004461088   56.4011826970   54.8793801943   -2.2034019000 
   0.0000000000   -159.000        0.101325   0.141909        917.8498    0.0000235148    0.0004384874   56.3549076679   54.8572093167   -2.2025873116 
   0.0000000000   -158.000        0.101325   0.141785        917.4509    0.0000233391    0.0004310462   56.3100193824   54.8358955262   -2.2017744284 
   0.0000000000   -157.000        0.101325   0.141664        917.0588    0.0000231653    0.0004237798   56.2664667637   54.8154029577   -2.2009632070 
   0.0000000000   -156.000        0.101325   0.141545        916.6735    0.0000229935    0.0004166829   56.2242019524   54.7956986464   -2.2001536056 
   0.0000000000   -155.000        0.101325   0.141429        916.2949    0.0000228237    0.0004097504   56.1831802195   54.7767524690   -2.1993455831 
   0.0000000000   -154.000        0.101325   0.141314        915.9226    0.0000226559    0.0004029771   56.1433598982   54.7585371060   -2.1985390995 
   0.0000000000   -153.000        0.101325   0.141201        915.5566    0.0000224900    0.0003963581   56.1047023369   54.7410280264   -2.1977341157 
   0.0000000000   -152.000        0.101325   0.141090        915.1968    0.0000223261    0.0003898885   56.0671718714   54.7242034933   -2.1969305932 
   0.0000000000   -151.000        0.101325   0.140981        914.8429    0.0000221642    0.0003835635   56.0307358181   54.7080445932   -2.1961284944 
   0.0000000000   -150.000        0.101325   0.140874        914.4949    0.0000220043    0.0003773785   55.9953644872   54.6925352861   -2.1953277824 
   0.0000000000   -149.000        0.101325   0.140768        914.1527    0.0000218463    0.0003713288   55.9610312159   54.6776624792   -2.1945284205 
   0.0000000000   -148.000        0.101325   0.140665        913.8160    0.0000216902    0.0003654097   55.9277124248   54.6634161247   -2.1937303728 
   0.0000000000   -147.000        0.101325   0.140563        913.4848    0.0000215361    0.0003596167   55.8953876935   54.6497893406   -2.1929336033 
   0.0000000000   -146.000        0.101325   0.140463        913.1589    0.0000213840    0.0003539452   55.8640398601   54.6367785580   -2.1921380764 
   0.0000000000   -145.000        0.101325   0.140364        912.8383    0.0000212338    0.0003483907   55.8336551434   54.6243836929   -2.1913437568 
   0.0000000000   -144.000        0.101325   0.140267        912.5229    0.0000210856    0.0003429486   55.8042232879   54.6126083450   -2.1905506085 
   0.0000000000   -143.000        0.101325   0.140172        912.2124    0.0000209393    0.0003376144   55.7757377342   54.6014600248   -2.1897585959 
   0.0000000000   -142.000        0.101325   0.140078        911.9069    0.0000207951    0.0003323833   55.7481958150   54.5909504094   -2.1889676825 
   0.0000000000   -141.000        0.101325   0.139986        911.6062    0.0000206528    0.0003272508   55.7215989759   54.5810956279   -2.1881778315 
   0.0000000000   -140.000        0.101325   0.139895        911.3102    0.0000205126    0.0003222119   55.6959530253   54.5719165775   -2.1873890054 
   0.0000000000   -139.000        0.101325   0.139805        911.0189    0.0000203744    0.0003172620   55.6712684111   54.5634392729   -2.1866011653 
   0.0000000000   -138.000        0.101325   0.139717        910.7321    0.0000202383    0.0003123958   55.6475605279   54.5556952284   -2.1858142716 
   0.0000000000   -137.000        0.101325   0.139631        910.4498    0.0000201043    0.0003076084   55.6248500541   54.5487218752   -2.1850282828 
   0.0000000000   -136.000        0.101325   0.139546        910.1720    0.0000199725    0.0003028943   55.6031633205   54.5425630149   -2.1842431561 
   0.0000000000   -135.000        0.101325   0.139462        909.8984    0.0000198429    0.0002982482   55.5825327121   54.5372693099   -2.1834588463 
   0.0000000000   -134.000        0.101325   0.139379        909.6292    0.0000197156    0.0002936641   55.5629971032   54.5328988126   -2.1826753061 
   0.0000000000   -133.000        0.101325   0.139298        909.3642    0.0000195905    0.0002891363   55.5446023282   54.5295175349   -2.1818924855 
   0.0000000000   -132.000        0.101325   0.139218        909.1033    0.0000194679    0.0002846583   55.5274016877   54.5272000587   -2.1811103314 
   0.0000000000   -131.000        0.101325   0.139140        908.8466    0.0000193478    0.0002802237   55.5114564934   54.5260301896   -2.1803287873 
   0.0000000000   -130.000        0.101325   0.139062        908.5939    0.0000192302    0.0002758255   55.4968366493   54.5261016517   -2.1795477929 
   0.0000000000   -129.000        0.101325   0.138986        908.3453    0.0000191154    0.0002714565   55.4836212748   54.5275188321   -2.1787672834 
   0.0000000000   -128.000        0.101325   0.138912        908.1008    0.0000190033    0.0002671090   55.4718993664   54.5303975655   -2.1779871893 
   0.0000000000   -127.000        0.101325   0.138838        907.8602    0.0000188942    0.0002627749   55.4617705020   54.5348659699   -2.1772074358 
   0.0000000000   -126.000        0.101325   0.138766        907.6237    0.0000187881    0.0002584455   55.4533455870   54.5410653286   -2.1764279419 
   0.0000000000   -125.000        0.101325   0.138695        907.3911    0.0000186853    0.0002541117   55.4467476445   54.5491510201   -2.1756486202 
   0.0000000000   -124.000        0.101325   0.138625        907.1625    0.0000185860    0.0002497638   55.4421126472   54.5592934968   -2.1748693762 
   0.0000000000   -123.000        0.101325   0.138556        906.9379    0.0000184902    0.0002453915   55.4395903967   54.5716793149   -2.1740901070 
   0.0000000000   -122.000        0.101325   0.138489        906.7174    0.0000183983    0.0002409839   55.4393454447   54.5865122109   -2.1733107013 
   0.0000000000   -121.000        0.101325   0.138423        906.5009    0.0000183104    0.0002365292   55.4415580604   54.6040142289   -2.1725310382 
   0.0000000000   -120.000        0.101325   0.138358        906.2886    0.0000182269    0.0002320150   55.4464252427   54.6244268971   -2.1717509862 
   0.0000000000   -119.000        0.101325   0.138295        906.0804    0.0000181480    0.0002274281   55.4541617759   54.6480124501   -2.1709704025 
   0.0000000000   -118.000        0.101325   0.138232        905.8765    0.0000180740    0.0002227545   55.4650013297   54.6750550999   -2.1701891320 
   0.0000000000   -117.000        0.101325   0.138171        905.6769    0.0000180052    0.0002179790   55.4791976026   54.7058623509   -2.1694070060 
   0.0000000000   -116.000        0.101325   0.138112        905.4817    0.0000179420    0.0002130858   55.4970255041   54.7407663566   -2.1686238411 
   0.0000000000   -115.000        0.101325   0.138054        905.2910    0.0000178848    0.0002080579   55.5187823787   54.7801253172   -2.1678394384 
   0.0000000000   -114.000        0.101325   0.137997        905.1050    0.0000178341    0.0002028771   55.5447892647   54.8243249119   -2.1670535817 
   0.0000000000   -113.000        0.101325   0.137942        904.9238    0.0000177902    0.0001975241   55.5753875757   54.8737764915   -2.1662663018 
   0.0000000000   -112.000        0.101325   0.137888        904.7475    0.0000177536    0.0001919787   55.6109587037   54.9289313696   -2.1654768095 
   0.0000000000   -111.000        0.101325   0.137836        904.5764    0.0000177250    0.0001862190   55.6518981666   54.9902635286   -2.1646850986 
   0.0000000000   -110.000        0.101325   0.137785        904.4107    0.0000177048    0.0001802218   55.6986349727   55.0582834216   -2.1638908701 
   0.0000000000   -109.000        0.101325   0.137737        904.2505    0.0000176936    0.0001739627   55.7516285300   55.1335364853   -2.1630938004 
   0.0000000000   -108.000        0.101325   0.137690        904.0962    0.0000176922    0.0001674156   55.8113700254   55.2166046501   -2.1622935393 
   0.0000000000   -107.000        0.101325   0.137644        903.9479    0.0000177013    0.0001605529   55.8783838016   55.3081078321   -2.1614897082 
   0.0000000000   -106.000        0.101325   0.137601        903.8060    0.0000177215    0.0001533453   55.9532287142   55.4087053867   -2.1606818983 
   0.0000000000   -105.000        0.101325   0.137560        903.6708    0.0000177537    0.0001457618   56.0364994609   55.5190975105   -2.1598696682 
   0.0000000000   -104.000        0.101325   0.137521        903.5427    0.0000177987    0.0001377696   56.1288278628   55.6400265666   -2.1590525420 
   0.0000000000   -103.000        0.101325   0.137484        903.4220    0.0000178575    0.0001293341   56.2308840863   55.7722783189   -2.1582300070 
   0.0000000000   -102.000        0.101325   0.137450        903.3091    0.0000179311    0.0001204186   56.3433777787   55.9166830412   -2.1574015113 
   0.0000000000   -101.000        0.101325   0.137418        903.2046    0.0000180205    0.0001109845   56.4670591002   56.0741164762   -2.1565664613 
   0.0000000000   -100.000        0.101325   0.137389        903.1088    0.0000181267    0.0001009909   56.6027196238   56.2455006130   -2.1557242192 
   0.0000000000    -99.000        0.101325   0.137363        903.0224    0.0000182511    0.0000903948   56.7511930733   56.4318042414   -2.1548741006 
   0.0000000000    -98.000        0.101325   0.137340        902.9457    0.0000183948    0.0000791511   56.9133558660   56.6340432420   -2.1540153714 
   0.0000000000    -97.000        0.101325   0.137320        902.8797    0.0000185592    0.0000672116   57.0901403951   56.8532949177   -2.1531469598 
   0.0000000000    -96.000        0.101325   0.137303        902.8246    0.0000187457    0.0000545271   57.2824845258   57.0906418896   -2.1522685849 
   0.0000000000    -95.000        0.101325   0.137290        902.7814    0.0000189557    0.0000410450   57.4914052900   57.3472525934   -2.1513790698 
   0.0000000000    -94.000        0.101325   0.137280        902.7508    0.0000191910    0.0000267101   57.7179500046   57.6243271664   -2.1504774534 
   0.0000000000    -93.000        0.101325   0.137275        902.7335    0.0000194531    0.0000114649   57.9632069649   57.9231084694   -2.1495627103 
   0.0000000000    -92.000        0.101325   0.137274        902.7304    0.0000197438   -0.0000047507   58.2283038324   58.2448795765   -2.1486337480 
   0.0000000000    -91.000        0.101325   0.137278        902.7423    0.0000200650   -0.0000219996   58.5144054492   58.5909605366   -2.1476894036 
   0.0000000000    -90.000        0.101325   0.137286        902.7704    0.0000204187   -0.0000403470   58.8227109894   58.9627042982   -2.1467284407 
   0.0000000000    -89.000        0.101325   0.137300        902.8155    0.0000208069   -0.0000598610   59.1544503636   59.3614916981   -2.1457495468 
   0.0000000000    -88.000        0.101325   0.137319        902.8788    0.0000212318   -0.0000806122   59.5108797783   59.7887253954   -2.1447513299 
   0.0000000000    -87.000        0.101325   0.137345        902.9615    0.0000216957   -0.0001026738   59.8932763409   60.2458226256   -2.1437323161 
   0.0000000000    -86.000        0.101325   0.137376        903.0647    0.0000222010   -0.0001261211   60.3029316018   60.7342066457   -2.1426909468 
   0.0000000000    -85.000        0.101325   0.137414        903.1897    0.0000227502   -0.0001510321   60.7411439043   61.2552967220   -2.1416255762 
   0.0000000000    -84.000        0.101325   0.137459        903.3379    0.0000233459   -0.0001774866   61.2092094154   61.8104965187   -2.1405344696 
   0.0000000000    -83.000        0.101325   0.137512        903.5108    0.0000239908   -0.0002055665   61.7084116965   62.4011807268   -2.1394158011 
   0.0000000000    -82.000        0.101325   0.137572        903.7099    0.0000246878   -0.0002353549   62.2400096711   63.0286797796   -2.1382676527 
   0.0000000000    -81.000        0.101325   0.137641        903.9367    0.0000254398   -0.0002669366   62.8052238348   63.6942624864   -2.1370880133 
   0.0000000000    -80.000        0.101325   0.137719        904.1930    0.0000262499   -0.0003003968   63.4052205603   64.3991164355   -2.1358747788 
   0.0000000000    -79.000        0.101325   0.137807        904.4806    0.0000271212   -0.0003358210   64.0410943347   65.1443260015   -2.1346257524 
   0.0000000000    -78.000        0.101325   0.137904        904.8011    0.0000280569   -0.0003732941   64.7138477933   65.9308478328   -2.1333386465 
   0.0000000000    -77.000        0.101325   0.138013        905.1567    0.0000290603   -0.0004128999   65.4243693897   66.7594836784   -2.1320110850 
   0.0000000000    -76.000        0.101325   0.138132        905.5493    0.0000301348   -0.0004547199   66.1734085889   67.6308504765   -2.1306406073 
   0.0000000000    -75.000        0.101325   0.138264        905.9809    0.0000312837   -0.0004988322   66.9615484701   68.5453476414   -2.1292246738 
   0.0000000000    -74.000        0.101325   0.138408        906.4538    0.0000325105   -0.0005453102   67.7891756675   69.5031215501   -2.1277606725 
   0.0000000000    -73.000        0.101325   0.138566        906.9702    0.0000338186   -0.0005942211   68.6564476077   70.5040272861   -2.1262459280 
   0.0000000000    -72.000        0.101325   0.138738        907.5324    0.0000352112   -0.0006456240   69.5632570791   71.5475877982   -2.1246777130 
   0.0000000000    -71.000        0.101325   0.138924        908.1428    0.0000366915   -0.0006995678   70.5091942167   72.6329507284   -2.1230532611 
   0.0000000000    -70.000        0.101325   0.139127        908.8039    0.0000382630   -0.0007560974   71.4936257741   73.7589893611   -2.1213691432 
   0.0000000000    -69.000        0.101325   0.139345        909.5180    0.0000399279   -0.0008152194   72.5152054325   74.9237100463   -2.1196237019 
   0.0000000000    -68.000        0.101325   0.139581        910.2877    0.0000416889   -0.0008769432   73.5724613716   76.1249766302   -2.1178136366 
   0.0000000000    -67.000        0.101325   0.139835        911.1154    0.0000435484   -0.0009412496   74.6633524209   77.3599765228   -2.1159362142 
   0.0000000000    -66.000        0.101325   0.140108        912.0036    0.0000455077   -0.0010080934   75.7853174091   78.6252911056   -2.1139887782 
   0.0000000000    -65.000        0.101325   0.140400        912.9549    0.0000475681   -0.0010773994   76.9352305479   79.9168533200   -2.1119687828 
   0.0000000000    -64.000        0.101325   0.140712        913.9716    0.0000497297   -0.0011490572   78.1093589237   81.2299100006   -2.1098738340 
   0.0000000000    -63.000        0.101325   0.141046        915.0560    0.0000519919   -0.0012229160   79.3033237132   82.5589910897   -2.1077017335 
   0.0000000000    -62.000        0.101325   0.141402        916.2102    0.0000543529   -0.0012987796   80.5120670579   83.8978881493   -2.1054505294 
   0.0000000000    -61.000        0.101325   0.141781        917.4364    0.0000568097   -0.0013764002   81.7298269281   85.2396449757   -2.1031185707 
   0.0000000000    -60.000        0.101325   0.142183        918.7365    0.0000593585   -0.0014554932   82.9503484324   86.5768317828   -2.1007034699 
   0.0000000000    -59.000        0.101325   0.142609        920.1115    0.0000619918   -0.0015356572   84.1660386290   87.9005640417   -2.0982062483 
   0.0000000000    -58.000        0.101325   0.143058        921.5627    0.0000647021   -0.0016164729   85.3691729064   89.2019666823   -2.0956256636 
   0.0000000000    -57.000        0.101325   0.143533        923.0909    0.0000674790   -0.0016974340   86.5511823054   90.4713509508   -2.0929618872 
   0.0000000000    -56.000        0.101325   0.144032        924.6964    0.0000703099   -0.0017779602   87.7028919217   91.6985247116   -2.0902157191 
   0.0000000000    -55.000        0.101325   0.144557        926.3787    0.0000731797   -0.0018573960   88.8146093625   92.8729208262   -2.0873886566 
   0.0000000000    -54.000        0.101325   0.145105        928.1370    0.0000760706   -0.0019350126   89.8762438765   93.9837567744   -2.0844829571 
   0.0000000000    -53.000        0.101325   0.145679        929.9704    0.0000789632   -0.0020100400   90.8776804265   95.0204801567   -2.0815002506 
   0.0000000000    -52.000        0.101325   0.146276        931.8751    0.0000818327   -0.0020815761   91.8081125580   95.9720079987   -2.0784469692 
   0.0000000000    -51.000        0.101325   0.146896        933.8486    0.0000846544   -0.0021487411   92.6574833050   96.8283787570   -2.0753267942 
   0.0000000000    -50.000        0.101325   0.147538        935.8867    0.0000874007   -0.0022106074   93.4159524659   97.5801149672   -2.0721454293 
   0.0000000000    -49.000        0.101325   0.148200        937.9843    0.0000900426   -0.0022662438   94.0743530283   98.2187085571   -2.0689094567 
   0.0000000000    -48.000        0.101325   0.148880        940.1357    0.0000925499   -0.0023147431   94.6244738975   98.7368868253   -2.0656262921 
   0.0000000000    -47.000        0.101325   0.149576        942.3340    0.0000948923   -0.0023552537   95.0593426901   99.1288605266   -2.0623041105 
   0.0000000000    -46.000        0.101325   0.150288        944.5725    0.0000970419   -0.0023870353   95.3735610347   99.3906149765   -2.0589499111 
   0.0000000000    -45.000        0.101325   0.151010        946.8412    0.0000989685   -0.0024094035   95.5632341875   99.5197389006   -2.0555763579 
   0.0000000000    -44.000        0.101325   0.151742        949.1320    0.0001006487   -0.0024218910   95.6266421689   99.5160732299   -2.0521916439 
   0.0000000000    -43.000        0.101325   0.152479        951.4353    0.0001020617   -0.0024241891   95.5640167383   99.3813695940   -2.0488056572 
   0.0000000000    -42.000        0.101325   0.153218        953.7415    0.0001031917   -0.0024161866   95.3776632224   99.1193448865   -2.0454282689 
   0.0000000000    -41.000        0.101325   0.153957        956.0407    0.0001040282   -0.0023979792   95.0719084225   98.7355629277   -2.0420691338 
   0.0000000000    -40.000        0.101325   0.154693        958.3232    0.0001045668   -0.0023698677   94.6529612236   98.2372456399   -2.0387374994 
   0.0000000000    -39.000        0.101325   0.155422        960.5796    0.0001048092   -0.0023323466   94.1286933186   97.6330253189   -2.0354420298 
   0.0000000000    -38.000        0.101325   0.156141        962.8010    0.0001047627   -0.0022860819   93.5083545004   96.9326538531   -2.0321906550 
   0.0000000000    -37.000        0.101325   0.156848        964.9789    0.0001044402   -0.0022318815   92.8022423578   96.1466873955   -2.0289904520 
   0.0000000000    -36.000        0.101325   0.157541        967.1070    0.0001038595   -0.0021706531   92.0210821168   95.2858901519   -2.0258458560 
   0.0000000000    -35.000        0.101325   0.158216        969.1764    0.0001030407   -0.0021033932   91.1767095863   94.3619945509   -2.0227653901 
   0.0000000000    -34.000        0.101325   0.158871        971.1824    0.0001020083   -0.0020311145   90.2802391966   93.3858715788   -2.0197515766 
   0.0000000000    -33.000        0.101325   0.159505        973.1201    0.0001007877   -0.0019548320   89.3427316405   92.3682804803   -2.0168076019 
   0.0000000000    -32.000        0.101325   0.160117        974.9858    0.0000994054   -0.0018755292   88.3747183359   91.3194320440   -2.0139357239 
   0.0000000000    -31.000        0.101325   0.160706        976.7766    0.0000978876   -0.0017941333   87.3860117962   90.2488376661   -2.0111373406 
   0.0000000000    -30.000        0.101325   0.161270        978.4903    0.0000962597   -0.0017114980   86.3855719269   89.1652048377   -2.0084130720 
   0.0000000000    -29.000        0.101325   0.161809        980.1257    0.0000945458   -0.0016283910   85.3814249196   88.0763752996   -2.0057628521 
   0.0000000000    -28.000        0.101325   0.162323        981.6823    0.0000927682   -0.0015454881   84.3806285188   86.9893003129   -2.0031860230 
   0.0000000000    -27.000        0.101325   0.162811        983.1593    0.0000909473   -0.0014633900   83.3896131062   85.9103972215   -2.0006828757 
   0.0000000000    -26.000        0.101325   0.163275        984.5593    0.0000891010   -0.0013825488   82.4128489848   84.8441594777   -1.9982488671 
   0.0000000000    -25.000        0.101325   0.163714        985.8823    0.0000872453   -0.0013033871   81.4549756994   83.7953570511   -1.9958836358 
   0.0000000000    -24.000        0.101325   0.164129        987.1299    0.0000853938   -0.0012262277   80.5194761749   82.7676469659   -1.9935850425 
   0.0000000000    -23.000        0.101325   0.164519        988.3039    0.0000835581   -0.0011513216   79.6091066132   81.7640040162   -1.9913507624 
   0.0000000000    -22.000        0.101325   0.164886        989.4065    0.0000817481   -0.0010788551   78.7259780302   80.7867899514   -1.9891783433 
   0.0000000000    -21.000        0.101325   0.165231        990.4397    0.0000799717   -0.0010089592   77.8716371593   79.8378227005   -1.9870652539 
   0.0000000000    -20.000        0.101325   0.165553        991.4060    0.0000782353   -0.0009417170   77.0471439704   78.9184434152   -1.9850089250 
   0.0000000000    -19.000        0.101325   0.165855        992.3078    0.0000765440   -0.0008771716   76.2531439985   78.0295797996   -1.9830067822 
   0.0000000000    -18.000        0.101325   0.166135        993.1478    0.0000749015   -0.0008153325   75.4899344003   77.1718047596   -1.9810562737 
   0.0000000000    -17.000        0.101325   0.166397        993.9282    0.0000733107   -0.0007561822   74.7575232372   76.3453898493   -1.9791548907 
   0.0000000000    -16.000        0.101325   0.166639        994.6518    0.0000717734   -0.0006996814   74.0556819085   75.5503533202   -1.9773001845 
   0.0000000000    -15.000        0.101325   0.166863        995.3210    0.0000702908   -0.0006457737   73.3839909401   74.7865028370   -1.9754897779 
   0.0000000000    -14.000        0.101325   0.167070        995.9382    0.0000688634   -0.0005943892   72.7418795322   74.0534730702   -1.9737213749 
   0.0000000000    -13.000        0.101325   0.167261        996.5058    0.0000674913   -0.0005454485   72.1286593802   73.3507584965   -1.9719927658 
   0.0000000000    -12.000        0.101325   0.167435        997.0261    0.0000661739   -0.0004988651   71.5435533409   72.6777417998   -1.9703018313 
   0.0000000000    -11.000        0.101325   0.167595        997.5013    0.0000649106   -0.0004545476   70.9857195070   72.0337182769   -1.9686465442 
   0.0000000000    -10.000        0.101325   0.167740        997.9336    0.0000637003   -0.0004124022   70.4542712762   71.4179166802   -1.9670249694 
   0.0000000000     -9.000        0.101325   0.167872        998.3251    0.0000625419   -0.0003723335   69.9482939235   70.8295168954   -1.9654352635 
   0.0000000000     -8.000        0.101325   0.167990        998.6777    0.0000614339   -0.0003342462   69.4668581776   70.2676648401   -1.9638756728 
   0.0000000000     -7.000        0.101325   0.168096        998.9933    0.0000603747   -0.0002980459   69.0090312338   69.7314849379   -1.9623445308 
   0.0000000000     -6.000        0.101325   0.168191        999.2738    0.0000593630   -0.0002636399   68.5738855924   69.2200904909   -1.9608402557 
   0.0000000000     -5.000        0.101325   0.168273        999.5203    0.0000583971   -0.0002309462   68.1606503417   68.7327532320   -1.9593622927 
   0.0000000000     -4.000        0.101325   0.168346        999.7355    0.0000574751   -0.0001998593   67.7681245277   68.2682500385   -1.9579072574 
   0.0000000000     -3.000        0.101325   0.168408        999.9204    0.0000565955   -0.0001703040   67.3955936638   67.8258852683   -1.9564748234 
   0.0000000000     -2.000        0.101325   0.168461       1000.0766    0.0000557567   -0.0001421987   67.0422072655   67.4047986921   -1.9550637126 
   0.0000000000     -1.000        0.101325   0.168504       1000.2054    0.0000549570   -0.0001154650   66.7071422359   67.0041483359   -1.9536727143 
   0.0000000000      0.000        0.101325   0.168539       1000.3080    0.0000541948   -0.0000900281   66.3896044078   66.6231132575   -1.9523006815 
   0.0000000000      1.000        0.101325   0.168565       1000.3859    0.0000534686   -0.0000658165   66.0888295049   66.2608956434   -1.9509465276 
   0.0000000000      2.000        0.101325   0.168583       1000.4401    0.0000527768   -0.0000427621   65.8040836301   65.9167223363   -1.9496092228 
   0.0000000000      3.000        0.101325   0.168594       1000.4719    0.0000521180   -0.0000208001   65.5346633772   65.5898458902   -1.9482877915 
   0.0000000000      4.000        0.101325   0.168597       1000.4821    0.0000514907    0.0000001312   65.2798956403   65.2795452308   -1.9469813086 
   0.0000000000      5.000        0.101325   0.168594       1000.4719    0.0000508937    0.0000200901   65.0391371911   64.9851259957   -1.9456888970 
   0.0000000000      6.000        0.101325   0.168584       1000.4423    0.0000503255    0.0000391322   64.8117740700   64.7059206057   -1.9444097245 
   0.0000000000      7.000        0.101325   0.168568       1000.3939    0.0000497849    0.0000573100   64.5972208429   64.4412881251   -1.9431430015 
   0.0000000000      8.000        0.101325   0.168546       1000.3279    0.0000492708    0.0000746732   64.3949197530   64.1906139454   -1.9418879781 
   0.0000000000      9.000        0.101325   0.168518       1000.2448    0.0000487820    0.0000912691   64.2043398024   63.9533093337   -1.9406439423 
   0.0000000000     10.000        0.101325   0.168484       1000.1455    0.0000483173    0.0001071421   64.0249757829   63.7288108706   -1.9394102172 
   0.0000000000     11.000        0.101325   0.168446       1000.0307    0.0000478758    0.0001223344   63.8563472798   63.5165798073   -1.9381861592 
   0.0000000000     12.000        0.101325   0.168402        999.9011    0.0000474564    0.0001368860   63.6979976600   63.3161013583   -1.9369711561 
   0.0000000000     13.000        0.101325   0.168353        999.7572    0.0000470582    0.0001508346   63.5494930603   63.1268839504   -1.9357646248 
   0.0000000000     14.000        0.101325   0.168300        999.5997    0.0000466804    0.0001642159   63.4104213834   62.9484584398   -1.9345660102 
   0.0000000000     15.000        0.101325   0.168243        999.4291    0.0000463220    0.0001770635   63.2803913098   62.7803773111   -1.9333747831 
   0.0000000000     16.000        0.101325   0.168181        999.2459    0.0000459822    0.0001894094   63.1590313327   62.6222138669   -1.9321904389 
   0.0000000000     17.000        0.101325   0.168116        999.0507    0.0000456603    0.0002012839   63.0459888176   62.4735614159   -1.9310124959 
   0.0000000000     18.000        0.101325   0.168046        998.8439    0.0000453556    0.0002127153   62.9409290927   62.3340324666   -1.9298404942 
   0.0000000000     19.000        0.101325   0.167973        998.6259    0.0000450674    0.0002237307   62.8435345700   62.2032579310   -1.9286739943 
   0.0000000000     20.000        0.101325   0.167896        998.3972    0.0000447950    0.0002343556   62.7535039006   62.0808863434   -1.9275125760 
   0.0000000000     21.000        0.101325   0.167816        998.1581    0.0000445378    0.0002446142   62.6705511626   61.9665830960   -1.9263558371 
   0.0000000000     22.000        0.101325   0.167732        997.9090    0.0000442952    0.0002545294   62.5944050849   61.8600296950   -1.9252033927 
   0.0000000000     23.000        0.101325   0.167645        997.6502    0.0000440666    0.0002641228   62.5248083034   61.7609230389   -1.9240548736 
   0.0000000000     24.000        0.101325   0.167555        997.3821    0.0000438517    0.0002734149   62.4615166528   61.6689747199   -1.9229099262 
   0.0000000000     25.000        0.101325   0.167462        997.1049    0.0000436498    0.0002824251   62.4042984902   61.5839103492   -1.9217682108 
   0.0000000000     26.000        0.101325   0.167366        996.8189    0.0000434605    0.0002911718   62.3529340518   61.5054689067   -1.9206294014 
   0.0000000000     27.000        0.101325   0.167267        996.5245    0.0000432833    0.0002996724   62.3072148404   61.4334021167   -1.9194931846 
   0.0000000000     28.000        0.101325   0.167165        996.2217    0.0000431179    0.0003079435   62.2669430444   61.3674738476   -1.9183592590 
   0.0000000000     29.000        0.101325   0.167061        995.9110    0.0000429638    0.0003160007   62.2319309836   61.3074595351   -1.9172273346 
   0.0000000000     30.000        0.101325   0.166954        995.5924    0.0000428208    0.0003238590   62.2020005865   61.2531456328   -1.9160971319 
   0.0000000000     31.000        0.101325   0.166845        995.2662    0.0000426883    0.0003315324   62.1769828910   61.2043290834   -1.9149683816 
   0.0000000000     32.000        0.101325   0.166733        994.9325    0.0000425662    0.0003390342   62.1567175731   61.1608168148   -1.9138408237 
   0.0000000000     33.000        0.101325   0.166619        994.5916    0.0000424540    0.0003463774   62.1410524989   61.1224252588   -1.9127142073 
   0.0000000000     34.000        0.101325   0.166502        994.2435    0.0000423516    0.0003535738   62.1298432999   61.0889798903   -1.9115882899 
   0.0000000000     35.000        0.101325   0.166384        993.8885    0.0000422586    0.0003606351   62.1229529711   61.0603147895   -1.9104628370 
   0.0000000000     36.000        0.101325   0.166262        993.5267    0.0000421749    0.0003675722   62.1202514890   61.0362722227   -1.9093376214 
   0.0000000000     37.000        0.101325   0.166139        993.1582    0.0000421000    0.0003743953   62.1216154511   61.0167022440   -1.9082124231 
   0.0000000000     38.000        0.101325   0.166014        992.7830    0.0000420339    0.0003811146   62.1269277321   61.0014623149   -1.9070870287 
   0.0000000000     39.000        0.101325   0.165886        992.4014    0.0000419762    0.0003877393   62.1360771605   60.9904169431   -1.9059612312 
   0.0000000000     40.000        0.101325   0.165757        992.0134    0.0000419269    0.0003942785   62.1489582105   60.9834373371   -1.9048348291 
   0.0000000000     41.000        0.101325   0.165625        991.6192    0.0000418857    0.0004007407   62.1654707116   60.9804010801   -1.9037076269 
   0.0000000000     42.000        0.101325   0.165491        991.2187    0.0000418525    0.0004071340   62.1855195723   60.9811918177   -1.9025794339 
   0.0000000000     43.000        0.101325   0.165355        990.8120    0.0000418270    0.0004134664   62.2090145194   60.9856989622   -1.9014500645 
   0.0000000000     44.000        0.101325   0.165218        990.3993    0.0000418092    0.0004197451   62.2358698512   60.9938174123   -1.9003193377 
   0.0000000000     45.000        0.101325   0.165078        989.9806    0.0000417989    0.0004259774   62.2660042037   61.0054472856   -1.8991870770 
   0.0000000000     46.000        0.101325   0.164936        989.5559    0.0000417959    0.0004321699   62.2993403287   61.0204936650   -1.8980531099 
   0.0000000000     47.000        0.101325   0.164793        989.1252    0.0000418002    0.0004383292   62.3358048843   61.0388663584   -1.8969172680 
   0.0000000000     48.000        0.101325   0.164648        988.6887    0.0000418116    0.0004444615   62.3753282360   61.0604796697   -1.8957793866 
   0.0000000000     49.000        0.101325   0.164501        988.2466    0.0000418300    0.0004505725   62.4178175452   61.0852199113   -1.8946386807 
   0.0000000000     50.000        0.101325   0.164352        987.7985    0.0000418554    0.0004566683   62.4632623681   61.1130729641   -1.8934962132 
   0.0000000000     51.000        0.101325   0.164201        987.3445    0.0000418876    0.0004627542   62.5115775407   61.1439344663   -1.8923512349 
   0.0000000000     52.000        0.101325   0.164048        986.8847    0.0000419266    0.0004688354   62.5627064606   61.1777346282   -1.8912035946 
   0.0000000000     53.000        0.101325   0.163893        986.4191    0.0000419723    0.0004749169   62.6165953717   61.2144071592   -1.8900531437 
   0.0000000000     54.000        0.101325   0.163737        985.9477    0.0000420246    0.0004810036   62.6731932171   61.2538890960   -1.8888997365 
   0.0000000000     55.000        0.101325   0.163578        985.4706    0.0000420835    0.0004871001   62.7324514990   61.2961206403   -1.8877432297 
   0.0000000000     56.000        0.101325   0.163418        984.9877    0.0000421489    0.0004932108   62.7943241462   61.3410450039   -1.8865834823 
   0.0000000000     57.000        0.101325   0.163256        984.4990    0.0000422207    0.0004993400   62.8587673877   61.3886082617   -1.8854203555 
   0.0000000000     58.000        0.101325   0.163092        984.0045    0.0000422990    0.0005054920   62.9257396335   61.4387592129   -1.8842537128 
   0.0000000000     59.000        0.101325   0.162926        983.5041    0.0000423837    0.0005116705   62.9952013615   61.4914492491   -1.8830834196 
   0.0000000000     60.000        0.101325   0.162759        982.9980    0.0000424748    0.0005178796   63.0671150115   61.5466322302   -1.8819093433 
   0.0000000000     61.000        0.101325   0.162589        982.4860    0.0000425722    0.0005241228   63.1414448838   61.6042643676   -1.8807313535 
   0.0000000000     62.000        0.101325   0.162418        981.9681    0.0000426759    0.0005304038   63.2181570449   61.6643041133   -1.8795493217 
   0.0000000000     63.000        0.101325   0.162245        981.4443    0.0000427859    0.0005367260   63.2972192349   61.7267120525   -1.8783631213 
   0.0000000000     64.000        0.101325   0.162070        980.9145    0.0000429022    0.0005430927   63.3786007749   61.7914507961   -1.8771726275 
   0.0000000000     65.000        0.101325   0.161893        980.3787    0.0000430247    0.0005495072   63.4622724684   61.8584848651   -1.8759777172 
   0.0000000000     66.000        0.101325   0.161714        979.8370    0.0000431536    0.0005559725   63.5482064890   61.9277805606   -1.8747782679 
   0.0000000000     67.000        0.101325   0.161533        979.2891    0.0000432887    0.0005624918   63.6363762516   61.9993058141   -1.8735741566 
   0.0000000000     68.000        0.101325   0.161351        978.7352    0.0000434301    0.0005690679   63.7267562775   62.0730300299   -1.8723652590 
   0.0000000000     69.000        0.101325   0.161166        978.1751    0.0000435778    0.0005757037   63.8193220781   62.1489239530   -1.8711514479 
   0.0000000000     70.000        0.101325   0.160980        977.6091    0.0000437317    0.0005824007   63.9140191373   62.2269232903   -1.8699319383 
   0.0000000000     71.000        0.101325   0.160792        977.0366    0.0000438920    0.0005891637   64.0108822969   62.3070688031   -1.8687078261 
   0.0000000000     72.000        0.101325   0.160601        976.4578    0.0000440586    0.0005959944   64.1098638704   62.3893045323   -1.8674784262 
   0.0000000000     73.000        0.101325   0.160409        975.8726    0.0000442316    0.0006028953   64.2109434604   62.4736067586   -1.8662436191 
   0.0000000000     74.000        0.101325   0.160214        975.2811    0.0000444109    0.0006098687   64.3141015489   62.5599529828   -1.8650032876 
   0.0000000000     75.000        0.101325   0.160018        974.6830    0.0000445967    0.0006169171   64.4193194759   62.6483219020   -1.8637573168 
   0.0000000000     76.000        0.101325   0.159820        974.0784    0.0000447889    0.0006240429   64.5265794675   62.7386934433   -1.8625055963 
   0.0000000000     77.000        0.101325   0.159619        973.4672    0.0000449875    0.0006312483   64.6358647209   62.8310488633   -1.8612480218 
   0.0000000000     78.000        0.101325   0.159417        972.8493    0.0000451927    0.0006385355   64.7471594323   62.9253707811   -1.8599844974 
   0.0000000000     79.000        0.101325   0.159212        972.2247    0.0000454043    0.0006459067   64.8604483746   63.0216426877   -1.8587149269 
   0.0000000000     80.000        0.101325   0.159006        971.5935    0.0000456225    0.0006533624   64.9756812688   63.1198077104   -1.8574385428 
   0.0000000000     81.000        0.101325   0.158797        970.9552    0.0000458473    0.0006609072   65.0928979162   63.2199135190   -1.8561562819 
   0.0000000000     82.000        0.101325   0.158586        970.3100    0.0000460789    0.0006685419   65.2120584237   63.3219156776   -1.8548675547 
   0.0000000000     83.000        0.101325   0.158373        969.6578    0.0000463171    0.0006762684   65.3331481307   63.4257992085   -1.8535722482 
   0.0000000000     84.000        0.101325   0.158158        968.9985    0.0000465620    0.0006840887   65.4561540835   63.5315513260   -1.8522702750 
   0.0000000000     85.000        0.101325   0.157940        968.3319    0.0000468138    0.0006920048   65.5810665079   63.6391631275   -1.8509615980 
   0.0000000000     86.000        0.101325   0.157721        967.6583    0.0000470723    0.0007000166   65.7078378060   63.7485824015   -1.8496455142 
   0.0000000000     87.000        0.101325   0.157499        966.9772    0.0000473379    0.0007081287   65.8365044835   63.8598539922   -1.8483227949 
   0.0000000000     88.000        0.101325   0.157275        966.2887    0.0000476103    0.0007163413   65.9670289598   63.9729376813   -1.8469929065 
   0.0000000000     89.000        0.101325   0.157048        965.5927    0.0000478898    0.0007246566   66.0994052954   64.0878298998   -1.8456558655 
   0.0000000000     90.000        0.101325   0.156820        964.8893    0.0000481763    0.0007330741   66.2335855190   64.2044790744   -1.8443109892 
   0.0000000000     91.000        0.101325   0.156589        964.1781    0.0000484700    0.0007415983   66.3696062268   64.3229309387   -1.8429589993 
   0.0000000000     92.000        0.101325   0.156356        963.4593    0.0000487708    0.0007502282   66.5074124253   64.4431263780   -1.8415991071 
   0.0000000000     93.000        0.101325   0.156120        962.7324    0.0000490789    0.0007589678   66.6470305919   64.5650999479   -1.8402318473 
   0.0000000000     94.000        0.101325   0.155882        961.9978    0.0000493943    0.0007678158   66.7884062515   64.6887936842   -1.8388564629 
   0.0000000000     95.000        0.101325   0.155641        961.2552    0.0000497170    0.0007767748   66.9315448913   64.8142185845   -1.8374731540 
   0.0000000000     96.000        0.101325   0.155398        960.5044    0.0000500472    0.0007858466   67.0764386334   64.9413705778   -1.8360819047 
   0.0000000000     97.000        0.101325   0.155153        959.7456    0.0000503848    0.0007950310   67.2230505534   65.0702126201   -1.8346822655 
   0.0000000000     98.000        0.101325   0.154905        958.9781    0.0000507302    0.0008043325   67.3714188806   65.2007939064   -1.8332749110 
   0.0000000000     99.000        0.101325   0.154655        958.2027    0.0000510830    0.0008137470   67.5214451467   65.3330075402   -1.8318585031 
   0.0000000000    100.000        0.101325   0.000089         11.3458   16.6742161918    0.3572615762  150.5838229319  108.4691295269   -2.1866408283 
   0.0000000000    101.000        0.101325   0.000083          9.6775    5.2419432728    0.1042535540  128.0215677071  110.3243649985   -2.2058037680 
   0.0000000000    102.000        0.101325   0.000081          8.8569    4.0363532574    0.0773634785  126.6620016581  111.4494347732   -2.2158974855 
   0.0000000000    103.000        0.101325   0.000079          8.2532    3.4891118034    0.0650598090  126.5332503308  112.3783433008   -2.2236627210 
   0.0000000000    104.000        0.101325   0.000078          7.7641    3.1625296034    0.0576517754  126.7779535945  113.1967188902   -2.2301922428 
   0.0000000000    105.000        0.101325   0.000077          7.3488    2.9409714626    0.0525767708  127.1792812522  113.9380214164   -2.2359207818 
   0.0000000000    106.000        0.101325   0.000076          6.9861    2.7788435158    0.0488230204  127.6553007278  114.6194915022   -2.2410770494 
   0.0000000000    107.000        0.101325   0.000075          6.6633    2.6541296362    0.0459017791  128.1676590612  115.2509581939   -2.2457961433 
   0.0000000000    108.000        0.101325   0.000074          6.3722    2.5547260715    0.0435444753  128.6956399939  115.8383994368   -2.2501645326 
   0.0000000000    109.000        0.101325   0.000074          6.1068    2.4733256070    0.0415880396  129.2275095573  116.3862795644   -2.2542475148 
   0.0000000000    110.000        0.101325   0.000073          5.8631    2.4052700225    0.0399294054  129.7552631054  116.8970817761   -2.2580867911 
   0.0000000000    111.000        0.101325   0.000073          5.6377    2.3473971829    0.0384976878  130.2740552869  117.3731018059   -2.2617194066 
   0.0000000000    112.000        0.101325   0.000073          5.4283    2.2974971841    0.0372442201  130.7798700626  117.8154480550   -2.2651687696 
   0.0000000000    113.000        0.101325   0.000072          5.2328    2.2539615882    0.0361328793  131.2701991656  118.2253494826   -2.2684578512 
   0.0000000000    114.000        0.101325   0.000072          5.0496    2.2155947656    0.0351370666  131.7429449519  118.6035580452   -2.2716037300 
   0.0000000000    115.000        0.101325   0.000072          4.8775    2.1814869362    0.0342364186  132.1965384337  118.9507085768   -2.2746213021 
   0.0000000000    116.000        0.101325   0.000071          4.7153    2.1509263984    0.0334154013  132.6294251755  119.2670478365   -2.2775208534 
   0.0000000000    117.000        0.101325   0.000071          4.5621    2.1233558332    0.0326614408  133.0406205973  119.5530049840   -2.2803136387 
   0.0000000000    118.000        0.101325   0.000071          4.4171    2.0983269726    0.0319645869  133.4291805331  119.8088221514   -2.2830084365 
   0.0000000000    119.000        0.101325   0.000071          4.2795    2.0754759407    0.0313167694  133.7942995425  120.0346904674   -2.2856129180 
   0.0000000000    120.000        0.101325   0.000070          4.1488    2.0545064400    0.0307113242  134.1353573183  120.2308227035   -2.2881344066 
   0.0000000000    121.000        0.101325   0.000070          4.0245    2.0351651838    0.0301428831  134.4515851809  120.3972212816   -2.2905776539 
   0.0000000000    122.000        0.101325   0.000070          3.9061    2.0172481690    0.0296068021  134.7425625849  120.5340852953   -2.2929488359 
   0.0000000000    123.000        0.101325   0.000070          3.7931    2.0005804907    0.0290992322  135.0078348226  120.6415275285   -2.2952528292 
   0.0000000000    124.000        0.101325   0.000070          3.6852    1.9850136153    0.0286169109  135.2470090425  120.7196616975   -2.2974940803 
   0.0000000000    125.000        0.101325   0.000070          3.5821    1.9704205160    0.0281570552  135.4597481331  120.7686070107   -2.2996766700 
   0.0000000000    126.000        0.101325   0.000070          3.4834    1.9566918256    0.0277172776  135.6457659037  120.7884917532   -2.3018043668 
