  #sigma_s    Temp(C) Press(Mpa) p_meanfield density (kg/m^3)      kappa      alpha Cp(J/molK) Cv(J/molK)  mu(J/mol)
   0.0000000000   -173.000      380.000000   0.529117       1279.8833    0.0000051148    0.0007759902   75.4820365835   67.1864486075   -1.8576458186 
   0.0000000000   -172.000      380.000000   0.528674       1278.8466    0.0000073032    0.0007942610   74.9586869627   66.6182265123   -1.8562885024 
   0.0000000000   -171.000      380.000000   0.528228       1277.8158    0.0000114054    0.0008050527   75.0555804688   66.8737267251   -1.8549314792 
   0.0000000000   -170.000      380.000000   0.527785       1276.7839    0.0000089565    0.0008095800   74.6655234655   66.2747328009   -1.8535752088 
   0.0000000000   -169.000      380.000000   0.527339       1275.7480    0.0000098433    0.0008103234   74.4410981686   66.1004620288   -1.8522202235 
   0.0000000000   -168.000      380.000000   0.526897       1274.7181    0.0000103230    0.0008006986   74.3073531140   66.0956299275   -1.8508637154 
   0.0000000000   -167.000      380.000000   0.526454       1273.6855    0.0000112495    0.0008179877   74.0177908309   65.6880459422   -1.8495090982 
   0.0000000000   -166.000      380.000000   0.526012       1272.6543    0.0000098655    0.0008041736   73.8188096106   65.5389286993   -1.8481541653 
   0.0000000000   -165.000      380.000000   0.525571       1271.6243    0.0000111093    0.0008101794   73.6161813650   65.3538619931   -1.8468001828 
   0.0000000000   -164.000      380.000000   0.525130       1270.5932    0.0000113205    0.0008124126   73.4559157981   65.1828506727   -1.8454465492 
   0.0000000000   -163.000      380.000000   0.524689       1269.5644    0.0000114820    0.0008134656   73.2315901333   64.9565834771   -1.8440935760 
   0.0000000000   -162.000      380.000000   0.524249       1268.5348    0.0000114159    0.0008114868   73.0616475524   64.8009734146   -1.8427414535 
   0.0000000000   -161.000      380.000000   0.523810       1267.5058    0.0000112163    0.0008106368   72.8591472141   64.5928509045   -1.8413896942 
   0.0000000000   -160.000      380.000000   0.523371       1266.4773    0.0000113386    0.0008109579   72.6805430766   64.4171908060   -1.8400386195 
   0.0000000000   -159.000      380.000000   0.522933       1265.4495    0.0000115134    0.0008119287   72.4906647667   64.2269176537   -1.8386880521 
   0.0000000000   -158.000      380.000000   0.522496       1264.4223    0.0000117380    0.0008120285   72.3181766184   64.0659615466   -1.8373382955 
   0.0000000000   -157.000      380.000000   0.522059       1263.3956    0.0000118914    0.0008120105   72.1557246481   63.9116761319   -1.8359891985 
   0.0000000000   -156.000      380.000000   0.521622       1262.3698    0.0000120079    0.0008121293   71.9847878881   63.7451530016   -1.8346407803 
   0.0000000000   -155.000      380.000000   0.521187       1261.3443    0.0000121104    0.0008127565   71.8208463429   63.5795513776   -1.8332930468 
   0.0000000000   -154.000      380.000000   0.520752       1260.3197    0.0000122660    0.0008129344   71.6657195139   63.4305841649   -1.8319460568 
   0.0000000000   -153.000      380.000000   0.520318       1259.2961    0.0000123295    0.0008127347   71.5102956516   63.2793776613   -1.8305990223 
   0.0000000000   -152.000      380.000000   0.519885       1258.2731    0.0000124418    0.0008125779   71.3598803199   63.1357380299   -1.8292535834 
   0.0000000000   -151.000      380.000000   0.519452       1257.2509    0.0000125664    0.0008127434   71.2108484039   62.9909308766   -1.8279089615 
   0.0000000000   -150.000      380.000000   0.519019       1256.2295    0.0000126864    0.0008129223   71.0644896458   62.8483380599   -1.8265651559 
   0.0000000000   -149.000      380.000000   0.518588       1255.2091    0.0000127856    0.0008125815   70.9234219819   62.7149718840   -1.8252221867 
   0.0000000000   -148.000      380.000000   0.518157       1254.1895    0.0000128871    0.0008125101   70.7838914135   62.5805250382   -1.8238800787 
   0.0000000000   -147.000      380.000000   0.517727       1253.1710    0.0000129974    0.0008123722   70.6478738464   62.4507590141   -1.8225388587 
   0.0000000000   -146.000      380.000000   0.517298       1252.1534    0.0000131178    0.0008122342   70.5134249767   62.3231243170   -1.8211985552 
   0.0000000000   -145.000      380.000000   0.516869       1251.1369    0.0000132316    0.0008120934   70.3819781598   62.1980793324   -1.8198591561 
   0.0000000000   -144.000      380.000000   0.516442       1250.1215    0.0000133307    0.0008117800   70.2531277021   62.0764503012   -1.8185207125 
   0.0000000000   -143.000      380.000000   0.516015       1249.1072    0.0000134446    0.0008115652   70.1273041269   61.9577002879   -1.8171832252 
   0.0000000000   -142.000      380.000000   0.515589       1248.0941    0.0000135527    0.0008112568   70.0030091258   61.8410266600   -1.8158467366 
   0.0000000000   -141.000      380.000000   0.515164       1247.0822    0.0000136625    0.0008109493   69.8813099536   61.7270045588   -1.8145112442 
   0.0000000000   -140.000      380.000000   0.514740       1246.0715    0.0000137676    0.0008105788   69.7615948682   61.6152791077   -1.8131767802 
   0.0000000000   -139.000      380.000000   0.514316       1245.0621    0.0000138725    0.0008101689   69.6442769182   61.5062968651   -1.8118433661 
   0.0000000000   -138.000      380.000000   0.513894       1244.0541    0.0000139800    0.0008097515   69.5286295630   61.3991720909   -1.8105110208 
   0.0000000000   -137.000      380.000000   0.513472       1243.0474    0.0000140853    0.0008092837   69.4150570775   61.2944585180   -1.8091797593 
   0.0000000000   -136.000      380.000000   0.513052       1242.0421    0.0000141910    0.0008087890   69.3033656192   61.1918754593   -1.8078496067 
   0.0000000000   -135.000      380.000000   0.512632       1241.0383    0.0000142951    0.0008082572   69.1934996621   61.0913671129   -1.8065205829 
   0.0000000000   -134.000      380.000000   0.512213       1240.0360    0.0000144013    0.0008077018   69.0855173209   60.9930529250   -1.8051927094 
   0.0000000000   -133.000      380.000000   0.511796       1239.0352    0.0000145033    0.0008070924   68.9791030530   60.8965704472   -1.8038660008 
   0.0000000000   -132.000      380.000000   0.511379       1238.0360    0.0000146055    0.0008064501   68.8743404971   60.8020399578   -1.8025404817 
   0.0000000000   -131.000      380.000000   0.510963       1237.0384    0.0000147065    0.0008057708   68.7711741182   60.7093693772   -1.8012161701 
   0.0000000000   -130.000      380.000000   0.510548       1236.0424    0.0000148084    0.0008050651   68.6696112039   60.6185823768   -1.7998930856 
   0.0000000000   -129.000      380.000000   0.510135       1235.0482    0.0000149087    0.0008043188   68.5694927082   60.5295181354   -1.7985712478 
   0.0000000000   -128.000      380.000000   0.509722       1234.0557    0.0000150083    0.0008035356   68.4708230488   60.4421938511   -1.7972506759 
   0.0000000000   -127.000      380.000000   0.509311       1233.0650    0.0000151070    0.0008027178   68.3735707995   60.3565457096   -1.7959313892 
   0.0000000000   -126.000      380.000000   0.508900       1232.0761    0.0000152057    0.0008018682   68.2776325661   60.2724927839   -1.7946134067 
   0.0000000000   -125.000      380.000000   0.508491       1231.0891    0.0000153028    0.0008009796   68.1830464044   60.1900561626   -1.7932967472 
   0.0000000000   -124.000      380.000000   0.508083       1230.1040    0.0000153990    0.0008000538   68.0897163197   60.1091641470   -1.7919814288 
   0.0000000000   -123.000      380.000000   0.507676       1229.1208    0.0000154950    0.0007990962   67.9976051098   60.0297566990   -1.7906674703 
   0.0000000000   -122.000      380.000000   0.507270       1228.1396    0.0000155900    0.0007981031   67.9067179822   59.9518441528   -1.7893548899 
   0.0000000000   -121.000      380.000000   0.506865       1227.1604    0.0000156839    0.0007970732   67.8169765938   59.8753531694   -1.7880437051 
   0.0000000000   -120.000      380.000000   0.506461       1226.1833    0.0000157771    0.0007960101   67.7283623662   59.8002392503   -1.7867339339 
   0.0000000000   -119.000      380.000000   0.506059       1225.2083    0.0000158695    0.0007949118   67.6408400567   59.7264976613   -1.7854255940 
   0.0000000000   -118.000      380.000000   0.505658       1224.2355    0.0000159609    0.0007937790   67.5543814053   59.6540816589   -1.7841187025 
   0.0000000000   -117.000      380.000000   0.505258       1223.2648    0.0000160514    0.0007926121   67.4689536512   59.5829522579   -1.7828132762 
   0.0000000000   -116.000      380.000000   0.504859       1222.2963    0.0000161410    0.0007914111   67.3845239124   59.5130801830   -1.7815093321 
   0.0000000000   -115.000      380.000000   0.504461       1221.3301    0.0000162298    0.0007901773   67.3010638447   59.4444307352   -1.7802068865 
   0.0000000000   -114.000      380.000000   0.504065       1220.3662    0.0000163175    0.0007889094   67.2185522854   59.3769836617   -1.7789059557 
   0.0000000000   -113.000      380.000000   0.503670       1219.4046    0.0000164043    0.0007876086   67.1369606341   59.3107061654   -1.7776065557 
   0.0000000000   -112.000      380.000000   0.503276       1218.4454    0.0000164902    0.0007862757   67.0562659286   59.2455703884   -1.7763087020 
   0.0000000000   -111.000      380.000000   0.502884       1217.4886    0.0000165751    0.0007849094   66.9764391802   59.1815508939   -1.7750124101 
   0.0000000000   -110.000      380.000000   0.502493       1216.5342    0.0000166590    0.0007835117   66.8974639119   59.1186187921   -1.7737176949 
   0.0000000000   -109.000      380.000000   0.502103       1215.5822    0.0000167419    0.0007820825   66.8193131214   59.0567484429   -1.7724245713 
   0.0000000000   -108.000      380.000000   0.501714       1214.6328    0.0000168239    0.0007806220   66.7419676152   58.9959180900   -1.7711330537 
   0.0000000000   -107.000      380.000000   0.501327       1213.6859    0.0000169049    0.0007791308   66.6654057896   58.9360990590   -1.7698431562 
   0.0000000000   -106.000      380.000000   0.500941       1212.7416    0.0000169848    0.0007776088   66.5896109736   58.8772763816   -1.7685548926 
   0.0000000000   -105.000      380.000000   0.500557       1211.7999    0.0000170637    0.0007760571   66.5145634020   58.8194213416   -1.7672682764 
   0.0000000000   -104.000      380.000000   0.500174       1210.8607    0.0000171416    0.0007744757   66.4402432504   58.7625121532   -1.7659833209 
   0.0000000000   -103.000      380.000000   0.499792       1209.9243    0.0000172186    0.0007728655   66.3666363616   58.7065308278   -1.7647000388 
   0.0000000000   -102.000      380.000000   0.499412       1208.9905    0.0000172945    0.0007712266   66.2937242825   58.6514563789   -1.7634184426 
   0.0000000000   -101.000      380.000000   0.499033       1208.0595    0.0000173693    0.0007695595   66.2214910228   58.5972664127   -1.7621385444 
   0.0000000000   -100.000      380.000000   0.498656       1207.1312    0.0000174431    0.0007678648   66.1499228030   58.5439438206   -1.7608603562 
   0.0000000000    -99.000      380.000000   0.498280       1206.2057    0.0000175159    0.0007661430   66.0790059358   58.4914715325   -1.7595838893 
   0.0000000000    -98.000      380.000000   0.497905       1205.2830    0.0000175876    0.0007643944   66.0087250448   58.4398292198   -1.7583091548 
   0.0000000000    -97.000      380.000000   0.497532       1204.3631    0.0000176582    0.0007626198   65.9390663976   58.3889987317   -1.7570361636 
   0.0000000000    -96.000      380.000000   0.497160       1203.4460    0.0000177279    0.0007608195   65.8700193151   58.3389657712   -1.7557649260 
   0.0000000000    -95.000      380.000000   0.496790       1202.5319    0.0000177965    0.0007589943   65.8015704108   58.2897117896   -1.7544954520 
   0.0000000000    -94.000      380.000000   0.496421       1201.6206    0.0000178640    0.0007571444   65.7337085867   58.2412224184   -1.7532277514 
   0.0000000000    -93.000      380.000000   0.496053       1200.7123    0.0000179305    0.0007552705   65.6664219759   58.1934800444   -1.7519618334 
   0.0000000000    -92.000      380.000000   0.495687       1199.8069    0.0000179959    0.0007533732   65.5997009137   58.1464709735   -1.7506977071 
   0.0000000000    -91.000      380.000000   0.495323       1198.9045    0.0000180603    0.0007514530   65.5335345489   58.1001801815   -1.7494353809 
   0.0000000000    -90.000      380.000000   0.494960       1198.0051    0.0000181236    0.0007495103   65.4679139077   58.0545938370   -1.7481748631 
   0.0000000000    -89.000      380.000000   0.494599       1197.1086    0.0000181859    0.0007475459   65.4028292642   58.0096980135   -1.7469161617 
   0.0000000000    -88.000      380.000000   0.494239       1196.2153    0.0000182471    0.0007455603   65.3382722533   57.9654794342   -1.7456592839 
   0.0000000000    -87.000      380.000000   0.493880       1195.3250    0.0000183073    0.0007435539   65.2742340331   57.9219246322   -1.7444042370 
   0.0000000000    -86.000      380.000000   0.493523       1194.4377    0.0000183665    0.0007415275   65.2107068788   57.8790215467   -1.7431510277 
   0.0000000000    -85.000      380.000000   0.493168       1193.5535    0.0000184246    0.0007394816   65.1476833283   57.8367582671   -1.7418996623 
   0.0000000000    -84.000      380.000000   0.492814       1192.6725    0.0000184816    0.0007374166   65.0851558159   57.7951221089   -1.7406501469 
   0.0000000000    -83.000      380.000000   0.492461       1191.7946    0.0000185377    0.0007353333   65.0231173566   57.7541017324   -1.7394024870 
   0.0000000000    -82.000      380.000000   0.492110       1190.9198    0.0000185926    0.0007332321   64.9615618901   57.7136864542   -1.7381566878 
   0.0000000000    -81.000      380.000000   0.491761       1190.0481    0.0000186466    0.0007311137   64.9004828063   57.6738652726   -1.7369127544 
   0.0000000000    -80.000      380.000000   0.491413       1189.1796    0.0000186995    0.0007289786   64.8398743010   57.6346274366   -1.7356706910 
   0.0000000000    -79.000      380.000000   0.491067       1188.3144    0.0000187515    0.0007268274   64.7797308746   57.5959630244   -1.7344305019 
   0.0000000000    -78.000      380.000000   0.490722       1187.4523    0.0000188024    0.0007246607   64.7200470659   57.5578619914   -1.7331921909 
   0.0000000000    -77.000      380.000000   0.490378       1186.5934    0.0000188523    0.0007224791   64.6608179041   57.5203146508   -1.7319557612 
   0.0000000000    -76.000      380.000000   0.490037       1185.7377    0.0000189012    0.0007202830   64.6020387229   57.4833120439   -1.7307212159 
   0.0000000000    -75.000      380.000000   0.489696       1184.8852    0.0000189490    0.0007180732   64.5437050541   57.4468449711   -1.7294885576 
   0.0000000000    -74.000      380.000000   0.489358       1184.0360    0.0000189959    0.0007158501   64.4858125495   57.4109046060   -1.7282577886 
   0.0000000000    -73.000      380.000000   0.489021       1183.1901    0.0000190419    0.0007136143   64.4283572971   57.3754826620   -1.7270289108 
   0.0000000000    -72.000      380.000000   0.488685       1182.3473    0.0000190868    0.0007113664   64.3713355167   57.3405705497   -1.7258019257 
   0.0000000000    -71.000      380.000000   0.488351       1181.5079    0.0000191307    0.0007091069   64.3147437523   57.3061607008   -1.7245768345 
   0.0000000000    -70.000      380.000000   0.488018       1180.6717    0.0000191737    0.0007068364   64.2585787766   57.2722452682   -1.7233536379 
   0.0000000000    -69.000      380.000000   0.487687       1179.8388    0.0000192158    0.0007045555   64.2028373444   57.2388166493   -1.7221323365 
   0.0000000000    -68.000      380.000000   0.487358       1179.0092    0.0000192568    0.0007022647   64.1475167400   57.2058678063   -1.7209129303 
   0.0000000000    -67.000      380.000000   0.487029       1178.1825    0.0000192971    0.0006999652   64.0926027441   57.1733906685   -1.7196965065 
   0.0000000000    -66.000      380.000000   0.486702       1177.3595    0.0000193363    0.0006976562   64.0381159878   57.1413803831   -1.7184808755 
   0.0000000000    -65.000      380.000000   0.486377       1176.5397    0.0000193745    0.0006953389   63.9840425688   57.1098293926   -1.7172671380 
   0.0000000000    -64.000      380.000000   0.486054       1175.7233    0.0000194119    0.0006930140   63.9303803938   57.0787313500   -1.7160552928 
   0.0000000000    -63.000      380.000000   0.485732       1174.9102    0.0000194483    0.0006906818   63.8771274800   57.0480800520   -1.7148453381 
   0.0000000000    -62.000      380.000000   0.485412       1174.1003    0.0000194839    0.0006883430   63.8242821269   57.0178696312   -1.7136372719 
   0.0000000000    -61.000      380.000000   0.485093       1173.2938    0.0000195185    0.0006859980   63.7718426693   56.9880942639   -1.7124310918 
   0.0000000000    -60.000      380.000000   0.484776       1172.4906    0.0000195523    0.0006836474   63.7198076837   56.9587484394   -1.7112267950 
   0.0000000000    -59.000      380.000000   0.484460       1171.6907    0.0000195851    0.0006812916   63.6681758269   56.9298267382   -1.7100243785 
   0.0000000000    -58.000      380.000000   0.484146       1170.8941    0.0000196171    0.0006789313   63.6169459573   56.9013239691   -1.7088238388 
   0.0000000000    -57.000      380.000000   0.483833       1170.1008    0.0000196483    0.0006765668   63.5661170840   56.8732351284   -1.7076251721 
   0.0000000000    -56.000      380.000000   0.483522       1169.3108    0.0000196786    0.0006741987   63.5156882920   56.8455553984   -1.7064283743 
   0.0000000000    -55.000      380.000000   0.483213       1168.5241    0.0000197081    0.0006718276   63.4656588079   56.8182800439   -1.7052334411 
   0.0000000000    -54.000      380.000000   0.482904       1167.7407    0.0000197367    0.0006694537   63.4160280682   56.7914046594   -1.7040403675 
   0.0000000000    -53.000      380.000000   0.482598       1166.9606    0.0000197645    0.0006670778   63.3667954927   56.7649248190   -1.7028491485 
   0.0000000000    -52.000      380.000000   0.482293       1166.1838    0.0000197916    0.0006647001   63.3179607104   56.7388363728   -1.7016597787 
   0.0000000000    -51.000      380.000000   0.481989       1165.4103    0.0000198178    0.0006623213   63.2695234529   56.7131352576   -1.7004722523 
   0.0000000000    -50.000      380.000000   0.481687       1164.6400    0.0000198432    0.0006599417   63.2214835513   56.6878176313   -1.6992865632 
   0.0000000000    -49.000      380.000000   0.481386       1163.8731    0.0000198678    0.0006575618   63.1738409160   56.6628797206   -1.6981027051 
   0.0000000000    -48.000      380.000000   0.481087       1163.1094    0.0000198917    0.0006551821   63.1265956016   56.6383179742   -1.6969206712 
   0.0000000000    -47.000      380.000000   0.480789       1162.3490    0.0000199148    0.0006528030   63.0797477511   56.6141289397   -1.6957404544 
   0.0000000000    -46.000      380.000000   0.480493       1161.5918    0.0000199372    0.0006504249   63.0332975585   56.5903092552   -1.6945620474 
   0.0000000000    -45.000      380.000000   0.480198       1160.8380    0.0000199588    0.0006480484   62.9872453510   56.5668557637   -1.6933854427 
   0.0000000000    -44.000      380.000000   0.479905       1160.0873    0.0000199797    0.0006456737   62.9415915392   56.5437654109   -1.6922106321 
   0.0000000000    -43.000      380.000000   0.479613       1159.3399    0.0000199999    0.0006433014   62.8963365956   56.5210352563   -1.6910376075 
   0.0000000000    -42.000      380.000000   0.479323       1158.5957    0.0000200194    0.0006409319   62.8514811038   56.4986625167   -1.6898663603 
   0.0000000000    -41.000      380.000000   0.479034       1157.8547    0.0000200382    0.0006385656   62.8070257019   56.4766444968   -1.6886968816 
   0.0000000000    -40.000      380.000000   0.478746       1157.1170    0.0000200563    0.0006362028   62.7629711081   56.4549786200   -1.6875291623 
   0.0000000000    -39.000      380.000000   0.478460       1156.3824    0.0000200737    0.0006338440   62.7193181107   56.4336624377   -1.6863631928 
   0.0000000000    -38.000      380.000000   0.478175       1155.6510    0.0000200904    0.0006314896   62.6760675781   56.4126936073   -1.6851989636 
   0.0000000000    -37.000      380.000000   0.477892       1154.9228    0.0000201065    0.0006291399   62.6332204431   56.3920699034   -1.6840364644 
   0.0000000000    -36.000      380.000000   0.477610       1154.1978    0.0000201220    0.0006267954   62.5907776868   56.3717891748   -1.6828756851 
   0.0000000000    -35.000      380.000000   0.477330       1153.4759    0.0000201368    0.0006244564   62.5487403754   56.3518494185   -1.6817166149 
   0.0000000000    -34.000      380.000000   0.477051       1152.7572    0.0000201510    0.0006221233   62.5071096107   56.3322486882   -1.6805592431 
   0.0000000000    -33.000      380.000000   0.476773       1152.0416    0.0000201646    0.0006197965   62.4658865682   56.3129851613   -1.6794035584 
   0.0000000000    -32.000      380.000000   0.476497       1151.3292    0.0000201776    0.0006174763   62.4250724731   56.2940571055   -1.6782495494 
   0.0000000000    -31.000      380.000000   0.476222       1150.6198    0.0000201900    0.0006151631   62.3846686025   56.2754628827   -1.6770972044 
   0.0000000000    -30.000      380.000000   0.475948       1149.9135    0.0000202018    0.0006128572   62.3446762846   56.2572009361   -1.6759465115 
   0.0000000000    -29.000      380.000000   0.475676       1149.2103    0.0000202131    0.0006105589   62.3050968939   56.2392698008   -1.6747974583 
   0.0000000000    -28.000      380.000000   0.475405       1148.5102    0.0000202238    0.0006082687   62.2659318542   56.2216680971   -1.6736500324 
   0.0000000000    -27.000      380.000000   0.475136       1147.8131    0.0000202339    0.0006059868   62.2271826327   56.2043945392   -1.6725042210 
   0.0000000000    -26.000      380.000000   0.474868       1147.1191    0.0000202435    0.0006037136   62.1888507310   56.1874478992   -1.6713600110 
   0.0000000000    -25.000      380.000000   0.474601       1146.4281    0.0000202526    0.0006014493   62.1509377066   56.1708270438   -1.6702173892 
   0.0000000000    -24.000      380.000000   0.474335       1145.7401    0.0000202612    0.0005991944   62.1134451414   56.1545309101   -1.6690763420 
   0.0000000000    -23.000      380.000000   0.474071       1145.0550    0.0000202692    0.0005969490   62.0763746630   56.1385585124   -1.6679368556 
   0.0000000000    -22.000      380.000000   0.473808       1144.3730    0.0000202768    0.0005947136   62.0397279278   56.1229089338   -1.6667989159 
   0.0000000000    -21.000      380.000000   0.473546       1143.6939    0.0000202839    0.0005924884   62.0035066346   56.1075813340   -1.6656625088 
   0.0000000000    -20.000      380.000000   0.473286       1143.0177    0.0000202905    0.0005902738   61.9677125007   56.0925749211   -1.6645276195 
   0.0000000000    -19.000      380.000000   0.473027       1142.3445    0.0000202966    0.0005880699   61.9323472880   56.0778889951   -1.6633942333 
   0.0000000000    -18.000      380.000000   0.472769       1141.6742    0.0000203023    0.0005858771   61.8974127782   56.0635229044   -1.6622623353 
   0.0000000000    -17.000      380.000000   0.472513       1141.0067    0.0000203075    0.0005836957   61.8629107844   56.0494760581   -1.6611319101 
   0.0000000000    -16.000      380.000000   0.472258       1140.3422    0.0000203123    0.0005815260   61.8288431457   56.0357479341   -1.6600029423 
   0.0000000000    -15.000      380.000000   0.472004       1139.6804    0.0000203167    0.0005793681   61.7952117197   56.0223380612   -1.6588754160 
   0.0000000000    -14.000      380.000000   0.471751       1139.0216    0.0000203207    0.0005772225   61.7620183955   56.0092460237   -1.6577493155 
   0.0000000000    -13.000      380.000000   0.471499       1138.3655    0.0000203242    0.0005750893   61.7292650793   55.9964714661   -1.6566246244 
   0.0000000000    -12.000      380.000000   0.471249       1137.7122    0.0000203274    0.0005729689   61.6969537006   55.9840140815   -1.6555013264 
   0.0000000000    -11.000      380.000000   0.471000       1137.0618    0.0000203302    0.0005708613   61.6650862056   55.9718736158   -1.6543794048 
   0.0000000000    -10.000      380.000000   0.470752       1136.4140    0.0000203326    0.0005687670   61.6336645619   55.9600498646   -1.6532588428 
   0.0000000000     -9.000      380.000000   0.470505       1135.7690    0.0000203346    0.0005666862   61.6026907513   55.9485426705   -1.6521396233 
   0.0000000000     -8.000      380.000000   0.470259       1135.1268    0.0000203363    0.0005646190   61.5721667729   55.9373519199   -1.6510217290 
   0.0000000000     -7.000      380.000000   0.470015       1134.4872    0.0000203377    0.0005625658   61.5420946408   55.9264775501   -1.6499051424 
   0.0000000000     -6.000      380.000000   0.469772       1133.8503    0.0000203387    0.0005605268   61.5124763828   55.9159195345   -1.6487898459 
   0.0000000000     -5.000      380.000000   0.469530       1133.2161    0.0000203394    0.0005585021   61.4833140367   55.9056778875   -1.6476758214 
   0.0000000000     -4.000      380.000000   0.469289       1132.5845    0.0000203398    0.0005564921   61.4546096599   55.8957526760   -1.6465630509 
   0.0000000000     -3.000      380.000000   0.469049       1131.9556    0.0000203398    0.0005544969   61.4263653129   55.8861439909   -1.6454515161 
   0.0000000000     -2.000      380.000000   0.468810       1131.3292    0.0000203396    0.0005525168   61.3985830685   55.8768519679   -1.6443411983 
   0.0000000000     -1.000      380.000000   0.468573       1130.7054    0.0000203391    0.0005505519   61.3712650086   55.8678767734   -1.6432320789 
   0.0000000000      0.000      380.000000   0.468336       1130.0842    0.0000203383    0.0005486025   61.3444132244   55.8592186165   -1.6421241390 
   0.0000000000      1.000      380.000000   0.468101       1129.4655    0.0000203372    0.0005466688   61.3180298132   55.8508777314   -1.6410173595 
   0.0000000000      2.000      380.000000   0.467867       1128.8493    0.0000203359    0.0005447509   61.2921168802   55.8428543920   -1.6399117209 
   0.0000000000      3.000      380.000000   0.467633       1128.2356    0.0000203343    0.0005428492   61.2666765341   55.8351488941   -1.6388072038 
   0.0000000000      4.000      380.000000   0.467401       1127.6243    0.0000203325    0.0005409637   61.2417108904   55.8277615697   -1.6377037886 
   0.0000000000      5.000      380.000000   0.467170       1127.0156    0.0000203305    0.0005390947   61.2172220671   55.8206927770   -1.6366014553 
   0.0000000000      6.000      380.000000   0.466940       1126.4092    0.0000203282    0.0005372423   61.1932121899   55.8139429020   -1.6355001839 
   0.0000000000      7.000      380.000000   0.466711       1125.8052    0.0000203258    0.0005354068   61.1696833817   55.8075123545   -1.6343999542 
   0.0000000000      8.000      380.000000   0.466483       1125.2037    0.0000203231    0.0005335883   61.1466377724   55.8014015741   -1.6333007457 
   0.0000000000      9.000      380.000000   0.466256       1124.6045    0.0000203202    0.0005317870   61.1240774914   55.7956110187   -1.6322025377 
   0.0000000000     10.000      380.000000   0.466030       1124.0076    0.0000203172    0.0005300031   61.1020046693   55.7901411725   -1.6311053097 
   0.0000000000     11.000      380.000000   0.465805       1123.4130    0.0000203139    0.0005282368   61.0804214376   55.7849925411   -1.6300090405 
   0.0000000000     12.000      380.000000   0.465581       1122.8207    0.0000203105    0.0005264881   61.0593299269   55.7801656496   -1.6289137090 
   0.0000000000     13.000      380.000000   0.465358       1122.2307    0.0000203070    0.0005247574   61.0387322688   55.7756610442   -1.6278192941 
   0.0000000000     14.000      380.000000   0.465136       1121.6429    0.0000203032    0.0005230447   61.0186305930   55.7714792917   -1.6267257742 
   0.0000000000     15.000      380.000000   0.464915       1121.0573    0.0000202994    0.0005213502   60.9990270277   55.7676209741   -1.6256331277 
   0.0000000000     16.000      380.000000   0.464695       1120.4740    0.0000202954    0.0005196741   60.9799236997   55.7640866927   -1.6245413328 
   0.0000000000     17.000      380.000000   0.464476       1119.8928    0.0000202913    0.0005180165   60.9613227315   55.7608770634   -1.6234503676 
   0.0000000000     18.000      380.000000   0.464257       1119.3137    0.0000202870    0.0005163776   60.9432262458   55.7579927192   -1.6223602099 
   0.0000000000     19.000      380.000000   0.464040       1118.7368    0.0000202827    0.0005147575   60.9256363602   55.7554343070   -1.6212708376 
   0.0000000000     20.000      380.000000   0.463823       1118.1620    0.0000202783    0.0005131565   60.9085551890   55.7532024894   -1.6201822281 
   0.0000000000     21.000      380.000000   0.463608       1117.5892    0.0000202737    0.0005115745   60.8919848438   55.7512979402   -1.6190943589 
   0.0000000000     22.000      380.000000   0.463393       1117.0185    0.0000202691    0.0005100118   60.8759274294   55.7497213465   -1.6180072073 
   0.0000000000     23.000      380.000000   0.463179       1116.4498    0.0000202644    0.0005084686   60.8603850502   55.7484734082   -1.6169207504 
   0.0000000000     24.000      380.000000   0.462966       1115.8831    0.0000202596    0.0005069449   60.8453598020   55.7475548348   -1.6158349652 
   0.0000000000     25.000      380.000000   0.462754       1115.3184    0.0000202548    0.0005054409   60.8308537781   55.7469663478   -1.6147498285 
   0.0000000000     26.000      380.000000   0.462543       1114.7557    0.0000202500    0.0005039567   60.8168690659   55.7467086781   -1.6136653170 
   0.0000000000     27.000      380.000000   0.462332       1114.1948    0.0000202450    0.0005024925   60.8034077472   55.7467825665   -1.6125814072 
   0.0000000000     28.000      380.000000   0.462123       1113.6359    0.0000202401    0.0005010484   60.7904718981   55.7471887607   -1.6114980755 
   0.0000000000     29.000      380.000000   0.461914       1113.0789    0.0000202351    0.0004996245   60.7780635899   55.7479280192   -1.6104152982 
   0.0000000000     30.000      380.000000   0.461706       1112.5237    0.0000202301    0.0004982210   60.7661848869   55.7490011068   -1.6093330514 
   0.0000000000     31.000      380.000000   0.461499       1111.9703    0.0000202251    0.0004968379   60.7548378476   55.7504087953   -1.6082513111 
   0.0000000000     32.000      380.000000   0.461292       1111.4187    0.0000202201    0.0004954755   60.7440245247   55.7521518638   -1.6071700532 
   0.0000000000     33.000      380.000000   0.461086       1110.8689    0.0000202151    0.0004941338   60.7337469649   55.7542310978   -1.6060892532 
   0.0000000000     34.000      380.000000   0.460882       1110.3209    0.0000202101    0.0004928130   60.7240072074   55.7566472881   -1.6050088870 
   0.0000000000     35.000      380.000000   0.460677       1109.7746    0.0000202051    0.0004915131   60.7148072856   55.7594012306   -1.6039289297 
   0.0000000000     36.000      380.000000   0.460474       1109.2299    0.0000202002    0.0004902343   60.7061492269   55.7624937273   -1.6028493569 
   0.0000000000     37.000      380.000000   0.460271       1108.6870    0.0000201953    0.0004889767   60.6980350515   55.7659255838   -1.6017701437 
   0.0000000000     38.000      380.000000   0.460069       1108.1457    0.0000201904    0.0004877405   60.6904667735   55.7696976099   -1.6006912651 
   0.0000000000     39.000      380.000000   0.459868       1107.6060    0.0000201856    0.0004865256   60.6834464001   55.7738106198   -1.5996126962 
   0.0000000000     40.000      380.000000   0.459667       1107.0679    0.0000201808    0.0004853324   60.6769759323   55.7782654312   -1.5985344117 
   0.0000000000     41.000      380.000000   0.459467       1106.5314    0.0000201762    0.0004841608   60.6710573641   55.7830628642   -1.5974563862 
   0.0000000000     42.000      380.000000   0.459268       1105.9964    0.0000201715    0.0004830109   60.6656926834   55.7882037429   -1.5963785945 
   0.0000000000     43.000      380.000000   0.459069       1105.4630    0.0000201670    0.0004818830   60.6608838718   55.7936888934   -1.5953010109 
   0.0000000000     44.000      380.000000   0.458871       1104.9310    0.0000201625    0.0004807770   60.6566329042   55.7995191442   -1.5942236098 
   0.0000000000     45.000      380.000000   0.458674       1104.4005    0.0000201582    0.0004796932   60.6529417490   55.8056953258   -1.5931463655 
   0.0000000000     46.000      380.000000   0.458477       1103.8715    0.0000201539    0.0004786315   60.6498123692   55.8122182710   -1.5920692519 
   0.0000000000     47.000      380.000000   0.458281       1103.3438    0.0000201498    0.0004775921   60.6472467206   55.8190888142   -1.5909922431 
   0.0000000000     48.000      380.000000   0.458086       1102.8176    0.0000201458    0.0004765752   60.6452467541   55.8263077911   -1.5899153130 
   0.0000000000     49.000      380.000000   0.457891       1102.2927    0.0000201419    0.0004755808   60.6438144137   55.8338760385   -1.5888384353 
   0.0000000000     50.000      380.000000   0.457697       1101.7691    0.0000201381    0.0004746090   60.6429516381   55.8417943946   -1.5877615837 
   0.0000000000     51.000      380.000000   0.457503       1101.2468    0.0000201345    0.0004736599   60.6426603605   55.8500636983   -1.5866847317 
   0.0000000000     52.000      380.000000   0.457310       1100.7259    0.0000201310    0.0004727336   60.6429425084   55.8586847898   -1.5856078528 
   0.0000000000     53.000      380.000000   0.457117       1100.2061    0.0000201277    0.0004718302   60.6438000039   55.8676585091   -1.5845309203 
   0.0000000000     54.000      380.000000   0.456925       1099.6876    0.0000201245    0.0004709499   60.6452347642   55.8769856976   -1.5834539073 
   0.0000000000     55.000      380.000000   0.456734       1099.1703    0.0000201215    0.0004700927   60.6472487011   55.8866671963   -1.5823767870 
   0.0000000000     56.000      380.000000   0.456543       1098.6542    0.0000201187    0.0004692586   60.6498437219   55.8967038470   -1.5812995324 
   0.0000000000     57.000      380.000000   0.456352       1098.1392    0.0000201161    0.0004684479   60.6530217292   55.9070964916   -1.5802221164 
   0.0000000000     58.000      380.000000   0.456162       1097.6254    0.0000201136    0.0004676607   60.6567846212   55.9178459723   -1.5791445118 
   0.0000000000     59.000      380.000000   0.455973       1097.1126    0.0000201114    0.0004668969   60.6611342917   55.9289531309   -1.5780666913 
   0.0000000000     60.000      380.000000   0.455784       1096.6009    0.0000201093    0.0004661567   60.6660726305   55.9404188097   -1.5769886274 
   0.0000000000     61.000      380.000000   0.455595       1096.0902    0.0000201075    0.0004654402   60.6716015235   55.9522438505   -1.5759102926 
   0.0000000000     62.000      380.000000   0.455407       1095.5805    0.0000201059    0.0004647475   60.6777228533   55.9644290954   -1.5748316594 
   0.0000000000     63.000      380.000000   0.455219       1095.0719    0.0000201045    0.0004640786   60.6844384986   55.9769753859   -1.5737526999 
   0.0000000000     64.000      380.000000   0.455032       1094.5641    0.0000201033    0.0004634338   60.6917503353   55.9898835636   -1.5726733864 
   0.0000000000     65.000      380.000000   0.454845       1094.0573    0.0000201024    0.0004628130   60.6996602361   56.0031544698   -1.5715936910 
   0.0000000000     66.000      380.000000   0.454659       1093.5514    0.0000201017    0.0004622164   60.7081700709   56.0167889454   -1.5705135856 
   0.0000000000     67.000      380.000000   0.454473       1093.0464    0.0000201013    0.0004616440   60.7172817072   56.0307878315   -1.5694330421 
   0.0000000000     68.000      380.000000   0.454288       1092.5422    0.0000201012    0.0004610960   60.7269970104   56.0451519683   -1.5683520324 
   0.0000000000     69.000      380.000000   0.454103       1092.0389    0.0000201013    0.0004605724   60.7373178431   56.0598821962   -1.5672705280 
   0.0000000000     70.000      380.000000   0.453918       1091.5363    0.0000201017    0.0004600734   60.7482460670   56.0749793554   -1.5661885007 
   0.0000000000     71.000      380.000000   0.453733       1091.0345    0.0000201023    0.0004595990   60.7597835413   56.0904442851   -1.5651059218 
   0.0000000000     72.000      380.000000   0.453549       1090.5334    0.0000201033    0.0004591493   60.7719321242   56.1062778252   -1.5640227628 
   0.0000000000     73.000      380.000000   0.453366       1090.0331    0.0000201045    0.0004587244   60.7846936730   56.1224808146   -1.5629389950 
   0.0000000000     74.000      380.000000   0.453182       1089.5334    0.0000201061    0.0004583244   60.7980700432   56.1390540924   -1.5618545896 
   0.0000000000     75.000      380.000000   0.452999       1089.0343    0.0000201080    0.0004579495   60.8120630903   56.1559984971   -1.5607695177 
   0.0000000000     76.000      380.000000   0.452816       1088.5359    0.0000201101    0.0004575996   60.8266746688   56.1733148673   -1.5596837503 
   0.0000000000     77.000      380.000000   0.452634       1088.0381    0.0000201127    0.0004572749   60.8419066331   56.1910040411   -1.5585972584 
   0.0000000000     78.000      380.000000   0.452452       1087.5408    0.0000201155    0.0004569754   60.8577608374   56.2090668568   -1.5575100128 
   0.0000000000     79.000      380.000000   0.452270       1087.0441    0.0000201187    0.0004567013   60.8742391358   56.2275041519   -1.5564219842 
   0.0000000000     80.000      380.000000   0.452088       1086.5479    0.0000201222    0.0004564527   60.8913433829   56.2463167645   -1.5553331433 
   0.0000000000     81.000      380.000000   0.451907       1086.0522    0.0000201261    0.0004562297   60.9090754334   56.2655055317   -1.5542434606 
   0.0000000000     82.000      380.000000   0.451726       1085.5569    0.0000201303    0.0004560322   60.9274371429   56.2850712912   -1.5531529066 
   0.0000000000     83.000      380.000000   0.451545       1085.0621    0.0000201349    0.0004558606   60.9464303677   56.3050148801   -1.5520614516 
   0.0000000000     84.000      380.000000   0.451365       1084.5677    0.0000201399    0.0004557147   60.9660569648   56.3253371355   -1.5509690659 
   0.0000000000     85.000      380.000000   0.451184       1084.0736    0.0000201453    0.0004555948   60.9863187928   56.3460388944   -1.5498757196 
   0.0000000000     86.000      380.000000   0.451004       1083.5799    0.0000201510    0.0004555008   61.0072177110   56.3671209935   -1.5487813830 
   0.0000000000     87.000      380.000000   0.450824       1083.0864    0.0000201572    0.0004554330   61.0287555801   56.3885842695   -1.5476860259 
   0.0000000000     88.000      380.000000   0.450644       1082.5933    0.0000201637    0.0004553914   61.0509342626   56.4104295590   -1.5465896182 
   0.0000000000     89.000      380.000000   0.450465       1082.1004    0.0000201707    0.0004553761   61.0737556225   56.4326576982   -1.5454921298 
   0.0000000000     90.000      380.000000   0.450285       1081.6078    0.0000201780    0.0004553872   61.0972215252   56.4552695232   -1.5443935304 
   0.0000000000     91.000      380.000000   0.450106       1081.1153    0.0000201858    0.0004554248   61.1213338381   56.4782658701   -1.5432937896 
   0.0000000000     92.000      380.000000   0.449927       1080.6230    0.0000201941    0.0004554889   61.1460944304   56.5016475743   -1.5421928768 
   0.0000000000     93.000      380.000000   0.449748       1080.1309    0.0000202027    0.0004555798   61.1715051731   56.5254154713   -1.5410907616 
   0.0000000000     94.000      380.000000   0.449569       1079.6388    0.0000202118    0.0004556974   61.1975679393   56.5495703959   -1.5399874133 
   0.0000000000     95.000      380.000000   0.449390       1079.1469    0.0000202214    0.0004558419   61.2242846039   56.5741131829   -1.5388828011 
   0.0000000000     96.000      380.000000   0.449211       1078.6550    0.0000202314    0.0004560133   61.2516570437   56.5990446662   -1.5377768941 
   0.0000000000     97.000      380.000000   0.449032       1078.1631    0.0000202419    0.0004562118   61.2796871377   56.6243656792   -1.5366696615 
   0.0000000000     98.000      380.000000   0.448854       1077.6712    0.0000202529    0.0004564375   61.3083767666   56.6500770551   -1.5355610721 
   0.0000000000     99.000      380.000000   0.448675       1077.1793    0.0000202644    0.0004566905   61.3377278132   56.6761796259   -1.5344510949 
   0.0000000000    100.000      380.000000   0.448497       1076.6874    0.0000202763    0.0004569708   61.3677421618   56.7026742228   -1.5333396986 
   0.0000000000    101.000      380.000000   0.448319       1076.1953    0.0000202888    0.0004572786   61.3984216989   56.7295616762   -1.5322268519 
   0.0000000000    102.000      380.000000   0.448140       1075.7031    0.0000203017    0.0004576139   61.4297683121   56.7568428152   -1.5311125234 
   0.0000000000    103.000      380.000000   0.447962       1075.2108    0.0000203152    0.0004579769   61.4617838910   56.7845184680   -1.5299966816 
   0.0000000000    104.000      380.000000   0.447784       1074.7183    0.0000203291    0.0004583677   61.4944703265   56.8125894611   -1.5288792948 
   0.0000000000    105.000      380.000000   0.447606       1074.2255    0.0000203437    0.0004587863   61.5278295103   56.8410566194   -1.5277603314 
   0.0000000000    106.000      380.000000   0.447427       1073.7326    0.0000203587    0.0004592329   61.5618633357   56.8699207665   -1.5266397595 
   0.0000000000    107.000      380.000000   0.447249       1073.2393    0.0000203743    0.0004597076   61.5965736964   56.8991827234   -1.5255175473 
   0.0000000000    108.000      380.000000   0.447071       1072.7458    0.0000203904    0.0004602104   61.6319624868   56.9288433097   -1.5243936627 
   0.0000000000    109.000      380.000000   0.446892       1072.2520    0.0000204071    0.0004607415   61.6680316018   56.9589033421   -1.5232680738 
   0.0000000000    110.000      380.000000   0.446714       1071.7577    0.0000204244    0.0004613010   61.7047829361   56.9893636348   -1.5221407482 
   0.0000000000    111.000      380.000000   0.446535       1071.2631    0.0000204422    0.0004618889   61.7422183843   57.0202249993   -1.5210116538 
   0.0000000000    112.000      380.000000   0.446357       1070.7681    0.0000204606    0.0004625055   61.7803398402   57.0514882438   -1.5198807580 
   0.0000000000    113.000      380.000000   0.446178       1070.2727    0.0000204796    0.0004631507   61.8191491967   57.0831541733   -1.5187480286 
   0.0000000000    114.000      380.000000   0.446000       1069.7767    0.0000204992    0.0004638248   61.8586483455   57.1152235887   -1.5176134328 
   0.0000000000    115.000      380.000000   0.445821       1069.2803    0.0000205194    0.0004645277   61.8988391764   57.1476972874   -1.5164769380 
   0.0000000000    116.000      380.000000   0.445642       1068.7833    0.0000205403    0.0004652596   61.9397235768   57.1805760618   -1.5153385114 
   0.0000000000    117.000      380.000000   0.445463       1068.2857    0.0000205617    0.0004660207   61.9813034316   57.2138607000   -1.5141981202 
   0.0000000000    118.000      380.000000   0.445284       1067.7876    0.0000205838    0.0004668110   62.0235806224   57.2475519849   -1.5130557314 
   0.0000000000    119.000      380.000000   0.445104       1067.2888    0.0000206065    0.0004676306   62.0665570270   57.2816506937   -1.5119113120 
   0.0000000000    120.000      380.000000   0.444925       1066.7894    0.0000206298    0.0004684797   62.1102345190   57.3161575979   -1.5107648287 
   0.0000000000    121.000      380.000000   0.444745       1066.2893    0.0000206538    0.0004693583   62.1546149669   57.3510734625   -1.5096162482 
   0.0000000000    122.000      380.000000   0.444566       1065.7884    0.0000206785    0.0004702666   62.1997002336   57.3863990456   -1.5084655374 
   0.0000000000    123.000      380.000000   0.444386       1065.2869    0.0000207038    0.0004712046   62.2454921759   57.4221350981   -1.5073126625 
   0.0000000000    124.000      380.000000   0.444205       1064.7845    0.0000207299    0.0004721725   62.2919926435   57.4582823632   -1.5061575902 
   0.0000000000    125.000      380.000000   0.444025       1064.2813    0.0000207565    0.0004731704   62.3392034784   57.4948415755   -1.5050002867 
   0.0000000000    126.000      380.000000   0.443844       1063.7773    0.0000207839    0.0004741984   62.3871265143   57.5318134609   -1.5038407183 
