  #sigma_s    Temp(C) Press(Mpa) p_meanfield density (kg/m^3)      kappa      alpha Cp(J/molK) Cv(J/molK)  mu(J/mol)
   0.0000000000   -173.000       60.000000   0.188184        938.1571    0.0000235591    0.0006640242   58.3278737059   55.2683633715   -2.1569550472 
   0.0000000000   -172.000       60.000000   0.187989        937.5395    0.0000234295    0.0006531554   58.2420049292   55.2303084635   -2.1560482532 
   0.0000000000   -171.000       60.000000   0.187798        936.9323    0.0000232995    0.0006425027   58.1587444476   55.1939306325   -2.1551446819 
   0.0000000000   -170.000       60.000000   0.187609        936.3354    0.0000231690    0.0006320621   58.0779875285   55.1591438441   -2.1542442634 
   0.0000000000   -169.000       60.000000   0.187424        935.7486    0.0000230384    0.0006218297   57.9996358626   55.1258686936   -2.1533469290 
   0.0000000000   -168.000       60.000000   0.187243        935.1716    0.0000229075    0.0006118012   57.9235972331   55.0940320643   -2.1524526112 
   0.0000000000   -167.000       60.000000   0.187064        934.6043    0.0000227766    0.0006019725   57.8497852357   55.0635668533   -2.1515612437 
   0.0000000000   -166.000       60.000000   0.186888        934.0463    0.0000226458    0.0005923393   57.7781190226   55.0344117224   -2.1506727613 
   0.0000000000   -165.000       60.000000   0.186716        933.4976    0.0000225151    0.0005828972   57.7085231053   55.0065109175   -2.1497870999 
   0.0000000000   -164.000       60.000000   0.186546        932.9580    0.0000223846    0.0005736418   57.6409271821   54.9798141178   -2.1489041964 
   0.0000000000   -163.000       60.000000   0.186380        932.4272    0.0000222545    0.0005645685   57.5752660050   54.9542763336   -2.1480239886 
   0.0000000000   -162.000       60.000000   0.186216        931.9051    0.0000221247    0.0005556727   57.5114792855   54.9298578488   -2.1471464154 
   0.0000000000   -161.000       60.000000   0.186055        931.3915    0.0000219954    0.0005469499   57.4495116305   54.9065242017   -2.1462714162 
   0.0000000000   -160.000       60.000000   0.185896        930.8862    0.0000218667    0.0005383952   57.3893125181   54.8842462119   -2.1453989310 
   0.0000000000   -159.000       60.000000   0.185740        930.3891    0.0000217387    0.0005300037   57.3308363000   54.8630000431   -2.1445289007 
   0.0000000000   -158.000       60.000000   0.185587        929.8999    0.0000216114    0.0005217705   57.2740422423   54.8427673107   -2.1436612663 
   0.0000000000   -157.000       60.000000   0.185437        929.4186    0.0000214849    0.0005136904   57.2188946057   54.8235352394   -2.1427959693 
   0.0000000000   -156.000       60.000000   0.185288        928.9450    0.0000213593    0.0005057583   57.1653627436   54.8052968409   -2.1419329512 
   0.0000000000   -155.000       60.000000   0.185143        928.4789    0.0000212347    0.0004979686   57.1134212521   54.7880511614   -2.1410721535 
   0.0000000000   -154.000       60.000000   0.184999        928.0203    0.0000211113    0.0004903159   57.0630501436   54.7718035494   -2.1402135176 
   0.0000000000   -153.000       60.000000   0.184858        927.5689    0.0000209890    0.0004827942   57.0142350659   54.7565659913   -2.1393569843 
   0.0000000000   -152.000       60.000000   0.184720        927.1246    0.0000208680    0.0004753977   56.9669675485   54.7423574704   -2.1385024940 
   0.0000000000   -151.000       60.000000   0.184583        926.6873    0.0000207484    0.0004681201   56.9212452839   54.7292043778   -2.1376499859 
   0.0000000000   -150.000       60.000000   0.184449        926.2569    0.0000206303    0.0004609549   56.8770724661   54.7171409917   -2.1367993984 
   0.0000000000   -149.000       60.000000   0.184317        925.8334    0.0000205139    0.0004538952   56.8344601443   54.7062099745   -2.1359506682 
   0.0000000000   -148.000       60.000000   0.184187        925.4164    0.0000203992    0.0004469340   56.7934266348   54.6964629421   -2.1351037305 
   0.0000000000   -147.000       60.000000   0.184059        925.0061    0.0000202865    0.0004400636   56.7539979591   54.6879610710   -2.1342585183 
   0.0000000000   -146.000       60.000000   0.183933        924.6023    0.0000201759    0.0004332763   56.7162083460   54.6807757782   -2.1334149621 
   0.0000000000   -145.000       60.000000   0.183809        924.2049    0.0000200675    0.0004265637   56.6801007469   54.6749894222   -2.1325729896 
   0.0000000000   -144.000       60.000000   0.183688        923.8138    0.0000199616    0.0004199169   56.6457274303   54.6706961015   -2.1317325252 
   0.0000000000   -143.000       60.000000   0.183568        923.4290    0.0000198583    0.0004133266   56.6131505972   54.6680024773   -2.1308934896 
   0.0000000000   -142.000       60.000000   0.183450        923.0504    0.0000197579    0.0004067829   56.5824430476   54.6670286555   -2.1300557991 
   0.0000000000   -141.000       60.000000   0.183335        922.6780    0.0000196605    0.0004002752   56.5536889119   54.6679091610   -2.1292193653 
   0.0000000000   -140.000       60.000000   0.183221        922.3118    0.0000195666    0.0003937925   56.5269844051   54.6707939233   -2.1283840944 
   0.0000000000   -139.000       60.000000   0.183109        921.9516    0.0000194763    0.0003873228   56.5024386629   54.6758493746   -2.1275498863 
   0.0000000000   -138.000       60.000000   0.182999        921.5976    0.0000193899    0.0003808533   56.4801745961   54.6832595626   -2.1267166344 
   0.0000000000   -137.000       60.000000   0.182891        921.2496    0.0000193078    0.0003743706   56.4603298322   54.6932273701   -2.1258842244 
   0.0000000000   -136.000       60.000000   0.182785        920.9078    0.0000192303    0.0003678603   56.4430576734   54.7059757544   -2.1250525338 
   0.0000000000   -135.000       60.000000   0.182681        920.5721    0.0000191579    0.0003613070   56.4285281523   54.7217491046   -2.1242214309 
   0.0000000000   -134.000       60.000000   0.182579        920.2426    0.0000190909    0.0003546942   56.4169290857   54.7408145874   -2.1233907738 
   0.0000000000   -133.000       60.000000   0.182479        919.9193    0.0000190299    0.0003480045   56.4084672520   54.7634636493   -2.1225604096 
   0.0000000000   -132.000       60.000000   0.182381        919.6024    0.0000189752    0.0003412191   56.4033695592   54.7900134973   -2.1217301732 
   0.0000000000   -131.000       60.000000   0.182285        919.2918    0.0000189276    0.0003343181   56.4018843021   54.8208086822   -2.1208998862 
   0.0000000000   -130.000       60.000000   0.182190        918.9877    0.0000188875    0.0003272802   56.4042824789   54.8562227540   -2.1200693556 
   0.0000000000   -129.000       60.000000   0.182098        918.6903    0.0000188555    0.0003200826   56.4108591347   54.8966599351   -2.1192383729 
   0.0000000000   -128.000       60.000000   0.182008        918.3997    0.0000188325    0.0003127011   56.4219347680   54.9425568666   -2.1184067119 
   0.0000000000   -127.000       60.000000   0.181921        918.1160    0.0000188190    0.0003051097   56.4378568098   54.9943844314   -2.1175741281 
   0.0000000000   -126.000       60.000000   0.181835        917.8395    0.0000188160    0.0002972809   56.4590011034   55.0526495646   -2.1167403568 
   0.0000000000   -125.000       60.000000   0.181752        917.5704    0.0000188242    0.0002891851   56.4857734664   55.1178971494   -2.1159051110 
   0.0000000000   -124.000       60.000000   0.181671        917.3089    0.0000188446    0.0002807911   56.5186112775   55.1907119301   -2.1150680805 
   0.0000000000   -123.000       60.000000   0.181593        917.0553    0.0000188781    0.0002720654   56.5579850921   55.2717204373   -2.1142289291 
   0.0000000000   -122.000       60.000000   0.181517        916.8100    0.0000189259    0.0002629724   56.6044002922   55.3615929328   -2.1133872934 
   0.0000000000   -121.000       60.000000   0.181444        916.5732    0.0000189891    0.0002534741   56.6583987547   55.4610453559   -2.1125427801 
   0.0000000000   -120.000       60.000000   0.181374        916.3455    0.0000190689    0.0002435302   56.7205605262   55.5708412420   -2.1116949641 
   0.0000000000   -119.000       60.000000   0.181307        916.1271    0.0000191666    0.0002330978   56.7915054863   55.6917935999   -2.1108433859 
   0.0000000000   -118.000       60.000000   0.181242        915.9185    0.0000192836    0.0002221312   56.8718950305   55.8247667689   -2.1099875494 
   0.0000000000   -117.000       60.000000   0.181181        915.7203    0.0000194215    0.0002105819   56.9624336725   55.9706781408   -2.1091269188 
   0.0000000000   -116.000       60.000000   0.181123        915.5330    0.0000195819    0.0001983983   57.0638706389   56.1304998191   -2.1082609163 
   0.0000000000   -115.000       60.000000   0.181069        915.3573    0.0000197665    0.0001855256   57.1770013707   56.3052601082   -2.1073889189 
   0.0000000000   -114.000       60.000000   0.181019        915.1936    0.0000199771    0.0001719057   57.3026689343   56.4960448312   -2.1065102554 
   0.0000000000   -113.000       60.000000   0.180972        915.0428    0.0000202158    0.0001574767   57.4417653062   56.7039984189   -2.1056242029 
   0.0000000000   -112.000       60.000000   0.180930        914.9057    0.0000204847    0.0001421733   57.5952325084   56.9303247404   -2.1047299839 
   0.0000000000   -111.000       60.000000   0.180892        914.7830    0.0000207860    0.0001259260   57.7640635390   57.1762875854   -2.1038267622 
   0.0000000000   -110.000       60.000000   0.180859        914.6756    0.0000211222    0.0001086610   57.9493030488   57.4432107366   -2.1029136395 
   0.0000000000   -109.000       60.000000   0.180831        914.5845    0.0000214959    0.0000903005   58.1520477561   57.7324776070   -2.1019896513 
   0.0000000000   -108.000       60.000000   0.180808        914.5108    0.0000219098    0.0000707616   58.3734464872   58.0455302880   -2.1010537630 
   0.0000000000   -107.000       60.000000   0.180791        914.4555    0.0000223669    0.0000499570   58.6146997984   58.3838679369   -2.1001048653 
   0.0000000000   -106.000       60.000000   0.180780        914.4198    0.0000228704    0.0000277940   58.8770591348   58.7490444397   -2.0991417704 
   0.0000000000   -105.000       60.000000   0.180776        914.4051    0.0000234236    0.0000041746   59.1618253739   59.1426651334   -2.0981632068 
   0.0000000000   -104.000       60.000000   0.180778        914.4126    0.0000240301   -0.0000210047   59.4703467186   59.5663825278   -2.0971678149 
   0.0000000000   -103.000       60.000000   0.180788        914.4440    0.0000246938   -0.0000478533   59.8040158060   60.0218908432   -2.0961541421 
   0.0000000000   -102.000       60.000000   0.180805        914.5007    0.0000254188   -0.0000764867   60.1642658863   60.5109191525   -2.0951206380 
   0.0000000000   -101.000       60.000000   0.180831        914.5844    0.0000262094   -0.0001070268   60.5525659864   61.0352230049   -2.0940656491 
   0.0000000000   -100.000       60.000000   0.180866        914.6970    0.0000270703   -0.0001396020   60.9704148424   61.5965742268   -2.0929874138 
   0.0000000000    -99.000       60.000000   0.180910        914.8404    0.0000280065   -0.0001743476   61.4193334633   62.1967487137   -2.0918840570 
   0.0000000000    -98.000       60.000000   0.180964        915.0167    0.0000290233   -0.0002114058   61.9008561227   62.8375119197   -2.0907535858 
   0.0000000000    -97.000       60.000000   0.181029        915.2280    0.0000301263   -0.0002509261   62.4165195479   63.5206017396   -2.0895938834 
   0.0000000000    -96.000       60.000000   0.181106        915.4768    0.0000313215   -0.0002930650   62.9678500893   64.2477084821   -2.0884027053 
   0.0000000000    -95.000       60.000000   0.181195        915.7654    0.0000326154   -0.0003379867   63.5563485469   65.0204515063   -2.0871776741 
   0.0000000000    -94.000       60.000000   0.181297        916.0967    0.0000340147   -0.0003858622   64.1834724491   65.8403522603   -2.0859162757 
   0.0000000000    -93.000       60.000000   0.181413        916.4733    0.0000355266   -0.0004368699   64.8506153507   66.7088031548   -2.0846158556 
   0.0000000000    -92.000       60.000000   0.181544        916.8984    0.0000371589   -0.0004911945   65.5590828659   67.6270319404   -2.0832736164 
   0.0000000000    -91.000       60.000000   0.181691        917.3751    0.0000389196   -0.0005490272   66.3100650320   68.5960610989   -2.0818866158 
   0.0000000000    -90.000       60.000000   0.181856        917.9070    0.0000408177   -0.0006105789   67.1047761686   69.6168922555   -2.0804508911 
   0.0000000000    -89.000       60.000000   0.182039        918.4974    0.0000428615   -0.0006760257   67.9437840249   70.6896013674   -2.0789647427 
   0.0000000000    -88.000       60.000000   0.182241        919.1501    0.0000450607   -0.0007455819   68.8278588620   71.8144772118   -2.0774240808 
   0.0000000000    -87.000       60.000000   0.182463        919.8693    0.0000474254   -0.0008194514   69.7573681814   72.9912053735   -2.0758253809 
   0.0000000000    -86.000       60.000000   0.182708        920.6591    0.0000499656   -0.0008978357   70.7323563311   74.2189740451   -2.0741649884 
   0.0000000000    -85.000       60.000000   0.182976        921.5239    0.0000526921   -0.0009809301   71.7524854775   75.4963948979   -2.0724391303 
   0.0000000000    -84.000       60.000000   0.183269        922.4684    0.0000556156   -0.0010689191   72.8169695948   76.8214167310   -2.0706439326 
   0.0000000000    -83.000       60.000000   0.183589        923.4974    0.0000587470   -0.0011619699   73.9245011427   78.1912322638   -2.0687754430 
   0.0000000000    -82.000       60.000000   0.183937        924.6160    0.0000620971   -0.0012602252   75.0731700124   79.6021787072   -2.0668296604 
   0.0000000000    -81.000       60.000000   0.184315        925.8299    0.0000656781   -0.0013638370   76.2607960292   81.0501804124   -2.0648009419 
   0.0000000000    -80.000       60.000000   0.184725        927.1435    0.0000694968   -0.0014727948   77.4832976315   82.5286436400   -2.0626880279 
   0.0000000000    -79.000       60.000000   0.185168        928.5625    0.0000735632   -0.0015871301   78.7367146659   84.0311215102   -2.0604857832 
   0.0000000000    -78.000       60.000000   0.185647        930.0925    0.0000778841   -0.0017067623   80.0157792604   85.5494882830   -2.0581904564 
   0.0000000000    -77.000       60.000000   0.186163        931.7388    0.0000824639   -0.0018315075   81.3141117928   87.0742504639   -2.0557985505 
   0.0000000000    -76.000       60.000000   0.186719        933.5076    0.0000873064   -0.0019611148   82.6246104392   88.5950946938   -2.0533050175 
   0.0000000000    -75.000       60.000000   0.187315        935.4022    0.0000924038   -0.0020950086   83.9375087551   90.0985602073   -2.0507103219 
   0.0000000000    -74.000       60.000000   0.187953        937.4279    0.0000977488   -0.0022325625   85.2428061969   91.5711855389   -2.0480110334 
   0.0000000000    -73.000       60.000000   0.188636        939.5885    0.0001033245   -0.0023728695   86.5286250566   92.9975964706   -2.0452059144 
   0.0000000000    -72.000       60.000000   0.189365        941.8883    0.0001091082   -0.0025148233   87.7820493049   94.3616774908   -2.0422925549 
   0.0000000000    -71.000       60.000000   0.190139        944.3267    0.0001150570   -0.0026567965   88.9872368406   95.6445634760   -2.0392754811 
   0.0000000000    -70.000       60.000000   0.190960        946.9052    0.0001211226   -0.0027969930   90.1281420734   96.8280442510   -2.0361555493 
   0.0000000000    -69.000       60.000000   0.191827        949.6218    0.0001272392   -0.0029331900   91.1870757414   97.8930814019   -2.0329368627 
   0.0000000000    -68.000       60.000000   0.192741        952.4749    0.0001333295   -0.0030628915   92.1459025624   98.8213296421   -2.0296226227 
   0.0000000000    -67.000       60.000000   0.193698        955.4545    0.0001392866   -0.0031830086   92.9846981857   99.5939320888   -2.0262255989 
   0.0000000000    -66.000       60.000000   0.194696        958.5526    0.0001449997   -0.0032904342   93.6850680186  100.1950986430   -2.0227540362 
   0.0000000000    -65.000       60.000000   0.195732        961.7565    0.0001503421   -0.0033818689   94.2293837250  100.6112529643   -2.0192204639 
   0.0000000000    -64.000       60.000000   0.196802        965.0528    0.0001551853   -0.0034541629   94.6024484572  100.8324802842   -2.0156361610 
   0.0000000000    -63.000       60.000000   0.197897        968.4176    0.0001593866   -0.0035042286   94.7917228531  100.8527001468   -2.0120235266 
   0.0000000000    -62.000       60.000000   0.199012        971.8310    0.0001628273   -0.0035297688   94.7899190873  100.6713641154   -2.0083978504 
   0.0000000000    -61.000       60.000000   0.200139        975.2687    0.0001654049   -0.0035292228   94.5949590108  100.2930116561   -2.0047778651 
   0.0000000000    -60.000       60.000000   0.201271        978.7076    0.0001670502   -0.0035020522   94.2105768834   99.7270807810   -2.0011794187 
   0.0000000000    -59.000       60.000000   0.202396        982.1168    0.0001677218   -0.0034487525   93.6471546745   98.9886174917   -1.9976263311 
   0.0000000000    -58.000       60.000000   0.203508        985.4732    0.0001674284   -0.0033709866   92.9202850227   98.0959214305   -1.9941327824 
   0.0000000000    -57.000       60.000000   0.204598        988.7531    0.0001662154   -0.0032713360   92.0502464475   97.0703314068   -1.9907135246 
   0.0000000000    -56.000       60.000000   0.205659        991.9357    0.0001641622   -0.0031530941   91.0604742257   95.9347955260   -1.9873808157 
   0.0000000000    -55.000       60.000000   0.206686        995.0032    0.0001613740   -0.0030199771   89.9759592764   94.7126467003   -1.9841441689 
   0.0000000000    -54.000       60.000000   0.207672        997.9417    0.0001579716   -0.0028758290   88.8216972313   93.4265183655   -1.9810103125 
   0.0000000000    -53.000       60.000000   0.208614       1000.7406    0.0001540817   -0.0027243635   87.6213729701   92.0974876405   -1.9779833291 
   0.0000000000    -52.000       60.000000   0.209509       1003.3931    0.0001498280   -0.0025689672   86.3963920016   90.7444842157   -1.9750649303 
   0.0000000000    -51.000       60.000000   0.210354       1005.8934    0.0001453263   -0.0024126461   85.1660187122   89.3847636053   -1.9722572925 
   0.0000000000    -50.000       60.000000   0.211152       1008.2453    0.0001406761   -0.0022576821   83.9441377836   88.0304977745   -1.9695532022 
   0.0000000000    -49.000       60.000000   0.211900       1010.4477    0.0001359646   -0.0021060681   82.7438849858   86.6939166820   -1.9669523013 
   0.0000000000    -48.000       60.000000   0.212601       1012.5036    0.0001312624   -0.0019592472   81.5747362595   85.3840349965   -1.9644505295 
   0.0000000000    -47.000       60.000000   0.213254       1014.4176    0.0001266255   -0.0018182434   80.4436314052   84.1077784462   -1.9620432268 
   0.0000000000    -46.000       60.000000   0.213862       1016.1951    0.0001220967   -0.0016837277   79.3553538499   82.8702643280   -1.9597253823 
   0.0000000000    -45.000       60.000000   0.214426       1017.8422    0.0001177072   -0.0015560852   78.3129131825   81.6750840091   -1.9574918295 
   0.0000000000    -44.000       60.000000   0.214947       1019.3638    0.0001134801   -0.0014355350   77.3184772088   80.5252240171   -1.9553393200 
   0.0000000000    -43.000       60.000000   0.215431       1020.7700    0.0001094265   -0.0013219410   76.3712769452   79.4205678263   -1.9532586017 
   0.0000000000    -42.000       60.000000   0.215876       1022.0655    0.0001055558   -0.0012152408   75.4716704916   78.3624110818   -1.9512470885 
   0.0000000000    -41.000       60.000000   0.216287       1023.2569    0.0001018711   -0.0011152132   74.6186999614   77.3506227144   -1.9493001057 
   0.0000000000    -40.000       60.000000   0.216664       1024.3504    0.0000983720   -0.0010215785   73.8109728480   76.3845880235   -1.9474132335 
   0.0000000000    -39.000       60.000000   0.217010       1025.3521    0.0000950553   -0.0009340208   73.0468028818   75.4633307656   -1.9455823216 
   0.0000000000    -38.000       60.000000   0.217326       1026.2680    0.0000919160   -0.0008522051   72.3243190884   74.5856119109   -1.9438034923 
   0.0000000000    -37.000       60.000000   0.217614       1027.1022    0.0000889487   -0.0007758261   71.6419222448   73.7504547697   -1.9420746527 
   0.0000000000    -36.000       60.000000   0.217877       1027.8625    0.0000861442   -0.0007044640   70.9967812185   72.9553394113   -1.9403891751 
   0.0000000000    -35.000       60.000000   0.218116       1028.5524    0.0000834960   -0.0006378326   70.3873481416   72.1991937707   -1.9387457614 
   0.0000000000    -34.000       60.000000   0.218332       1029.1764    0.0000809961   -0.0005756131   69.8116519314   71.4803634098   -1.9371415357 
   0.0000000000    -33.000       60.000000   0.218528       1029.7388    0.0000786367   -0.0005175019   69.2677825871   70.7971882998   -1.9355738404 
   0.0000000000    -32.000       60.000000   0.218703       1030.2437    0.0000764100   -0.0004632121   68.7539060922   70.1480245238   -1.9340402208 
   0.0000000000    -31.000       60.000000   0.218859       1030.6947    0.0000743082   -0.0004124742   68.2682736217   69.5312603305   -1.9325384099 
   0.0000000000    -30.000       60.000000   0.218998       1031.0952    0.0000723242   -0.0003650364   67.8092264878   68.9453277057   -1.9310663131 
   0.0000000000    -29.000       60.000000   0.219120       1031.4476    0.0000704515   -0.0003206873   67.3754486517   68.3890249851   -1.9296233804 
   0.0000000000    -28.000       60.000000   0.219228       1031.7570    0.0000686819   -0.0002791574   66.9649210839   67.8602120778   -1.9282048644 
   0.0000000000    -27.000       60.000000   0.219321       1032.0249    0.0000670100   -0.0002402726   66.5765593143   67.3578661437   -1.9268107088 
   0.0000000000    -26.000       60.000000   0.219401       1032.2540    0.0000654298   -0.0002038452   66.2090632385   66.8806492543   -1.9254393755 
   0.0000000000    -25.000       60.000000   0.219468       1032.4467    0.0000639357   -0.0001697014   65.8612159667   66.4272863649   -1.9240894388 
   0.0000000000    -24.000       60.000000   0.219523       1032.6053    0.0000625224   -0.0001376804   65.5318796482   65.9965647926   -1.9227595763 
   0.0000000000    -23.000       60.000000   0.219567       1032.7318    0.0000611849   -0.0001076337   65.2199911042   65.5873330437   -1.9214485594 
   0.0000000000    -22.000       60.000000   0.219601       1032.8283    0.0000599186   -0.0000794237   64.9245573872   65.1984991455   -1.9201552463 
   0.0000000000    -21.000       60.000000   0.219624       1032.8965    0.0000587192   -0.0000529236   64.6446513935   64.8290286527   -1.9188785740 
   0.0000000000    -20.000       60.000000   0.219639       1032.9382    0.0000575826   -0.0000280159   64.3794075876   64.4779424281   -1.9176175519 
   0.0000000000    -19.000       60.000000   0.219645       1032.9550    0.0000565051   -0.0000045919   64.1280178918   64.1443142877   -1.9163712557 
   0.0000000000    -18.000       60.000000   0.219643       1032.9483    0.0000554831    0.0000174490   63.8897277700   63.8272685764   -1.9151388224 
   0.0000000000    -17.000       60.000000   0.219633       1032.9194    0.0000545134    0.0000381998   63.6638325238   63.5259777248   -1.9139194446 
   0.0000000000    -16.000       60.000000   0.219615       1032.8698    0.0000535929    0.0000577468   63.4496738083   63.2396598236   -1.9127123666 
   0.0000000000    -15.000       60.000000   0.219590       1032.8000    0.0000527189    0.0000761606   63.2467396543   62.9677151649   -1.9115179192 
   0.0000000000    -14.000       60.000000   0.219560       1032.7123    0.0000518882    0.0000935352   63.0542349109   62.7091508242   -1.9103332644 
   0.0000000000    -13.000       60.000000   0.219523       1032.6072    0.0000510986    0.0001099286   62.8717401390   62.4634666383   -1.9091589220 
   0.0000000000    -12.000       60.000000   0.219481       1032.4857    0.0000503478    0.0001254048   62.6987516034   62.2300398814   -1.9079943032 
   0.0000000000    -11.000       60.000000   0.219434       1032.3486    0.0000496335    0.0001400232   62.5347977408   62.0082824113   -1.9068388537 
   0.0000000000    -10.000       60.000000   0.219381       1032.1969    0.0000489538    0.0001538392   62.3794368862   61.7976387051   -1.9056920508 
   0.0000000000     -9.000       60.000000   0.219323       1032.0314    0.0000483067    0.0001669041   62.2322551665   61.5975839878   -1.9045534015 
   0.0000000000     -8.000       60.000000   0.219261       1031.8527    0.0000476905    0.0001792658   62.0928645564   61.4076224682   -1.9034224400 
   0.0000000000     -7.000       60.000000   0.219195       1031.6617    0.0000471034    0.0001909691   61.9609010747   61.2272856598   -1.9022987258 
   0.0000000000     -6.000       60.000000   0.219125       1031.4589    0.0000465439    0.0002020555   61.8360231234   61.0561308058   -1.9011818419 
   0.0000000000     -5.000       60.000000   0.219050       1031.2451    0.0000460106    0.0002125641   61.7179099481   60.8937393878   -1.9000713929 
   0.0000000000     -4.000       60.000000   0.218973       1031.0207    0.0000455020    0.0002225310   61.6062602140   60.7397157197   -1.8989670040 
   0.0000000000     -3.000       60.000000   0.218891       1030.7864    0.0000450169    0.0002319903   61.5007906940   60.5936856305   -1.8978683190 
   0.0000000000     -2.000       60.000000   0.218807       1030.5427    0.0000445541    0.0002409737   61.4012350499   60.4552952179   -1.8967749993 
   0.0000000000     -1.000       60.000000   0.218719       1030.2899    0.0000441124    0.0002495109   61.3073427072   60.3242096804   -1.8956867227 
   0.0000000000      0.000       60.000000   0.218628       1030.0287    0.0000436907    0.0002576299   61.2188778147   60.2001122187   -1.8946031822 
   0.0000000000      1.000       60.000000   0.218535       1029.7594    0.0000432882    0.0002653566   61.1356182778   60.0827030019   -1.8935240852 
   0.0000000000      2.000       60.000000   0.218439       1029.4823    0.0000429038    0.0002727157   61.0573548665   59.9716981984   -1.8924491522 
   0.0000000000      3.000       60.000000   0.218340       1029.1980    0.0000425366    0.0002797301   60.9838903849   59.8668290617   -1.8913781162 
   0.0000000000      4.000       60.000000   0.218240       1028.9067    0.0000421859    0.0002864213   60.9150389057   59.7678410783   -1.8903107220 
   0.0000000000      5.000       60.000000   0.218136       1028.6087    0.0000418509    0.0002928097   60.8506250540   59.6744931578   -1.8892467252 
   0.0000000000      6.000       60.000000   0.218031       1028.3044    0.0000415308    0.0002989143   60.7904833466   59.5865568798   -1.8881858914 
   0.0000000000      7.000       60.000000   0.217924       1027.9940    0.0000412249    0.0003047530   60.7344575773   59.5038157833   -1.8871279961 
   0.0000000000      8.000       60.000000   0.217814       1027.6779    0.0000409326    0.0003103429   60.6824002445   59.4260646984   -1.8860728236 
   0.0000000000      9.000       60.000000   0.217703       1027.3563    0.0000406534    0.0003156997   60.6341720185   59.3531091186   -1.8850201668 
   0.0000000000     10.000       60.000000   0.217590       1027.0293    0.0000403865    0.0003208386   60.5896412477   59.2847646118   -1.8839698261 
   0.0000000000     11.000       60.000000   0.217475       1026.6973    0.0000401315    0.0003257735   60.5486834965   59.2208562646   -1.8829216099 
   0.0000000000     12.000       60.000000   0.217359       1026.3605    0.0000398879    0.0003305180   60.5111811156   59.1612181613   -1.8818753332 
   0.0000000000     13.000       60.000000   0.217241       1026.0189    0.0000396552    0.0003350845   60.4770228416   59.1056928932   -1.8808308177 
   0.0000000000     14.000       60.000000   0.217121       1025.6729    0.0000394329    0.0003394851   60.4461034228   59.0541310964   -1.8797878913 
   0.0000000000     15.000       60.000000   0.217000       1025.3226    0.0000392207    0.0003437309   60.4183232703   59.0063910183   -1.8787463877 
   0.0000000000     16.000       60.000000   0.216878       1024.9681    0.0000390181    0.0003478326   60.3935881314   58.9623381077   -1.8777061462 
   0.0000000000     17.000       60.000000   0.216753       1024.6092    0.0000388248    0.0003517985   60.3718322352   58.9218807795   -1.8766677987 
   0.0000000000     18.000       60.000000   0.216628       1024.2469    0.0000386403    0.0003556418   60.3529228705   58.8848234827   -1.8756295945 
   0.0000000000     19.000       60.000000   0.216502       1023.8808    0.0000384644    0.0003593695   60.3368049499   58.8510893382   -1.8745922015 
   0.0000000000     20.000       60.000000   0.216375       1023.5110    0.0000382967    0.0003629904   60.3234026968   58.8205689517   -1.8735554776 
   0.0000000000     21.000       60.000000   0.216246       1023.1378    0.0000381369    0.0003665124   60.3126443317   58.7931584173   -1.8725192850 
   0.0000000000     22.000       60.000000   0.216116       1022.7611    0.0000379848    0.0003699433   60.3044618523   58.7687590308   -1.8714834898 
   0.0000000000     23.000       60.000000   0.215985       1022.3811    0.0000378402    0.0003732903   60.2987908278   58.7472770198   -1.8704479616 
   0.0000000000     24.000       60.000000   0.215854       1021.9979    0.0000377026    0.0003765605   60.2955702059   58.7286232893   -1.8694125735 
   0.0000000000     25.000       60.000000   0.215721       1021.6114    0.0000375720    0.0003797604   60.2947421309   58.7127131804   -1.8683772019 
   0.0000000000     26.000       60.000000   0.215587       1021.2220    0.0000374481    0.0003828962   60.2962517735   58.6994662442   -1.8673417263 
   0.0000000000     27.000       60.000000   0.215452       1020.8294    0.0000373306    0.0003859740   60.3000471706   58.6888060271   -1.8663060290 
   0.0000000000     28.000       60.000000   0.215316       1020.4340    0.0000372195    0.0003889993   60.3060790744   58.6806598681   -1.8652699951 
   0.0000000000     29.000       60.000000   0.215179       1020.0356    0.0000371144    0.0003919777   60.3143008112   58.6749587085   -1.8642335122 
   0.0000000000     30.000       60.000000   0.215041       1019.6343    0.0000370153    0.0003949141   60.3246681473   58.6716369106   -1.8631964705 
   0.0000000000     31.000       60.000000   0.214902       1019.2303    0.0000369220    0.0003978136   60.3371391640   58.6706320872   -1.8621587624 
   0.0000000000     32.000       60.000000   0.214763       1018.8234    0.0000368342    0.0004006808   60.3516741388   58.6718849397   -1.8611202824 
   0.0000000000     33.000       60.000000   0.214622       1018.4138    0.0000367519    0.0004035201   60.3682354338   58.6753391060   -1.8600809272 
   0.0000000000     34.000       60.000000   0.214481       1018.0015    0.0000366750    0.0004063359   60.3867873908   58.6809410159   -1.8590405954 
   0.0000000000     35.000       60.000000   0.214339       1017.5865    0.0000366032    0.0004091321   60.4072962311   58.6886397540   -1.8579991874 
   0.0000000000     36.000       60.000000   0.214196       1017.1689    0.0000365366    0.0004119127   60.4297299628   58.6983869306   -1.8569566052 
   0.0000000000     37.000       60.000000   0.214052       1016.7486    0.0000364749    0.0004146813   60.4540582913   58.7101365593   -1.8559127528 
   0.0000000000     38.000       60.000000   0.213907       1016.3256    0.0000364180    0.0004174416   60.4802525361   58.7238449407   -1.8548675353 
   0.0000000000     39.000       60.000000   0.213761       1015.9001    0.0000363660    0.0004201969   60.5082855512   58.7394705524   -1.8538208595 
   0.0000000000     40.000       60.000000   0.213615       1015.4719    0.0000363186    0.0004229505   60.5381316504   58.7569739450   -1.8527726334 
   0.0000000000     41.000       60.000000   0.213468       1015.0411    0.0000362757    0.0004257055   60.5697665366   58.7763176430   -1.8517227665 
   0.0000000000     42.000       60.000000   0.213320       1014.6077    0.0000362374    0.0004284649   60.6031672341   58.7974660515   -1.8506711693 
   0.0000000000     43.000       60.000000   0.213171       1014.1716    0.0000362035    0.0004312316   60.6383120255   58.8203853670   -1.8496177535 
   0.0000000000     44.000       60.000000   0.213021       1013.7330    0.0000361740    0.0004340083   60.6751803909   58.8450434933   -1.8485624319 
   0.0000000000     45.000       60.000000   0.212870       1013.2917    0.0000361487    0.0004367977   60.7137529512   58.8714099609   -1.8475051181 
   0.0000000000     46.000       60.000000   0.212719       1012.8478    0.0000361277    0.0004396024   60.7540114131   58.8994558517   -1.8464457269 
   0.0000000000     47.000       60.000000   0.212567       1012.4012    0.0000361108    0.0004424247   60.7959385181   58.9291537263   -1.8453841739 
   0.0000000000     48.000       60.000000   0.212413       1011.9520    0.0000360981    0.0004452672   60.8395179930   58.9604775553   -1.8443203753 
   0.0000000000     49.000       60.000000   0.212259       1011.5000    0.0000360894    0.0004481320   60.8847345038   58.9934026543   -1.8432542483 
   0.0000000000     50.000       60.000000   0.212105       1011.0454    0.0000360848    0.0004510213   60.9315736105   59.0279056216   -1.8421857107 
   0.0000000000     51.000       60.000000   0.211949       1010.5880    0.0000360841    0.0004539373   60.9800217257   59.0639642793   -1.8411146810 
   0.0000000000     52.000       60.000000   0.211792       1010.1279    0.0000360874    0.0004568820   61.0300660738   59.1015576169   -1.8400410782 
   0.0000000000     53.000       60.000000   0.211635       1009.6650    0.0000360946    0.0004598574   61.0816946527   59.1406657380   -1.8389648220 
   0.0000000000     54.000       60.000000   0.211477       1009.1993    0.0000361057    0.0004628654   61.1348961972   59.1812698089   -1.8378858326 
   0.0000000000     55.000       60.000000   0.211318       1008.7307    0.0000361207    0.0004659078   61.1896601441   59.2233520104   -1.8368040305 
   0.0000000000     56.000       60.000000   0.211157       1008.2593    0.0000361395    0.0004689865   61.2459765982   59.2668954910   -1.8357193367 
   0.0000000000     57.000       60.000000   0.210996       1007.7850    0.0000361621    0.0004721031   61.3038363010   59.3118843228   -1.8346316729 
   0.0000000000     58.000       60.000000   0.210835       1007.3078    0.0000361885    0.0004752594   61.3632305994   59.3583034594   -1.8335409606 
   0.0000000000     59.000       60.000000   0.210672       1006.8275    0.0000362187    0.0004784571   61.4241514167   59.4061386953   -1.8324471222 
   0.0000000000     60.000       60.000000   0.210508       1006.3443    0.0000362527    0.0004816976   61.4865912241   59.4553766270   -1.8313500799 
   0.0000000000     61.000       60.000000   0.210343       1005.8580    0.0000362904    0.0004849825   61.5505430138   59.5060046168   -1.8302497565 
   0.0000000000     62.000       60.000000   0.210177       1005.3686    0.0000363319    0.0004883134   61.6160002727   59.5580107566   -1.8291460748 
   0.0000000000     63.000       60.000000   0.210011       1004.8761    0.0000363771    0.0004916916   61.6829569576   59.6113838347   -1.8280389579 
   0.0000000000     64.000       60.000000   0.209843       1004.3804    0.0000364261    0.0004951187   61.7514074706   59.6661133029   -1.8269283291 
   0.0000000000     65.000       60.000000   0.209674       1003.8815    0.0000364788    0.0004985960   61.8213466360   59.7221892452   -1.8258141117 
   0.0000000000     66.000       60.000000   0.209505       1003.3794    0.0000365352    0.0005021248   61.8927696779   59.7796023484   -1.8246962291 
   0.0000000000     67.000       60.000000   0.209334       1002.8739    0.0000365954    0.0005057066   61.9656721978   59.8383438726   -1.8235746051 
   0.0000000000     68.000       60.000000   0.209162       1002.3650    0.0000366593    0.0005093425   62.0400501542   59.8984056242   -1.8224491631 
   0.0000000000     69.000       60.000000   0.208989       1001.8528    0.0000367270    0.0005130339   62.1158998413   59.9597799287   -1.8213198268 
   0.0000000000     70.000       60.000000   0.208815       1001.3370    0.0000367985    0.0005167819   62.1932178696   60.0224596052   -1.8201865200 
   0.0000000000     71.000       60.000000   0.208640       1000.8178    0.0000368737    0.0005205879   62.2720011464   60.0864379415   -1.8190491662 
   0.0000000000     72.000       60.000000   0.208464       1000.2950    0.0000369527    0.0005244529   62.3522468566   60.1517086703   -1.8179076891 
   0.0000000000     73.000       60.000000   0.208287        999.7686    0.0000370355    0.0005283782   62.4339524449   60.2182659457   -1.8167620122 
   0.0000000000     74.000       60.000000   0.208108        999.2384    0.0000371221    0.0005323649   62.5171155968   60.2861043209   -1.8156120591 
   0.0000000000     75.000       60.000000   0.207929        998.7046    0.0000372126    0.0005364140   62.6017342220   60.3552187265   -1.8144577531 
   0.0000000000     76.000       60.000000   0.207748        998.1670    0.0000373069    0.0005405268   62.6878064363   60.4256044493   -1.8132990176 
   0.0000000000     77.000       60.000000   0.207566        997.6255    0.0000374050    0.0005447042   62.7753305450   60.4972571116   -1.8121357756 
   0.0000000000     78.000       60.000000   0.207383        997.0801    0.0000375071    0.0005489474   62.8643050263   60.5701726513   -1.8109679504 
   0.0000000000     79.000       60.000000   0.207199        996.5308    0.0000376130    0.0005532574   62.9547285145   60.6443473026   -1.8097954647 
   0.0000000000     80.000       60.000000   0.207013        995.9774    0.0000377229    0.0005576352   63.0465997840   60.7197775765   -1.8086182413 
   0.0000000000     81.000       60.000000   0.206826        995.4200    0.0000378367    0.0005620818   63.1399177333   60.7964602428   -1.8074362026 
   0.0000000000     82.000       60.000000   0.206638        994.8584    0.0000379545    0.0005665982   63.2346813691   60.8743923115   -1.8062492711 
   0.0000000000     83.000       60.000000   0.206448        994.2926    0.0000380763    0.0005711854   63.3308897906   60.9535710149   -1.8050573688 
   0.0000000000     84.000       60.000000   0.206257        993.7225    0.0000382022    0.0005758444   63.4285421740   61.0339937904   -1.8038604177 
   0.0000000000     85.000       60.000000   0.206065        993.1481    0.0000383321    0.0005805761   63.5276377569   61.1156582632   -1.8026583394 
   0.0000000000     86.000       60.000000   0.205872        992.5693    0.0000384661    0.0005853815   63.6281758229   61.1985622292   -1.8014510554 
   0.0000000000     87.000       60.000000   0.205677        991.9860    0.0000386042    0.0005902614   63.7301556867   61.2827036385   -1.8002384868 
   0.0000000000     88.000       60.000000   0.205481        991.3982    0.0000387465    0.0005952167   63.8335766780   61.3680805788   -1.7990205546 
   0.0000000000     89.000       60.000000   0.205283        990.8058    0.0000388930    0.0006002485   63.9384381272   61.4546912593   -1.7977971794 
   0.0000000000     90.000       60.000000   0.205084        990.2087    0.0000390437    0.0006053575   64.0447393493   61.5425339943   -1.7965682817 
   0.0000000000     91.000       60.000000   0.204883        989.6069    0.0000391986    0.0006105446   64.1524796293   61.6316071873   -1.7953337815 
   0.0000000000     92.000       60.000000   0.204681        989.0003    0.0000393578    0.0006158107   64.2616582065   61.7219093154   -1.7940935987 
   0.0000000000     93.000       60.000000   0.204477        988.3888    0.0000395214    0.0006211567   64.3722742592   61.8134389133   -1.7928476527 
   0.0000000000     94.000       60.000000   0.204272        987.7724    0.0000396893    0.0006265833   64.4843268898   61.9061945576   -1.7915958629 
   0.0000000000     95.000       60.000000   0.204066        987.1509    0.0000398616    0.0006320913   64.5978151087   62.0001748512   -1.7903381482 
   0.0000000000     96.000       60.000000   0.203857        986.5244    0.0000400384    0.0006376816   64.7127378192   62.0953784079   -1.7890744272 
   0.0000000000     97.000       60.000000   0.203648        985.8927    0.0000402197    0.0006433550   64.8290938021   62.1918038366   -1.7878046183 
   0.0000000000     98.000       60.000000   0.203436        985.2558    0.0000404054    0.0006491122   64.9468816992   62.2894497260   -1.7865286395 
   0.0000000000     99.000       60.000000   0.203224        984.6139    0.0000405956    0.0006549524   65.0660706007   62.3882812931   -1.7852457439 
   0.0000000000    100.000       60.000000   0.203009        983.9663    0.0000407906    0.0006608795   65.1867165799   62.4883626221   -1.7839571661 
   0.0000000000    101.000       60.000000   0.202793        983.3133    0.0000409901    0.0006668927   65.3087893646   62.5896598514   -1.7826621704 
   0.0000000000    102.000       60.000000   0.202575        982.6548    0.0000411944    0.0006729927   65.4322868822   62.6921713302   -1.7813606735 
   0.0000000000    103.000       60.000000   0.202355        981.9907    0.0000414034    0.0006791801   65.5572068408   62.7958953095   -1.7800525921 
   0.0000000000    104.000       60.000000   0.202134        981.3209    0.0000416172    0.0006854558   65.6835467137   62.9008299258   -1.7787378423 
   0.0000000000    105.000       60.000000   0.201911        980.6453    0.0000418357    0.0006918203   65.8113037224   63.0069731854   -1.7774163402 
   0.0000000000    106.000       60.000000   0.201686        979.9640    0.0000420592    0.0006982743   65.9404748198   63.1143229484   -1.7760880015 
   0.0000000000    107.000       60.000000   0.201459        979.2767    0.0000422875    0.0007048184   66.0710566735   63.2228769127   -1.7747527416 
   0.0000000000    108.000       60.000000   0.201231        978.5835    0.0000425208    0.0007114533   66.2030456488   63.3326325978   -1.7734104756 
   0.0000000000    109.000       60.000000   0.201000        977.8843    0.0000427591    0.0007181796   66.3364377911   63.4435873285   -1.7720611186 
   0.0000000000    110.000       60.000000   0.200768        977.1789    0.0000430024    0.0007249977   66.4712288095   63.5557382185   -1.7707045853 
   0.0000000000    111.000       60.000000   0.200534        976.4673    0.0000432509    0.0007319084   66.6074140580   63.6690821536   -1.7693407900 
   0.0000000000    112.000       60.000000   0.200298        975.7495    0.0000435044    0.0007389120   66.7449885193   63.7836157758   -1.7679696472 
   0.0000000000    113.000       60.000000   0.200060        975.0253    0.0000437631    0.0007460092   66.8839467859   63.8993354656   -1.7665910708 
   0.0000000000    114.000       60.000000   0.199820        974.2947    0.0000440271    0.0007532004   67.0242830428   64.0162373256   -1.7652049748 
   0.0000000000    115.000       60.000000   0.199579        973.5576    0.0000442963    0.0007604860   67.1659910492   64.1343171633   -1.7638112728 
   0.0000000000    116.000       60.000000   0.199335        972.8139    0.0000445708    0.0007678666   67.3090641205   64.2535704740   -1.7624098785 
   0.0000000000    117.000       60.000000   0.199089        972.0636    0.0000448507    0.0007753424   67.4534951100   64.3739924232   -1.7610007054 
   0.0000000000    118.000       60.000000   0.198841        971.3065    0.0000451360    0.0007829139   67.5992763904   64.4955778296   -1.7595836668 
   0.0000000000    119.000       60.000000   0.198592        970.5427    0.0000454267    0.0007905814   67.7463998353   64.6183211468   -1.7581586759 
   0.0000000000    120.000       60.000000   0.198340        969.7719    0.0000457230    0.0007983452   67.8948568008   64.7422164463   -1.7567256461 
   0.0000000000    121.000       60.000000   0.198086        968.9942    0.0000460247    0.0008062056   68.0446381066   64.8672573994   -1.7552844905 
   0.0000000000    122.000       60.000000   0.197830        968.2095    0.0000463321    0.0008141629   68.1957340175   64.9934372590   -1.7538351223 
   0.0000000000    123.000       60.000000   0.197572        967.4176    0.0000466450    0.0008222173   68.3481342245   65.1207488418   -1.7523774547 
   0.0000000000    124.000       60.000000   0.197312        966.6186    0.0000469637    0.0008303689   68.5018278260   65.2491845100   -1.7509114010 
   0.0000000000    125.000       60.000000   0.197049        965.8123    0.0000472880    0.0008386179   68.6568033090   65.3787361533   -1.7494368746 
   0.0000000000    126.000       60.000000   0.196785        964.9987    0.0000476181    0.0008469644   68.8130485304   65.5093951703   -1.7479537890 
