  #sigma_s    Temp(C) Press(Mpa) p_meanfield density (kg/m^3)      kappa      alpha Cp(J/molK) Cv(J/molK)  mu(J/mol)
   0.0000000000   -173.000     -100.000000   0.069360        898.8242    0.0000292083    0.0003034479   55.6361282431   55.2679658732   -2.3137604593 
   0.0000000000   -172.000     -100.000000   0.069278        898.5544    0.0000289032    0.0002969597   55.5921901388   55.2298131538   -2.3130097239 
   0.0000000000   -171.000     -100.000000   0.069198        898.2905    0.0000286041    0.0002906742   55.5500269370   55.1933158377   -2.3122597166 
   0.0000000000   -170.000     -100.000000   0.069120        898.0321    0.0000283108    0.0002845832   55.5095458200   55.1583836180   -2.3115104138 
   0.0000000000   -169.000     -100.000000   0.069044        897.7793    0.0000280232    0.0002786789   55.4706598812   55.1249320826   -2.3107617934 
   0.0000000000   -168.000     -100.000000   0.068969        897.5317    0.0000277411    0.0002729539   55.4332876854   55.0928822713   -2.3100138340 
   0.0000000000   -167.000     -100.000000   0.068896        897.2893    0.0000274644    0.0002674011   55.3973528673   55.0621602685   -2.3092665149 
   0.0000000000   -166.000     -100.000000   0.068824        897.0517    0.0000271929    0.0002620133   55.3627821928   55.0326968329   -2.3085200069 
   0.0000000000   -165.000     -100.000000   0.068753        896.8191    0.0000269265    0.0002567851   55.3295116134   55.0044270575   -2.3077739004 
   0.0000000000   -164.000     -100.000000   0.068685        896.5911    0.0000266651    0.0002517098   55.2974762003   54.9772900583   -2.3070283782 
   0.0000000000   -163.000     -100.000000   0.068617        896.3677    0.0000264085    0.0002467817   55.2666164862   54.9512286889   -2.3062834227 
   0.0000000000   -162.000     -100.000000   0.068551        896.1487    0.0000261565    0.0002419951   55.2368765176   54.9261892800   -2.3055390171 
   0.0000000000   -161.000     -100.000000   0.068486        895.9339    0.0000259092    0.0002373447   55.2082036165   54.9021213990   -2.3047951453 
   0.0000000000   -160.000     -100.000000   0.068423        895.7233    0.0000256663    0.0002328256   55.1805481621   54.8789776310   -2.3040517918 
   0.0000000000   -159.000     -100.000000   0.068361        895.5168    0.0000254278    0.0002284329   55.1538633898   54.8567133770   -2.3033089416 
   0.0000000000   -158.000     -100.000000   0.068299        895.3142    0.0000251935    0.0002241619   55.1281052074   54.8352866702   -2.3025665802 
   0.0000000000   -157.000     -100.000000   0.068240        895.1154    0.0000249633    0.0002200082   55.1032320270   54.8146580071   -2.3018246939 
   0.0000000000   -156.000     -100.000000   0.068181        894.9203    0.0000247372    0.0002159676   55.0792046102   54.7947901931   -2.3010832692 
   0.0000000000   -155.000     -100.000000   0.068123        894.7288    0.0000245150    0.0002120362   55.0559859273   54.7756482023   -2.3003422933 
   0.0000000000   -154.000     -100.000000   0.068066        894.5408    0.0000242966    0.0002082099   55.0335410294   54.7571990498   -2.2996017537 
   0.0000000000   -153.000     -100.000000   0.068011        894.3563    0.0000240820    0.0002044852   55.0118369313   54.7394116754   -2.2988616384 
   0.0000000000   -152.000     -100.000000   0.067956        894.1750    0.0000238710    0.0002008584   54.9908425059   54.7222568397   -2.2981219357 
   0.0000000000   -151.000     -100.000000   0.067903        893.9970    0.0000236635    0.0001973261   54.9705283901   54.7057070298   -2.2973826346 
   0.0000000000   -150.000     -100.000000   0.067850        893.8222    0.0000234595    0.0001938852   54.9508668993   54.6897363768   -2.2966437239 
   0.0000000000   -149.000     -100.000000   0.067798        893.6504    0.0000232590    0.0001905324   54.9318319529   54.6743205818   -2.2959051933 
   0.0000000000   -148.000     -100.000000   0.067748        893.4816    0.0000230617    0.0001872648   54.9133990091   54.6594368534   -2.2951670324 
   0.0000000000   -147.000     -100.000000   0.067698        893.3157    0.0000228676    0.0001840794   54.8955450087   54.6450638528   -2.2944292313 
   0.0000000000   -146.000     -100.000000   0.067649        893.1527    0.0000226768    0.0001809734   54.8782483289   54.6311816503   -2.2936917803 
   0.0000000000   -145.000     -100.000000   0.067600        892.9925    0.0000224889    0.0001779443   54.8614887451   54.6177716901   -2.2929546699 
   0.0000000000   -144.000     -100.000000   0.067553        892.8349    0.0000223042    0.0001749893   54.8452474034   54.6048167647   -2.2922178907 
   0.0000000000   -143.000     -100.000000   0.067506        892.6800    0.0000221223    0.0001721059   54.8295068010   54.5923009996   -2.2914814338 
   0.0000000000   -142.000     -100.000000   0.067461        892.5276    0.0000219433    0.0001692919   54.8142507771   54.5802098467   -2.2907452902 
   0.0000000000   -141.000     -100.000000   0.067416        892.3777    0.0000217672    0.0001665447   54.7994645126   54.5685300882   -2.2900094509 
   0.0000000000   -140.000     -100.000000   0.067371        892.2303    0.0000215938    0.0001638621   54.7851345403   54.5572498510   -2.2892739072 
   0.0000000000   -139.000     -100.000000   0.067328        892.0853    0.0000214231    0.0001612419   54.7712487650   54.5463586311   -2.2885386504 
   0.0000000000   -138.000     -100.000000   0.067285        891.9426    0.0000212550    0.0001586819   54.7577964942   54.5358473293   -2.2878036717 
   0.0000000000   -137.000     -100.000000   0.067243        891.8022    0.0000210896    0.0001561801   54.7447684797   54.5257082984   -2.2870689624 
   0.0000000000   -136.000     -100.000000   0.067201        891.6641    0.0000209266    0.0001537343   54.7321569710   54.5159354020   -2.2863345134 
   0.0000000000   -135.000     -100.000000   0.067160        891.5281    0.0000207662    0.0001513425   54.7199557799   54.5065240859   -2.2856003158 
   0.0000000000   -134.000     -100.000000   0.067120        891.3942    0.0000206081    0.0001490027   54.7081603590   54.4974714629   -2.2848663602 
   0.0000000000   -133.000     -100.000000   0.067081        891.2624    0.0000204525    0.0001467129   54.6967678915   54.4887764107   -2.2841326372 
   0.0000000000   -132.000     -100.000000   0.067042        891.1327    0.0000202992    0.0001444712   54.6857773965   54.4804396847   -2.2833991367 
   0.0000000000   -131.000     -100.000000   0.067003        891.0049    0.0000201482    0.0001422756   54.6751898478   54.4724640458   -2.2826658485 
   0.0000000000   -130.000     -100.000000   0.066966        890.8791    0.0000199995    0.0001401241   54.6650083084   54.4648544039   -2.2819327617 
   0.0000000000   -129.000     -100.000000   0.066929        890.7552    0.0000198530    0.0001380147   54.6552380804   54.4576179788   -2.2811998647 
   0.0000000000   -128.000     -100.000000   0.066892        890.6332    0.0000197087    0.0001359455   54.6458868727   54.4507644774   -2.2804671454 
   0.0000000000   -127.000     -100.000000   0.066856        890.5131    0.0000195666    0.0001339144   54.6369649854   54.4443062913   -2.2797345908 
   0.0000000000   -126.000     -100.000000   0.066820        890.3947    0.0000194265    0.0001319194   54.6284855133   54.4382587117   -2.2790021868 
   0.0000000000   -125.000     -100.000000   0.066785        890.2781    0.0000192886    0.0001299583   54.6204645687   54.4326401663   -2.2782699182 
   0.0000000000   -124.000     -100.000000   0.066751        890.1633    0.0000191528    0.0001280291   54.6129215247   54.4274724765   -2.2775377688 
   0.0000000000   -123.000     -100.000000   0.066717        890.0502    0.0000190191    0.0001261295   54.6058792793   54.4227811376   -2.2768057206 
   0.0000000000   -122.000     -100.000000   0.066684        889.9388    0.0000188874    0.0001242571   54.5993645427   54.4185956218   -2.2760737544 
   0.0000000000   -121.000     -100.000000   0.066651        889.8290    0.0000187577    0.0001224097   54.5934081471   54.4149497059   -2.2753418487 
   0.0000000000   -120.000     -100.000000   0.066619        889.7209    0.0000186300    0.0001205846   54.5880453813   54.4118818243   -2.2746099805 
   0.0000000000   -119.000     -100.000000   0.066587        889.6144    0.0000185044    0.0001187793   54.5833163502   54.4094354484   -2.2738781241 
   0.0000000000   -118.000     -100.000000   0.066555        889.5096    0.0000183808    0.0001169910   54.5792663610   54.4076594937   -2.2731462515 
   0.0000000000   -117.000     -100.000000   0.066524        889.4063    0.0000182592    0.0001152169   54.5759463363   54.4066087552   -2.2724143319 
   0.0000000000   -116.000     -100.000000   0.066494        889.3046    0.0000181396    0.0001134538   54.5734132562   54.4063443723   -2.2716823313 
   0.0000000000   -115.000     -100.000000   0.066464        889.2045    0.0000180221    0.0001116986   54.5717306287   54.4069343247   -2.2709502122 
   0.0000000000   -114.000     -100.000000   0.066434        889.1060    0.0000179066    0.0001099477   54.5709689910   54.4084539593   -2.2702179337 
   0.0000000000   -113.000     -100.000000   0.066405        889.0090    0.0000177932    0.0001081976   54.5712064423   54.4109865500   -2.2694854501 
   0.0000000000   -112.000     -100.000000   0.066377        888.9136    0.0000176819    0.0001064445   54.5725292076   54.4146238907   -2.2687527117 
   0.0000000000   -111.000     -100.000000   0.066349        888.8198    0.0000175728    0.0001046840   54.5750322350   54.4194669221   -2.2680196635 
   0.0000000000   -110.000     -100.000000   0.066321        888.7275    0.0000174658    0.0001029120   54.5788198270   54.4256263941   -2.2672862448 
   0.0000000000   -109.000     -100.000000   0.066294        888.6368    0.0000173611    0.0001011236   54.5840063053   54.4332235636   -2.2665523893 
   0.0000000000   -108.000     -100.000000   0.066267        888.5478    0.0000172586    0.0000993139   54.5907167106   54.4423909277   -2.2658180237 
   0.0000000000   -107.000     -100.000000   0.066241        888.4604    0.0000171586    0.0000974776   54.5990875386   54.4532729943   -2.2650830679 
   0.0000000000   -106.000     -100.000000   0.066215        888.3746    0.0000170609    0.0000956089   54.6092675101   54.4660270890   -2.2643474336 
   0.0000000000   -105.000     -100.000000   0.066190        888.2905    0.0000169658    0.0000937018   54.6214183785   54.4808241992   -2.2636110243 
   0.0000000000   -104.000     -100.000000   0.066166        888.2081    0.0000168732    0.0000917497   54.6357157719   54.4978498542   -2.2628737342 
   0.0000000000   -103.000     -100.000000   0.066142        888.1275    0.0000167834    0.0000897457   54.6523500715   54.5173050425   -2.2621354475 
   0.0000000000   -102.000     -100.000000   0.066118        888.0487    0.0000166964    0.0000876825   54.6715273241   54.5394071639   -2.2613960376 
   0.0000000000   -101.000     -100.000000   0.066095        887.9718    0.0000166123    0.0000855520   54.6934701900   54.5643910171   -2.2606553661 
   0.0000000000   -100.000     -100.000000   0.066073        887.8968    0.0000165313    0.0000833459   54.7184189230   54.5925098198   -2.2599132823 
   0.0000000000    -99.000     -100.000000   0.066051        887.8238    0.0000164536    0.0000810552   54.7466323823   54.6240362605   -2.2591696215 
   0.0000000000    -98.000     -100.000000   0.066030        887.7529    0.0000163792    0.0000786704   54.7783890742   54.6592635802   -2.2584242048 
   0.0000000000    -97.000     -100.000000   0.066009        887.6842    0.0000163084    0.0000761811   54.8139882206   54.6985066793   -2.2576768373 
   0.0000000000    -96.000     -100.000000   0.065989        887.6177    0.0000162414    0.0000735767   54.8537508513   54.7421032483   -2.2569273072 
   0.0000000000    -95.000     -100.000000   0.065970        887.5536    0.0000161784    0.0000708455   54.8980209177   54.7904149166   -2.2561753847 
   0.0000000000    -94.000     -100.000000   0.065952        887.4920    0.0000161196    0.0000679754   54.9471664208   54.8438284156   -2.2554208205 
   0.0000000000    -93.000     -100.000000   0.065934        887.4330    0.0000160652    0.0000649534   55.0015805515   54.9027567485   -2.2546633446 
   0.0000000000    -92.000     -100.000000   0.065917        887.3768    0.0000160156    0.0000617656   55.0616828337   54.9676403623   -2.2539026649 
   0.0000000000    -91.000     -100.000000   0.065901        887.3234    0.0000159709    0.0000583976   55.1279202652   55.0389483112   -2.2531384655 
   0.0000000000    -90.000     -100.000000   0.065886        887.2732    0.0000159316    0.0000548338   55.2007684476   55.1171794039   -2.2523704053 
   0.0000000000    -89.000     -100.000000   0.065872        887.2262    0.0000158979    0.0000510580   55.2807326935   55.2028633233   -2.2515981163 
   0.0000000000    -88.000     -100.000000   0.065859        887.1826    0.0000158702    0.0000470530   55.3683491023   55.2965617058   -2.2508212021 
   0.0000000000    -87.000     -100.000000   0.065847        887.1428    0.0000158488    0.0000428005   55.4641855901   55.3988691667   -2.2500392360 
   0.0000000000    -86.000     -100.000000   0.065836        887.1068    0.0000158342    0.0000382814   55.5688428583   55.5104142550   -2.2492517590 
   0.0000000000    -85.000     -100.000000   0.065827        887.0749    0.0000158268    0.0000334756   55.6829552864   55.6318603195   -2.2484582784 
   0.0000000000    -84.000     -100.000000   0.065819        887.0475    0.0000158270    0.0000283619   55.8071917271   55.7639062646   -2.2476582653 
   0.0000000000    -83.000     -100.000000   0.065812        887.0247    0.0000158353    0.0000229181   55.9422561844   55.9072871743   -2.2468511530 
   0.0000000000    -82.000     -100.000000   0.065807        887.0069    0.0000158523    0.0000171208   56.0888883495   56.0627747768   -2.2460363349 
   0.0000000000    -81.000     -100.000000   0.065803        886.9944    0.0000158784    0.0000109458   56.2478639680   56.2311777208   -2.2452131621 
   0.0000000000    -80.000     -100.000000   0.065801        886.9876    0.0000159143    0.0000043675   56.4199950073   56.4133416310   -2.2443809418 
   0.0000000000    -79.000     -100.000000   0.065801        886.9868    0.0000159604   -0.0000026407   56.6061295929   56.6101489088   -2.2435389348 
   0.0000000000    -78.000     -100.000000   0.065802        886.9924    0.0000160176   -0.0000101063   56.8071516741   56.8225182349   -2.2426863534 
   0.0000000000    -77.000     -100.000000   0.065806        887.0049    0.0000160863   -0.0000180582   57.0239803806   57.0514037349   -2.2418223593 
   0.0000000000    -76.000     -100.000000   0.065812        887.0246    0.0000161674   -0.0000265262   57.2575690235   57.2977937562   -2.2409460615 
   0.0000000000    -75.000     -100.000000   0.065820        887.0521    0.0000162616   -0.0000355411   57.5089036945   57.5627092084   -2.2400565140 
   0.0000000000    -74.000     -100.000000   0.065831        887.0878    0.0000163696   -0.0000451348   57.7790014073   57.8472014091   -2.2391527141 
   0.0000000000    -73.000     -100.000000   0.065844        887.1323    0.0000164923   -0.0000553402   58.0689077281   58.1523493760   -2.2382336001 
   0.0000000000    -72.000     -100.000000   0.065860        887.1862    0.0000166304   -0.0000661908   58.3796938306   58.4792565015   -2.2372980497 
   0.0000000000    -71.000     -100.000000   0.065879        887.2500    0.0000167848   -0.0000777212   58.7124529126   58.8290465425   -2.2363448780 
   0.0000000000    -70.000     -100.000000   0.065901        887.3243    0.0000169566   -0.0000899665   59.0682959047   59.2028588528   -2.2353728361 
   0.0000000000    -69.000     -100.000000   0.065927        887.4099    0.0000171465   -0.0001029626   59.4483463997   59.6018427861   -2.2343806100 
   0.0000000000    -68.000     -100.000000   0.065956        887.5073    0.0000173556   -0.0001167456   59.8537347270   60.0271511918   -2.2333668191 
   0.0000000000    -67.000     -100.000000   0.065989        887.6173    0.0000175848   -0.0001313519   60.2855910959   60.4799329261   -2.2323300155 
   0.0000000000    -66.000     -100.000000   0.066026        887.7407    0.0000178353   -0.0001468181   60.7450377312   60.9613243035   -2.2312686840 
   0.0000000000    -65.000     -100.000000   0.066067        887.8782    0.0000181080   -0.0001631805   61.2331799234   61.4724394092   -2.2301812413 
   0.0000000000    -64.000     -100.000000   0.066113        888.0307    0.0000184040   -0.0001804748   61.7510959191   62.0143592043   -2.2290660373 
   0.0000000000    -63.000     -100.000000   0.066163        888.1991    0.0000187245   -0.0001987364   62.2998255826   62.5881193550   -2.2279213555 
   0.0000000000    -62.000     -100.000000   0.066218        888.3841    0.0000190705   -0.0002179993   62.8803577645   63.1946967300   -2.2267454149 
   0.0000000000    -61.000     -100.000000   0.066279        888.5867    0.0000194432   -0.0002382960   63.4936163249   63.8349945209   -2.2255363724 
   0.0000000000    -60.000     -100.000000   0.066345        888.8079    0.0000198436   -0.0002596573   64.1404447709   64.5098259560   -2.2242923256 
   0.0000000000    -59.000     -100.000000   0.066417        889.0486    0.0000202730   -0.0002821115   64.8215894865   65.2198965989   -2.2230113170 
   0.0000000000    -58.000     -100.000000   0.066495        889.3098    0.0000207323   -0.0003056841   65.5376815546   65.9657852480   -2.2216913391 
   0.0000000000    -57.000     -100.000000   0.066580        889.5926    0.0000212227   -0.0003303970   66.2892171981   66.7479234848   -2.2203303400 
   0.0000000000    -56.000     -100.000000   0.066672        889.8980    0.0000217452   -0.0003562682   67.0765368983   67.5665739525   -2.2189262310 
   0.0000000000    -55.000     -100.000000   0.066770        890.2270    0.0000223008   -0.0003833105   67.8998032932   68.4218074943   -2.2174768948 
   0.0000000000    -54.000     -100.000000   0.066876        890.5808    0.0000228904   -0.0004115316   68.7589779947   69.3134793236   -2.2159801954 
   0.0000000000    -53.000     -100.000000   0.066990        890.9604    0.0000235150   -0.0004409324   69.6537975258   70.2412044624   -2.2144339893 
   0.0000000000    -52.000     -100.000000   0.067112        891.3668    0.0000241752   -0.0004715068   70.5837486306   71.2043327388   -2.2128361385 
   0.0000000000    -51.000     -100.000000   0.067242        891.8013    0.0000248718   -0.0005032407   71.5480432797   72.2019237101   -2.2111845244 
   0.0000000000    -50.000     -100.000000   0.067382        892.2648    0.0000256053   -0.0005361105   72.5455937630   73.2327219479   -2.2094770644 
   0.0000000000    -49.000     -100.000000   0.067530        892.7583    0.0000263761   -0.0005700830   73.5749883398   74.2951332008   -2.2077117293 
   0.0000000000    -48.000     -100.000000   0.067688        893.2830    0.0000271843   -0.0006051136   74.6344679957   75.3872020312   -2.2058865628 
   0.0000000000    -47.000     -100.000000   0.067855        893.8397    0.0000280300   -0.0006411459   75.7219049369   76.5065915990   -2.2039997031 
   0.0000000000    -46.000     -100.000000   0.068033        894.4294    0.0000289131   -0.0006781103   76.8347835328   77.6505663442   -2.2020494048 
   0.0000000000    -45.000     -100.000000   0.068221        895.0530    0.0000298330   -0.0007159231   77.9701844912   78.8159783831   -2.2000340640 
   0.0000000000    -44.000     -100.000000   0.068419        895.7112    0.0000307890   -0.0007544860   79.1247731176   79.9992584913   -2.1979522439 
   0.0000000000    -43.000     -100.000000   0.068629        896.4049    0.0000317803   -0.0007936873   80.2948348741   81.1964596323   -2.1958023998 
   0.0000000000    -42.000     -100.000000   0.068849        897.1344    0.0000328053   -0.0008333922   81.4761128692   82.4030801117   -2.1935840578 
   0.0000000000    -41.000     -100.000000   0.069080        897.9003    0.0000338623   -0.0008734557   82.6640460915   83.6143319299   -2.1912961890 
   0.0000000000    -40.000     -100.000000   0.069323        898.7030    0.0000349495   -0.0009137134   83.8536345133   84.8249939080   -2.1889382976 
   0.0000000000    -39.000     -100.000000   0.069577        899.5427    0.0000360642   -0.0009539842   85.0394971622   86.0294786602   -2.1865101933 
   0.0000000000    -38.000     -100.000000   0.069843        900.4193    0.0000372038   -0.0009940701   86.2159037257   87.2218693150   -2.1840120186 
   0.0000000000    -37.000     -100.000000   0.070120        901.3328    0.0000383649   -0.0010337573   87.3768159817   88.3959661062   -2.1814442736 
   0.0000000000    -36.000     -100.000000   0.070409        902.2827    0.0000395438   -0.0010728168   88.5159393623   89.5453429707   -2.1788078396 
   0.0000000000    -35.000     -100.000000   0.070708        903.2685    0.0000407365   -0.0011110066   89.6267846812   90.6634139740   -2.1761039983 
   0.0000000000    -34.000     -100.000000   0.071019        904.2895    0.0000419386   -0.0011480729   90.7027397202   91.7435090309   -2.1733344482 
   0.0000000000    -33.000     -100.000000   0.071340        905.3445    0.0000431452   -0.0011837533   91.7371499729   92.7789580015   -2.1705013158 
   0.0000000000    -32.000     -100.000000   0.071672        906.4324    0.0000443510   -0.0012177795   92.7234074512   93.7631818161   -2.1676071618 
   0.0000000000    -31.000     -100.000000   0.072014        907.5517    0.0000455508   -0.0012498807   93.6550459847   94.6897888788   -2.1646549805 
   0.0000000000    -30.000     -100.000000   0.072365        908.7005    0.0000467386   -0.0012797875   94.5258410524   95.5526745909   -2.1616481933 
   0.0000000000    -29.000     -100.000000   0.072726        909.8770    0.0000479089   -0.0013072399   95.3299452091   96.3461606443   -2.1585901806 
   0.0000000000    -28.000     -100.000000   0.073094        911.0787    0.0000490554   -0.0013319776   96.0618559328   97.0649374236   -2.1554860003 
   0.0000000000    -27.000     -100.000000   0.073470        912.3032    0.0000501722   -0.0013537652   96.7167119273   97.7043873631   -2.1523398539 
   0.0000000000    -26.000     -100.000000   0.073853        913.5479    0.0000512534   -0.0013723837   97.2902536521   98.2605184474   -2.1491566559 
   0.0000000000    -25.000     -100.000000   0.074241        914.8097    0.0000522933   -0.0013876379   97.7789367908   98.7300751078   -2.1459416041 
   0.0000000000    -24.000     -100.000000   0.074634        916.0857    0.0000532864   -0.0013993613   98.1800008147   99.1105983094   -2.1427001302 
   0.0000000000    -23.000     -100.000000   0.075032        917.3725    0.0000542278   -0.0014074194   98.4915221856   99.4004697307   -2.1394378448 
   0.0000000000    -22.000     -100.000000   0.075432        918.6668    0.0000551128   -0.0014117128   98.7124500368   99.5989383237   -2.1361604789 
   0.0000000000    -21.000     -100.000000   0.075834        919.9652    0.0000559375   -0.0014121799   98.8426228606   99.7061281989   -2.1328738221 
   0.0000000000    -20.000     -100.000000   0.076236        921.2640    0.0000566984   -0.0014087981   98.8827654104   99.7230275001   -2.1295836598 
   0.0000000000    -19.000     -100.000000   0.076638        922.5598    0.0000573928   -0.0014015846   98.8344658652   99.6514586941   -2.1262957105 
   0.0000000000    -18.000     -100.000000   0.077039        923.8489    0.0000580189   -0.0013905958   98.7001340937   99.4940314377   -2.1230155649 
   0.0000000000    -17.000     -100.000000   0.077437        925.1280    0.0000585752   -0.0013759260   98.4829426374   99.2540798589   -2.1197486289 
   0.0000000000    -16.000     -100.000000   0.077832        926.3937    0.0000590616   -0.0013577050   98.1867526973   98.9355866533   -2.1165000707 
   0.0000000000    -15.000     -100.000000   0.078222        927.6425    0.0000594782   -0.0013360950   97.8160279682   98.5430968233   -2.1132747737 
   0.0000000000    -14.000     -100.000000   0.078606        928.8715    0.0000598260   -0.0013112868   97.3757395070   98.0816241465   -2.1100772969 
   0.0000000000    -13.000     -100.000000   0.078983        930.0776    0.0000601068   -0.0012834955   96.8712650381   97.5565535520   -2.1069118417 
   0.0000000000    -12.000     -100.000000   0.079353        931.2581    0.0000603230   -0.0012529558   96.3082860752   96.9735425085   -2.1037822274 
   0.0000000000    -11.000     -100.000000   0.079715        932.4105    0.0000604772   -0.0012199169   95.6926860690   96.3384243086   -2.1006918737 
   0.0000000000    -10.000     -100.000000   0.080068        933.5325    0.0000605731   -0.0011846384   95.0303740509   95.6570423694   -2.0976432098 
   0.0000000000     -9.000     -100.000000   0.080410        934.6218    0.0000606140   -0.0011473838   94.3274994065   94.9354509065   -2.0946399774 
   0.0000000000     -8.000     -100.000000   0.080742        935.6767    0.0000606040   -0.0011084187   93.5899207804   94.1794192447   -2.0916838107 
   0.0000000000     -7.000     -100.000000   0.081064        936.6956    0.0000605474   -0.0010680048   92.8234232205   93.3946346546   -2.0887765050 
   0.0000000000     -6.000     -100.000000   0.081373        937.6771    0.0000604484   -0.0010263971   92.0335846530   92.5865784416   -2.0859194734 
   0.0000000000     -5.000     -100.000000   0.081671        938.6201    0.0000603116   -0.0009838405   91.2257240110   91.7604781063   -2.0831137658 
   0.0000000000     -4.000     -100.000000   0.081957        939.5238    0.0000601412   -0.0009405677   90.4048602921   90.9212696413   -2.0803600914 
   0.0000000000     -3.000     -100.000000   0.082230        940.3873    0.0000599416   -0.0008967970   89.5756821157   90.0735695125   -2.0776588432 
   0.0000000000     -2.000     -100.000000   0.082491        941.2103    0.0000597170   -0.0008527312   88.7425270567   89.2216556302   -2.0750101238 
   0.0000000000     -1.000     -100.000000   0.082739        941.9925    0.0000594714   -0.0008085562   87.9093698314   88.3694564427   -2.0724137728 
   0.0000000000      0.000     -100.000000   0.082974        942.7336    0.0000592087   -0.0007644408   87.0798182825   87.5205471869   -2.0698693939 
   0.0000000000      1.000     -100.000000   0.083197        943.4338    0.0000589326   -0.0007205366   86.2571160380   86.6781522731   -2.0673763811 
   0.0000000000      2.000     -100.000000   0.083406        944.0932    0.0000586463   -0.0006769781   85.4441507228   85.8451527909   -2.0649339449 
   0.0000000000      3.000     -100.000000   0.083603        944.7122    0.0000583532   -0.0006338834   84.6434666397   85.0240981525   -2.0625411375 
   0.0000000000      4.000     -100.000000   0.083787        945.2911    0.0000580560   -0.0005913543   83.8572808963   84.2172209607   -2.0601968753 
   0.0000000000      5.000     -100.000000   0.083959        945.8304    0.0000577576   -0.0005494781   83.0875020678   83.4264542678   -2.0578999616 
   0.0000000000      6.000     -100.000000   0.084118        946.3307    0.0000574602   -0.0005083275   82.3357505720   82.6534504912   -2.0556491060 
   0.0000000000      7.000     -100.000000   0.084266        946.7927    0.0000571661   -0.0004679624   81.6033800610   81.8996013426   -2.0534429432 
   0.0000000000      8.000     -100.000000   0.084401        947.2170    0.0000568773   -0.0004284307   80.8914992360   81.1660582348   -2.0512800493 
   0.0000000000      9.000     -100.000000   0.084525        947.6046    0.0000565954   -0.0003897693   80.2009936047   80.4537527172   -2.0491589571 
   0.0000000000     10.000     -100.000000   0.084637        947.9560    0.0000563221   -0.0003520053   79.5325467899   79.7634165794   -2.0470781689 
   0.0000000000     11.000     -100.000000   0.084738        948.2722    0.0000560586   -0.0003151570   78.8866610974   79.0956013425   -2.0450361686 
   0.0000000000     12.000     -100.000000   0.084828        948.5540    0.0000558062   -0.0002792348   78.2636771191   78.4506969260   -2.0430314317 
   0.0000000000     13.000     -100.000000   0.084907        948.8022    0.0000555658   -0.0002442423   77.6637922176   77.8289493353   -2.0410624341 
   0.0000000000     14.000     -100.000000   0.084976        949.0177    0.0000553383   -0.0002101769   77.0870777958   77.2304772703   -2.0391276599 
   0.0000000000     15.000     -100.000000   0.085035        949.2014    0.0000551245   -0.0001770308   76.5334952960   76.6552875936   -2.0372256077 
   0.0000000000     16.000     -100.000000   0.085083        949.3540    0.0000549250   -0.0001447919   76.0029109142   76.1032896322   -2.0353547961 
   0.0000000000     17.000     -100.000000   0.085122        949.4766    0.0000547403   -0.0001134440   75.4951090417   75.5743083148   -2.0335137682 
   0.0000000000     18.000     -100.000000   0.085152        949.5697    0.0000545707   -0.0000829681   75.0098044685   75.0680961665   -2.0317010953 
   0.0000000000     19.000     -100.000000   0.085173        949.6344    0.0000544166   -0.0000533420   74.5466533992   74.5843442001   -2.0299153796 
   0.0000000000     20.000     -100.000000   0.085185        949.6713    0.0000542784   -0.0000245419   74.1052633450   74.1226917532   -2.0281552571 
   0.0000000000     21.000     -100.000000   0.085188        949.6812    0.0000541560    0.0000034582   73.6852019579   73.6827353291   -2.0264193985 
   0.0000000000     22.000     -100.000000   0.085183        949.6649    0.0000540498    0.0000306854   73.2860048842   73.2640365057   -2.0247065113 
   0.0000000000     23.000     -100.000000   0.085169        949.6232    0.0000539598    0.0000571679   72.9071827099   72.8661289749   -2.0230153399 
   0.0000000000     24.000     -100.000000   0.085148        949.5566    0.0000538859    0.0000829345   72.5482270744   72.4885247830   -2.0213446668 
   0.0000000000     25.000     -100.000000   0.085119        949.4659    0.0000538283    0.0001080146   72.2086160232   72.1307198323   -2.0196933120 
   0.0000000000     26.000     -100.000000   0.085083        949.3517    0.0000537869    0.0001324377   71.8878186734   71.7921987124   -2.0180601335 
   0.0000000000     27.000     -100.000000   0.085039        949.2146    0.0000537616    0.0001562336   71.5852992551   71.4724389186   -2.0164440266 
   0.0000000000     28.000     -100.000000   0.084988        949.0552    0.0000537524    0.0001794316   71.3005205924   71.1709145171   -2.0148439237 
   0.0000000000     29.000     -100.000000   0.084930        948.8742    0.0000537592    0.0002020612   71.0329470843   70.8870993110   -2.0132587933 
   0.0000000000     30.000     -100.000000   0.084865        948.6719    0.0000537820    0.0002241512   70.7820472365   70.6204695572   -2.0116876395 
   0.0000000000     31.000     -100.000000   0.084794        948.4490    0.0000538205    0.0002457301   70.5472957946   70.3705062825   -2.0101295010 
   0.0000000000     32.000     -100.000000   0.084716        948.2059    0.0000538747    0.0002668259   70.3281755252   70.1366972401   -2.0085834503 
   0.0000000000     33.000     -100.000000   0.084633        947.9431    0.0000539446    0.0002874658   70.1241786853   69.9185385487   -2.0070485924 
   0.0000000000     34.000     -100.000000   0.084543        947.6611    0.0000540298    0.0003076765   69.9348082158   69.7155360483   -2.0055240640 
   0.0000000000     35.000     -100.000000   0.084447        947.3601    0.0000541305    0.0003274843   69.7595786957   69.5272064063   -2.0040090324 
   0.0000000000     36.000     -100.000000   0.084345        947.0407    0.0000542464    0.0003469142   69.5980170840   69.3530780039   -2.0025026942 
   0.0000000000     37.000     -100.000000   0.084237        946.7031    0.0000543775    0.0003659910   69.4496632795   69.1926916290   -2.0010042745 
   0.0000000000     38.000     -100.000000   0.084124        946.3478    0.0000545236    0.0003847386   69.3140705204   69.0456010011   -1.9995130256 
   0.0000000000     39.000     -100.000000   0.084005        945.9750    0.0000546846    0.0004031800   69.1908056456   68.9113731472   -1.9980282260 
   0.0000000000     40.000     -100.000000   0.083881        945.5851    0.0000548605    0.0004213377   69.0794492381   68.7895886511   -1.9965491790 
   0.0000000000     41.000     -100.000000   0.083751        945.1783    0.0000550511    0.0004392333   68.9795956662   68.6798417915   -1.9950752122 
   0.0000000000     42.000     -100.000000   0.083617        944.7549    0.0000552565    0.0004568877   68.8908530376   68.5817405845   -1.9936056761 
   0.0000000000     43.000     -100.000000   0.083477        944.3151    0.0000554765    0.0004743212   68.8128430808   68.4949067444   -1.9921399432 
   0.0000000000     44.000     -100.000000   0.083332        943.8591    0.0000557111    0.0004915534   68.7452009636   68.4189755754   -1.9906774067 
   0.0000000000     45.000     -100.000000   0.083182        943.3872    0.0000559601    0.0005086029   68.6875750600   68.3535958035   -1.9892174801 
   0.0000000000     46.000     -100.000000   0.083027        942.8995    0.0000562237    0.0005254880   68.6396266759   68.2984293592   -1.9877595959 
   0.0000000000     47.000     -100.000000   0.082867        942.3963    0.0000565017    0.0005422262   68.6010297365   68.2531511187   -1.9863032046 
   0.0000000000     48.000     -100.000000   0.082703        941.8776    0.0000567942    0.0005588344   68.5714704494   68.2174486118   -1.9848477742 
   0.0000000000     49.000     -100.000000   0.082533        941.3436    0.0000571010    0.0005753287   68.5506469429   68.1910217006   -1.9833927891 
   0.0000000000     50.000     -100.000000   0.082359        940.7944    0.0000574223    0.0005917249   68.5382688873   68.1735822371   -1.9819377493 
   0.0000000000     51.000     -100.000000   0.082181        940.2302    0.0000577579    0.0006080381   68.5340571052   68.1648537034   -1.9804821697 
   0.0000000000     52.000     -100.000000   0.081997        939.6511    0.0000581080    0.0006242827   68.5377431707   68.1645708377   -1.9790255795 
   0.0000000000     53.000     -100.000000   0.081809        939.0570    0.0000584726    0.0006404728   68.5490690054   68.1724792519   -1.9775675212 
   0.0000000000     54.000     -100.000000   0.081617        938.4482    0.0000588516    0.0006566218   68.5677864684   68.1883350417   -1.9761075500 
   0.0000000000     55.000     -100.000000   0.081420        937.8246    0.0000592452    0.0006727426   68.5936569487   68.2119043933   -1.9746452334 
   0.0000000000     56.000     -100.000000   0.081218        937.1864    0.0000596533    0.0006888478   68.6264509587   68.2429631879   -1.9731801503 
   0.0000000000     57.000     -100.000000   0.081012        936.5334    0.0000600761    0.0007049494   68.6659477284   68.2812966073   -1.9717118904 
   0.0000000000     58.000     -100.000000   0.080802        935.8659    0.0000605135    0.0007210589   68.7119348075   68.3266987406   -1.9702400539 
   0.0000000000     59.000     -100.000000   0.080587        935.1838    0.0000609657    0.0007371874   68.7642076714   68.3789721941   -1.9687642508 
   0.0000000000     60.000     -100.000000   0.080368        934.4871    0.0000614328    0.0007533456   68.8225693337   68.4379277060   -1.9672841004 
   0.0000000000     61.000     -100.000000   0.080144        933.7758    0.0000619148    0.0007695439   68.8868299677   68.5033837659   -1.9657992306 
   0.0000000000     62.000     -100.000000   0.079916        933.0499    0.0000624118    0.0007857921   68.9568065342   68.5751662401   -1.9643092780 
   0.0000000000     63.000     -100.000000   0.079683        932.3094    0.0000629240    0.0008020998   69.0323224196   68.6531080034   -1.9628138870 
   0.0000000000     64.000     -100.000000   0.079446        931.5543    0.0000634514    0.0008184761   69.1132070809   68.7370485782   -1.9613127094 
   0.0000000000     65.000     -100.000000   0.079205        930.7845    0.0000639941    0.0008349297   69.1992957016   68.8268337798   -1.9598054044 
   0.0000000000     66.000     -100.000000   0.078959        929.9999    0.0000645523    0.0008514692   69.2904288566   68.9223153704   -1.9582916378 
   0.0000000000     67.000     -100.000000   0.078709        929.2007    0.0000651261    0.0008681026   69.3864521852   69.0233507196   -1.9567710819 
   0.0000000000     68.000     -100.000000   0.078455        928.3869    0.0000657155    0.0008848352   69.4871811262   69.1297597426   -1.9552430858 
   0.0000000000     69.000     -100.000000   0.078195        927.5579    0.0000663208    0.0009016793   69.5925386791   69.2414931411   -1.9537079783 
   0.0000000000     70.000     -100.000000   0.077932        926.7141    0.0000669421    0.0009186395   69.7023504826   69.3583826034   -1.9521651334 
   0.0000000000     71.000     -100.000000   0.077664        925.8553    0.0000675796    0.0009357228   69.8164793605   69.4803046767   -1.9506142461 
   0.0000000000     72.000     -100.000000   0.077392        924.9814    0.0000682333    0.0009529355   69.9347917151   69.6071399326   -1.9490550167 
   0.0000000000     73.000     -100.000000   0.077115        924.0923    0.0000689035    0.0009702840   70.0571572559   69.7387726721   -1.9474871503 
   0.0000000000     74.000     -100.000000   0.076834        923.1881    0.0000695902    0.0009877739   70.1834487408   69.8750906387   -1.9459103567 
   0.0000000000     75.000     -100.000000   0.076548        922.2685    0.0000702936    0.0010054110   70.3135417255   70.0159847373   -1.9443243500 
   0.0000000000     76.000     -100.000000   0.076258        921.3335    0.0000710139    0.0010232005   70.4473143190   70.1613487604   -1.9427288488 
   0.0000000000     77.000     -100.000000   0.075963        920.3830    0.0000717513    0.0010411472   70.5846469526   70.3110791211   -1.9411235761 
   0.0000000000     78.000     -100.000000   0.075664        919.4170    0.0000725058    0.0010592560   70.7254221536   70.4650745917   -1.9395082586 
   0.0000000000     79.000     -100.000000   0.075360        918.4352    0.0000732776    0.0010775310   70.8695243304   70.6232360487   -1.9378826272 
   0.0000000000     80.000     -100.000000   0.075052        917.4376    0.0000740670    0.0010959764   71.0168395630   70.7854662241   -1.9362464166 
   0.0000000000     81.000     -100.000000   0.074739        916.4242    0.0000748739    0.0011145959   71.1672554055   70.9516694620   -1.9345993656 
   0.0000000000     82.000     -100.000000   0.074421        915.3947    0.0000756987    0.0011333928   71.3206606948   71.1217514811   -1.9329412164 
   0.0000000000     83.000     -100.000000   0.074099        914.3491    0.0000765414    0.0011523703   71.4769453662   71.2956191429   -1.9312717152 
   0.0000000000     84.000     -100.000000   0.073772        913.2873    0.0000774022    0.0011715310   71.6360002809   71.4731802252   -1.9295906118 
   0.0000000000     85.000     -100.000000   0.073441        912.2091    0.0000782812    0.0011908774   71.7977170578   71.6543432006   -1.9278976600 
   0.0000000000     86.000     -100.000000   0.073105        911.1146    0.0000791786    0.0012104116   71.9619879167   71.8390170211   -1.9261926171 
   0.0000000000     87.000     -100.000000   0.072764        910.0034    0.0000800945    0.0012301353   72.1287055265   72.0271109071   -1.9244752443 
   0.0000000000     88.000     -100.000000   0.072419        908.8756    0.0000810290    0.0012500498   72.2977628631   72.2185341422   -1.9227453067 
   0.0000000000     89.000     -100.000000   0.072069        907.7311    0.0000819822    0.0012701562   72.4690530769   72.4131958734   -1.9210025734 
   0.0000000000     90.000     -100.000000   0.071714        906.5696    0.0000829543    0.0012904550   72.6424693627   72.6110049159   -1.9192468175 
   0.0000000000     91.000     -100.000000   0.071354        905.3912    0.0000839453    0.0013109465   72.8179048462   72.8118695641   -1.9174778162 
   0.0000000000     92.000     -100.000000   0.070990        904.1957    0.0000849554    0.0013316306   72.9952524713   73.0156974081   -1.9156953510 
   0.0000000000     93.000     -100.000000   0.070621        902.9833    0.0000859844    0.0013525023   73.1743683031   73.2223431837   -1.9138989375 
   0.0000000000     94.000     -100.000000   0.070248        901.7534    0.0000870328    0.0013735688   73.3552151804   73.4318123510   -1.9120888911 
   0.0000000000     95.000     -100.000000   0.069869        900.5060    0.0000881005    0.0013948248   73.5376507358   73.6439611151   -1.9102647516 
   0.0000000000     96.000     -100.000000   0.069486        899.2412    0.0000891875    0.0014162685   73.7215662220   73.8586924797   -1.9084263190 
   0.0000000000     97.000     -100.000000   0.069098        897.9589    0.0000902939    0.0014378974   73.9068522802   74.0759079077   -1.9065733989 
   0.0000000000     98.000     -100.000000   0.068705        896.6588    0.0000914197    0.0014597088   74.0933988751   74.2955071746   -1.9047058021 
   0.0000000000     99.000     -100.000000   0.068307        895.3411    0.0000925648    0.0014816994   74.2810952433   74.5173882293   -1.9028233449 
   0.0000000000    100.000     -100.000000   0.067905        894.0055    0.0000937293    0.0015038656   74.4698298514   74.7414470626   -1.9009258500 
   0.0000000000    101.000     -100.000000   0.067498        892.6521    0.0000949132    0.0015262029   74.6594903525   74.9675775849   -1.8990131458 
   0.0000000000    102.000     -100.000000   0.067086        891.2807    0.0000961164    0.0015487068   74.8499635666   75.1956715124   -1.8970850677 
   0.0000000000    103.000     -100.000000   0.066669        889.8913    0.0000973389    0.0015713718   75.0411354555   75.4256182652   -1.8951414578 
   0.0000000000    104.000     -100.000000   0.066248        888.4839    0.0000985805    0.0015941923   75.2328911168   75.6573048753   -1.8931821653 
   0.0000000000    105.000     -100.000000   0.065822        887.0584    0.0000998413    0.0016171618   75.4251147795   75.8906159096   -1.8912070472 
   0.0000000000    106.000     -100.000000   0.065391        885.6148    0.0001011210    0.0016402736   75.6176898185   76.1254334082   -1.8892159684 
   0.0000000000    107.000     -100.000000   0.064955        884.1530    0.0001024195    0.0016635203   75.8104987746   76.3616368433   -1.8872088023 
   0.0000000000    108.000     -100.000000   0.064515        882.6735    0.0001037363    0.0016868881   76.0033851720   76.5990417962   -1.8851851950 
   0.0000000000    109.000     -100.000000   0.064070        881.1754    0.0001050719    0.0017103792   76.1963009517   76.8376357038   -1.8831454800 
   0.0000000000    110.000     -100.000000   0.063621        879.6591    0.0001064258    0.0017339795   76.3890923583   77.0772361264   -1.8810893465 
   0.0000000000    111.000     -100.000000   0.063167        878.1247    0.0001077978    0.0017576795   76.5816387274   77.3177116767   -1.8790167051 
   0.0000000000    112.000     -100.000000   0.062708        876.5721    0.0001091876    0.0017814691   76.7738190843   77.5589289139   -1.8769274791 
   0.0000000000    113.000     -100.000000   0.062245        875.0013    0.0001105950    0.0018053384   76.9655152385   77.8007575344   -1.8748216229 
   0.0000000000    114.000     -100.000000   0.061777        873.4127    0.0001120194    0.0018292716   77.1565764046   78.0430103226   -1.8726989158 
   0.0000000000    115.000     -100.000000   0.061305        871.8062    0.0001134606    0.0018532595   77.3468949536   78.2855706951   -1.8705594057 
   0.0000000000    116.000     -100.000000   0.060829        870.1815    0.0001149187    0.0018772939   77.5363709356   78.5283349352   -1.8684031955 
   0.0000000000    117.000     -100.000000   0.060348        868.5390    0.0001163931    0.0019013595   77.7248627636   78.7711260960   -1.8662301636 
   0.0000000000    118.000     -100.000000   0.059863        866.8786    0.0001178833    0.0019254430   77.9122443151   79.0137917707   -1.8640402934 
   0.0000000000    119.000     -100.000000   0.059373        865.2006    0.0001193891    0.0019495306   78.0983892048   79.2561772935   -1.8618335824 
   0.0000000000    120.000     -100.000000   0.058880        863.5050    0.0001209100    0.0019736081   78.2831701189   79.4981245489   -1.8596100381 
   0.0000000000    121.000     -100.000000   0.058382        861.7925    0.0001224451    0.0019976548   78.4664274671   79.7394136657   -1.8573695090 
   0.0000000000    122.000     -100.000000   0.057881        860.0623    0.0001239948    0.0020216683   78.6480986760   79.9800025481   -1.8551123862 
   0.0000000000    123.000     -100.000000   0.057375        858.3150    0.0001255585    0.0020456279   78.8280273616   80.2196749953   -1.8528385649 
   0.0000000000    124.000     -100.000000   0.056866        856.5507    0.0001271355    0.0020695185   79.0060862086   80.4582666825   -1.8505481145 
   0.0000000000    125.000     -100.000000   0.056353        854.7697    0.0001287256    0.0020933248   79.1821479967   80.6956121768   -1.8482411211 
   0.0000000000    126.000     -100.000000   0.055836        852.9722    0.0001303282    0.0021170314   79.3560860531   80.9315460542   -1.8459176891 
