  #sigma_s    Temp(C) Press(Mpa) p_meanfield density (kg/m^3)      kappa      alpha Cp(J/molK) Cv(J/molK)  mu(J/mol)
   0.0000000000   -173.000      150.000000   0.254018        956.4588    0.0000194500    0.0007325902   60.0457263519   55.3175735310   -2.0733686551 
   0.0000000000   -172.000      150.000000   0.253794        955.7631    0.0000194322    0.0007227442   59.9531351429   55.2878277580   -2.0723680411 
   0.0000000000   -171.000      150.000000   0.253574        955.0772    0.0000194149    0.0007129208   59.8635579994   55.2609831411   -2.0713709454 
   0.0000000000   -170.000      150.000000   0.253356        954.4013    0.0000193984    0.0007031121   59.7769996591   55.2371068343   -2.0703772842 
   0.0000000000   -169.000      150.000000   0.253142        953.7351    0.0000193833    0.0006933086   59.6934797839   55.2162896096   -2.0693869690 
   0.0000000000   -168.000      150.000000   0.252932        953.0788    0.0000193702    0.0006835002   59.6130312560   55.1986429631   -2.0683999056 
   0.0000000000   -167.000      150.000000   0.252724        952.4323    0.0000193597    0.0006736745   59.5357053046   55.1843074673   -2.0674159938 
   0.0000000000   -166.000      150.000000   0.252520        951.7956    0.0000193525    0.0006638185   59.4615666977   55.1734452105   -2.0664351271 
   0.0000000000   -165.000      150.000000   0.252319        951.1686    0.0000193492    0.0006539170   59.3906987049   55.1662479907   -2.0654571916 
   0.0000000000   -164.000      150.000000   0.252122        950.5516    0.0000193507    0.0006439538   59.3232014054   55.1629337937   -2.0644820655 
   0.0000000000   -163.000      150.000000   0.251927        949.9444    0.0000193576    0.0006339104   59.2591949482   55.1637530649   -2.0635096185 
   0.0000000000   -162.000      150.000000   0.251736        949.3473    0.0000193711    0.0006237670   59.1988177220   55.1689859366   -2.0625397109 
   0.0000000000   -161.000      150.000000   0.251549        948.7601    0.0000193919    0.0006135014   59.1422297713   55.1789463000   -2.0615721923 
   0.0000000000   -160.000      150.000000   0.251364        948.1832    0.0000194211    0.0006030897   59.0896131131   55.1939841147   -2.0606069013 
   0.0000000000   -159.000      150.000000   0.251184        947.6165    0.0000194599    0.0005925056   59.0411726316   55.2144853586   -2.0596436638 
   0.0000000000   -158.000      150.000000   0.251006        947.0603    0.0000195095    0.0005817205   58.9971386358   55.2408767985   -2.0586822920 
   0.0000000000   -157.000      150.000000   0.250832        946.5147    0.0000195711    0.0005707034   58.9577670663   55.2736261107   -2.0577225833 
   0.0000000000   -156.000      150.000000   0.250662        945.9800    0.0000196461    0.0005594205   58.9233421809   55.3132457126   -2.0567643187 
   0.0000000000   -155.000      150.000000   0.250495        945.4564    0.0000197362    0.0005478352   58.8941770721   55.3602939680   -2.0558072614 
   0.0000000000   -154.000      150.000000   0.250332        944.9442    0.0000198429    0.0005359080   58.8706163404   55.4153788812   -2.0548511551 
   0.0000000000   -153.000      150.000000   0.250173        944.4437    0.0000199681    0.0005235959   58.8530374004   55.4791602187   -2.0538957222 
   0.0000000000   -152.000      150.000000   0.250018        943.9553    0.0000201136    0.0005108526   58.8418531711   55.5523533929   -2.0529406619 
   0.0000000000   -151.000      150.000000   0.249866        943.4794    0.0000202815    0.0004976280   58.8375137553   55.6357320350   -2.0519856482 
   0.0000000000   -150.000      150.000000   0.249719        943.0165    0.0000204741    0.0004838678   58.8405076853   55.7301295279   -2.0510303277 
   0.0000000000   -149.000      150.000000   0.249577        942.5670    0.0000206939    0.0004695136   58.8513659783   55.8364450118   -2.0500743170 
   0.0000000000   -148.000      150.000000   0.249438        942.1316    0.0000209434    0.0004545022   58.8706631728   55.9556449204   -2.0491172002 
   0.0000000000   -147.000      150.000000   0.249305        941.7108    0.0000212254    0.0004387653   58.8990203751   56.0887669167   -2.0481585259 
   0.0000000000   -146.000      150.000000   0.249176        941.3054    0.0000215432    0.0004222290   58.9371080714   56.2369242739   -2.0471978043 
   0.0000000000   -145.000      150.000000   0.249053        940.9162    0.0000219001    0.0004048137   58.9856481612   56.4013080929   -2.0462345039 
   0.0000000000   -144.000      150.000000   0.248935        940.5439    0.0000222996    0.0003864332   59.0454173863   56.5831921852   -2.0452680477 
   0.0000000000   -143.000      150.000000   0.248823        940.1896    0.0000227457    0.0003669941   59.1172504181   56.7839370787   -2.0442978094 
   0.0000000000   -142.000      150.000000   0.248717        939.8542    0.0000232428    0.0003463954   59.2020421480   57.0049928241   -2.0433231090 
   0.0000000000   -141.000      150.000000   0.248617        939.5388    0.0000237955    0.0003245277   59.3007516415   57.2479039822   -2.0423432083 
   0.0000000000   -140.000      150.000000   0.248524        939.2448    0.0000244090    0.0003012723   59.4144046765   57.5143126025   -2.0413573056 
   0.0000000000   -139.000      150.000000   0.248438        938.9733    0.0000250886    0.0002765000   59.5440978962   57.8059630663   -2.0403645307 
   0.0000000000   -138.000      150.000000   0.248360        938.7260    0.0000258407    0.0002500706   59.6910018242   58.1247054132   -2.0393639381 
   0.0000000000   -137.000      150.000000   0.248290        938.5044    0.0000266717    0.0002218313   59.8563638851   58.4724978497   -2.0383545009 
   0.0000000000   -136.000      150.000000   0.248228        938.3102    0.0000275891    0.0001916152   60.0415131301   58.8514122254   -2.0373351033 
   0.0000000000   -135.000      150.000000   0.248176        938.1454    0.0000286009    0.0001592401   60.2478626961   59.2636347735   -2.0363045327 
   0.0000000000   -134.000      150.000000   0.248134        938.0121    0.0000297158    0.0001245062   60.4769142585   59.7114702719   -2.0352614709 
   0.0000000000   -133.000      150.000000   0.248103        937.9126    0.0000309439    0.0000871944   60.7302614467   60.1973432166   -2.0342044841 
   0.0000000000   -132.000      150.000000   0.248083        937.8494    0.0000322957    0.0000470632   61.0095933513   60.7237989264   -2.0331320125 
   0.0000000000   -131.000      150.000000   0.248075        937.8252    0.0000337835    0.0000038467   61.3166986178   61.2935042953   -2.0320423579 
   0.0000000000   -130.000      150.000000   0.248081        937.8432    0.0000354207   -0.0000427499   61.6534686836   61.9092462341   -2.0309336708 
   0.0000000000   -129.000      150.000000   0.248101        937.9065    0.0000372222   -0.0000930534   62.0219013778   62.5739287922   -2.0298039351 
   0.0000000000   -128.000      150.000000   0.248136        938.0189    0.0000392050   -0.0001474276   62.4241046483   63.2905693412   -2.0286509520 
   0.0000000000   -127.000      150.000000   0.248189        938.1847    0.0000413890   -0.0002063021   62.8624882076   64.0626087976   -2.0274712620 
   0.0000000000   -126.000      150.000000   0.248259        938.4077    0.0000437941   -0.0002700959   63.3390767039   64.8927375863   -2.0262640819 
   0.0000000000   -125.000      150.000000   0.248349        938.6932    0.0000464454   -0.0003393403   63.8564751798   65.7845034368   -2.0250256753 
   0.0000000000   -124.000      150.000000   0.248461        939.0466    0.0000493709   -0.0004146178   64.4172726628   66.7412815646   -2.0237528719 
   0.0000000000   -123.000      150.000000   0.248596        939.4739    0.0000526025   -0.0004965904   65.0241866983   67.7664875090   -2.0224421888 
   0.0000000000   -122.000      150.000000   0.248757        939.9819    0.0000561772   -0.0005860148   65.6800679404   68.8635449076   -2.0210897935 
   0.0000000000   -121.000      150.000000   0.248945        940.5780    0.0000601378   -0.0006837604   66.3879049608   70.0358432744   -2.0196914616 
   0.0000000000   -120.000      150.000000   0.249164        941.2706    0.0000645344   -0.0007908320   67.1508301743   71.2866822999   -2.0182425273 
   0.0000000000   -119.000      150.000000   0.249419        942.0705    0.0000694298   -0.0009084841   67.9726967282   72.6201448297   -2.0167358216 
   0.0000000000   -118.000      150.000000   0.249709        942.9866    0.0000748878   -0.0010379590   68.8560877753   74.0376705517   -2.0151688006 
   0.0000000000   -117.000      150.000000   0.250041        944.0320    0.0000809944   -0.0011809349   69.8050538995   75.5424692509   -2.0135335633 
   0.0000000000   -116.000      150.000000   0.250419        945.2205    0.0000878501   -0.0013393418   70.8234785374   77.1365939934   -2.0118228663 
   0.0000000000   -115.000      150.000000   0.250849        946.5701    0.0000955845   -0.0015156507   71.9163652604   78.8227559627   -2.0100260782 
   0.0000000000   -114.000      150.000000   0.251336        948.0969    0.0001043376   -0.0017124607   73.0869557737   80.5993261558   -2.0081377250 
   0.0000000000   -113.000      150.000000   0.251887        949.8238    0.0001143008   -0.0019333188   74.3407501029   82.4663001829   -2.0061455969 
   0.0000000000   -112.000      150.000000   0.252514        951.7791    0.0001257230   -0.0021827777   75.6845956285   84.4229647084   -2.0040343162 
   0.0000000000   -111.000      150.000000   0.253223        953.9897    0.0001388864   -0.0024658519   77.1231204586   86.4615228702   -2.0017946463 
   0.0000000000   -110.000      150.000000   0.254030        956.4973    0.0001542070   -0.0027899188   78.6663652071   88.5771137776   -1.9994045162 
   0.0000000000   -109.000      150.000000   0.254946        959.3420    0.0001721719   -0.0031633220   80.3217789220   90.7539629765   -1.9968498299 
   0.0000000000   -108.000      150.000000   0.255996        962.5860    0.0001935105   -0.0035984782   82.1050151159   92.9775038544   -1.9941002947 
   0.0000000000   -107.000      150.000000   0.257201        966.2964    0.0002191469   -0.0041105314   84.0317822703   95.2185601707   -1.9911306860 
   0.0000000000   -106.000      150.000000   0.258592        970.5625    0.0002503851   -0.0047202334   86.1258568602   97.4375841506   -1.9879058925 
   0.0000000000   -105.000      150.000000   0.260209        975.4987    0.0002890414   -0.0054552305   88.4202508583   99.5764664067   -1.9843830601 
   0.0000000000   -104.000      150.000000   0.262107        981.2614    0.0003377017   -0.0063525811   90.9628458628  101.5515118724   -1.9805042933 
   0.0000000000   -103.000      150.000000   0.264354        988.0379    0.0003996580   -0.0074534227   93.8053090250  103.2323164876   -1.9762106433 
   0.0000000000   -102.000      150.000000   0.267039        996.0760    0.0004786054   -0.0087897284   96.9839563736  104.4289060291   -1.9714270573 
   0.0000000000   -101.000      150.000000   0.270255       1005.6207    0.0005751691   -0.0103112635  100.3800126660  104.8642036950   -1.9661033469 
   0.0000000000   -100.000      150.000000   0.274058       1016.7883    0.0006766571   -0.0117061048  103.3530674789  104.1958223080   -1.9602639197 
   0.0000000000    -99.000      150.000000   0.278309       1029.1309    0.0007411693   -0.0122076235  104.2690538212  102.1869660728   -1.9541706649 
   0.0000000000    -98.000      150.000000   0.282575       1041.3692    0.0007227490   -0.0111978867  101.6587598795   99.0575401184   -1.9483522692 
   0.0000000000    -97.000      150.000000   0.286358       1052.1018    0.0006382909   -0.0092390720   96.6206832419   95.4832166413   -1.9432784486 
   0.0000000000    -96.000      150.000000   0.289456       1060.8078    0.0005399310   -0.0072861916   91.3700091186   92.0466385001   -1.9390416416 
   0.0000000000    -95.000      150.000000   0.291926       1067.6976    0.0004548815   -0.0057224285   86.9386553581   88.9814065624   -1.9354918226 
   0.0000000000    -94.000      150.000000   0.293893       1073.1584    0.0003876621   -0.0045475489   83.4296576988   86.3155455941   -1.9324535169 
   0.0000000000    -93.000      150.000000   0.295488       1077.5597    0.0003352662   -0.0036657850   80.6598579769   83.9943473836   -1.9297759064 
   0.0000000000    -92.000      150.000000   0.296788       1081.1376    0.0002942096   -0.0029960079   78.4532916778   81.9696457229   -1.9273724113 
   0.0000000000    -91.000      150.000000   0.297866       1084.0907    0.0002614594   -0.0024755690   76.6594820786   80.1851908973   -1.9251694227 
   0.0000000000    -90.000      150.000000   0.298760       1086.5415    0.0002349419   -0.0020639003   75.1783849414   78.6040012842   -1.9231265636 
   0.0000000000    -89.000      150.000000   0.299514       1088.5995    0.0002130684   -0.0017312713   73.9314070821   77.1881120480   -1.9212043238 
   0.0000000000    -88.000      150.000000   0.300153       1090.3368    0.0001947626   -0.0014581068   72.8659353886   75.9116114682   -1.9193788848 
   0.0000000000    -87.000      150.000000   0.300690       1091.7997    0.0001792817   -0.0012312059   71.9462906074   74.7573090248   -1.9176380592 
   0.0000000000    -86.000      150.000000   0.301145       1093.0364    0.0001660229   -0.0010400819   71.1421415937   73.7062605136   -1.9159653592 
   0.0000000000    -85.000      150.000000   0.301532       1094.0847    0.0001545395   -0.0008771001   70.4308398561   72.7431988669   -1.9143476585 
   0.0000000000    -84.000      150.000000   0.301856       1094.9650    0.0001445289   -0.0007371822   69.7978051833   71.8595354084   -1.9127813580 
   0.0000000000    -83.000      150.000000   0.302130       1095.7060    0.0001357144   -0.0006157232   69.2284567972   71.0434001860   -1.9112553898 
   0.0000000000    -82.000      150.000000   0.302356       1096.3201    0.0001279159   -0.0005097937   68.7141243572   70.2890932897   -1.9097685109 
   0.0000000000    -81.000      150.000000   0.302544       1096.8282    0.0001209580   -0.0004165427   68.2453443885   69.5878816293   -1.9083121595 
   0.0000000000    -80.000      150.000000   0.302694       1097.2374    0.0001147306   -0.0003342221   67.8168777948   68.9361248201   -1.9068869521 
   0.0000000000    -79.000      150.000000   0.302816       1097.5643    0.0001091145   -0.0002609310   67.4220868408   68.3268937715   -1.9054852426 
   0.0000000000    -78.000      150.000000   0.302909       1097.8149    0.0001040346   -0.0001955046   67.0573131113   67.7571709916   -1.9041070371 
   0.0000000000    -77.000      150.000000   0.302974       1097.9951    0.0000994257   -0.0001369360   66.7192816941   67.2239705367   -1.9027519307 
   0.0000000000    -76.000      150.000000   0.303020       1098.1168    0.0000952176   -0.0000841283   66.4039220963   66.7224165316   -1.9014136720 
   0.0000000000    -75.000      150.000000   0.303045       1098.1832    0.0000913683   -0.0000364515   66.1092198327   66.2506763194   -1.9000930934 
   0.0000000000    -74.000      150.000000   0.303051       1098.1995    0.0000878360    0.0000067262   65.8329483300   65.8062419288   -1.8987887056 
   0.0000000000    -73.000      150.000000   0.303039       1098.1687    0.0000845888    0.0000458780   65.5735195470   65.3874583302   -1.8975010250 
   0.0000000000    -72.000      150.000000   0.303013       1098.0990    0.0000815882    0.0000815936   65.3285905026   64.9910894024   -1.8962249175 
   0.0000000000    -71.000      150.000000   0.302974       1097.9917    0.0000788128    0.0001141803   65.0971663047   64.6161189579   -1.8949616799 
   0.0000000000    -70.000      150.000000   0.302922       1097.8500    0.0000762397    0.0001439731   64.8780119831   64.2609604083   -1.8937104130 
   0.0000000000    -69.000      150.000000   0.302858       1097.6770    0.0000738492    0.0001712617   64.6700496004   63.9241882351   -1.8924703200 
   0.0000000000    -68.000      150.000000   0.302784       1097.4753    0.0000716239    0.0001962981   64.4723335145   63.6045165588   -1.8912406909 
   0.0000000000    -67.000      150.000000   0.302698       1097.2459    0.0000695506    0.0002192677   64.2842165785   63.3011384214   -1.8900224187 
   0.0000000000    -66.000      150.000000   0.302605       1096.9939    0.0000676114    0.0002404397   64.1045482336   63.0122078604   -1.8888116065 
   0.0000000000    -65.000      150.000000   0.302504       1096.7195    0.0000657968    0.0002599402   63.9329100040   62.7372123239   -1.8876095839 
   0.0000000000    -64.000      150.000000   0.302395       1096.4247    0.0000640963    0.0002779198   63.7687153526   62.4752691699   -1.8864158707 
   0.0000000000    -63.000      150.000000   0.302280       1096.1109    0.0000625005    0.0002945123   63.6114398356   62.2255711739   -1.8852300304 
   0.0000000000    -62.000      150.000000   0.302157       1095.7798    0.0000610008    0.0003098366   63.4606128496   61.9873781243   -1.8840516652 
   0.0000000000    -61.000      150.000000   0.302029       1095.4326    0.0000595897    0.0003239989   63.3158108686   61.7600098412   -1.8828804107 
   0.0000000000    -60.000      150.000000   0.301896       1095.0705    0.0000582603    0.0003370947   63.1766514870   61.5428397941   -1.8817159320 
   0.0000000000    -59.000      150.000000   0.301756       1094.6937    0.0000570077    0.0003491887   63.0429014815   61.3355237337   -1.8805593662 
   0.0000000000    -58.000      150.000000   0.301613       1094.3055    0.0000558236    0.0003604031   62.9140004880   61.1370193499   -1.8794073437 
   0.0000000000    -57.000      150.000000   0.301466       1093.9056    0.0000547044    0.0003707827   62.7897995197   60.9471127511   -1.8782612670 
   0.0000000000    -56.000      150.000000   0.301315       1093.4949    0.0000536456    0.0003803906   62.6700368868   60.7653431083   -1.8771208846 
   0.0000000000    -55.000      150.000000   0.301160       1093.0742    0.0000526429    0.0003892844   62.5544734076   60.5912824118   -1.8759859627 
   0.0000000000    -54.000      150.000000   0.301002       1092.6443    0.0000516924    0.0003975165   62.4428899991   60.4245325215   -1.8748562828 
   0.0000000000    -53.000      150.000000   0.300841       1092.2059    0.0000507908    0.0004051345   62.3350855518   60.2647225271   -1.8737316406 
   0.0000000000    -52.000      150.000000   0.300677       1091.7596    0.0000499346    0.0004121820   62.2308750844   60.1115064293   -1.8726118444 
   0.0000000000    -51.000      150.000000   0.300510       1091.3061    0.0000491211    0.0004186989   62.1300881390   59.9645610517   -1.8714967138 
   0.0000000000    -50.000      150.000000   0.300341       1090.8460    0.0000483475    0.0004247220   62.0325673362   59.8235841523   -1.8703860787 
   0.0000000000    -49.000      150.000000   0.300170       1090.3798    0.0000476112    0.0004302849   61.9381671340   59.6882927607   -1.8692797785 
   0.0000000000    -48.000      150.000000   0.299997       1089.9079    0.0000469100    0.0004354186   61.8467526987   59.5584216281   -1.8681776608 
   0.0000000000    -47.000      150.000000   0.299822       1089.4309    0.0000462418    0.0004401518   61.7581989522   59.4337219101   -1.8670795813 
   0.0000000000    -46.000      150.000000   0.299645       1088.9491    0.0000456045    0.0004445108   61.6723896564   59.3139598829   -1.8659854026 
   0.0000000000    -45.000      150.000000   0.299466       1088.4622    0.0000449969    0.0004485115   61.5892611711   59.1990235797   -1.8648962097 
   0.0000000000    -44.000      150.000000   0.299286       1087.9722    0.0000444161    0.0004521951   61.5086176101   59.0884773543   -1.8638093393 
   0.0000000000    -43.000      150.000000   0.299106       1087.4785    0.0000438612    0.0004555727   61.4304164457   58.9822495869   -1.8627260062 
   0.0000000000    -42.000      150.000000   0.298924       1086.9815    0.0000433306    0.0004586638   61.3545697152   58.8801565489   -1.8616460945 
   0.0000000000    -41.000      150.000000   0.298741       1086.4816    0.0000428232    0.0004614867   61.2809951735   58.7820249904   -1.8605694935 
   0.0000000000    -40.000      150.000000   0.298557       1085.9789    0.0000423374    0.0004640583   61.2096158267   58.6876914162   -1.8594960968 
   0.0000000000    -39.000      150.000000   0.298372       1085.4739    0.0000418723    0.0004663945   61.1403595285   58.5970014446   -1.8584258020 
   0.0000000000    -38.000      150.000000   0.298187       1084.9666    0.0000414266    0.0004685101   61.0731586037   58.5098091908   -1.8573585107 
   0.0000000000    -37.000      150.000000   0.298001       1084.4574    0.0000409993    0.0004704188   61.0079495047   58.4259767068   -1.8562941280 
   0.0000000000    -36.000      150.000000   0.297815       1083.9464    0.0000405895    0.0004721337   60.9446725151   58.3453734889   -1.8552325621 
   0.0000000000    -35.000      150.000000   0.297628       1083.4340    0.0000401962    0.0004736669   60.8832714600   58.2678759875   -1.8541737245 
   0.0000000000    -34.000      150.000000   0.297440       1082.9202    0.0000398187    0.0004750297   60.8236934618   58.1933671859   -1.8531175293 
   0.0000000000    -33.000      150.000000   0.297253       1082.4052    0.0000394560    0.0004762329   60.7658887053   58.1217361960   -1.8520638933 
   0.0000000000    -32.000      150.000000   0.297065       1081.8893    0.0000391075    0.0004772864   60.7098102231   58.0528778759   -1.8510127359 
   0.0000000000    -31.000      150.000000   0.296877       1081.3726    0.0000387724    0.0004781996   60.6554137054   57.9866924946   -1.8499639784 
   0.0000000000    -30.000      150.000000   0.296688       1080.8552    0.0000384502    0.0004789815   60.6026573265   57.9230854135   -1.8489175446 
   0.0000000000    -29.000      150.000000   0.296500       1080.3372    0.0000381400    0.0004796404   60.5515015767   57.8619667831   -1.8478733602 
   0.0000000000    -28.000      150.000000   0.296311       1079.8189    0.0000378415    0.0004801842   60.5019091121   57.8032512646   -1.8468313526 
   0.0000000000    -27.000      150.000000   0.296123       1079.3003    0.0000375540    0.0004806204   60.4538446290   57.7468577858   -1.8457914512 
   0.0000000000    -26.000      150.000000   0.295934       1078.7815    0.0000372770    0.0004809559   60.4072747159   57.6927092796   -1.8447535867 
   0.0000000000    -25.000      150.000000   0.295746       1078.2626    0.0000370100    0.0004811974   60.3621677602   57.6407324811   -1.8437176917 
   0.0000000000    -24.000      150.000000   0.295558       1077.7438    0.0000367526    0.0004813512   60.3184938236   57.5908577048   -1.8426837000 
   0.0000000000    -23.000      150.000000   0.295369       1077.2251    0.0000365043    0.0004814233   60.2762245492   57.5430186529   -1.8416515468 
   0.0000000000    -22.000      150.000000   0.295181       1076.7066    0.0000362648    0.0004814191   60.2353330695   57.4971522361   -1.8406211686 
   0.0000000000    -21.000      150.000000   0.294994       1076.1885    0.0000360335    0.0004813441   60.1957939133   57.4531983915   -1.8395925031 
   0.0000000000    -20.000      150.000000   0.294806       1075.6706    0.0000358102    0.0004812033   60.1575829370   57.4110999368   -1.8385654892 
   0.0000000000    -19.000      150.000000   0.294619       1075.1533    0.0000355946    0.0004810015   60.1206772425   57.3708024077   -1.8375400666 
   0.0000000000    -18.000      150.000000   0.294431       1074.6364    0.0000353862    0.0004807433   60.0850551086   57.3322539192   -1.8365161762 
   0.0000000000    -17.000      150.000000   0.294245       1074.1200    0.0000351847    0.0004804329   60.0506959320   57.2954050372   -1.8354937598 
   0.0000000000    -16.000      150.000000   0.294057       1073.6039    0.0000349902    0.0004800721   60.0175858441   57.2602379096   -1.8344737239 
   0.0000000000    -15.000      150.000000   0.293871       1073.0888    0.0000348018    0.0004796697   59.9856942696   57.2266469647   -1.8334540425 
   0.0000000000    -14.000      150.000000   0.293685       1072.5745    0.0000346196    0.0004792268   59.9550100147   57.1946209800   -1.8324356683 
   0.0000000000    -13.000      150.000000   0.293500       1072.0608    0.0000344433    0.0004787470   59.9255163619   57.1641191106   -1.8314185461 
   0.0000000000    -12.000      150.000000   0.293315       1071.5480    0.0000342727    0.0004782337   59.8971974465   57.1351024073   -1.8304026216 
   0.0000000000    -11.000      150.000000   0.293130       1071.0360    0.0000341075    0.0004776899   59.8700382108   57.1075337173   -1.8293878409 
   0.0000000000    -10.000      150.000000   0.292946       1070.5248    0.0000339475    0.0004771189   59.8440243677   57.0813776039   -1.8283741509 
   0.0000000000     -9.000      150.000000   0.292762       1070.0145    0.0000337925    0.0004765234   59.8191423596   57.0566002582   -1.8273614992 
   0.0000000000     -8.000      150.000000   0.292579       1069.5051    0.0000336424    0.0004759064   59.7953793228   57.0331694222   -1.8263498338 
   0.0000000000     -7.000      150.000000   0.292396       1068.9966    0.0000334969    0.0004752703   59.7727230566   57.0110543167   -1.8253391032 
   0.0000000000     -6.000      150.000000   0.292213       1068.4890    0.0000333559    0.0004746177   59.7511619875   56.9902255685   -1.8243292567 
   0.0000000000     -5.000      150.000000   0.292031       1067.9823    0.0000332192    0.0004739511   59.7306851436   56.9706551457   -1.8233202437 
   0.0000000000     -4.000      150.000000   0.291849       1067.4767    0.0000330867    0.0004732728   59.7112821234   56.9523162941   -1.8223120144 
   0.0000000000     -3.000      150.000000   0.291667       1066.9720    0.0000329582    0.0004725849   59.6929430714   56.9351834788   -1.8213045190 
   0.0000000000     -2.000      150.000000   0.291487       1066.4682    0.0000328335    0.0004718896   59.6756586518   56.9192323279   -1.8202977086 
   0.0000000000     -1.000      150.000000   0.291306       1065.9655    0.0000327127    0.0004711889   59.6594200250   56.9044395771   -1.8192915343 
   0.0000000000      0.000      150.000000   0.291126       1065.4637    0.0000325954    0.0004704847   59.6442188262   56.8907830222   -1.8182859477 
   0.0000000000      1.000      150.000000   0.290946       1064.9629    0.0000324816    0.0004697788   59.6300471440   56.8782414692   -1.8172809007 
   0.0000000000      2.000      150.000000   0.290767       1064.4631    0.0000323713    0.0004690731   59.6168974989   56.8667946881   -1.8162763455 
   0.0000000000      3.000      150.000000   0.290589       1063.9643    0.0000322642    0.0004683692   59.6047628267   56.8564233722   -1.8152722347 
   0.0000000000      4.000      150.000000   0.290410       1063.4665    0.0000321603    0.0004676688   59.5936364595   56.8471090948   -1.8142685211 
   0.0000000000      5.000      150.000000   0.290232       1062.9696    0.0000320595    0.0004669734   59.5835121085   56.8388342707   -1.8132651577 
   0.0000000000      6.000      150.000000   0.290055       1062.4737    0.0000319617    0.0004662845   59.5743838479   56.8315821196   -1.8122620979 
   0.0000000000      7.000      150.000000   0.289878       1061.9788    0.0000318668    0.0004656035   59.5662461007   56.8253366311   -1.8112592951 
   0.0000000000      8.000      150.000000   0.289701       1061.4848    0.0000317747    0.0004649319   59.5590936225   56.8200825294   -1.8102567032 
   0.0000000000      9.000      150.000000   0.289525       1060.9918    0.0000316854    0.0004642709   59.5529214895   56.8158052443   -1.8092542760 
   0.0000000000     10.000      150.000000   0.289349       1060.4996    0.0000315987    0.0004636218   59.5477250843   56.8124908782   -1.8082519677 
   0.0000000000     11.000      150.000000   0.289174       1060.0084    0.0000315147    0.0004629859   59.5435000840   56.8101261789   -1.8072497326 
   0.0000000000     12.000      150.000000   0.288999       1059.5181    0.0000314332    0.0004623643   59.5402424483   56.8086985122   -1.8062475252 
   0.0000000000     13.000      150.000000   0.288824       1059.0287    0.0000313542    0.0004617582   59.5379484075   56.8081958328   -1.8052453001 
   0.0000000000     14.000      150.000000   0.288650       1058.5401    0.0000312776    0.0004611686   59.5366144543   56.8086066653   -1.8042430121 
   0.0000000000     15.000      150.000000   0.288476       1058.0523    0.0000312033    0.0004605967   59.5362373301   56.8099200739   -1.8032406160 
   0.0000000000     16.000      150.000000   0.288303       1057.5654    0.0000311314    0.0004600433   59.5368140186   56.8121256449   -1.8022380668 
   0.0000000000     17.000      150.000000   0.288130       1057.0793    0.0000310618    0.0004595096   59.5383417347   56.8152134622   -1.8012353196 
   0.0000000000     18.000      150.000000   0.287957       1056.5939    0.0000309943    0.0004589964   59.5408179165   56.8191740878   -1.8002323296 
   0.0000000000     19.000      150.000000   0.287785       1056.1093    0.0000309290    0.0004585046   59.5442402171   56.8239985424   -1.7992290522 
   0.0000000000     20.000      150.000000   0.287613       1055.6255    0.0000308658    0.0004580352   59.5486064959   56.8296782867   -1.7982254426 
   0.0000000000     21.000      150.000000   0.287441       1055.1423    0.0000308048    0.0004575889   59.5539148120   56.8362052030   -1.7972214563 
   0.0000000000     22.000      150.000000   0.287270       1054.6598    0.0000307457    0.0004571667   59.5601634167   56.8435715792   -1.7962170488 
   0.0000000000     23.000      150.000000   0.287099       1054.1780    0.0000306887    0.0004567692   59.5673507461   56.8517700918   -1.7952121756 
   0.0000000000     24.000      150.000000   0.286928       1053.6968    0.0000306337    0.0004563973   59.5754754155   56.8607937911   -1.7942067923 
   0.0000000000     25.000      150.000000   0.286757       1053.2162    0.0000305806    0.0004560517   59.5845362127   56.8706360857   -1.7932008545 
   0.0000000000     26.000      150.000000   0.286587       1052.7361    0.0000305294    0.0004557332   59.5945320918   56.8812907296   -1.7921943179 
   0.0000000000     27.000      150.000000   0.286417       1052.2566    0.0000304801    0.0004554423   59.6054621684   56.8927518074   -1.7911871382 
   0.0000000000     28.000      150.000000   0.286248       1051.7777    0.0000304327    0.0004551799   59.6173257127   56.9050137227   -1.7901792709 
   0.0000000000     29.000      150.000000   0.286078       1051.2991    0.0000303872    0.0004549465   59.6301221463   56.9180711851   -1.7891706719 
   0.0000000000     30.000      150.000000   0.285909       1050.8211    0.0000303434    0.0004547428   59.6438510359   56.9319191989   -1.7881612968 
   0.0000000000     31.000      150.000000   0.285740       1050.3434    0.0000303015    0.0004545694   59.6585120887   56.9465530518   -1.7871511013 
   0.0000000000     32.000      150.000000   0.285571       1049.8662    0.0000302613    0.0004544270   59.6741051487   56.9619683040   -1.7861400410 
   0.0000000000     33.000      150.000000   0.285403       1049.3892    0.0000302229    0.0004543160   59.6906301916   56.9781607789   -1.7851280717 
   0.0000000000     34.000      150.000000   0.285234       1048.9126    0.0000301862    0.0004542372   59.7080873211   56.9951265520   -1.7841151489 
   0.0000000000     35.000      150.000000   0.285066       1048.4363    0.0000301513    0.0004541909   59.7264767650   57.0128619428   -1.7831012282 
   0.0000000000     36.000      150.000000   0.284898       1047.9603    0.0000301180    0.0004541779   59.7457988710   57.0313635050   -1.7820862653 
   0.0000000000     37.000      150.000000   0.284730       1047.4844    0.0000300865    0.0004541985   59.7660541041   57.0506280189   -1.7810702155 
   0.0000000000     38.000      150.000000   0.284562       1047.0087    0.0000300567    0.0004542534   59.7872430418   57.0706524823   -1.7800530345 
   0.0000000000     39.000      150.000000   0.284395       1046.5332    0.0000300285    0.0004543430   59.8093663721   57.0914341033   -1.7790346776 
   0.0000000000     40.000      150.000000   0.284227       1046.0577    0.0000300021    0.0004544678   59.8324248896   57.1129702930   -1.7780151002 
   0.0000000000     41.000      150.000000   0.284060       1045.5824    0.0000299773    0.0004546283   59.8564194924   57.1352586574   -1.7769942576 
   0.0000000000     42.000      150.000000   0.283893       1045.1070    0.0000299541    0.0004548251   59.8813511798   57.1582969916   -1.7759721050 
   0.0000000000     43.000      150.000000   0.283725       1044.6317    0.0000299326    0.0004550584   59.9072210489   57.1820832729   -1.7749485975 
   0.0000000000     44.000      150.000000   0.283558       1044.1563    0.0000299127    0.0004553289   59.9340302922   57.2066156542   -1.7739236903 
   0.0000000000     45.000      150.000000   0.283391       1043.6808    0.0000298945    0.0004556369   59.9617801949   57.2318924584   -1.7728973384 
   0.0000000000     46.000      150.000000   0.283224       1043.2052    0.0000298780    0.0004559829   59.9904721323   57.2579121723   -1.7718694966 
   0.0000000000     47.000      150.000000   0.283057       1042.7294    0.0000298630    0.0004563673   60.0201075676   57.2846734412   -1.7708401198 
   0.0000000000     48.000      150.000000   0.282890       1042.2534    0.0000298497    0.0004567905   60.0506880496   57.3121750635   -1.7698091626 
   0.0000000000     49.000      150.000000   0.282723       1041.7772    0.0000298380    0.0004572530   60.0822152100   57.3404159857   -1.7687765797 
   0.0000000000     50.000      150.000000   0.282555       1041.3007    0.0000298280    0.0004577552   60.1146907616   57.3693952973   -1.7677423256 
   0.0000000000     51.000      150.000000   0.282388       1040.8239    0.0000298196    0.0004582974   60.1481164959   57.3991122261   -1.7667063547 
   0.0000000000     52.000      150.000000   0.282221       1040.3467    0.0000298128    0.0004588801   60.1824942812   57.4295661337   -1.7656686213 
   0.0000000000     53.000      150.000000   0.282054       1039.8691    0.0000298077    0.0004595037   60.2178260605   57.4607565111   -1.7646290794 
   0.0000000000     54.000      150.000000   0.281886       1039.3910    0.0000298042    0.0004601685   60.2541138495   57.4926829742   -1.7635876832 
   0.0000000000     55.000      150.000000   0.281719       1038.9125    0.0000298023    0.0004608749   60.2913597345   57.5253452601   -1.7625443865 
   0.0000000000     56.000      150.000000   0.281551       1038.4334    0.0000298021    0.0004616234   60.3295658708   57.5587432229   -1.7614991432 
   0.0000000000     57.000      150.000000   0.281384       1037.9537    0.0000298036    0.0004624143   60.3687344803   57.5928768296   -1.7604519067 
   0.0000000000     58.000      150.000000   0.281216       1037.4735    0.0000298067    0.0004632480   60.4088678505   57.6277461571   -1.7594026307 
   0.0000000000     59.000      150.000000   0.281048       1036.9925    0.0000298114    0.0004641247   60.4499683314   57.6633513880   -1.7583512684 
   0.0000000000     60.000      150.000000   0.280880       1036.5109    0.0000298179    0.0004650451   60.4920383350   57.6996928072   -1.7572977730 
   0.0000000000     61.000      150.000000   0.280711       1036.0285    0.0000298260    0.0004660092   60.5350803324   57.7367707987   -1.7562420976 
   0.0000000000     62.000      150.000000   0.280543       1035.5453    0.0000298358    0.0004670176   60.5790968528   57.7745858420   -1.7551841950 
   0.0000000000     63.000      150.000000   0.280374       1035.0612    0.0000298473    0.0004680707   60.6240904810   57.8131385092   -1.7541240180 
   0.0000000000     64.000      150.000000   0.280205       1034.5763    0.0000298605    0.0004691686   60.6700638560   57.8524294617   -1.7530615190 
   0.0000000000     65.000      150.000000   0.280036       1034.0904    0.0000298754    0.0004703119   60.7170196694   57.8924594469   -1.7519966504 
   0.0000000000     66.000      150.000000   0.279866       1033.6036    0.0000298920    0.0004715008   60.7649606628   57.9332292957   -1.7509293645 
   0.0000000000     67.000      150.000000   0.279697       1033.1157    0.0000299103    0.0004727358   60.8138896268   57.9747399191   -1.7498596132 
   0.0000000000     68.000      150.000000   0.279527       1032.6268    0.0000299304    0.0004740171   60.8638093985   58.0169923053   -1.7487873484 
   0.0000000000     69.000      150.000000   0.279356       1032.1367    0.0000299523    0.0004753452   60.9147228601   58.0599875174   -1.7477125216 
   0.0000000000     70.000      150.000000   0.279186       1031.6455    0.0000299759    0.0004767203   60.9666329366   58.1037266897   -1.7466350845 
   0.0000000000     71.000      150.000000   0.279015       1031.1531    0.0000300013    0.0004781428   61.0195425941   58.1482110256   -1.7455549881 
   0.0000000000     72.000      150.000000   0.278843       1030.6594    0.0000300284    0.0004796132   61.0734548379   58.1934417947   -1.7444721836 
   0.0000000000     73.000      150.000000   0.278671       1030.1645    0.0000300574    0.0004811316   61.1283727100   58.2394203299   -1.7433866218 
   0.0000000000     74.000      150.000000   0.278499       1029.6681    0.0000300882    0.0004826985   61.1842992878   58.2861480248   -1.7422982533 
   0.0000000000     75.000      150.000000   0.278327       1029.1704    0.0000301208    0.0004843142   61.2412376812   58.3336263311   -1.7412070287 
   0.0000000000     76.000      150.000000   0.278154       1028.6712    0.0000301553    0.0004859790   61.2991910313   58.3818567557   -1.7401128981 
   0.0000000000     77.000      150.000000   0.277980       1028.1706    0.0000301916    0.0004876934   61.3581625074   58.4308408583   -1.7390158114 
   0.0000000000     78.000      150.000000   0.277807       1027.6683    0.0000302298    0.0004894576   61.4181553053   58.4805802485   -1.7379157186 
   0.0000000000     79.000      150.000000   0.277632       1027.1645    0.0000302699    0.0004912720   61.4791726447   58.5310765830   -1.7368125692 
   0.0000000000     80.000      150.000000   0.277458       1026.6591    0.0000303119    0.0004931370   61.5412177670   58.5823315635   -1.7357063125 
   0.0000000000     81.000      150.000000   0.277282       1026.1520    0.0000303558    0.0004950528   61.6042939326   58.6343469332   -1.7345968976 
   0.0000000000     82.000      150.000000   0.277106       1025.6431    0.0000304016    0.0004970199   61.6684044189   58.6871244747   -1.7334842733 
   0.0000000000     83.000      150.000000   0.276930       1025.1324    0.0000304494    0.0004990386   61.7335525172   58.7406660070   -1.7323683884 
   0.0000000000     84.000      150.000000   0.276753       1024.6199    0.0000304992    0.0005011092   61.7997415301   58.7949733828   -1.7312491912 
   0.0000000000     85.000      150.000000   0.276576       1024.1055    0.0000305509    0.0005032321   61.8669747692   58.8500484858   -1.7301266299 
   0.0000000000     86.000      150.000000   0.276398       1023.5892    0.0000306047    0.0005054076   61.9352555517   58.9058932274   -1.7290006524 
   0.0000000000     87.000      150.000000   0.276219       1023.0708    0.0000306605    0.0005076362   62.0045871980   58.9625095447   -1.7278712063 
   0.0000000000     88.000      150.000000   0.276040       1022.5505    0.0000307183    0.0005099180   62.0749730284   59.0198993967   -1.7267382390 
   0.0000000000     89.000      150.000000   0.275860       1022.0280    0.0000307782    0.0005122536   62.1464163600   59.0780647620   -1.7256016978 
   0.0000000000     90.000      150.000000   0.275680       1021.5034    0.0000308402    0.0005146432   62.2189205038   59.1370076356   -1.7244615295 
   0.0000000000     91.000      150.000000   0.275498       1020.9765    0.0000309042    0.0005170871   62.2924887611   59.1967300256   -1.7233176807 
   0.0000000000     92.000      150.000000   0.275317       1020.4475    0.0000309704    0.0005195859   62.3671244202   59.2572339506   -1.7221700979 
   0.0000000000     93.000      150.000000   0.275134       1019.9161    0.0000310388    0.0005221397   62.4428307532   59.3185214363   -1.7210187272 
   0.0000000000     94.000      150.000000   0.274951       1019.3824    0.0000311093    0.0005247489   62.5196110120   59.3805945121   -1.7198635144 
   0.0000000000     95.000      150.000000   0.274767       1018.8462    0.0000311820    0.0005274140   62.5974684248   59.4434552083   -1.7187044051 
   0.0000000000     96.000      150.000000   0.274582       1018.3077    0.0000312569    0.0005301352   62.6764061924   59.5071055522   -1.7175413446 
   0.0000000000     97.000      150.000000   0.274397       1017.7665    0.0000313340    0.0005329130   62.7564274840   59.5715475651   -1.7163742781 
   0.0000000000     98.000      150.000000   0.274210       1017.2229    0.0000314134    0.0005357475   62.8375354333   59.6367832587   -1.7152031503 
   0.0000000000     99.000      150.000000   0.274023       1016.6766    0.0000314950    0.0005386394   62.9197331343   59.7028146317   -1.7140279056 
   0.0000000000    100.000      150.000000   0.273835       1016.1276    0.0000315789    0.0005415887   63.0030236372   59.7696436656   -1.7128484885 
   0.0000000000    101.000      150.000000   0.273647       1015.5759    0.0000316652    0.0005445960   63.0874099437   59.8372723219   -1.7116648427 
   0.0000000000    102.000      150.000000   0.273457       1015.0214    0.0000317538    0.0005476616   63.1728950025   59.9057025374   -1.7104769121 
   0.0000000000    103.000      150.000000   0.273267       1014.4641    0.0000318448    0.0005507858   63.2594817049   59.9749362209   -1.7092846400 
   0.0000000000    104.000      150.000000   0.273075       1013.9039    0.0000319381    0.0005539690   63.3471728795   60.0449752490   -1.7080879697 
   0.0000000000    105.000      150.000000   0.272883       1013.3408    0.0000320339    0.0005572115   63.4359712877   60.1158214621   -1.7068868439 
   0.0000000000    106.000      150.000000   0.272690       1012.7746    0.0000321321    0.0005605137   63.5258796185   60.1874766603   -1.7056812052 
   0.0000000000    107.000      150.000000   0.272496       1012.2054    0.0000322327    0.0005638759   63.6169004832   60.2599425988   -1.7044709960 
   0.0000000000    108.000      150.000000   0.272301       1011.6331    0.0000323359    0.0005672984   63.7090364099   60.3332209842   -1.7032561584 
   0.0000000000    109.000      150.000000   0.272105       1011.0576    0.0000324415    0.0005707817   63.8022898384   60.4073134693   -1.7020366341 
   0.0000000000    110.000      150.000000   0.271908       1010.4789    0.0000325497    0.0005743261   63.8966631141   60.4822216492   -1.7008123647 
   0.0000000000    111.000      150.000000   0.271710       1009.8969    0.0000326604    0.0005779319   63.9921584825   60.5579470562   -1.6995832913 
   0.0000000000    112.000      150.000000   0.271511       1009.3115    0.0000327738    0.0005815994   64.0887780832   60.6344911552   -1.6983493550 
   0.0000000000    113.000      150.000000   0.271311       1008.7228    0.0000328897    0.0005853290   64.1865239435   60.7118553391   -1.6971104964 
   0.0000000000    114.000      150.000000   0.271110       1008.1306    0.0000330083    0.0005891210   64.2853979728   60.7900409230   -1.6958666560 
   0.0000000000    115.000      150.000000   0.270908       1007.5350    0.0000331296    0.0005929758   64.3854019553   60.8690491401   -1.6946177740 
   0.0000000000    116.000      150.000000   0.270704       1006.9357    0.0000332535    0.0005968937   64.4865375445   60.9488811359   -1.6933637903 
   0.0000000000    117.000      150.000000   0.270500       1006.3329    0.0000333801    0.0006008749   64.5888062553   61.0295379631   -1.6921046446 
   0.0000000000    118.000      150.000000   0.270295       1005.7264    0.0000335095    0.0006049199   64.6922094584   61.1110205760   -1.6908402762 
   0.0000000000    119.000      150.000000   0.270088       1005.1161    0.0000336417    0.0006090290   64.7967483721   61.1933298250   -1.6895706245 
   0.0000000000    120.000      150.000000   0.269880       1004.5020    0.0000337767    0.0006132024   64.9024240559   61.2764664512   -1.6882956282 
   0.0000000000    121.000      150.000000   0.269671       1003.8841    0.0000339145    0.0006174404   65.0092374028   61.3604310801   -1.6870152261 
   0.0000000000    122.000      150.000000   0.269461       1003.2623    0.0000340551    0.0006217434   65.1171891322   61.4452242163   -1.6857293567 
   0.0000000000    123.000      150.000000   0.269250       1002.6366    0.0000341986    0.0006261117   65.2262797816   61.5308462370   -1.6844379582 
   0.0000000000    124.000      150.000000   0.269037       1002.0068    0.0000343451    0.0006305455   65.3365096995   61.6172973860   -1.6831409686 
   0.0000000000    125.000      150.000000   0.268823       1001.3729    0.0000344944    0.0006350452   65.4478790368   61.7045777676   -1.6818383257 
   0.0000000000    126.000      150.000000   0.268608       1000.7349    0.0000346468    0.0006396110   65.5603877393   61.7926873399   -1.6805299672 
