  #sigma_s    Temp(C) Press(Mpa) p_meanfield density (kg/m^3)      kappa      alpha Cp(J/molK) Cv(J/molK)  mu(J/mol)
   0.0000000000   -173.000      180.000000   0.275779        961.9144    0.0000186255    0.0007262137   60.6356325341   55.5223907452   -2.0459473795 
   0.0000000000   -172.000      180.000000   0.275555        961.2213    0.0000187086    0.0007153102   60.5563760570   55.5214495051   -2.0449152114 
   0.0000000000   -171.000      180.000000   0.275334        960.5393    0.0000188016    0.0007041749   60.4816273812   55.5268371849   -2.0438858573 
   0.0000000000   -170.000      180.000000   0.275117        959.8686    0.0000189060    0.0006927778   60.4115823040   55.5389806244   -2.0428591581 
   0.0000000000   -169.000      180.000000   0.274904        959.2094    0.0000190231    0.0006810880   60.3464433899   55.5583182614   -2.0418349397 
   0.0000000000   -168.000      180.000000   0.274695        958.5621    0.0000191551    0.0006690711   60.2864508806   55.5853548788   -2.0408130124 
   0.0000000000   -167.000      180.000000   0.274490        957.9268    0.0000193037    0.0006566885   60.2318817365   55.6206576092   -2.0397931687 
   0.0000000000   -166.000      180.000000   0.274289        957.3041    0.0000194709    0.0006438984   60.1830435796   55.6648412633   -2.0387751822 
   0.0000000000   -165.000      180.000000   0.274093        956.6942    0.0000196590    0.0006306546   60.1402735178   55.7185831415   -2.0377588060 
   0.0000000000   -164.000      180.000000   0.273901        956.0975    0.0000198704    0.0006169078   60.1039393523   55.7826084037   -2.0367437703 
   0.0000000000   -163.000      180.000000   0.273713        955.5147    0.0000201079    0.0006026027   60.0744681143   55.8577399430   -2.0357297811 
   0.0000000000   -162.000      180.000000   0.273530        954.9461    0.0000203742    0.0005876801   60.0523081892   55.9448419279   -2.0347165175 
   0.0000000000   -161.000      180.000000   0.273352        954.3925    0.0000206724    0.0005720744   60.0379595294   56.0448681958   -2.0337036295 
   0.0000000000   -160.000      180.000000   0.273179        953.8544    0.0000210060    0.0005557152   60.0319667389   56.1588454587   -2.0326907355 
   0.0000000000   -159.000      180.000000   0.273012        953.3326    0.0000213786    0.0005385249   60.0349218532   56.2878830110   -2.0316774190 
   0.0000000000   -158.000      180.000000   0.272850        952.8279    0.0000217942    0.0005204196   60.0474656067   56.4331737353   -2.0306632257 
   0.0000000000   -157.000      180.000000   0.272694        952.3411    0.0000222573    0.0005013069   60.0703025286   56.5960165370   -2.0296476602 
   0.0000000000   -156.000      180.000000   0.272544        951.8734    0.0000227726    0.0004810870   60.1041823752   56.7777869137   -2.0286301820 
   0.0000000000   -155.000      180.000000   0.272400        951.4256    0.0000233453    0.0004596494   60.1499274401   56.9799826641   -2.0276102012 
   0.0000000000   -154.000      180.000000   0.272263        950.9991    0.0000239813    0.0004368748   60.2084173825   57.2041966187   -2.0265870740 
   0.0000000000   -153.000      180.000000   0.272134        950.5951    0.0000246867    0.0004126312   60.2806067925   57.4521440894   -2.0255600977 
   0.0000000000   -152.000      180.000000   0.272012        950.2151    0.0000254686    0.0003867742   60.3675199070   57.7256571770   -2.0245285047 
   0.0000000000   -151.000      180.000000   0.271899        949.8606    0.0000263346    0.0003591453   60.4702617800   58.0266981009   -2.0234914567 
   0.0000000000   -150.000      180.000000   0.271794        949.5334    0.0000272931    0.0003295694   60.5900187134   58.3573596775   -2.0224480372 
   0.0000000000   -149.000      180.000000   0.271699        949.2354    0.0000283536    0.0002978531   60.7280682355   58.7198829137   -2.0213972439 
   0.0000000000   -148.000      180.000000   0.271614        948.9687    0.0000295265    0.0002637825   60.8857793846   59.1166524664   -2.0203379798 
   0.0000000000   -147.000      180.000000   0.271539        948.7355    0.0000308235    0.0002271195   61.0646265941   59.5502164978   -2.0192690436 
   0.0000000000   -146.000      180.000000   0.271476        948.5385    0.0000322576    0.0001875990   61.2661874310   60.0232843370   -2.0181891184 
   0.0000000000   -145.000      180.000000   0.271426        948.3806    0.0000338435    0.0001449245   61.4921589659   60.5387441294   -2.0170967588 
   0.0000000000   -144.000      180.000000   0.271389        948.2647    0.0000355978    0.0000987629   61.7443585333   61.0996630087   -2.0159903774 
   0.0000000000   -143.000      180.000000   0.271366        948.1943    0.0000375393    0.0000487383   62.0247398118   61.7093064026   -2.0148682275 
   0.0000000000   -142.000      180.000000   0.271359        948.1734    0.0000396894   -0.0000055745   62.3353988157   62.3711372924   -2.0137283853 
   0.0000000000   -141.000      180.000000   0.271370        948.2067    0.0000420742   -0.0000646900   62.6787985318   63.0892300090   -2.0125675072 
   0.0000000000   -140.000      180.000000   0.271400        948.2981    0.0000447196   -0.0001291155   63.0570136795   63.8668274618   -2.0113853527 
   0.0000000000   -139.000      180.000000   0.271449        948.4534    0.0000476596   -0.0001995130   63.4728171305   64.7083641541   -2.0101783277 
   0.0000000000   -138.000      180.000000   0.271521        948.6785    0.0000509327   -0.0002766257   63.9290325686   65.6182206654   -2.0089435081 
   0.0000000000   -137.000      180.000000   0.271617        948.9804    0.0000545839   -0.0003613222   64.4287175102   66.6010290704   -2.0076776306 
   0.0000000000   -136.000      180.000000   0.271741        949.3668    0.0000586670   -0.0004546253   64.9751931306   67.6616769753   -2.0063770409 
   0.0000000000   -135.000      180.000000   0.271894        949.8463    0.0000632462   -0.0005577503   65.5720833272   68.8053133281   -2.0050376325 
   0.0000000000   -134.000      180.000000   0.272081        950.4303    0.0000684038   -0.0006722462   66.2238873126   70.0383259319   -2.0036528748 
   0.0000000000   -133.000      180.000000   0.272305        951.1288    0.0000742280   -0.0007997515   66.9342305770   71.3649193178   -2.0022204891 
   0.0000000000   -132.000      180.000000   0.272569        951.9561    0.0000808397   -0.0009425047   67.7084162532   72.7917267656   -2.0007330407 
   0.0000000000   -131.000      180.000000   0.272881        952.9282    0.0000883867   -0.0011032210   68.5520666143   74.3249769734   -1.9991835064 
   0.0000000000   -130.000      180.000000   0.273247        954.0660    0.0000970679   -0.0012855258   69.4725710283   75.9727602224   -1.9975611471 
   0.0000000000   -129.000      180.000000   0.273672        955.3897    0.0001071153   -0.0014935960   70.4763307360   77.7393842979   -1.9958601475 
   0.0000000000   -128.000      180.000000   0.274166        956.9284    0.0001188609   -0.0017333834   71.5732397461   79.6326695662   -1.9940673179 
   0.0000000000   -127.000      180.000000   0.274745        958.7203    0.0001327708   -0.0020131838   72.7766668174   81.6622341934   -1.9921648196 
   0.0000000000   -126.000      180.000000   0.275417        960.8042    0.0001494391   -0.0023434216   74.0998210622   83.8308457383   -1.9901409441 
   0.0000000000   -125.000      180.000000   0.276208        963.2444    0.0001698226   -0.0027408428   75.5673611486   86.1502521112   -1.9879664280 
   0.0000000000   -124.000      180.000000   0.277141        966.1154    0.0001952937   -0.0032291567   77.2098470368   88.6241263991   -1.9856150768 
   0.0000000000   -123.000      180.000000   0.278252        969.5260    0.0002280985   -0.0038468530   79.0780590963   91.2574255658   -1.9830462529 
   0.0000000000   -122.000      180.000000   0.279596        973.6356    0.0002721309   -0.0046599907   81.2594969861   94.0518395594   -1.9802022060 
   0.0000000000   -121.000      180.000000   0.281262        978.7040    0.0003349899   -0.0057962226   83.9277734890   97.0065712656   -1.9769888000 
   0.0000000000   -120.000      180.000000   0.283403        985.1800    0.0004336853   -0.0075378810   87.4750994529  100.1022436800   -1.9732522448 
   0.0000000000   -119.000      180.000000   0.286346        994.0150    0.0006181774   -0.0107034723   93.0813213193  103.2789081907   -1.9686734907 
   0.0000000000   -118.000      180.000000   0.291113       1008.1565    0.0011538392   -0.0195670547  107.1844242409  106.2910681991   -1.9622924032 
   0.0000000000   -117.000      180.000000   0.325446       1104.6722    0.0013355088   -0.0137310559  101.1621551400   87.4147212160   -1.9335678855 
   0.0000000000   -116.000      180.000000   0.329108       1114.4714    0.0006827532   -0.0059931968   84.2648650097   82.8168911502   -1.9301080310 
   0.0000000000   -115.000      180.000000   0.331084       1119.7249    0.0004839262   -0.0037331450   78.8687485702   80.0172336550   -1.9276651899 
   0.0000000000   -114.000      180.000000   0.332407       1123.2258    0.0003814190   -0.0026030730   75.9781557288   77.9432311634   -1.9255965635 
   0.0000000000   -113.000      180.000000   0.333358       1125.7383    0.0003175540   -0.0019170834   74.1139675980   76.2901906356   -1.9237354786 
   0.0000000000   -112.000      180.000000   0.334074       1127.6243    0.0002732830   -0.0014522805   72.7781916003   74.9100917907   -1.9220019632 
   0.0000000000   -111.000      180.000000   0.334623       1129.0673    0.0002405568   -0.0011157857   71.7581664745   73.7263751236   -1.9203579037 
   0.0000000000   -110.000      180.000000   0.335046       1130.1777    0.0002152792   -0.0008609203   70.9444862195   72.6922654005   -1.9187814321 
   0.0000000000   -109.000      180.000000   0.335370       1131.0317    0.0001950940   -0.0006611236   70.2733137556   71.7751827449   -1.9172569695 
   0.0000000000   -108.000      180.000000   0.335621       1131.6872    0.0001785270   -0.0004999365   69.7039894645   70.9503248926   -1.9157710972 
   0.0000000000   -107.000      180.000000   0.335807       1132.1765    0.0001646870   -0.0003675463   69.2123309253   70.2034024127   -1.9143190792 
   0.0000000000   -106.000      180.000000   0.335941       1132.5282    0.0001529361   -0.0002569719   68.7806154481   69.5218325506   -1.9128952596 
   0.0000000000   -105.000      180.000000   0.336031       1132.7642    0.0001428254   -0.0001633502   68.3963184779   68.8959706021   -1.9114954666 
   0.0000000000   -104.000      180.000000   0.336086       1132.9052    0.0001340113   -0.0000829718   68.0495699134   68.3168519751   -1.9101140734 
   0.0000000000   -103.000      180.000000   0.336106       1132.9581    0.0001262844   -0.0000136390   67.7348840805   67.7808859948   -1.9087529140 
   0.0000000000   -102.000      180.000000   0.336097       1132.9370    0.0001194433    0.0000467919   67.4463841231   67.2819323055   -1.9074080815 
   0.0000000000   -101.000      180.000000   0.336067       1132.8551    0.0001133285    0.0001000134   67.1793136388   66.8144908005   -1.9060750878 
   0.0000000000   -100.000      180.000000   0.336012       1132.7129    0.0001078544    0.0001468796   66.9316406172   66.3775212386   -1.9047575987 
   0.0000000000    -99.000      180.000000   0.335940       1132.5240    0.0001029033    0.0001886409   66.6996236496   65.9657277857   -1.9034493458 
   0.0000000000    -98.000      180.000000   0.335852       1132.2899    0.0000984163    0.0002258833   66.4817886141   65.5779175918   -1.9021522539 
   0.0000000000    -97.000      180.000000   0.335745       1132.0134    0.0000943378    0.0002591616   66.2766484168   65.2124913937   -1.9008670969 
   0.0000000000    -96.000      180.000000   0.335628       1131.7037    0.0000906015    0.0002891746   66.0820332319   64.8659638863   -1.8995890422 
   0.0000000000    -95.000      180.000000   0.335498       1131.3616    0.0000871745    0.0003162366   65.8971537639   64.5376050180   -1.8983198281 
   0.0000000000    -94.000      180.000000   0.335355       1130.9882    0.0000840263    0.0003406424   65.7212295287   64.2265263216   -1.8970607061 
   0.0000000000    -93.000      180.000000   0.335204       1130.5910    0.0000811136    0.0003628472   65.5527805213   63.9300281988   -1.8958069326 
   0.0000000000    -92.000      180.000000   0.335044       1130.1698    0.0000784183    0.0003830162   65.3914186856   63.6477849909   -1.8945605206 
   0.0000000000    -91.000      180.000000   0.334876       1129.7269    0.0000759176    0.0004013712   65.2364914480   63.3787493853   -1.8933210413 
   0.0000000000    -90.000      180.000000   0.334700       1129.2642    0.0000735923    0.0004181025   65.0874367856   63.1219891045   -1.8920881245 
   0.0000000000    -89.000      180.000000   0.334516       1128.7821    0.0000714284    0.0004333363   64.9439224971   62.8770552673   -1.8908629724 
   0.0000000000    -88.000      180.000000   0.334327       1128.2855    0.0000694041    0.0004473017   64.8051718732   62.6423276360   -1.8896419318 
   0.0000000000    -87.000      180.000000   0.334133       1127.7740    0.0000675107    0.0004600729   64.6710169601   62.4176310008   -1.8884266600 
   0.0000000000    -86.000      180.000000   0.333934       1127.2488    0.0000657365    0.0004717602   64.5411252413   62.2023406543   -1.8872169117 
   0.0000000000    -85.000      180.000000   0.333730       1126.7112    0.0000640715    0.0004824608   64.4152030672   61.9958890831   -1.8860124677 
   0.0000000000    -84.000      180.000000   0.333522       1126.1623    0.0000625065    0.0004922606   64.2929894499   61.7977580735   -1.8848131310 
   0.0000000000    -83.000      180.000000   0.333309       1125.6018    0.0000610356    0.0005012100   64.1743583000   61.6077565021   -1.8836201967 
   0.0000000000    -82.000      180.000000   0.333094       1125.0334    0.0000596469    0.0005094345   64.0588657488   61.4248253546   -1.8824303097 
   0.0000000000    -81.000      180.000000   0.332875       1124.4563    0.0000583366    0.0005169622   63.9464587760   61.2489165975   -1.8812450846 
   0.0000000000    -80.000      180.000000   0.332654       1123.8714    0.0000570987    0.0005238484   63.8369676310   61.0796573553   -1.8800643745 
   0.0000000000    -79.000      180.000000   0.332430       1123.2794    0.0000559279    0.0005301424   63.7302388595   60.9167029945   -1.8788880450 
   0.0000000000    -78.000      180.000000   0.332204       1122.6809    0.0000548195    0.0005358890   63.6261334336   60.7597344231   -1.8777159718 
   0.0000000000    -77.000      180.000000   0.331976       1122.0765    0.0000537691    0.0005411287   63.5245252199   60.6084556980   -1.8765480399 
   0.0000000000    -76.000      180.000000   0.331746       1121.4668    0.0000527726    0.0005458983   63.4252990615   60.4625914174   -1.8753841419 
   0.0000000000    -75.000      180.000000   0.331514       1120.8524    0.0000518265    0.0005502312   63.3283498285   60.3218850071   -1.8742241775 
   0.0000000000    -74.000      180.000000   0.331279       1120.2327    0.0000509287    0.0005541428   63.2336411960   60.1862744517   -1.8730694192 
   0.0000000000    -73.000      180.000000   0.331044       1119.6102    0.0000500734    0.0005576938   63.1409546243   60.0551529483   -1.8719168748 
   0.0000000000    -72.000      180.000000   0.330808       1118.9843    0.0000492594    0.0005608918   63.0502807789   59.9285215567   -1.8707680205 
   0.0000000000    -71.000      180.000000   0.330572       1118.3553    0.0000484839    0.0005637603   62.9615443176   59.8061829583   -1.8696227725 
   0.0000000000    -70.000      180.000000   0.330334       1117.7236    0.0000477448    0.0005663212   62.8746756272   59.6879520440   -1.8684810515 
   0.0000000000    -69.000      180.000000   0.330095       1117.0896    0.0000470397    0.0005685945   62.7896102459   59.5736547984   -1.8673427819 
   0.0000000000    -68.000      180.000000   0.329856       1116.4535    0.0000463667    0.0005705987   62.7062884764   59.4631276946   -1.8662078920 
   0.0000000000    -67.000      180.000000   0.329617       1115.8157    0.0000457238    0.0005723509   62.6246548082   59.3562166035   -1.8650763131 
   0.0000000000    -66.000      180.000000   0.329377       1115.1765    0.0000451094    0.0005738670   62.5446575956   59.2527762722   -1.8639479791 
   0.0000000000    -65.000      180.000000   0.329136       1114.5360    0.0000445218    0.0005751618   62.4662487501   59.1526696730   -1.8628228268 
   0.0000000000    -64.000      180.000000   0.328896       1113.8945    0.0000439595    0.0005762490   62.3893832951   59.0557672123   -1.8617007950 
   0.0000000000    -63.000      180.000000   0.328655       1113.2524    0.0000434210    0.0005771415   62.3140192622   58.9619465103   -1.8605818249 
   0.0000000000    -62.000      180.000000   0.328414       1112.6096    0.0000429052    0.0005778511   62.2401172863   58.8710916104   -1.8594658591 
   0.0000000000    -61.000      180.000000   0.328173       1111.9666    0.0000424108    0.0005783889   62.1676404883   58.7830927664   -1.8583528423 
   0.0000000000    -60.000      180.000000   0.327933       1111.3235    0.0000419366    0.0005787655   62.0965542447   58.6978458999   -1.8572427207 
   0.0000000000    -59.000      180.000000   0.327691       1110.6796    0.0000414821    0.0005789836   62.0268480215   58.6153385769   -1.8561366640 
   0.0000000000    -58.000      180.000000   0.327450       1110.0367    0.0000410452    0.0005790670   61.9584440553   58.5352945204   -1.8550320773 
   0.0000000000    -57.000      180.000000   0.327210       1109.3942    0.0000406256    0.0005790167   61.8913390306   58.4577223027   -1.8539302421 
   0.0000000000    -56.000      180.000000   0.326971       1108.7522    0.0000402223    0.0005788405   61.8255056712   58.3825371419   -1.8528311082 
   0.0000000000    -55.000      180.000000   0.326731       1108.1108    0.0000398345    0.0005785462   61.7609182201   58.3096584130   -1.8517346267 
   0.0000000000    -54.000      180.000000   0.326492       1107.4701    0.0000394616    0.0005781409   61.6975523491   58.2390093966   -1.8506407499 
   0.0000000000    -53.000      180.000000   0.326254       1106.8304    0.0000391027    0.0005776314   61.6353850794   58.1705171165   -1.8495494309 
   0.0000000000    -52.000      180.000000   0.326016       1106.1916    0.0000387572    0.0005770241   61.5743946275   58.1041119978   -1.8484606236 
   0.0000000000    -51.000      180.000000   0.325779       1105.5539    0.0000384244    0.0005763251   61.5145603958   58.0397278039   -1.8473742828 
   0.0000000000    -50.000      180.000000   0.325542       1104.9173    0.0000381037    0.0005755399   61.4558628545   57.9773013745   -1.8462903642 
   0.0000000000    -49.000      180.000000   0.325306       1104.2821    0.0000377945    0.0005746741   61.3982834868   57.9167724708   -1.8452088238 
   0.0000000000    -48.000      180.000000   0.325070       1103.6482    0.0000374964    0.0005737327   61.3418047200   57.8580836285   -1.8441296184 
   0.0000000000    -47.000      180.000000   0.324835       1103.0158    0.0000372087    0.0005727205   61.2864098795   57.8011799967   -1.8430527056 
   0.0000000000    -46.000      180.000000   0.324601       1102.3848    0.0000369311    0.0005716423   61.2320831188   57.7460092167   -1.8419780432 
   0.0000000000    -45.000      180.000000   0.324367       1101.7555    0.0000366630    0.0005705023   61.1788093807   57.6925212592   -1.8409055897 
   0.0000000000    -44.000      180.000000   0.324134       1101.1278    0.0000364040    0.0005693046   61.1265743563   57.6406683530   -1.8398353038 
   0.0000000000    -43.000      180.000000   0.323902       1100.5018    0.0000361538    0.0005680533   61.0753644418   57.5904048376   -1.8387671449 
   0.0000000000    -42.000      180.000000   0.323671       1099.8775    0.0000359118    0.0005667521   61.0251666957   57.5416870661   -1.8377010727 
   0.0000000000    -41.000      180.000000   0.323441       1099.2551    0.0000356779    0.0005654045   60.9759687988   57.4944733032   -1.8366370471 
   0.0000000000    -40.000      180.000000   0.323211       1098.6345    0.0000354515    0.0005640139   60.9277590357   57.4487236399   -1.8355750286 
   0.0000000000    -39.000      180.000000   0.322982       1098.0159    0.0000352325    0.0005625836   60.8805262535   57.4043998990   -1.8345149777 
   0.0000000000    -38.000      180.000000   0.322754       1097.3991    0.0000350204    0.0005611167   60.8342598331   57.3614655542   -1.8334568555 
   0.0000000000    -37.000      180.000000   0.322527       1096.7844    0.0000348150    0.0005596161   60.7889496733   57.3198856555   -1.8324006230 
   0.0000000000    -36.000      180.000000   0.322301       1096.1716    0.0000346160    0.0005580846   60.7445861555   57.2796267531   -1.8313462419 
   0.0000000000    -35.000      180.000000   0.322076       1095.5609    0.0000344231    0.0005565249   60.7011601207   57.2406568243   -1.8302936736 
   0.0000000000    -34.000      180.000000   0.321851       1094.9522    0.0000342362    0.0005549396   60.6586628570   57.2029452203   -1.8292428802 
   0.0000000000    -33.000      180.000000   0.321628       1094.3456    0.0000340548    0.0005533311   60.6170860678   57.1664625847   -1.8281938236 
   0.0000000000    -32.000      180.000000   0.321405       1093.7411    0.0000338789    0.0005517017   60.5764218638   57.1311808185   -1.8271464661 
   0.0000000000    -31.000      180.000000   0.321183       1093.1388    0.0000337082    0.0005500538   60.5366627377   57.0970730042   -1.8261007702 
   0.0000000000    -30.000      180.000000   0.320962       1092.5386    0.0000335424    0.0005483894   60.4978015487   57.0641133644   -1.8250566983 
   0.0000000000    -29.000      180.000000   0.320741       1091.9401    0.0000333817    0.0005467085   60.4598302742   57.0323025078   -1.8240152525 
   0.0000000000    -28.000      180.000000   0.320522       1091.3442    0.0000332253    0.0005450175   60.4227447207   57.0015643678   -1.8229742721 
   0.0000000000    -27.000      180.000000   0.320304       1090.7505    0.0000330734    0.0005433159   60.3865377746   56.9719035696   -1.8219348068 
   0.0000000000    -26.000      180.000000   0.320087       1090.1590    0.0000329258    0.0005416056   60.3512036134   56.9432983999   -1.8208968195 
   0.0000000000    -25.000      180.000000   0.319871       1089.5697    0.0000327823    0.0005398882   60.3167367159   56.9157280616   -1.8198602731 
   0.0000000000    -24.000      180.000000   0.319656       1088.9825    0.0000326427    0.0005381656   60.2831318420   56.8891726280   -1.8188251308 
   0.0000000000    -23.000      180.000000   0.319441       1088.3976    0.0000325069    0.0005364392   60.2503840295   56.8636130159   -1.8177913556 
   0.0000000000    -22.000      180.000000   0.319228       1087.8149    0.0000323748    0.0005347106   60.2184885759   56.8390309406   -1.8167589109 
   0.0000000000    -21.000      180.000000   0.319015       1087.2343    0.0000322462    0.0005329813   60.1874410359   56.8154088918   -1.8157277599 
   0.0000000000    -20.000      180.000000   0.318803       1086.6559    0.0000321210    0.0005312527   60.1572372066   56.7927300956   -1.8146978661 
   0.0000000000    -19.000      180.000000   0.318593       1086.0798    0.0000319991    0.0005295261   60.1278731194   56.7709784879   -1.8136691929 
   0.0000000000    -18.000      180.000000   0.318383       1085.5057    0.0000318804    0.0005278029   60.0993450320   56.7501386824   -1.8126417037 
   0.0000000000    -17.000      180.000000   0.318174       1084.9339    0.0000317648    0.0005260843   60.0716494183   56.7301959444   -1.8116153622 
   0.0000000000    -16.000      180.000000   0.317966       1084.3642    0.0000316521    0.0005243716   60.0447829644   56.7111361674   -1.8105901318 
   0.0000000000    -15.000      180.000000   0.317759       1083.7967    0.0000315423    0.0005226658   60.0187425531   56.6929458378   -1.8095659763 
   0.0000000000    -14.000      180.000000   0.317552       1083.2313    0.0000314353    0.0005209681   59.9935252676   56.6756120271   -1.8085428592 
   0.0000000000    -13.000      180.000000   0.317347       1082.6681    0.0000313309    0.0005192797   59.9691283740   56.6591223535   -1.8075207442 
   0.0000000000    -12.000      180.000000   0.317143       1082.1069    0.0000312292    0.0005176015   59.9455493222   56.6434649699   -1.8064995949 
   0.0000000000    -11.000      180.000000   0.316939       1081.5479    0.0000311299    0.0005159345   59.9227857339   56.6286285370   -1.8054793751 
   0.0000000000    -10.000      180.000000   0.316736       1080.9909    0.0000310331    0.0005142797   59.9008354011   56.6146022071   -1.8044600484 
   0.0000000000     -9.000      180.000000   0.316534       1080.4360    0.0000309387    0.0005126380   59.8796962786   56.6013756036   -1.8034415786 
   0.0000000000     -8.000      180.000000   0.316333       1079.8832    0.0000308466    0.0005110103   59.8593664754   56.5889388006   -1.8024239293 
   0.0000000000     -7.000      180.000000   0.316133       1079.3324    0.0000307567    0.0005093976   59.8398442549   56.5772823091   -1.8014070642 
   0.0000000000     -6.000      180.000000   0.315933       1078.7836    0.0000306689    0.0005078006   59.8211280264   56.5663970580   -1.8003909470 
   0.0000000000     -5.000      180.000000   0.315735       1078.2368    0.0000305833    0.0005062201   59.8032163391   56.5562743764   -1.7993755413 
   0.0000000000     -4.000      180.000000   0.315537       1077.6919    0.0000304997    0.0005046569   59.7861078793   56.5469059806   -1.7983608108 
   0.0000000000     -3.000      180.000000   0.315340       1077.1490    0.0000304181    0.0005031117   59.7698014669   56.5382839601   -1.7973467191 
   0.0000000000     -2.000      180.000000   0.315144       1076.6081    0.0000303385    0.0005015854   59.7542960478   56.5304007599   -1.7963332298 
   0.0000000000     -1.000      180.000000   0.314949       1076.0690    0.0000302607    0.0005000786   59.7395906922   56.5232491694   -1.7953203065 
   0.0000000000      0.000      180.000000   0.314754       1075.5318    0.0000301848    0.0004985919   59.7256845902   56.5168223095   -1.7943079127 
   0.0000000000      1.000      180.000000   0.314560       1074.9965    0.0000301107    0.0004971261   59.7125770468   56.5111136184   -1.7932960119 
   0.0000000000      2.000      180.000000   0.314367       1074.4630    0.0000300384    0.0004956817   59.7002674795   56.5061168420   -1.7922845676 
   0.0000000000      3.000      180.000000   0.314175       1073.9313    0.0000299678    0.0004942594   59.6887554136   56.5018260187   -1.7912735432 
   0.0000000000      4.000      180.000000   0.313983       1073.4014    0.0000298988    0.0004928598   59.6780404803   56.4982354732   -1.7902629022 
   0.0000000000      5.000      180.000000   0.313792       1072.8733    0.0000298315    0.0004914834   59.6681224115   56.4953398020   -1.7892526077 
   0.0000000000      6.000      180.000000   0.313602       1072.3468    0.0000297659    0.0004901308   59.6590010384   56.4931338653   -1.7882426232 
   0.0000000000      7.000      180.000000   0.313413       1071.8221    0.0000297018    0.0004888026   59.6506762867   56.4916127760   -1.7872329119 
   0.0000000000      8.000      180.000000   0.313224       1071.2990    0.0000296392    0.0004874993   59.6431481762   56.4907718925   -1.7862234371 
   0.0000000000      9.000      180.000000   0.313036       1070.7776    0.0000295782    0.0004862214   59.6364168149   56.4906068065   -1.7852141617 
   0.0000000000     10.000      180.000000   0.312849       1070.2577    0.0000295186    0.0004849693   59.6304823988   56.4911133370   -1.7842050490 
   0.0000000000     11.000      180.000000   0.312662       1069.7395    0.0000294606    0.0004837436   59.6253452088   56.4922875224   -1.7831960619 
   0.0000000000     12.000      180.000000   0.312476       1069.2228    0.0000294039    0.0004825448   59.6210056068   56.4941256099   -1.7821871634 
   0.0000000000     13.000      180.000000   0.312291       1068.7076    0.0000293487    0.0004813732   59.6174640352   56.4966240502   -1.7811783164 
   0.0000000000     14.000      180.000000   0.312106       1068.1939    0.0000292949    0.0004802294   59.6147210140   56.4997794901   -1.7801694838 
   0.0000000000     15.000      180.000000   0.311921       1067.6816    0.0000292425    0.0004791137   59.6127771383   56.5035887648   -1.7791606284 
   0.0000000000     16.000      180.000000   0.311738       1067.1708    0.0000291914    0.0004780266   59.6116330761   56.5080488904   -1.7781517127 
   0.0000000000     17.000      180.000000   0.311555       1066.6613    0.0000291417    0.0004769685   59.6112895671   56.5131570602   -1.7771426996 
   0.0000000000     18.000      180.000000   0.311372       1066.1533    0.0000290933    0.0004759397   59.6117474203   56.5189106355   -1.7761335514 
   0.0000000000     19.000      180.000000   0.311191       1065.6465    0.0000290462    0.0004749407   59.6130075121   56.5253071421   -1.7751242308 
   0.0000000000     20.000      180.000000   0.311009       1065.1410    0.0000290004    0.0004739719   59.6150707849   56.5323442633   -1.7741147001 
   0.0000000000     21.000      180.000000   0.310828       1064.6368    0.0000289558    0.0004730336   59.6179382448   56.5400198344   -1.7731049217 
   0.0000000000     22.000      180.000000   0.310648       1064.1338    0.0000289126    0.0004721262   59.6216109612   56.5483318383   -1.7720948577 
   0.0000000000     23.000      180.000000   0.310468       1063.6320    0.0000288706    0.0004712499   59.6260900637   56.5572784004   -1.7710844704 
   0.0000000000     24.000      180.000000   0.310289       1063.1313    0.0000288298    0.0004704053   59.6313767421   56.5668577830   -1.7700737219 
   0.0000000000     25.000      180.000000   0.310110       1062.6318    0.0000287903    0.0004695926   59.6374722439   56.5770683817   -1.7690625741 
   0.0000000000     26.000      180.000000   0.309932       1062.1333    0.0000287520    0.0004688121   59.6443778739   56.5879087201   -1.7680509889 
   0.0000000000     27.000      180.000000   0.309754       1061.6359    0.0000287150    0.0004680641   59.6520949923   56.5993774463   -1.7670389282 
   0.0000000000     28.000      180.000000   0.309577       1061.1395    0.0000286791    0.0004673490   59.6606250136   56.6114733284   -1.7660263538 
   0.0000000000     29.000      180.000000   0.309400       1060.6440    0.0000286444    0.0004666671   59.6699694057   56.6241952512   -1.7650132271 
   0.0000000000     30.000      180.000000   0.309223       1060.1495    0.0000286110    0.0004660187   59.6801296887   56.6375422116   -1.7639995098 
   0.0000000000     31.000      180.000000   0.309047       1059.6559    0.0000285787    0.0004654041   59.6911074338   56.6515133160   -1.7629851633 
   0.0000000000     32.000      180.000000   0.308871       1059.1632    0.0000285477    0.0004648236   59.7029042619   56.6661077758   -1.7619701490 
   0.0000000000     33.000      180.000000   0.308696       1058.6712    0.0000285178    0.0004642774   59.7155218435   56.6813249047   -1.7609544281 
   0.0000000000     34.000      180.000000   0.308521       1058.1801    0.0000284891    0.0004637659   59.7289618976   56.6971641167   -1.7599379617 
   0.0000000000     35.000      180.000000   0.308346       1057.6897    0.0000284616    0.0004632893   59.7432261899   56.7136249204   -1.7589207109 
   0.0000000000     36.000      180.000000   0.308172       1057.2001    0.0000284352    0.0004628480   59.7583165330   56.7307069184   -1.7579026365 
   0.0000000000     37.000      180.000000   0.307998       1056.7111    0.0000284101    0.0004624421   59.7742347852   56.7484098037   -1.7568836995 
   0.0000000000     38.000      180.000000   0.307824       1056.2227    0.0000283861    0.0004620719   59.7909828500   56.7667333571   -1.7558638606 
   0.0000000000     39.000      180.000000   0.307650       1055.7350    0.0000283633    0.0004617378   59.8085626750   56.7856774443   -1.7548430802 
   0.0000000000     40.000      180.000000   0.307477       1055.2478    0.0000283417    0.0004614400   59.8269762513   56.8052420143   -1.7538213190 
   0.0000000000     41.000      180.000000   0.307304       1054.7611    0.0000283212    0.0004611786   59.8462256131   56.8254270958   -1.7527985373 
   0.0000000000     42.000      180.000000   0.307132       1054.2749    0.0000283020    0.0004609541   59.8663128369   56.8462327960   -1.7517746952 
   0.0000000000     43.000      180.000000   0.306959       1053.7891    0.0000282839    0.0004607666   59.8872400408   56.8676592983   -1.7507497531 
   0.0000000000     44.000      180.000000   0.306787       1053.3038    0.0000282670    0.0004606165   59.9090093839   56.8897068595   -1.7497236708 
   0.0000000000     45.000      180.000000   0.306615       1052.8188    0.0000282513    0.0004605038   59.9316230660   56.9123758083   -1.7486964083 
   0.0000000000     46.000      180.000000   0.306443       1052.3341    0.0000282368    0.0004604290   59.9550833265   56.9356665434   -1.7476679254 
   0.0000000000     47.000      180.000000   0.306272       1051.8497    0.0000282235    0.0004603922   59.9793924445   56.9595795312   -1.7466381816 
   0.0000000000     48.000      180.000000   0.306100       1051.3656    0.0000282113    0.0004603936   60.0045527379   56.9841153046   -1.7456071364 
   0.0000000000     49.000      180.000000   0.305929       1050.8816    0.0000282004    0.0004604336   60.0305665629   57.0092744607   -1.7445747493 
   0.0000000000     50.000      180.000000   0.305758       1050.3978    0.0000281907    0.0004605124   60.0574363134   57.0350576598   -1.7435409795 
   0.0000000000     51.000      180.000000   0.305587       1049.9142    0.0000281822    0.0004606301   60.0851644209   57.0614656226   -1.7425057860 
   0.0000000000     52.000      180.000000   0.305416       1049.4306    0.0000281749    0.0004607871   60.1137533535   57.0884991298   -1.7414691279 
   0.0000000000     53.000      180.000000   0.305245       1048.9470    0.0000281689    0.0004609836   60.1432056157   57.1161590201   -1.7404309640 
   0.0000000000     54.000      180.000000   0.305074       1048.4635    0.0000281641    0.0004612198   60.1735237477   57.1444461886   -1.7393912529 
   0.0000000000     55.000      180.000000   0.304904       1047.9799    0.0000281605    0.0004614960   60.2047103253   57.1733615855   -1.7383499532 
   0.0000000000     56.000      180.000000   0.304733       1047.4962    0.0000281582    0.0004618123   60.2367679589   57.2029062148   -1.7373070232 
   0.0000000000     57.000      180.000000   0.304562       1047.0124    0.0000281571    0.0004621691   60.2696992931   57.2330811326   -1.7362624213 
   0.0000000000     58.000      180.000000   0.304392       1046.5284    0.0000281573    0.0004625665   60.3035070065   57.2638874460   -1.7352161055 
   0.0000000000     59.000      180.000000   0.304221       1046.0442    0.0000281588    0.0004630048   60.3381938108   57.2953263120   -1.7341680337 
   0.0000000000     60.000      180.000000   0.304051       1045.5597    0.0000281615    0.0004634843   60.3737624506   57.3273989359   -1.7331181637 
   0.0000000000     61.000      180.000000   0.303880       1045.0750    0.0000281655    0.0004640051   60.4102157023   57.3601065699   -1.7320664532 
   0.0000000000     62.000      180.000000   0.303709       1044.5899    0.0000281708    0.0004645676   60.4475563740   57.3934505123   -1.7310128596 
   0.0000000000     63.000      180.000000   0.303539       1044.1044    0.0000281775    0.0004651718   60.4857873050   57.4274321059   -1.7299573402 
   0.0000000000     64.000      180.000000   0.303368       1043.6185    0.0000281854    0.0004658182   60.5249113647   57.4620527371   -1.7288998521 
   0.0000000000     65.000      180.000000   0.303197       1043.1321    0.0000281947    0.0004665069   60.5649314521   57.4973138346   -1.7278403523 
   0.0000000000     66.000      180.000000   0.303026       1042.6452    0.0000282053    0.0004672381   60.6058504954   57.5332168680   -1.7267787976 
   0.0000000000     67.000      180.000000   0.302855       1042.1578    0.0000282173    0.0004680121   60.6476714511   57.5697633468   -1.7257151447 
   0.0000000000     68.000      180.000000   0.302684       1041.6697    0.0000282306    0.0004688291   60.6903973033   57.6069548194   -1.7246493499 
   0.0000000000     69.000      180.000000   0.302512       1041.1810    0.0000282453    0.0004696895   60.7340310630   57.6447928717   -1.7235813696 
   0.0000000000     70.000      180.000000   0.302341       1040.6916    0.0000282614    0.0004705933   60.7785757671   57.6832791256   -1.7225111598 
   0.0000000000     71.000      180.000000   0.302169       1040.2015    0.0000282789    0.0004715409   60.8240344778   57.7224152388   -1.7214386765 
   0.0000000000     72.000      180.000000   0.301997       1039.7106    0.0000282978    0.0004725324   60.8704102817   57.7622029024   -1.7203638753 
   0.0000000000     73.000      180.000000   0.301825       1039.2189    0.0000283181    0.0004735683   60.9177062888   57.8026438407   -1.7192867119 
   0.0000000000     74.000      180.000000   0.301653       1038.7263    0.0000283398    0.0004746486   60.9659256315   57.8437398094   -1.7182071415 
   0.0000000000     75.000      180.000000   0.301480       1038.2328    0.0000283630    0.0004757736   61.0150714639   57.8854925946   -1.7171251194 
   0.0000000000     76.000      180.000000   0.301307       1037.7384    0.0000283876    0.0004769436   61.0651469601   57.9279040116   -1.7160406005 
   0.0000000000     77.000      180.000000   0.301134       1037.2429    0.0000284137    0.0004781589   61.1161553141   57.9709759033   -1.7149535395 
   0.0000000000     78.000      180.000000   0.300961       1036.7465    0.0000284413    0.0004794196   61.1680997377   58.0147101395   -1.7138638912 
   0.0000000000     79.000      180.000000   0.300787       1036.2489    0.0000284704    0.0004807260   61.2209834599   58.0591086152   -1.7127716097 
   0.0000000000     80.000      180.000000   0.300613       1035.7501    0.0000285011    0.0004820784   61.2748097251   58.1041732491   -1.7116766494 
   0.0000000000     81.000      180.000000   0.300439       1035.2502    0.0000285332    0.0004834771   61.3295817925   58.1499059830   -1.7105789641 
   0.0000000000     82.000      180.000000   0.300264       1034.7491    0.0000285669    0.0004849223   61.3853029340   58.1963087794   -1.7094785076 
   0.0000000000     83.000      180.000000   0.300089       1034.2467    0.0000286021    0.0004864142   61.4419764335   58.2433836209   -1.7083752335 
   0.0000000000     84.000      180.000000   0.299914       1033.7429    0.0000286389    0.0004879531   61.4996055845   58.2911325083   -1.7072690952 
   0.0000000000     85.000      180.000000   0.299738       1033.2378    0.0000286774    0.0004895393   61.5581936892   58.3395574594   -1.7061600456 
   0.0000000000     86.000      180.000000   0.299562       1032.7313    0.0000287174    0.0004911730   61.6177440567   58.3886605071   -1.7050480379 
   0.0000000000     87.000      180.000000   0.299385       1032.2233    0.0000287590    0.0004928544   61.6782600012   58.4384436984   -1.7039330245 
   0.0000000000     88.000      180.000000   0.299208       1031.7138    0.0000288023    0.0004945840   61.7397448403   58.4889090921   -1.7028149581 
   0.0000000000     89.000      180.000000   0.299031       1031.2027    0.0000288472    0.0004963619   61.8022018930   58.5400587577   -1.7016937908 
   0.0000000000     90.000      180.000000   0.298853       1030.6901    0.0000288938    0.0004981883   61.8656344778   58.5918947733   -1.7005694747 
   0.0000000000     91.000      180.000000   0.298674       1030.1758    0.0000289421    0.0005000636   61.9300459108   58.6444192243   -1.6994419616 
   0.0000000000     92.000      180.000000   0.298495       1029.6598    0.0000289921    0.0005019880   61.9954395036   58.6976342011   -1.6983112031 
   0.0000000000     93.000      180.000000   0.298316       1029.1420    0.0000290438    0.0005039618   62.0618185608   58.7515417976   -1.6971771504 
   0.0000000000     94.000      180.000000   0.298136       1028.6225    0.0000290972    0.0005059853   62.1291863780   58.8061441091   -1.6960397548 
   0.0000000000     95.000      180.000000   0.297955       1028.1011    0.0000291525    0.0005080588   62.1975462394   58.8614432304   -1.6948989670 
   0.0000000000     96.000      180.000000   0.297774       1027.5778    0.0000292094    0.0005101824   62.2669014154   58.9174412538   -1.6937547378 
   0.0000000000     97.000      180.000000   0.297592       1027.0525    0.0000292682    0.0005123565   62.3372551598   58.9741402668   -1.6926070175 
   0.0000000000     98.000      180.000000   0.297410       1026.5253    0.0000293288    0.0005145814   62.4086107072   59.0315423505   -1.6914557564 
   0.0000000000     99.000      180.000000   0.297227       1025.9961    0.0000293912    0.0005168573   62.4809712707   59.0896495767   -1.6903009043 
   0.0000000000    100.000      180.000000   0.297044       1025.4647    0.0000294555    0.0005191846   62.5543400385   59.1484640060   -1.6891424110 
   0.0000000000    101.000      180.000000   0.296859       1024.9312    0.0000295217    0.0005215635   62.6287201710   59.2079876853   -1.6879802259 
   0.0000000000    102.000      180.000000   0.296675       1024.3956    0.0000295897    0.0005239942   62.7041147984   59.2682226457   -1.6868142982 
   0.0000000000    103.000      180.000000   0.296489       1023.8577    0.0000296596    0.0005264771   62.7805270166   59.3291708995   -1.6856445769 
   0.0000000000    104.000      180.000000   0.296303       1023.3175    0.0000297315    0.0005290124   62.8579598847   59.3908344380   -1.6844710108 
   0.0000000000    105.000      180.000000   0.296116       1022.7749    0.0000298053    0.0005316005   62.9364164212   59.4532152288   -1.6832935483 
   0.0000000000    106.000      180.000000   0.295928       1022.2300    0.0000298811    0.0005342416   63.0158996006   59.5163152131   -1.6821121377 
   0.0000000000    107.000      180.000000   0.295740       1021.6827    0.0000299589    0.0005369359   63.0964123500   59.5801363026   -1.6809267270 
   0.0000000000    108.000      180.000000   0.295551       1021.1329    0.0000300387    0.0005396839   63.1779575452   59.6446803770   -1.6797372639 
   0.0000000000    109.000      180.000000   0.295361       1020.5805    0.0000301205    0.0005424857   63.2605380070   59.7099492811   -1.6785436960 
   0.0000000000    110.000      180.000000   0.295170       1020.0255    0.0000302044    0.0005453416   63.3441564971   59.7759448213   -1.6773459706 
   0.0000000000    111.000      180.000000   0.294979       1019.4680    0.0000302903    0.0005482519   63.4288157141   59.8426687628   -1.6761440346 
   0.0000000000    112.000      180.000000   0.294787       1018.9077    0.0000303784    0.0005512170   63.5145182895   59.9101228265   -1.6749378349 
   0.0000000000    113.000      180.000000   0.294593       1018.3447    0.0000304685    0.0005542370   63.6012667831   59.9783086854   -1.6737273180 
   0.0000000000    114.000      180.000000   0.294399       1017.7789    0.0000305608    0.0005573123   63.6890636788   60.0472279614   -1.6725124303 
   0.0000000000    115.000      180.000000   0.294205       1017.2102    0.0000306552    0.0005604431   63.7779113799   60.1168822217   -1.6712931178 
   0.0000000000    116.000      180.000000   0.294009       1016.6387    0.0000307519    0.0005636298   63.8678122046   60.1872729755   -1.6700693263 
   0.0000000000    117.000      180.000000   0.293812       1016.0642    0.0000308507    0.0005668725   63.9587683809   60.2584016699   -1.6688410014 
   0.0000000000    118.000      180.000000   0.293615       1015.4867    0.0000309518    0.0005701716   64.0507820420   60.3302696866   -1.6676080886 
   0.0000000000    119.000      180.000000   0.293416       1014.9061    0.0000310551    0.0005735274   64.1438552211   60.4028783378   -1.6663705329 
   0.0000000000    120.000      180.000000   0.293217       1014.3225    0.0000311606    0.0005769400   64.2379898460   60.4762288624   -1.6651282793 
   0.0000000000    121.000      180.000000   0.293017       1013.7357    0.0000312685    0.0005804099   64.3331877342   60.5503224216   -1.6638812725 
   0.0000000000    122.000      180.000000   0.292815       1013.1457    0.0000313787    0.0005839372   64.4294505871   60.6251600955   -1.6626294568 
   0.0000000000    123.000      180.000000   0.292613       1012.5525    0.0000314912    0.0005875222   64.5267799844   60.7007428779   -1.6613727766 
   0.0000000000    124.000      180.000000   0.292409       1011.9559    0.0000316061    0.0005911652   64.6251773785   60.7770716730   -1.6601111758 
   0.0000000000    125.000      180.000000   0.292205       1011.3560    0.0000317234    0.0005948664   64.7246440890   60.8541472900   -1.6588445983 
   0.0000000000    126.000      180.000000   0.292000       1010.7527    0.0000318431    0.0005986261   64.8251812958   60.9319704395   -1.6575729877 
