  #sigma_s    Temp(C) Press(Mpa) p_meanfield density (kg/m^3)      kappa      alpha Cp(J/molK) Cv(J/molK)  mu(J/mol)
   0.0000000000   -173.000      250.000000   0.328598        980.7364    0.0000720902   -0.0002740006   66.2010630020   68.0461476462   -1.9807799883 
   0.0000000000   -172.000      250.000000   0.328710        981.0771    0.0000809581   -0.0004257466   66.6333261220   69.4123740693   -1.9794302002 
   0.0000000000   -171.000      250.000000   0.328876        981.5795    0.0000916496   -0.0006056385   67.1267849621   70.9385916197   -1.9780437325 
   0.0000000000   -170.000      250.000000   0.329107        982.2783    0.0001047081   -0.0008227832   67.6889030980   72.6494315828   -1.9766096109 
   0.0000000000   -169.000      250.000000   0.329415        983.2118    0.0001211353   -0.0010905728   68.3306661096   74.5731313472   -1.9751223600 
   0.0000000000   -168.000      250.000000   0.329824        984.4459    0.0001423916   -0.0014318254   69.0684850850   76.7573161215   -1.9735618531 
   0.0000000000   -167.000      250.000000   0.330362        986.0680    0.0001710949   -0.0018851346   69.9245227985   79.2605337835   -1.9719095067 
   0.0000000000   -166.000      250.000000   0.331078        988.2234    0.0002124730   -0.0025276831   70.9362572753   82.1793039925   -1.9701313233 
   0.0000000000   -165.000      250.000000   0.332064        991.1827    0.0002790865   -0.0035434951   72.1780377485   85.6878001499   -1.9681633647 
   0.0000000000   -164.000      250.000000   0.333523        995.5478    0.0004119903   -0.0055320557   73.8400195985   90.1579922231   -1.9658713447 
   0.0000000000   -163.000      250.000000   0.336283       1003.7500    0.0009599523   -0.0135585085   77.1215435180   97.0600242652   -1.9627151952 
   0.0000000000   -162.000      250.000000   0.427107       1243.7530    0.0000264400    0.0010028283   72.3046898941   64.9478421484   -1.9314232402 
   0.0000000000   -161.000      250.000000   0.426584       1242.5065    0.0000266035    0.0010021858   72.1124146066   64.7670843491   -1.9300890711 
   0.0000000000   -160.000      250.000000   0.426065       1241.2630    0.0000267686    0.0010012467   71.9293571159   64.5977178412   -1.9287547567 
   0.0000000000   -159.000      250.000000   0.425546       1240.0214    0.0000268805    0.0010003524   71.7416587015   64.4201383897   -1.9274221576 
   0.0000000000   -158.000      250.000000   0.425029       1238.7825    0.0000269735    0.0009991268   71.5614611014   64.2513003579   -1.9260903874 
   0.0000000000   -157.000      250.000000   0.424514       1237.5459    0.0000271261    0.0009982529   71.3859685993   64.0881134977   -1.9247600683 
   0.0000000000   -156.000      250.000000   0.423999       1236.3118    0.0000272515    0.0009971355   71.2128280905   63.9273900509   -1.9234312223 
   0.0000000000   -155.000      250.000000   0.423487       1235.0808    0.0000273722    0.0009959515   71.0444049282   63.7715332548   -1.9221027631 
   0.0000000000   -154.000      250.000000   0.422976       1233.8521    0.0000274583    0.0009944939   70.8792275514   63.6188665929   -1.9207765732 
   0.0000000000   -153.000      250.000000   0.422468       1232.6268    0.0000275702    0.0009931506   70.7186511388   63.4714264649   -1.9194508015 
   0.0000000000   -152.000      250.000000   0.421959       1231.4037    0.0000276743    0.0009916681   70.5600176809   63.3264754058   -1.9181276453 
   0.0000000000   -151.000      250.000000   0.421455       1230.1843    0.0000277680    0.0009901532   70.4046768913   63.1843945883   -1.9168044614 
   0.0000000000   -150.000      250.000000   0.420951       1228.9679    0.0000278615    0.0009885438   70.2524896642   63.0461192222   -1.9154829019 
   0.0000000000   -149.000      250.000000   0.420450       1227.7547    0.0000279607    0.0009869522   70.1029330645   62.9106417311   -1.9141628899 
   0.0000000000   -148.000      250.000000   0.419948       1226.5441    0.0000280520    0.0009852394   69.9565964402   62.7788066853   -1.9128454535 
   0.0000000000   -147.000      250.000000   0.419451       1225.3376    0.0000281329    0.0009834504   69.8127279859   62.6493556805   -1.9115281813 
   0.0000000000   -146.000      250.000000   0.418955       1224.1343    0.0000282165    0.0009815975   69.6716640330   62.5233138522   -1.9102125482 
   0.0000000000   -145.000      250.000000   0.418461       1222.9346    0.0000282913    0.0009796784   69.5327856844   62.3994190997   -1.9088985367 
   0.0000000000   -144.000      250.000000   0.417968       1221.7383    0.0000283672    0.0009777033   69.3966249648   62.2786982368   -1.9075861483 
   0.0000000000   -143.000      250.000000   0.417478       1220.5457    0.0000284361    0.0009756594   69.2625805468   62.1601914532   -1.9062753946 
   0.0000000000   -142.000      250.000000   0.416988       1219.3561    0.0000285064    0.0009735650   69.1308947727   62.0444915804   -1.9049674671 
   0.0000000000   -141.000      250.000000   0.416502       1218.1710    0.0000285709    0.0009714132   69.0013491630   61.9309967001   -1.9036598206 
   0.0000000000   -140.000      250.000000   0.416018       1216.9897    0.0000286310    0.0009691851   68.8740526946   61.8200584941   -1.9023539255 
   0.0000000000   -139.000      250.000000   0.415536       1215.8122    0.0000286886    0.0009669092   68.7486126641   61.7111785054   -1.9010497885 
   0.0000000000   -138.000      250.000000   0.415056       1214.6387    0.0000287419    0.0009645668   68.6252058985   61.6045864238   -1.8997474252 
   0.0000000000   -137.000      250.000000   0.414578       1213.4691    0.0000287939    0.0009621795   68.5037127918   61.5001599620   -1.8984468533 
   0.0000000000   -136.000      250.000000   0.414102       1212.3037    0.0000288412    0.0009597246   68.3840365554   61.3977877582   -1.8971480920 
   0.0000000000   -135.000      250.000000   0.413628       1211.1423    0.0000288863    0.0009572202   68.2661742275   61.2974732207   -1.8958511622 
   0.0000000000   -134.000      250.000000   0.413156       1209.9851    0.0000289284    0.0009546676   68.1499949638   61.1990420501   -1.8945560849 
   0.0000000000   -133.000      250.000000   0.412687       1208.8321    0.0000289679    0.0009520628   68.0354984611   61.1025425814   -1.8932628808 
   0.0000000000   -132.000      250.000000   0.412219       1207.6834    0.0000290037    0.0009494030   67.9226239305   61.0078783686   -1.8919715719 
   0.0000000000   -131.000      250.000000   0.411753       1206.5384    0.0000290385    0.0009467038   67.8112812336   60.9150044965   -1.8906833215 
   0.0000000000   -130.000      250.000000   0.411290       1205.3984    0.0000290690    0.0009439492   67.7015136398   60.8238835257   -1.8893957397 
   0.0000000000   -129.000      250.000000   0.410830       1204.2629    0.0000290972    0.0009411508   67.5931989379   60.7344265990   -1.8881101343 
   0.0000000000   -128.000      250.000000   0.410371       1203.1318    0.0000291233    0.0009383103   67.4863175301   60.6466134098   -1.8868265224 
   0.0000000000   -127.000      250.000000   0.409915       1202.0052    0.0000291466    0.0009354253   67.3808251265   60.5603935634   -1.8855449211 
   0.0000000000   -126.000      250.000000   0.409461       1200.8831    0.0000291674    0.0009324980   67.2766885278   60.4757248410   -1.8842653479 
   0.0000000000   -125.000      250.000000   0.409010       1199.7656    0.0000291862    0.0009295305   67.1738736088   60.3925920352   -1.8829878197 
   0.0000000000   -124.000      250.000000   0.408560       1198.6528    0.0000292027    0.0009265246   67.0723262419   60.3109086698   -1.8817123538 
   0.0000000000   -123.000      250.000000   0.408113       1197.5446    0.0000292170    0.0009234805   66.9720275724   60.2306681007   -1.8804389664 
   0.0000000000   -122.000      250.000000   0.407668       1196.4410    0.0000292291    0.0009203984   66.8729452761   60.1518372691   -1.8791676739 
   0.0000000000   -121.000      250.000000   0.407226       1195.3422    0.0000292393    0.0009172824   66.7750370577   60.0743564041   -1.8778984922 
   0.0000000000   -120.000      250.000000   0.406786       1194.2481    0.0000292475    0.0009141317   66.6782827941   59.9982124697   -1.8766314364 
   0.0000000000   -119.000      250.000000   0.406348       1193.1589    0.0000292538    0.0009109484   66.5826537275   59.9233683609   -1.8753665214 
   0.0000000000   -118.000      250.000000   0.405913       1192.0744    0.0000292583    0.0009077336   66.4881162750   59.8497849631   -1.8741037616 
   0.0000000000   -117.000      250.000000   0.405479       1190.9947    0.0000292611    0.0009044887   66.3946481187   59.7774367107   -1.8728431706 
   0.0000000000   -116.000      250.000000   0.405049       1189.9199    0.0000292621    0.0009012145   66.3022292669   59.7063006341   -1.8715847617 
   0.0000000000   -115.000      250.000000   0.404620       1188.8500    0.0000292614    0.0008979122   66.2108280123   59.6363391830   -1.8703285474 
   0.0000000000   -114.000      250.000000   0.404194       1187.7850    0.0000292592    0.0008945834   66.1204273959   59.5675326618   -1.8690745398 
   0.0000000000   -113.000      250.000000   0.403770       1186.7249    0.0000292555    0.0008912290   66.0310019660   59.4998482473   -1.8678227505 
   0.0000000000   -112.000      250.000000   0.403349       1185.6697    0.0000292503    0.0008878505   65.9425336479   59.4332668616   -1.8665731902 
   0.0000000000   -111.000      250.000000   0.402928       1184.6189    0.0000292442    0.0008844483   65.8549912266   59.3677917390   -1.8653270563 
   0.0000000000   -110.000      250.000000   0.402512       1183.5737    0.0000292362    0.0008810245   65.7683773815   59.3033365646   -1.8640819143 
   0.0000000000   -109.000      250.000000   0.402097       1182.5335    0.0000292269    0.0008775794   65.6826623599   59.2399108021   -1.8628390362 
   0.0000000000   -108.000      250.000000   0.401685       1181.4983    0.0000292163    0.0008741142   65.5978322618   59.1774969105   -1.8615984298 
   0.0000000000   -107.000      250.000000   0.401276       1180.4680    0.0000292046    0.0008706305   65.5138662595   59.1160693610   -1.8603601026 
   0.0000000000   -106.000      250.000000   0.400868       1179.4428    0.0000291917    0.0008671291   65.4307508284   59.0556092004   -1.8591240615 
   0.0000000000   -105.000      250.000000   0.400463       1178.4226    0.0000291777    0.0008636108   65.3484718529   58.9960989382   -1.8578903126 
   0.0000000000   -104.000      250.000000   0.400061       1177.4075    0.0000291627    0.0008600768   65.2670138890   58.9375170257   -1.8566588620 
   0.0000000000   -103.000      250.000000   0.399661       1176.3974    0.0000291466    0.0008565283   65.1863634693   58.8798462548   -1.8554297148 
   0.0000000000   -102.000      250.000000   0.399263       1175.3923    0.0000291296    0.0008529659   65.1065077412   58.8230689895   -1.8542028758 
   0.0000000000   -101.000      250.000000   0.398867       1174.3923    0.0000291116    0.0008493908   65.0274342502   58.7671681740   -1.8529783491 
   0.0000000000   -100.000      250.000000   0.398474       1173.3973    0.0000290928    0.0008458039   64.9491312219   58.7121274588   -1.8517561383 
   0.0000000000    -99.000      250.000000   0.398083       1172.4074    0.0000290731    0.0008422062   64.8715873966   58.6579308323   -1.8505362467 
   0.0000000000    -98.000      250.000000   0.397694       1171.4225    0.0000290526    0.0008385986   64.7947917458   58.6045624413   -1.8493186767 
   0.0000000000    -97.000      250.000000   0.397308       1170.4427    0.0000290314    0.0008349820   64.7187342407   58.5520081004   -1.8481034303 
   0.0000000000    -96.000      250.000000   0.396924       1169.4680    0.0000290094    0.0008313572   64.6434045935   58.5002527945   -1.8468905090 
   0.0000000000    -95.000      250.000000   0.396542       1168.4982    0.0000289867    0.0008277252   64.5687941349   58.4492831219   -1.8456799139 
   0.0000000000    -94.000      250.000000   0.396163       1167.5336    0.0000289633    0.0008240867   64.4948933529   58.3990850909   -1.8444716452 
   0.0000000000    -93.000      250.000000   0.395786       1166.5740    0.0000289393    0.0008204427   64.4216940189   58.3496460233   -1.8432657031 
   0.0000000000    -92.000      250.000000   0.395411       1165.6194    0.0000289146    0.0008167939   64.3491878531   58.3009529310   -1.8420620867 
   0.0000000000    -91.000      250.000000   0.395038       1164.6699    0.0000288894    0.0008131412   64.2773671265   58.2529937551   -1.8408607951 
   0.0000000000    -90.000      250.000000   0.394668       1163.7253    0.0000288637    0.0008094853   64.2062244832   58.2057567403   -1.8396618266 
   0.0000000000    -89.000      250.000000   0.394300       1162.7858    0.0000288374    0.0008058270   64.1357528271   58.1592298506   -1.8384651791 
   0.0000000000    -88.000      250.000000   0.393934       1161.8513    0.0000288106    0.0008021671   64.0659455527   58.1134025518   -1.8372708500 
   0.0000000000    -87.000      250.000000   0.393571       1160.9218    0.0000287833    0.0007985063   63.9967959101   58.0682634212   -1.8360788361 
   0.0000000000    -86.000      250.000000   0.393210       1159.9973    0.0000287556    0.0007948453   63.9282983439   58.0238028175   -1.8348891340 
   0.0000000000    -85.000      250.000000   0.392851       1159.0778    0.0000287274    0.0007911849   63.8604466375   57.9800098921   -1.8337017395 
   0.0000000000    -84.000      250.000000   0.392494       1158.1633    0.0000286989    0.0007875257   63.7932355101   57.9368752655   -1.8325166482 
   0.0000000000    -83.000      250.000000   0.392139       1157.2537    0.0000286699    0.0007838685   63.7266595399   57.8943890779   -1.8313338550 
   0.0000000000    -82.000      250.000000   0.391787       1156.3490    0.0000286406    0.0007802139   63.6607138555   57.8525423531   -1.8301533545 
   0.0000000000    -81.000      250.000000   0.391437       1155.4493    0.0000286109    0.0007765625   63.5953935618   57.8113259401   -1.8289751407 
   0.0000000000    -80.000      250.000000   0.391089       1154.5545    0.0000285809    0.0007729151   63.5306942878   57.7707313232   -1.8277992075 
   0.0000000000    -79.000      250.000000   0.390743       1153.6645    0.0000285506    0.0007692722   63.4666116714   57.7307500741   -1.8266255479 
   0.0000000000    -78.000      250.000000   0.390399       1152.7795    0.0000285200    0.0007656344   63.4031416745   57.6913740114   -1.8254541548 
   0.0000000000    -77.000      250.000000   0.390058       1151.8993    0.0000284890    0.0007620025   63.3402803967   57.6525952336   -1.8242850205 
   0.0000000000    -76.000      250.000000   0.389718       1151.0240    0.0000284579    0.0007583769   63.2780242175   57.6144061456   -1.8231181371 
   0.0000000000    -75.000      250.000000   0.389381       1150.1535    0.0000284264    0.0007547582   63.2163696760   57.5767993105   -1.8219534959 
   0.0000000000    -74.000      250.000000   0.389046       1149.2878    0.0000283948    0.0007511470   63.1553135164   57.5397675850   -1.8207910881 
   0.0000000000    -73.000      250.000000   0.388713       1148.4269    0.0000283629    0.0007475439   63.0948525767   57.5033039172   -1.8196309045 
   0.0000000000    -72.000      250.000000   0.388382       1147.5708    0.0000283308    0.0007439494   63.0349839694   57.4674016823   -1.8184729353 
   0.0000000000    -71.000      250.000000   0.388053       1146.7195    0.0000282985    0.0007403640   62.9757049477   57.4320542596   -1.8173171706 
   0.0000000000    -70.000      250.000000   0.387726       1145.8729    0.0000282660    0.0007367883   62.9170129161   57.3972554275   -1.8161635998 
   0.0000000000    -69.000      250.000000   0.387401       1145.0309    0.0000282333    0.0007332228   62.8589054502   57.3629990659   -1.8150122121 
   0.0000000000    -68.000      250.000000   0.387079       1144.1937    0.0000282004    0.0007296680   62.8013801916   57.3292791501   -1.8138629964 
   0.0000000000    -67.000      250.000000   0.386758       1143.3612    0.0000281674    0.0007261243   62.7444350273   57.2960900311   -1.8127159410 
   0.0000000000    -66.000      250.000000   0.386438       1142.5328    0.0000281345    0.0007225917   62.6880547460   57.2634364208   -1.8115721295 
   0.0000000000    -65.000      250.000000   0.386122       1141.7095    0.0000281012    0.0007190718   62.6322642878   57.2312919190   -1.8104293245 
   0.0000000000    -64.000      250.000000   0.385807       1140.8909    0.0000280677    0.0007155645   62.5770482692   57.1996621188   -1.8092886443 
   0.0000000000    -63.000      250.000000   0.385495       1140.0768    0.0000280342    0.0007120701   62.5224050894   57.1685420901   -1.8081500757 
   0.0000000000    -62.000      250.000000   0.385184       1139.2673    0.0000280005    0.0007085893   62.4683332537   57.1379269430   -1.8070136054 
   0.0000000000    -61.000      250.000000   0.384875       1138.4623    0.0000279668    0.0007051223   62.4148313655   57.1078120074   -1.8058792197 
   0.0000000000    -60.000      250.000000   0.384568       1137.6618    0.0000279329    0.0007016696   62.3618981728   57.0781928066   -1.8047469047 
   0.0000000000    -59.000      250.000000   0.384264       1136.8658    0.0000278990    0.0006982316   62.3095325133   57.0490649609   -1.8036166459 
   0.0000000000    -58.000      250.000000   0.383961       1136.0742    0.0000278650    0.0006948088   62.2577333300   57.0204242750   -1.8024884287 
   0.0000000000    -57.000      250.000000   0.383660       1135.2871    0.0000278309    0.0006914015   62.2064996755   56.9922667043   -1.8013622381 
   0.0000000000    -56.000      250.000000   0.383361       1134.5044    0.0000277967    0.0006880101   62.1558306888   56.9645883458   -1.8002380588 
   0.0000000000    -55.000      250.000000   0.383063       1133.7260    0.0000277625    0.0006846349   62.1057256451   56.9373854681   -1.7991158754 
   0.0000000000    -54.000      250.000000   0.382768       1132.9520    0.0000277282    0.0006812764   62.0561838660   56.9106544288   -1.7979956718 
   0.0000000000    -53.000      250.000000   0.382475       1132.1823    0.0000276939    0.0006779349   62.0072047873   56.8843917668   -1.7968774319 
   0.0000000000    -52.000      250.000000   0.382183       1131.4169    0.0000276596    0.0006746108   61.9587879309   56.8585941436   -1.7957611392 
   0.0000000000    -51.000      250.000000   0.381893       1130.6558    0.0000276252    0.0006713044   61.9109328997   56.8332583367   -1.7946467770 
   0.0000000000    -50.000      250.000000   0.381605       1129.8989    0.0000275908    0.0006680160   61.8636393870   56.8083812813   -1.7935343282 
   0.0000000000    -49.000      250.000000   0.381319       1129.1462    0.0000275563    0.0006647460   61.8169071687   56.7839600192   -1.7924237756 
   0.0000000000    -48.000      250.000000   0.381034       1128.3977    0.0000275219    0.0006614947   61.7707360779   56.7599917083   -1.7913151015 
   0.0000000000    -47.000      250.000000   0.380752       1127.6534    0.0000274874    0.0006582623   61.7251260516   56.7364736575   -1.7902082881 
   0.0000000000    -46.000      250.000000   0.380471       1126.9132    0.0000274529    0.0006550494   61.6800770915   56.7134032652   -1.7891033172 
   0.0000000000    -45.000      250.000000   0.380191       1126.1770    0.0000274184    0.0006518560   61.6355892592   56.6907780550   -1.7880001705 
   0.0000000000    -44.000      250.000000   0.379914       1125.4449    0.0000273840    0.0006486825   61.5916627058   56.6685956686   -1.7868988293 
   0.0000000000    -43.000      250.000000   0.379638       1124.7169    0.0000273495    0.0006455292   61.5482976347   56.6468538453   -1.7857992747 
   0.0000000000    -42.000      250.000000   0.379364       1123.9929    0.0000273151    0.0006423965   61.5054943255   56.6255504489   -1.7847014876 
   0.0000000000    -41.000      250.000000   0.379091       1123.2728    0.0000272806    0.0006392844   61.4632531120   56.6046834312   -1.7836054484 
   0.0000000000    -40.000      250.000000   0.378821       1122.5567    0.0000272462    0.0006361935   61.4215744050   56.5842508593   -1.7825111377 
   0.0000000000    -39.000      250.000000   0.378552       1121.8445    0.0000272119    0.0006331238   61.3804586572   56.5642508911   -1.7814185354 
   0.0000000000    -38.000      250.000000   0.378284       1121.1362    0.0000271776    0.0006300756   61.3399063980   56.5446817935   -1.7803276214 
   0.0000000000    -37.000      250.000000   0.378018       1120.4317    0.0000271433    0.0006270493   61.2999182036   56.5255419182   -1.7792383754 
   0.0000000000    -36.000      250.000000   0.377754       1119.7310    0.0000271090    0.0006240450   61.2604947035   56.5068297164   -1.7781507768 
   0.0000000000    -35.000      250.000000   0.377491       1119.0342    0.0000270748    0.0006210630   61.2216365958   56.4885437324   -1.7770648047 
   0.0000000000    -34.000      250.000000   0.377230       1118.3411    0.0000270407    0.0006181036   61.1833446162   56.4706825996   -1.7759804380 
   0.0000000000    -33.000      250.000000   0.376971       1117.6517    0.0000270066    0.0006151669   61.1456195611   56.4532450341   -1.7748976555 
   0.0000000000    -32.000      250.000000   0.376713       1116.9660    0.0000269726    0.0006122531   61.1084622664   56.4362298370   -1.7738164357 
   0.0000000000    -31.000      250.000000   0.376456       1116.2839    0.0000269387    0.0006093626   61.0718736281   56.4196358988   -1.7727367567 
   0.0000000000    -30.000      250.000000   0.376201       1115.6055    0.0000269048    0.0006064956   61.0358545840   56.4034621862   -1.7716585968 
   0.0000000000    -29.000      250.000000   0.375948       1114.9307    0.0000268710    0.0006036521   61.0004061148   56.3877077452   -1.7705819337 
   0.0000000000    -28.000      250.000000   0.375696       1114.2595    0.0000268373    0.0006008326   60.9655292466   56.3723716964   -1.7695067450 
   0.0000000000    -27.000      250.000000   0.375446       1113.5918    0.0000268037    0.0005980370   60.9312250522   56.3574532419   -1.7684330082 
   0.0000000000    -26.000      250.000000   0.375197       1112.9275    0.0000267702    0.0005952657   60.8974946420   56.3429516507   -1.7673607005 
   0.0000000000    -25.000      250.000000   0.374949       1112.2668    0.0000267368    0.0005925189   60.8643391675   56.3288662638   -1.7662897989 
   0.0000000000    -24.000      250.000000   0.374703       1111.6095    0.0000267035    0.0005897967   60.8317598209   56.3151964953   -1.7652202802 
   0.0000000000    -23.000      250.000000   0.374458       1110.9555    0.0000266703    0.0005870993   60.7997578302   56.3019418216   -1.7641521210 
   0.0000000000    -22.000      250.000000   0.374215       1110.3050    0.0000266372    0.0005844269   60.7683344619   56.2891017867   -1.7630852978 
   0.0000000000    -21.000      250.000000   0.373973       1109.6577    0.0000266042    0.0005817797   60.7374910199   56.2766760051   -1.7620197868 
   0.0000000000    -20.000      250.000000   0.373733       1109.0138    0.0000265714    0.0005791578   60.7072288386   56.2646641390   -1.7609555640 
   0.0000000000    -19.000      250.000000   0.373493       1108.3731    0.0000265387    0.0005765615   60.6775492869   56.2530659208   -1.7598926053 
   0.0000000000    -18.000      250.000000   0.373256       1107.7357    0.0000265061    0.0005739909   60.6484537718   56.2418811442   -1.7588308863 
   0.0000000000    -17.000      250.000000   0.373019       1107.1015    0.0000264737    0.0005714461   60.6199437222   56.2311096513   -1.7577703825 
   0.0000000000    -16.000      250.000000   0.372784       1106.4704    0.0000264414    0.0005689274   60.5920206049   56.2207513441   -1.7567110692 
   0.0000000000    -15.000      250.000000   0.372550       1105.8425    0.0000264093    0.0005664348   60.5646859146   56.2108061814   -1.7556529215 
   0.0000000000    -14.000      250.000000   0.372317       1105.2176    0.0000263774    0.0005639686   60.5379411720   56.2012741678   -1.7545959143 
   0.0000000000    -13.000      250.000000   0.372086       1104.5959    0.0000263456    0.0005615289   60.5117879295   56.1921553642   -1.7535400224 
   0.0000000000    -12.000      250.000000   0.371856       1103.9771    0.0000263139    0.0005591158   60.4862277615   56.1834498751   -1.7524852204 
   0.0000000000    -11.000      250.000000   0.371627       1103.3613    0.0000262825    0.0005567296   60.4612622713   56.1751578583   -1.7514314826 
   0.0000000000    -10.000      250.000000   0.371399       1102.7485    0.0000262512    0.0005543702   60.4368930862   56.1672795137   -1.7503787833 
   0.0000000000     -9.000      250.000000   0.371173       1102.1387    0.0000262201    0.0005520380   60.4131218588   56.1598150900   -1.7493270966 
   0.0000000000     -8.000      250.000000   0.370948       1101.5317    0.0000261892    0.0005497329   60.3899502641   56.1527648777   -1.7482763964 
   0.0000000000     -7.000      250.000000   0.370724       1100.9276    0.0000261585    0.0005474552   60.3673799970   56.1461292043   -1.7472266564 
   0.0000000000     -6.000      250.000000   0.370501       1100.3263    0.0000261280    0.0005452050   60.3454127784   56.1399084463   -1.7461778501 
   0.0000000000     -5.000      250.000000   0.370279       1099.7278    0.0000260977    0.0005429825   60.3240503482   56.1341030157   -1.7451299511 
   0.0000000000     -4.000      250.000000   0.370059       1099.1320    0.0000260676    0.0005407876   60.3032944663   56.1287133620   -1.7440829324 
   0.0000000000     -3.000      250.000000   0.369839       1098.5390    0.0000260378    0.0005386207   60.2831469122   56.1237399739   -1.7430367672 
   0.0000000000     -2.000      250.000000   0.369621       1097.9486    0.0000260082    0.0005364818   60.2636094848   56.1191833744   -1.7419914284 
   0.0000000000     -1.000      250.000000   0.369404       1097.3609    0.0000259788    0.0005343710   60.2446840012   56.1150441220   -1.7409468889 
   0.0000000000      0.000      250.000000   0.369188       1096.7758    0.0000259496    0.0005322884   60.2263722951   56.1113228076   -1.7399031211 
   0.0000000000      1.000      250.000000   0.368973       1096.1933    0.0000259207    0.0005302343   60.2086762178   56.1080200545   -1.7388600976 
   0.0000000000      2.000      250.000000   0.368759       1095.6133    0.0000258920    0.0005282086   60.1915976374   56.1051365192   -1.7378177906 
   0.0000000000      3.000      250.000000   0.368546       1095.0358    0.0000258636    0.0005262115   60.1751384370   56.1026728865   -1.7367761724 
   0.0000000000      4.000      250.000000   0.368334       1094.4609    0.0000258355    0.0005242432   60.1593005145   56.1006298706   -1.7357352148 
   0.0000000000      5.000      250.000000   0.368123       1093.8883    0.0000258076    0.0005223037   60.1440857846   56.0990082157   -1.7346948899 
   0.0000000000      6.000      250.000000   0.367913       1093.3182    0.0000257800    0.0005203932   60.1294961736   56.0978086905   -1.7336551693 
   0.0000000000      7.000      250.000000   0.367704       1092.7504    0.0000257527    0.0005185118   60.1155336237   56.0970320925   -1.7326160245 
   0.0000000000      8.000      250.000000   0.367496       1092.1850    0.0000257257    0.0005166595   60.1022000891   56.0966792435   -1.7315774270 
   0.0000000000      9.000      250.000000   0.367289       1091.6218    0.0000256990    0.0005148365   60.0894975368   56.0967509901   -1.7305393480 
   0.0000000000     10.000      250.000000   0.367083       1091.0609    0.0000256725    0.0005130429   60.0774279477   56.0972482028   -1.7295017587 
   0.0000000000     11.000      250.000000   0.366877       1090.5023    0.0000256464    0.0005112788   60.0659933132   56.0981717744   -1.7284646301 
   0.0000000000     12.000      250.000000   0.366673       1089.9458    0.0000256206    0.0005095444   60.0551956364   56.0995226205   -1.7274279330 
   0.0000000000     13.000      250.000000   0.366470       1089.3915    0.0000255951    0.0005078396   60.0450369331   56.1013016781   -1.7263916382 
   0.0000000000     14.000      250.000000   0.366267       1088.8393    0.0000255700    0.0005061647   60.0355192289   56.1035099041   -1.7253557161 
   0.0000000000     15.000      250.000000   0.366066       1088.2892    0.0000255452    0.0005045196   60.0266445606   56.1061482765   -1.7243201374 
   0.0000000000     16.000      250.000000   0.365865       1087.7412    0.0000255207    0.0005029047   60.0184149752   56.1092177917   -1.7232848721 
   0.0000000000     17.000      250.000000   0.365665       1087.1952    0.0000254966    0.0005013198   60.0108325301   56.1127194651   -1.7222498906 
   0.0000000000     18.000      250.000000   0.365466       1086.6511    0.0000254728    0.0004997652   60.0038992924   56.1166543296   -1.7212151629 
   0.0000000000     19.000      250.000000   0.365267       1086.1090    0.0000254494    0.0004982408   59.9976173394   56.1210234366   -1.7201806588 
   0.0000000000     20.000      250.000000   0.365070       1085.5688    0.0000254264    0.0004967470   59.9919887573   56.1258278531   -1.7191463482 
   0.0000000000     21.000      250.000000   0.364873       1085.0305    0.0000254037    0.0004952836   59.9870156420   56.1310686636   -1.7181122006 
   0.0000000000     22.000      250.000000   0.364677       1084.4940    0.0000253814    0.0004938509   59.9827000985   56.1367469675   -1.7170781855 
   0.0000000000     23.000      250.000000   0.364482       1083.9593    0.0000253596    0.0004924489   59.9790442407   56.1428638797   -1.7160442724 
   0.0000000000     24.000      250.000000   0.364287       1083.4264    0.0000253381    0.0004910777   59.9760501917   56.1494205304   -1.7150104304 
   0.0000000000     25.000      250.000000   0.364094       1082.8952    0.0000253170    0.0004897374   59.9737200827   56.1564180632   -1.7139766288 
   0.0000000000     26.000      250.000000   0.363901       1082.3657    0.0000252963    0.0004884282   59.9720560548   56.1638576373   -1.7129428364 
   0.0000000000     27.000      250.000000   0.363708       1081.8379    0.0000252761    0.0004871500   59.9710602564   56.1717404234   -1.7119090222 
   0.0000000000     28.000      250.000000   0.363517       1081.3117    0.0000252563    0.0004859031   59.9707348455   56.1800676071   -1.7108751548 
   0.0000000000     29.000      250.000000   0.363326       1080.7871    0.0000252369    0.0004846875   59.9710819881   56.1888403862   -1.7098412030 
   0.0000000000     30.000      250.000000   0.363135       1080.2640    0.0000252180    0.0004835033   59.9721038588   56.1980599704   -1.7088071350 
   0.0000000000     31.000      250.000000   0.362946       1079.7424    0.0000251995    0.0004823506   59.9738026409   56.2077275828   -1.7077729194 
   0.0000000000     32.000      250.000000   0.362757       1079.2224    0.0000251815    0.0004812295   59.9761805260   56.2178444576   -1.7067385243 
   0.0000000000     33.000      250.000000   0.362567       1078.7034    0.0000251640    0.0004801398   59.9792348394   56.2284177890   -1.7057048649 
   0.0000000000     34.000      250.000000   0.362380       1078.1862    0.0000251469    0.0004790822   59.9829777405   56.2394369685   -1.7046700061 
   0.0000000000     35.000      250.000000   0.362192       1077.6703    0.0000251303    0.0004780565   59.9874063685   56.2509091834   -1.7036348719 
   0.0000000000     36.000      250.000000   0.362006       1077.1558    0.0000251142    0.0004770628   59.9925229497   56.2628357134   -1.7025994302 
   0.0000000000     37.000      250.000000   0.361820       1076.6426    0.0000250986    0.0004761011   59.9983297187   56.2752178480   -1.7015636485 
   0.0000000000     38.000      250.000000   0.361634       1076.1306    0.0000250835    0.0004751716   60.0048289196   56.2880568881   -1.7005274944 
   0.0000000000     39.000      250.000000   0.361449       1075.6199    0.0000250689    0.0004742745   60.0120228047   56.3013541442   -1.6994909351 
   0.0000000000     40.000      250.000000   0.361264       1075.1103    0.0000250548    0.0004734097   60.0199136360   56.3151109374   -1.6984539379 
   0.0000000000     41.000      250.000000   0.361080       1074.6019    0.0000250413    0.0004725773   60.0285036839   56.3293285985   -1.6974164699 
   0.0000000000     42.000      250.000000   0.360897       1074.0947    0.0000250283    0.0004717776   60.0377952286   56.3440084686   -1.6963784981 
   0.0000000000     43.000      250.000000   0.360714       1073.5885    0.0000250159    0.0004710105   60.0477905595   56.3591518981   -1.6953399893 
   0.0000000000     44.000      250.000000   0.360531       1073.0833    0.0000250040    0.0004702762   60.0584919753   56.3747602470   -1.6943009104 
   0.0000000000     45.000      250.000000   0.360349       1072.5792    0.0000249927    0.0004695748   60.0699017848   56.3908348857   -1.6932612278 
   0.0000000000     46.000      250.000000   0.360168       1072.0760    0.0000249819    0.0004689064   60.0820223060   56.4073771928   -1.6922209082 
   0.0000000000     47.000      250.000000   0.359986       1071.5738    0.0000249718    0.0004682711   60.0948558675   56.4243885574   -1.6911799178 
   0.0000000000     48.000      250.000000   0.359805       1071.0724    0.0000249622    0.0004676689   60.1084048072   56.4418703771   -1.6901382230 
   0.0000000000     49.000      250.000000   0.359625       1070.5719    0.0000249532    0.0004671001   60.1226714739   56.4598240592   -1.6890957898 
   0.0000000000     50.000      250.000000   0.359445       1070.0723    0.0000249448    0.0004665646   60.1376582266   56.4782510202   -1.6880525843 
   0.0000000000     51.000      250.000000   0.359265       1069.5734    0.0000249371    0.0004660627   60.1533674347   56.4971526855   -1.6870085722 
   0.0000000000     52.000      250.000000   0.359086       1069.0753    0.0000249300    0.0004655944   60.1698014783   56.5165304897   -1.6859637195 
   0.0000000000     53.000      250.000000   0.358907       1068.5779    0.0000249235    0.0004651597   60.1869627488   56.5363858765   -1.6849179916 
   0.0000000000     54.000      250.000000   0.358728       1068.0812    0.0000249176    0.0004647589   60.2048536480   56.5567202985   -1.6838713542 
   0.0000000000     55.000      250.000000   0.358550       1067.5851    0.0000249124    0.0004643921   60.2234765893   56.5775352176   -1.6828237725 
   0.0000000000     56.000      250.000000   0.358372       1067.0896    0.0000249079    0.0004640593   60.2428339972   56.5988321042   -1.6817752118 
   0.0000000000     57.000      250.000000   0.358194       1066.5947    0.0000249040    0.0004637606   60.2629283077   56.6206124381   -1.6807256372 
   0.0000000000     58.000      250.000000   0.358016       1066.1003    0.0000249009    0.0004634962   60.2837619687   56.6428777077   -1.6796750138 
   0.0000000000     59.000      250.000000   0.357839       1065.6064    0.0000248984    0.0004632662   60.3053374394   56.6656294106   -1.6786233064 
   0.0000000000     60.000      250.000000   0.357662       1065.1130    0.0000248966    0.0004630707   60.3276571909   56.6888690527   -1.6775704797 
   0.0000000000     61.000      250.000000   0.357485       1064.6200    0.0000248955    0.0004629099   60.3507237067   56.7125981494   -1.6765164984 
   0.0000000000     62.000      250.000000   0.357309       1064.1273    0.0000248952    0.0004627837   60.3745394819   56.7368182243   -1.6754613268 
   0.0000000000     63.000      250.000000   0.357132       1063.6350    0.0000248955    0.0004626924   60.3991070240   56.7615308101   -1.6744049295 
   0.0000000000     64.000      250.000000   0.356956       1063.1430    0.0000248966    0.0004626361   60.4244288526   56.7867374481   -1.6733472705 
   0.0000000000     65.000      250.000000   0.356780       1062.6513    0.0000248985    0.0004626148   60.4505074999   56.8124396883   -1.6722883139 
   0.0000000000     66.000      250.000000   0.356604       1062.1598    0.0000249011    0.0004626288   60.4773455104   56.8386390894   -1.6712280238 
   0.0000000000     67.000      250.000000   0.356429       1061.6685    0.0000249045    0.0004626781   60.5049454407   56.8653372183   -1.6701663640 
   0.0000000000     68.000      250.000000   0.356253       1061.1774    0.0000249087    0.0004627628   60.5333098603   56.8925356508   -1.6691032980 
   0.0000000000     69.000      250.000000   0.356078       1060.6864    0.0000249136    0.0004628831   60.5624413510   56.9202359708   -1.6680387895 
   0.0000000000     70.000      250.000000   0.355902       1060.1955    0.0000249194    0.0004630392   60.5923425069   56.9484397708   -1.6669728019 
   0.0000000000     71.000      250.000000   0.355727       1059.7046    0.0000249259    0.0004632311   60.6230159347   56.9771486512   -1.6659052984 
   0.0000000000     72.000      250.000000   0.355552       1059.2137    0.0000249333    0.0004634589   60.6544642536   57.0063642207   -1.6648362422 
   0.0000000000     73.000      250.000000   0.355377       1058.7227    0.0000249415    0.0004637228   60.6866900948   57.0360880961   -1.6637655963 
   0.0000000000     74.000      250.000000   0.355202       1058.2317    0.0000249506    0.0004640230   60.7196961019   57.0663219017   -1.6626933235 
   0.0000000000     75.000      250.000000   0.355027       1057.7406    0.0000249605    0.0004643596   60.7534849307   57.0970672697   -1.6616193866 
   0.0000000000     76.000      250.000000   0.354852       1057.2494    0.0000249713    0.0004647326   60.7880592487   57.1283258400   -1.6605437481 
   0.0000000000     77.000      250.000000   0.354677       1056.7580    0.0000249829    0.0004651423   60.8234217355   57.1600992595   -1.6594663705 
   0.0000000000     78.000      250.000000   0.354502       1056.2663    0.0000249954    0.0004655888   60.8595750821   57.1923891827   -1.6583872159 
   0.0000000000     79.000      250.000000   0.354327       1055.7744    0.0000250088    0.0004660722   60.8965219910   57.2251972705   -1.6573062467 
   0.0000000000     80.000      250.000000   0.354152       1055.2822    0.0000250232    0.0004665926   60.9342651756   57.2585251908   -1.6562234248 
   0.0000000000     81.000      250.000000   0.353977       1054.7896    0.0000250384    0.0004671503   60.9728073605   57.2923746181   -1.6551387119 
   0.0000000000     82.000      250.000000   0.353802       1054.2967    0.0000250546    0.0004677453   61.0121512806   57.3267472327   -1.6540520699 
   0.0000000000     83.000      250.000000   0.353627       1053.8033    0.0000250717    0.0004683778   61.0522996810   57.3616447211   -1.6529634602 
   0.0000000000     84.000      250.000000   0.353452       1053.3095    0.0000250898    0.0004690479   61.0932553166   57.3970687750   -1.6518728443 
   0.0000000000     85.000      250.000000   0.353277       1052.8152    0.0000251088    0.0004697559   61.1350209517   57.4330210917   -1.6507801834 
   0.0000000000     86.000      250.000000   0.353101       1052.3203    0.0000251288    0.0004705017   61.1775993596   57.4695033730   -1.6496854385 
   0.0000000000     87.000      250.000000   0.352926       1051.8249    0.0000251498    0.0004712857   61.2209933220   57.5065173252   -1.6485885707 
   0.0000000000     88.000      250.000000   0.352750       1051.3289    0.0000251718    0.0004721079   61.2652056283   57.5440646588   -1.6474895407 
   0.0000000000     89.000      250.000000   0.352574       1050.8322    0.0000251948    0.0004729686   61.3102390754   57.5821470876   -1.6463883092 
   0.0000000000     90.000      250.000000   0.352399       1050.3349    0.0000252188    0.0004738678   61.3560964670   57.6207663287   -1.6452848365 
   0.0000000000     91.000      250.000000   0.352222       1049.8368    0.0000252439    0.0004748057   61.4027806125   57.6599241016   -1.6441790830 
   0.0000000000     92.000      250.000000   0.352046       1049.3379    0.0000252700    0.0004757825   61.4502943270   57.6996221280   -1.6430710088 
   0.0000000000     93.000      250.000000   0.351870       1048.8383    0.0000252972    0.0004767983   61.4986404300   57.7398621309   -1.6419605740 
   0.0000000000     94.000      250.000000   0.351693       1048.3377    0.0000253254    0.0004778534   61.5478217448   57.7806458343   -1.6408477383 
   0.0000000000     95.000      250.000000   0.351516       1047.8363    0.0000253547    0.0004789478   61.5978410976   57.8219749624   -1.6397324615 
   0.0000000000     96.000      250.000000   0.351339       1047.3340    0.0000253851    0.0004800818   61.6487013167   57.8638512389   -1.6386147029 
   0.0000000000     97.000      250.000000   0.351161       1046.8307    0.0000254167    0.0004812554   61.7004052314   57.9062763864   -1.6374944220 
   0.0000000000     98.000      250.000000   0.350984       1046.3264    0.0000254493    0.0004824690   61.7529556713   57.9492521257   -1.6363715778 
   0.0000000000     99.000      250.000000   0.350805       1045.8211    0.0000254831    0.0004837226   61.8063554649   57.9927801747   -1.6352461295 
   0.0000000000    100.000      250.000000   0.350627       1045.3146    0.0000255181    0.0004850164   61.8606074384   58.0368622481   -1.6341180357 
   0.0000000000    101.000      250.000000   0.350449       1044.8071    0.0000255542    0.0004863506   61.9157144152   58.0815000560   -1.6329872552 
   0.0000000000    102.000      250.000000   0.350270       1044.2983    0.0000255914    0.0004877254   61.9716792139   58.1266953036   -1.6318537465 
   0.0000000000    103.000      250.000000   0.350090       1043.7884    0.0000256299    0.0004891409   62.0285046475   58.1724496898   -1.6307174678 
   0.0000000000    104.000      250.000000   0.349911       1043.2772    0.0000256696    0.0004905973   62.0861935219   58.2187649062   -1.6295783773 
   0.0000000000    105.000      250.000000   0.349731       1042.7647    0.0000257105    0.0004920948   62.1447486345   58.2656426364   -1.6284364330 
   0.0000000000    106.000      250.000000   0.349550       1042.2509    0.0000257526    0.0004936336   62.2041727726   58.3130845548   -1.6272915926 
   0.0000000000    107.000      250.000000   0.349370       1041.7357    0.0000257960    0.0004952139   62.2644687123   58.3610923254   -1.6261438139 
   0.0000000000    108.000      250.000000   0.349188       1041.2191    0.0000258406    0.0004968358   62.3256392164   58.4096676010   -1.6249930541 
   0.0000000000    109.000      250.000000   0.349007       1040.7011    0.0000258865    0.0004984995   62.3876870330   58.4588120213   -1.6238392707 
   0.0000000000    110.000      250.000000   0.348825       1040.1815    0.0000259336    0.0005002052   62.4506148936   58.5085272123   -1.6226824206 
   0.0000000000    111.000      250.000000   0.348642       1039.6605    0.0000259821    0.0005019531   62.5144255117   58.5588147849   -1.6215224609 
   0.0000000000    112.000      250.000000   0.348459       1039.1378    0.0000260319    0.0005037434   62.5791215805   58.6096763334   -1.6203593481 
   0.0000000000    113.000      250.000000   0.348276       1038.6135    0.0000260830    0.0005055763   62.6447057710   58.6611134339   -1.6191930390 
   0.0000000000    114.000      250.000000   0.348092       1038.0876    0.0000261355    0.0005074519   62.7111807304   58.7131276436   -1.6180234899 
   0.0000000000    115.000      250.000000   0.347908       1037.5599    0.0000261893    0.0005093704   62.7785490793   58.7657204984   -1.6168506570 
   0.0000000000    116.000      250.000000   0.347723       1037.0306    0.0000262445    0.0005113321   62.8468134104   58.8188935121   -1.6156744963 
   0.0000000000    117.000      250.000000   0.347537       1036.4994    0.0000263011    0.0005133371   62.9159762855   58.8726481742   -1.6144949637 
   0.0000000000    118.000      250.000000   0.347351       1035.9664    0.0000263591    0.0005153855   62.9860402337   58.9269859488   -1.6133120148 
   0.0000000000    119.000      250.000000   0.347165       1035.4315    0.0000264185    0.0005174777   63.0570077486   58.9819082725   -1.6121256052 
   0.0000000000    120.000      250.000000   0.346978       1034.8948    0.0000264793    0.0005196137   63.1288812862   59.0374165529   -1.6109356902 
   0.0000000000    121.000      250.000000   0.346790       1034.3560    0.0000265416    0.0005217938   63.2016632622   59.0935121664   -1.6097422249 
   0.0000000000    122.000      250.000000   0.346602       1033.8153    0.0000266054    0.0005240182   63.2753560493   59.1501964570   -1.6085451642 
   0.0000000000    123.000      250.000000   0.346413       1033.2725    0.0000266706    0.0005262870   63.3499619745   59.2074707335   -1.6073444630 
   0.0000000000    124.000      250.000000   0.346223       1032.7277    0.0000267373    0.0005286005   63.4254833164   59.2653362683   -1.6061400760 
   0.0000000000    125.000      250.000000   0.346033       1032.1807    0.0000268055    0.0005309588   63.5019223023   59.3237942950   -1.6049319574 
   0.0000000000    126.000      250.000000   0.345842       1031.6316    0.0000268753    0.0005333621   63.5792811051   59.3828460062   -1.6037200617 
