  #sigma_s    Temp(C) Press(Mpa) p_meanfield density (kg/m^3)      kappa      alpha Cp(J/molK) Cv(J/molK)  mu(J/mol)
   0.0000000000   -173.000      170.000000   0.268532        960.1181    0.0000187864    0.0007316397   60.4269969304   55.4154151937   -2.0550723276 
   0.0000000000   -172.000      170.000000   0.268306        959.4208    0.0000188217    0.0007213999   60.3409376705   55.3999440349   -2.0540512390 
   0.0000000000   -171.000      170.000000   0.268084        958.7339    0.0000188622    0.0007110459   60.2586594953   55.3891476111   -2.0530333173 
   0.0000000000   -170.000      170.000000   0.267866        958.0574    0.0000189086    0.0007005583   60.1802680943   55.3832810297   -2.0520184410 
   0.0000000000   -169.000      170.000000   0.267651        957.3916    0.0000189621    0.0006899168   60.1058855568   55.3826236721   -2.0510064777 
   0.0000000000   -168.000      170.000000   0.267440        956.7364    0.0000190239    0.0006790983   60.0356597408   55.3874991002   -2.0499972841 
   0.0000000000   -167.000      170.000000   0.267233        956.0922    0.0000190952    0.0006680766   59.9697678781   55.3982816098   -2.0489907046 
   0.0000000000   -166.000      170.000000   0.267029        955.4590    0.0000191775    0.0006568238   59.9084075367   55.4153779805   -2.0479865699 
   0.0000000000   -165.000      170.000000   0.266829        954.8371    0.0000192722    0.0006453088   59.8518022444   55.4392404675   -2.0469846966 
   0.0000000000   -164.000      170.000000   0.266633        954.2268    0.0000193809    0.0006334973   59.8002117903   55.4703806141   -2.0459848852 
   0.0000000000   -163.000      170.000000   0.266440        953.6282    0.0000195054    0.0006213523   59.7539155878   55.5093455585   -2.0449869190 
   0.0000000000   -162.000      170.000000   0.266252        953.0418    0.0000196475    0.0006088329   59.7132313258   55.5567451468   -2.0439905622 
   0.0000000000   -161.000      170.000000   0.266068        952.4679    0.0000198094    0.0005958948   59.6785092607   55.6132436757   -2.0429955590 
   0.0000000000   -160.000      170.000000   0.265888        951.9068    0.0000199932    0.0005824900   59.6501313551   55.6795601664   -2.0420016306 
   0.0000000000   -159.000      170.000000   0.265713        951.3591    0.0000202013    0.0005685658   59.6285230111   55.7564844144   -2.0410084742 
   0.0000000000   -158.000      170.000000   0.265542        950.8251    0.0000204364    0.0005540650   59.6141445544   55.8448659709   -2.0400157604 
   0.0000000000   -157.000      170.000000   0.265375        950.3056    0.0000207013    0.0005389258   59.6074997524   55.9456258362   -2.0390231306 
   0.0000000000   -156.000      170.000000   0.265214        949.8011    0.0000209990    0.0005230806   59.6091383246   56.0597601438   -2.0380301947 
   0.0000000000   -155.000      170.000000   0.265058        949.3122    0.0000213329    0.0005064562   59.6196556810   56.1883409511   -2.0370365285 
   0.0000000000   -154.000      170.000000   0.264907        948.8397    0.0000217067    0.0004889731   59.6396970024   56.3325224622   -2.0360416698 
   0.0000000000   -153.000      170.000000   0.264761        948.3846    0.0000221241    0.0004705446   59.6699618172   56.4935454876   -2.0350451158 
   0.0000000000   -152.000      170.000000   0.264622        947.9475    0.0000225896    0.0004510767   59.7112055910   56.6727432201   -2.0340463192 
   0.0000000000   -151.000      170.000000   0.264488        947.5297    0.0000231079    0.0004304669   59.7642429043   56.8715431190   -2.0330446838 
   0.0000000000   -150.000      170.000000   0.264361        947.1322    0.0000236841    0.0004086034   59.8299508861   57.0914728573   -2.0320395605 
   0.0000000000   -149.000      170.000000   0.264242        946.7561    0.0000243237    0.0003853644   59.9092750370   57.3341686040   -2.0310302422 
   0.0000000000   -148.000      170.000000   0.264129        946.4029    0.0000250330    0.0003606165   60.0032301137   57.6013761244   -2.0300159584 
   0.0000000000   -147.000      170.000000   0.264024        946.0740    0.0000258187    0.0003342142   60.1129056290   57.8949572042   -2.0289958693 
   0.0000000000   -146.000      170.000000   0.263928        945.7711    0.0000266882    0.0003059975   60.2394717675   58.2168990721   -2.0279690594 
   0.0000000000   -145.000      170.000000   0.263840        945.4958    0.0000276498    0.0002757907   60.3841817183   58.5693154928   -2.0269345299 
   0.0000000000   -144.000      170.000000   0.263762        945.2502    0.0000287125    0.0002434004   60.5483779716   58.9544561955   -2.0258911907 
   0.0000000000   -143.000      170.000000   0.263694        945.0364    0.0000298865    0.0002086131   60.7334973566   59.3747102163   -2.0248378516 
   0.0000000000   -142.000      170.000000   0.263636        944.8567    0.0000311829    0.0001711922   60.9410765248   59.8326139757   -2.0237732119 
   0.0000000000   -141.000      170.000000   0.263591        944.7137    0.0000326144    0.0001308751   61.1727579291   60.3308554300   -2.0226958490 
   0.0000000000   -140.000      170.000000   0.263558        944.6103    0.0000341948    0.0000873692   61.4302969318   60.8722816031   -2.0216042062 
   0.0000000000   -139.000      170.000000   0.263539        944.5497    0.0000359401    0.0000403474   61.7155680090   61.4599017433   -2.0204965775 
   0.0000000000   -138.000      170.000000   0.263534        944.5352    0.0000378682   -0.0000105577   62.0305730112   62.0968941387   -2.0193710918 
   0.0000000000   -137.000      170.000000   0.263545        944.5708    0.0000399992   -0.0000657602   62.3774502194   62.7866103377   -2.0182256942 
   0.0000000000   -136.000      170.000000   0.263574        944.6612    0.0000423577   -0.0001257580   62.7586991643   63.5329684894   -2.0170569032 
   0.0000000000   -135.000      170.000000   0.263622        944.8104    0.0000449679   -0.0001910384   63.1764029370   64.3390278651   -2.0158643403 
   0.0000000000   -134.000      170.000000   0.263690        945.0240    0.0000478615   -0.0002622348   63.6333381942   65.2089741984   -2.0146442628 
   0.0000000000   -133.000      170.000000   0.263780        945.3080    0.0000510740   -0.0003400527   64.1323072121   66.1468823752   -2.0133935973 
   0.0000000000   -132.000      170.000000   0.263895        945.6691    0.0000546469   -0.0004253099   64.6763163628   67.1570008279   -2.0121089301 
   0.0000000000   -131.000      170.000000   0.264037        946.1148    0.0000586291   -0.0005189615   65.2685994206   68.2437431564   -2.0107864593 
   0.0000000000   -130.000      170.000000   0.264208        946.6537    0.0000630785   -0.0006221311   65.9126457185   69.4116712528   -2.0094219374 
   0.0000000000   -129.000      170.000000   0.264414        947.2965    0.0000680686   -0.0007362366   66.6127459904   70.6663871638   -2.0080087594 
   0.0000000000   -128.000      170.000000   0.264655        948.0529    0.0000736774   -0.0008627546   67.3722625069   72.0112900958   -2.0065444727 
   0.0000000000   -127.000      170.000000   0.264937        948.9366    0.0000800102   -0.0010036827   68.1961073580   73.4518750375   -2.0050216122 
   0.0000000000   -126.000      170.000000   0.265264        949.9624    0.0000871942   -0.0011614027   69.0893701611   74.9930110539   -2.0034331532 
   0.0000000000   -125.000      170.000000   0.265645        951.1499    0.0000953971   -0.0013390388   70.0586334803   76.6409140870   -2.0017686264 
   0.0000000000   -124.000      170.000000   0.266083        952.5176    0.0001048109   -0.0015401061   71.1093520890   78.3980587940   -2.0000222168 
   0.0000000000   -123.000      170.000000   0.266588        954.0916    0.0001157042   -0.0017695090   72.2499084268   80.2695456247   -1.9981812983 
   0.0000000000   -122.000      170.000000   0.267172        955.9057    0.0001284433   -0.0020338746   73.4912754876   82.2612027143   -1.9962293199 
   0.0000000000   -121.000      170.000000   0.267844        957.9936    0.0001434790   -0.0023412261   74.8436666806   84.3723140260   -1.9941553167 
   0.0000000000   -120.000      170.000000   0.268624        960.4091    0.0001615084   -0.0027039331   76.3258580906   86.6080900397   -1.9919334961 
   0.0000000000   -119.000      170.000000   0.269532        963.2124    0.0001834770   -0.0031385101   77.9594675196   88.9654794773   -1.9895414624 
   0.0000000000   -118.000      170.000000   0.270596        966.4876    0.0002108320   -0.0036699807   79.7784281910   91.4398600749   -1.9869460150 
   0.0000000000   -117.000      170.000000   0.271856        970.3504    0.0002458611   -0.0043374147   81.8362828468   94.0202150854   -1.9841028372 
   0.0000000000   -116.000      170.000000   0.273367        974.9679    0.0002924229   -0.0052058022   84.2244233788   96.6843563403   -1.9809501142 
   0.0000000000   -115.000      170.000000   0.275222        980.6042    0.0003577169   -0.0063946514   87.1188256711   99.3927207771   -1.9773907088 
   0.0000000000   -114.000      170.000000   0.277572        987.6955    0.0004566803   -0.0081472862   90.8933238034  102.0605531524   -1.9732728921 
   0.0000000000   -113.000      170.000000   0.280709        997.0835    0.0006269085   -0.0110621049   96.5209206036  104.5011098141   -1.9683126146 
   0.0000000000   -112.000      170.000000   0.285338       1010.7789    0.0009968859   -0.0171124322  107.4305329021  106.1942279286   -1.9618609097 
   0.0000000000   -111.000      170.000000   0.293978       1035.8530    0.0022446820   -0.0356696941  141.8987462794  104.8085819957   -1.9518061956 
   0.0000000000   -110.000      170.000000   0.307161       1072.9851    0.0017177595   -0.0225085577  120.7514860124   95.1260503726   -1.9392217804 
   0.0000000000   -109.000      170.000000   0.312962       1088.9194    0.0008719526   -0.0098870220   94.2049524158   88.7742022023   -1.9336449345 
   0.0000000000   -108.000      170.000000   0.316040       1097.2798    0.0005903745   -0.0059733250   85.0312870430   84.8731033629   -1.9302098125 
   0.0000000000   -107.000      170.000000   0.318059       1102.7294    0.0004509362   -0.0041148136   80.3165780288   82.0500043520   -1.9275461338 
   0.0000000000   -106.000      170.000000   0.319511       1106.6326    0.0003669827   -0.0030310839   77.3800770185   79.8382566883   -1.9252764656 
   0.0000000000   -105.000      170.000000   0.320609       1109.5741    0.0003104945   -0.0023211524   75.3408974262   78.0230249994   -1.9232449727 
   0.0000000000   -104.000      170.000000   0.321465       1111.8616    0.0002696606   -0.0018198212   73.8217019832   76.4859203815   -1.9213714473 
   0.0000000000   -103.000      170.000000   0.322142       1113.6694    0.0002386901   -0.0014475738   72.6354150541   75.1578224064   -1.9196129537 
   0.0000000000   -102.000      170.000000   0.322687       1115.1188    0.0002142950   -0.0011599662   71.6736446130   73.9892564969   -1.9179379320 
   0.0000000000   -101.000      170.000000   0.323121       1116.2772    0.0001946055   -0.0009320974   70.8751690832   72.9520496029   -1.9163329059 
   0.0000000000   -100.000      170.000000   0.323473       1117.2116    0.0001783065   -0.0007466316   70.1949912552   72.0182090338   -1.9147787645 
   0.0000000000    -99.000      170.000000   0.323757       1117.9619    0.0001645790   -0.0005929292   69.6054461610   71.1706324502   -1.9132661025 
   0.0000000000    -98.000      170.000000   0.323978       1118.5504    0.0001528903   -0.0004641647   69.0889807591   70.3992596876   -1.9117929486 
   0.0000000000    -97.000      170.000000   0.324149       1119.0058    0.0001427985   -0.0003546930   68.6300472705   69.6917148280   -1.9103512556 
   0.0000000000    -96.000      170.000000   0.324280       1119.3509    0.0001339812   -0.0002604371   68.2172104614   69.0381928031   -1.9089343118 
   0.0000000000    -95.000      170.000000   0.324371       1119.5945    0.0001262344   -0.0001788765   67.8438121994   68.4342578301   -1.9075431165 
   0.0000000000    -94.000      170.000000   0.324433       1119.7554    0.0001193549   -0.0001074680   67.5023040418   67.8720183356   -1.9061707364 
   0.0000000000    -93.000      170.000000   0.324463       1119.8385    0.0001132233   -0.0000447701   67.1888406247   67.3487074772   -1.9048188907 
   0.0000000000    -92.000      170.000000   0.324471       1119.8581    0.0001077089    0.0000108321   66.8984398186   66.8584276291   -1.9034816658 
   0.0000000000    -91.000      170.000000   0.324455       1119.8160    0.0001027403    0.0000601777   66.6289053266   66.3996592236   -1.9021617460 
   0.0000000000    -90.000      170.000000   0.324421       1119.7246    0.0000982260    0.0001043899   66.3766100901   65.9675334005   -1.9008531702 
   0.0000000000    -89.000      170.000000   0.324369       1119.5859    0.0000941161    0.0001440456   66.1399738676   65.5606404974   -1.8995574388 
   0.0000000000    -88.000      170.000000   0.324299       1119.4025    0.0000903658    0.0001796662   65.9175043838   65.1774247854   -1.8982754737 
   0.0000000000    -87.000      170.000000   0.324217       1119.1839    0.0000869189    0.0002119346   65.7068779588   64.8143195294   -1.8970018537 
   0.0000000000    -86.000      170.000000   0.324122       1118.9308    0.0000837481    0.0002411566   65.5072744553   64.4705681360   -1.8957384360 
   0.0000000000    -85.000      170.000000   0.324015       1118.6463    0.0000808227    0.0002676882   65.3175785134   64.1446320257   -1.8944845039 
   0.0000000000    -84.000      170.000000   0.323897       1118.3335    0.0000781163    0.0002918315   65.1368356896   63.8351492158   -1.8932394372 
   0.0000000000    -83.000      170.000000   0.323768       1117.9934    0.0000756098    0.0003138016   64.9644170094   63.5413303367   -1.8920042468 
   0.0000000000    -82.000      170.000000   0.323633       1117.6316    0.0000732763    0.0003339191   64.7991735769   63.2611394548   -1.8907750252 
   0.0000000000    -81.000      170.000000   0.323489       1117.2484    0.0000711030    0.0003523192   64.6407398795   62.9941558468   -1.8895533003 
   0.0000000000    -80.000      170.000000   0.323337       1116.8456    0.0000690750    0.0003691705   64.4885674817   62.7394914685   -1.8883386760 
   0.0000000000    -79.000      170.000000   0.323179       1116.4248    0.0000671791    0.0003846205   64.3421740109   62.4963430099   -1.8871307991 
   0.0000000000    -78.000      170.000000   0.323015       1115.9876    0.0000654038    0.0003987988   64.2011332820   62.2639812436   -1.8859293521 
   0.0000000000    -77.000      170.000000   0.322844       1115.5341    0.0000637407    0.0004117920   64.0651932312   62.0420369317   -1.8847354862 
   0.0000000000    -76.000      170.000000   0.322669       1115.0684    0.0000621763    0.0004237626   63.9337380319   61.8292524574   -1.8835458237 
   0.0000000000    -75.000      170.000000   0.322490       1114.5900    0.0000607048    0.0004347657   63.8066255577   61.6254407470   -1.8823618523 
   0.0000000000    -74.000      170.000000   0.322306       1114.0999    0.0000593190    0.0004448819   63.6835840467   61.4300877962   -1.8811833451 
   0.0000000000    -73.000      170.000000   0.322118       1113.5993    0.0000580122    0.0004541833   63.5643689695   61.2427206817   -1.8800100945 
   0.0000000000    -72.000      170.000000   0.321927       1113.0889    0.0000567785    0.0004627349   63.4487597956   61.0629034543   -1.8788419095 
   0.0000000000    -71.000      170.000000   0.321733       1112.5696    0.0000556125    0.0004705950   63.3365567749   60.8902330576   -1.8776786137 
   0.0000000000    -70.000      170.000000   0.321535       1112.0422    0.0000545093    0.0004778163   63.2275786169   60.7243362423   -1.8765200437 
   0.0000000000    -69.000      170.000000   0.321333       1111.5062    0.0000534658    0.0004844281   63.1217430764   60.5650782097   -1.8753675224 
   0.0000000000    -68.000      170.000000   0.321131       1110.9646    0.0000524752    0.0004905138   63.0187195362   60.4116789858   -1.8742177677 
   0.0000000000    -67.000      170.000000   0.320926       1110.4168    0.0000515352    0.0004960906   62.9184702232   60.2640916257   -1.8730723389 
   0.0000000000    -66.000      170.000000   0.320719       1109.8633    0.0000506425    0.0005011948   62.8208682074   60.1220352228   -1.8719311060 
   0.0000000000    -65.000      170.000000   0.320511       1109.3047    0.0000497941    0.0005058594   62.7257970002   59.9852476893   -1.8707939471 
   0.0000000000    -64.000      170.000000   0.320301       1108.7414    0.0000489871    0.0005101146   62.6331493114   59.8534839463   -1.8696607474 
   0.0000000000    -63.000      170.000000   0.320089       1108.1738    0.0000482189    0.0005139882   62.5428262269   59.7265145958   -1.8685313982 
   0.0000000000    -62.000      170.000000   0.319876       1107.6025    0.0000474870    0.0005175058   62.4547363021   59.6041245758   -1.8674057967 
   0.0000000000    -61.000      170.000000   0.319662       1107.0277    0.0000467893    0.0005206909   62.3687948951   59.4861120853   -1.8662838452 
   0.0000000000    -60.000      170.000000   0.319446       1106.4499    0.0000461237    0.0005235653   62.2849234535   59.3722874357   -1.8651654505 
   0.0000000000    -59.000      170.000000   0.319230       1105.8693    0.0000454883    0.0005261491   62.2030490381   59.2624722612   -1.8640505237 
   0.0000000000    -58.000      170.000000   0.319013       1105.2863    0.0000448814    0.0005284609   62.1231037335   59.1564985669   -1.8629389796 
   0.0000000000    -57.000      170.000000   0.318795       1104.7012    0.0000443012    0.0005305181   62.0450242673   59.0542080289   -1.8618307366 
   0.0000000000    -56.000      170.000000   0.318577       1104.1143    0.0000437464    0.0005323366   61.9687515579   58.9554512672   -1.8607257160 
   0.0000000000    -55.000      170.000000   0.318359       1103.5259    0.0000432154    0.0005339315   61.8942304018   58.8600872443   -1.8596238422 
   0.0000000000    -54.000      170.000000   0.318138       1102.9353    0.0000427075    0.0005353091   61.8214382787   58.7680762577   -1.8585262632 
   0.0000000000    -53.000      170.000000   0.317919       1102.3445    0.0000422203    0.0005364986   61.7502644193   58.6790938883   -1.8574303643 
   0.0000000000    -52.000      170.000000   0.317699       1101.7527    0.0000417533    0.0005375033   61.6806971466   58.5931270795   -1.8563374108 
   0.0000000000    -51.000      170.000000   0.317480       1101.1603    0.0000413054    0.0005383348   61.6126937014   58.5100626258   -1.8552473350 
   0.0000000000    -50.000      170.000000   0.317260       1100.5673    0.0000408756    0.0005390037   61.5462138901   58.4297932557   -1.8541600716 
   0.0000000000    -49.000      170.000000   0.317040       1099.9740    0.0000404630    0.0005395200   61.4812198886   58.3522172556   -1.8530755570 
   0.0000000000    -48.000      170.000000   0.316821       1099.3805    0.0000400667    0.0005398931   61.4176760652   58.2772381227   -1.8519937293 
   0.0000000000    -47.000      170.000000   0.316601       1098.7870    0.0000396858    0.0005401317   61.3555488373   58.2047642652   -1.8509145283 
   0.0000000000    -46.000      170.000000   0.316382       1098.1937    0.0000393196    0.0005402443   61.2948065143   58.1347086712   -1.8498378952 
   0.0000000000    -45.000      170.000000   0.316162       1097.6005    0.0000389674    0.0005402385   61.2354191601   58.0669886577   -1.8487637727 
   0.0000000000    -44.000      170.000000   0.315943       1097.0078    0.0000386284    0.0005401219   61.1773585014   58.0015256181   -1.8476921047 
   0.0000000000    -43.000      170.000000   0.315725       1096.4156    0.0000383021    0.0005399012   61.1205977873   57.9382447716   -1.8466228362 
   0.0000000000    -42.000      170.000000   0.315506       1095.8240    0.0000379877    0.0005395831   61.0651117031   57.8770749593   -1.8455559134 
   0.0000000000    -41.000      170.000000   0.315288       1095.2331    0.0000376848    0.0005391737   61.0108762901   57.8179484439   -1.8444912835 
   0.0000000000    -40.000      170.000000   0.315071       1094.6430    0.0000373928    0.0005386790   60.9578688413   57.7608007039   -1.8434288946 
   0.0000000000    -39.000      170.000000   0.314854       1094.0538    0.0000371112    0.0005381044   60.9060678348   57.7055702703   -1.8423686957 
   0.0000000000    -38.000      170.000000   0.314637       1093.4656    0.0000368395    0.0005374552   60.8554528654   57.6521985595   -1.8413106367 
   0.0000000000    -37.000      170.000000   0.314421       1092.8785    0.0000365772    0.0005367363   60.8060045708   57.6006297207   -1.8402546682 
   0.0000000000    -36.000      170.000000   0.314205       1092.2925    0.0000363240    0.0005359525   60.7577045752   57.5508104868   -1.8392007414 
   0.0000000000    -35.000      170.000000   0.313990       1091.7077    0.0000360794    0.0005351083   60.7105354379   57.5026900533   -1.8381488083 
   0.0000000000    -34.000      170.000000   0.313776       1091.1242    0.0000358430    0.0005342079   60.6644805904   57.4562199308   -1.8370988216 
   0.0000000000    -33.000      170.000000   0.313562       1090.5420    0.0000356145    0.0005332553   60.6195242979   57.4113538448   -1.8360507344 
   0.0000000000    -32.000      170.000000   0.313349       1089.9611    0.0000353935    0.0005322544   60.5756516135   57.3680476254   -1.8350045005 
   0.0000000000    -31.000      170.000000   0.313136       1089.3817    0.0000351798    0.0005312089   60.5328483304   57.3262590812   -1.8339600741 
   0.0000000000    -30.000      170.000000   0.312924       1088.8038    0.0000349729    0.0005301221   60.4911009501   57.2859479316   -1.8329174100 
   0.0000000000    -29.000      170.000000   0.312713       1088.2274    0.0000347726    0.0005289974   60.4503966401   57.2470756895   -1.8318764632 
   0.0000000000    -28.000      170.000000   0.312503       1087.6525    0.0000345787    0.0005278381   60.4107232058   57.2096055845   -1.8308371896 
   0.0000000000    -27.000      170.000000   0.312293       1087.0792    0.0000343908    0.0005266469   60.3720690564   57.1735024842   -1.8297995449 
   0.0000000000    -26.000      170.000000   0.312083       1086.5075    0.0000342088    0.0005254270   60.3344231749   57.1387328087   -1.8287634857 
   0.0000000000    -25.000      170.000000   0.311875       1085.9374    0.0000340323    0.0005241809   60.2977750924   57.1052644636   -1.8277289686 
   0.0000000000    -24.000      170.000000   0.311666       1085.3686    0.0000338614    0.0005229092   60.2621157534   57.0730925205   -1.8266969422 
   0.0000000000    -23.000      170.000000   0.311459       1084.8019    0.0000336954    0.0005216187   60.2274335758   57.0421342723   -1.8256653380 
   0.0000000000    -22.000      170.000000   0.311253       1084.2369    0.0000335343    0.0005203096   60.1937208589   57.0123894519   -1.8246351504 
   0.0000000000    -21.000      170.000000   0.311047       1083.6737    0.0000333780    0.0005189841   60.1609690727   56.9838312268   -1.8236063372 
   0.0000000000    -20.000      170.000000   0.310842       1083.1122    0.0000332263    0.0005176444   60.1291701157   56.9564339348   -1.8225788564 
   0.0000000000    -19.000      170.000000   0.310638       1082.5524    0.0000330790    0.0005162926   60.0983163022   56.9301730360   -1.8215526662 
   0.0000000000    -18.000      170.000000   0.310435       1081.9944    0.0000329358    0.0005149308   60.0684003373   56.9050250595   -1.8205277251 
   0.0000000000    -17.000      170.000000   0.310232       1081.4381    0.0000327968    0.0005135607   60.0394153092   56.8809675617   -1.8195039918 
   0.0000000000    -16.000      170.000000   0.310031       1080.8836    0.0000326617    0.0005121843   60.0113546630   56.8579790732   -1.8184814251 
   0.0000000000    -15.000      170.000000   0.309830       1080.3309    0.0000325304    0.0005108032   59.9842121916   56.8360390616   -1.8174599841 
   0.0000000000    -14.000      170.000000   0.309629       1079.7800    0.0000324027    0.0005094193   59.9579820197   56.8151278893   -1.8164396281 
   0.0000000000    -13.000      170.000000   0.309430       1079.2308    0.0000322785    0.0005080340   59.9326585897   56.7952267740   -1.8154203165 
   0.0000000000    -12.000      170.000000   0.309231       1078.6834    0.0000321577    0.0005066490   59.9082366473   56.7763177516   -1.8144020087 
   0.0000000000    -11.000      170.000000   0.309033       1078.1378    0.0000320402    0.0005052657   59.8847112322   56.7583836430   -1.8133846646 
   0.0000000000    -10.000      170.000000   0.308835       1077.5940    0.0000319259    0.0005038855   59.8620776630   56.7414080183   -1.8123682438 
   0.0000000000     -9.000      170.000000   0.308639       1077.0519    0.0000318146    0.0005025098   59.8403315293   56.7253751682   -1.8113527065 
   0.0000000000     -8.000      170.000000   0.308443       1076.5115    0.0000317063    0.0005011400   59.8194686775   56.7102700698   -1.8103380125 
   0.0000000000     -7.000      170.000000   0.308248       1075.9729    0.0000316009    0.0004997773   59.7994852038   56.6960783604   -1.8093241221 
   0.0000000000     -6.000      170.000000   0.308053       1075.4360    0.0000314983    0.0004984229   59.7803774426   56.6827863105   -1.8083109956 
   0.0000000000     -5.000      170.000000   0.307859       1074.9009    0.0000313983    0.0004970779   59.7621419583   56.6703807949   -1.8072985931 
   0.0000000000     -4.000      170.000000   0.307666       1074.3674    0.0000313010    0.0004957435   59.7447755343   56.6588492684   -1.8062868752 
   0.0000000000     -3.000      170.000000   0.307474       1073.8357    0.0000312062    0.0004944209   59.7282751700   56.6481797457   -1.8052758023 
   0.0000000000     -2.000      170.000000   0.307282       1073.3056    0.0000311139    0.0004931109   59.7126380656   56.6383607725   -1.8042653350 
   0.0000000000     -1.000      170.000000   0.307091       1072.7772    0.0000310239    0.0004918147   59.6978616207   56.6293814090   -1.8032554338 
   0.0000000000      0.000      170.000000   0.306901       1072.2504    0.0000309363    0.0004905331   59.6839434232   56.6212312057   -1.8022460593 
   0.0000000000      1.000      170.000000   0.306712       1071.7252    0.0000308509    0.0004892672   59.6708812448   56.6139001859   -1.8012371723 
   0.0000000000      2.000      170.000000   0.306523       1071.2017    0.0000307678    0.0004880178   59.6586730318   56.6073788247   -1.8002287334 
   0.0000000000      3.000      170.000000   0.306335       1070.6797    0.0000306868    0.0004867858   59.6473169010   56.6016580316   -1.7992207034 
   0.0000000000      4.000      170.000000   0.306147       1070.1593    0.0000306079    0.0004855720   59.6368111334   56.5967291353   -1.7982130431 
   0.0000000000      5.000      170.000000   0.305960       1069.6404    0.0000305310    0.0004843772   59.6271541670   56.5925838634   -1.7972057132 
   0.0000000000      6.000      170.000000   0.305774       1069.1231    0.0000304561    0.0004832022   59.6183445925   56.5892143298   -1.7961986745 
   0.0000000000      7.000      170.000000   0.305588       1068.6072    0.0000303832    0.0004820478   59.6103811479   56.5866130173   -1.7951918879 
   0.0000000000      8.000      170.000000   0.305403       1068.0928    0.0000303121    0.0004809147   59.6032627128   56.5847727649   -1.7941853141 
   0.0000000000      9.000      170.000000   0.305219       1067.5799    0.0000302430    0.0004798036   59.5969883045   56.5836867530   -1.7931789140 
   0.0000000000     10.000      170.000000   0.305035       1067.0684    0.0000301756    0.0004787151   59.5915570728   56.5833484905   -1.7921726484 
   0.0000000000     11.000      170.000000   0.304852       1066.5582    0.0000301100    0.0004776499   59.5869682952   56.5837518015   -1.7911664780 
   0.0000000000     12.000      170.000000   0.304669       1066.0495    0.0000300462    0.0004766087   59.5832213738   56.5848908147   -1.7901603637 
   0.0000000000     13.000      170.000000   0.304487       1065.5421    0.0000299841    0.0004755921   59.5803158304   56.5867599498   -1.7891542662 
   0.0000000000     14.000      170.000000   0.304305       1065.0360    0.0000299237    0.0004746007   59.5782513027   56.5893539083   -1.7881481462 
   0.0000000000     15.000      170.000000   0.304124       1064.5311    0.0000298649    0.0004736350   59.5770275410   56.5926676614   -1.7871419645 
   0.0000000000     16.000      170.000000   0.303944       1064.0276    0.0000298077    0.0004726956   59.5766444044   56.5966964414   -1.7861356817 
   0.0000000000     17.000      170.000000   0.303764       1063.5252    0.0000297522    0.0004717831   59.5771018574   56.6014357303   -1.7851292585 
   0.0000000000     18.000      170.000000   0.303584       1063.0240    0.0000296982    0.0004708980   59.5783999672   56.6068812520   -1.7841226556 
   0.0000000000     19.000      170.000000   0.303405       1062.5240    0.0000296458    0.0004700407   59.5805388993   56.6130289619   -1.7831158334 
   0.0000000000     20.000      170.000000   0.303227       1062.0252    0.0000295949    0.0004692119   59.5835189160   56.6198750397   -1.7821087526 
   0.0000000000     21.000      170.000000   0.303049       1061.5274    0.0000295455    0.0004684120   59.5873403731   56.6274158807   -1.7811013735 
   0.0000000000     22.000      170.000000   0.302872       1061.0307    0.0000294976    0.0004676414   59.5920037170   56.6356480883   -1.7800936567 
   0.0000000000     23.000      170.000000   0.302695       1060.5350    0.0000294512    0.0004669007   59.5975094819   56.6445684656   -1.7790855626 
   0.0000000000     24.000      170.000000   0.302518       1060.0404    0.0000294062    0.0004661902   59.6038582884   56.6541740096   -1.7780770514 
   0.0000000000     25.000      170.000000   0.302342       1059.5467    0.0000293627    0.0004655104   59.6110508395   56.6644619029   -1.7770680834 
   0.0000000000     26.000      170.000000   0.302166       1059.0539    0.0000293206    0.0004648618   59.6190879201   56.6754295087   -1.7760586188 
   0.0000000000     27.000      170.000000   0.301991       1058.5620    0.0000292799    0.0004642447   59.6279703937   56.6870743630   -1.7750486177 
   0.0000000000     28.000      170.000000   0.301816       1058.0710    0.0000292406    0.0004636596   59.6376992005   56.6993941695   -1.7740380403 
   0.0000000000     29.000      170.000000   0.301641       1057.5809    0.0000292027    0.0004631069   59.6482753561   56.7123867938   -1.7730268465 
   0.0000000000     30.000      170.000000   0.301467       1057.0915    0.0000291661    0.0004625868   59.6596999489   56.7260502577   -1.7720149963 
   0.0000000000     31.000      170.000000   0.301293       1056.6029    0.0000291310    0.0004620999   59.6719741384   56.7403827335   -1.7710024494 
   0.0000000000     32.000      170.000000   0.301119       1056.1150    0.0000290972    0.0004616465   59.6850991539   56.7553825397   -1.7699891656 
   0.0000000000     33.000      170.000000   0.300946       1055.6277    0.0000290648    0.0004612270   59.6990762927   56.7710481355   -1.7689751047 
   0.0000000000     34.000      170.000000   0.300773       1055.1412    0.0000290337    0.0004608416   59.7139069182   56.7873781167   -1.7679602262 
   0.0000000000     35.000      170.000000   0.300601       1054.6552    0.0000290039    0.0004604908   59.7295924586   56.8043712107   -1.7669444897 
   0.0000000000     36.000      170.000000   0.300428       1054.1699    0.0000289755    0.0004601750   59.7461344060   56.8220262726   -1.7659278545 
   0.0000000000     37.000      170.000000   0.300256       1053.6850    0.0000289484    0.0004598943   59.7635343140   56.8403422810   -1.7649102799 
   0.0000000000     38.000      170.000000   0.300084       1053.2007    0.0000289227    0.0004596493   59.7817937973   56.8593183341   -1.7638917252 
   0.0000000000     39.000      170.000000   0.299913       1052.7168    0.0000288982    0.0004594401   59.8009145298   56.8789536455   -1.7628721495 
   0.0000000000     40.000      170.000000   0.299741       1052.2334    0.0000288751    0.0004592672   59.8208982439   56.8992475414   -1.7618515119 
   0.0000000000     41.000      170.000000   0.299570       1051.7503    0.0000288534    0.0004591308   59.8417467289   56.9201994565   -1.7608297712 
   0.0000000000     42.000      170.000000   0.299399       1051.2676    0.0000288329    0.0004590313   59.8634618302   56.9418089310   -1.7598068863 
   0.0000000000     43.000      170.000000   0.299229       1050.7851    0.0000288138    0.0004589690   59.8860454480   56.9640756070   -1.7587828158 
   0.0000000000     44.000      170.000000   0.299058       1050.3030    0.0000287959    0.0004589441   59.9094995363   56.9869992258   -1.7577575184 
   0.0000000000     45.000      170.000000   0.298888       1049.8211    0.0000287795    0.0004589569   59.9338261020   57.0105796246   -1.7567309525 
   0.0000000000     46.000      170.000000   0.298717       1049.3393    0.0000287643    0.0004590079   59.9590272037   57.0348167342   -1.7557030764 
   0.0000000000     47.000      170.000000   0.298547       1048.8577    0.0000287504    0.0004590972   59.9851049512   57.0597105758   -1.7546738485 
   0.0000000000     48.000      170.000000   0.298377       1048.3763    0.0000287379    0.0004592251   60.0120615039   57.0852612583   -1.7536432267 
   0.0000000000     49.000      170.000000   0.298207       1047.8949    0.0000287267    0.0004593920   60.0398990704   57.1114689762   -1.7526111691 
   0.0000000000     50.000      170.000000   0.298038       1047.4135    0.0000287169    0.0004595981   60.0686199076   57.1383340067   -1.7515776336 
   0.0000000000     51.000      170.000000   0.297868       1046.9321    0.0000287084    0.0004598437   60.0982263195   57.1658567075   -1.7505425778 
   0.0000000000     52.000      170.000000   0.297698       1046.4506    0.0000287012    0.0004601291   60.1287206565   57.1940375145   -1.7495059593 
   0.0000000000     53.000      170.000000   0.297528       1045.9690    0.0000286954    0.0004604546   60.1601053149   57.2228769400   -1.7484677356 
   0.0000000000     54.000      170.000000   0.297359       1045.4874    0.0000286910    0.0004608204   60.1923827355   57.2523755695   -1.7474278640 
   0.0000000000     55.000      170.000000   0.297189       1045.0055    0.0000286879    0.0004612269   60.2255554031   57.2825340607   -1.7463863016 
   0.0000000000     56.000      170.000000   0.297020       1044.5234    0.0000286861    0.0004616742   60.2596258456   57.3133531410   -1.7453430055 
   0.0000000000     57.000      170.000000   0.296850       1044.0410    0.0000286858    0.0004621627   60.2945966333   57.3448336056   -1.7442979325 
   0.0000000000     58.000      170.000000   0.296680       1043.5583    0.0000286868    0.0004626927   60.3304703777   57.3769763153   -1.7432510394 
   0.0000000000     59.000      170.000000   0.296511       1043.0753    0.0000286892    0.0004632644   60.3672497311   57.4097821955   -1.7422022827 
   0.0000000000     60.000      170.000000   0.296341       1042.5919    0.0000286930    0.0004638781   60.4049373854   57.4432522332   -1.7411516188 
   0.0000000000     61.000      170.000000   0.296171       1042.1080    0.0000286983    0.0004645340   60.4435360717   57.4773874761   -1.7400990040 
   0.0000000000     62.000      170.000000   0.296001       1041.6237    0.0000287049    0.0004652324   60.4830485587   57.5121890306   -1.7390443943 
   0.0000000000     63.000      170.000000   0.295831       1041.1388    0.0000287130    0.0004659737   60.5234776526   57.5476580600   -1.7379877457 
   0.0000000000     64.000      170.000000   0.295661       1040.6534    0.0000287224    0.0004667580   60.5648261957   57.5837957827   -1.7369290139 
   0.0000000000     65.000      170.000000   0.295491       1040.1673    0.0000287334    0.0004675857   60.6070970656   57.6206034711   -1.7358681545 
   0.0000000000     66.000      170.000000   0.295320       1039.6806    0.0000287458    0.0004684570   60.6502931744   57.6580824491   -1.7348051230 
   0.0000000000     67.000      170.000000   0.295150       1039.1932    0.0000287596    0.0004693722   60.6944174673   57.6962340914   -1.7337398744 
   0.0000000000     68.000      170.000000   0.294979       1038.7051    0.0000287750    0.0004703315   60.7394729222   57.7350598211   -1.7326723640 
   0.0000000000     69.000      170.000000   0.294808       1038.2161    0.0000287918    0.0004713352   60.7854625482   57.7745611086   -1.7316025465 
   0.0000000000     70.000      170.000000   0.294637       1037.7264    0.0000288101    0.0004723837   60.8323893848   57.8147394698   -1.7305303767 
   0.0000000000     71.000      170.000000   0.294465       1037.2357    0.0000288299    0.0004734771   60.8802565003   57.8555964647   -1.7294558091 
   0.0000000000     72.000      170.000000   0.294294       1036.7441    0.0000288513    0.0004746157   60.9290669914   57.8971336955   -1.7283787979 
   0.0000000000     73.000      170.000000   0.294122       1036.2516    0.0000288742    0.0004757999   60.9788239815   57.9393528053   -1.7272992973 
   0.0000000000     74.000      170.000000   0.293950       1035.7580    0.0000288986    0.0004770298   61.0295306196   57.9822554764   -1.7262172612 
   0.0000000000     75.000      170.000000   0.293777       1035.2634    0.0000289246    0.0004783058   61.0811900789   58.0258434287   -1.7251326433 
   0.0000000000     76.000      170.000000   0.293604       1034.7677    0.0000289522    0.0004796282   61.1338055558   58.0701184181   -1.7240453972 
   0.0000000000     77.000      170.000000   0.293431       1034.2708    0.0000289813    0.0004809971   61.1873802681   58.1150822347   -1.7229554761 
   0.0000000000     78.000      170.000000   0.293258       1033.7727    0.0000290121    0.0004824129   61.2419174538   58.1607367017   -1.7218628332 
   0.0000000000     79.000      170.000000   0.293084       1033.2734    0.0000290445    0.0004838760   61.2974203696   58.2070836731   -1.7207674214 
   0.0000000000     80.000      170.000000   0.292910       1032.7727    0.0000290785    0.0004853864   61.3538922893   58.2541250324   -1.7196691933 
   0.0000000000     81.000      170.000000   0.292735       1032.2708    0.0000291142    0.0004869446   61.4113365022   58.3018626906   -1.7185681015 
   0.0000000000     82.000      170.000000   0.292560       1031.7674    0.0000291515    0.0004885508   61.4697563112   58.3502985848   -1.7174640983 
   0.0000000000     83.000      170.000000   0.292385       1031.2626    0.0000291905    0.0004902053   61.5291550317   58.3994346763   -1.7163571355 
   0.0000000000     84.000      170.000000   0.292209       1030.7563    0.0000292313    0.0004919084   61.5895359889   58.4492729486   -1.7152471652 
   0.0000000000     85.000      170.000000   0.292033       1030.2485    0.0000292737    0.0004936604   61.6509025166   58.4998154060   -1.7141341389 
   0.0000000000     86.000      170.000000   0.291856       1029.7391    0.0000293178    0.0004954615   61.7132579548   58.5510640713   -1.7130180079 
   0.0000000000     87.000      170.000000   0.291679       1029.2281    0.0000293637    0.0004973120   61.7766056481   58.6030209839   -1.7118987234 
   0.0000000000     88.000      170.000000   0.291502       1028.7154    0.0000294114    0.0004992123   61.8409489430   58.6556881982   -1.7107762363 
   0.0000000000     89.000      170.000000   0.291323       1028.2010    0.0000294608    0.0005011626   61.9062911864   58.7090677814   -1.7096504974 
   0.0000000000     90.000      170.000000   0.291145       1027.6848    0.0000295120    0.0005031632   61.9726357225   58.7631618114   -1.7085214570 
   0.0000000000     91.000      170.000000   0.290966       1027.1668    0.0000295651    0.0005052144   62.0399858912   58.8179723746   -1.7073890653 
   0.0000000000     92.000      170.000000   0.290786       1026.6469    0.0000296200    0.0005073165   62.1083450252   58.8735015640   -1.7062532724 
   0.0000000000     93.000      170.000000   0.290605       1026.1251    0.0000296767    0.0005094698   62.1777164474   58.9297514769   -1.7051140280 
   0.0000000000     94.000      170.000000   0.290425       1025.6013    0.0000297353    0.0005116746   62.2481034685   58.9867242123   -1.7039712815 
   0.0000000000     95.000      170.000000   0.290243       1025.0755    0.0000297958    0.0005139312   62.3195093842   59.0444218694   -1.7028249823 
   0.0000000000     96.000      170.000000   0.290061       1024.5477    0.0000298582    0.0005162399   62.3919374723   59.1028465442   -1.7016750792 
   0.0000000000     97.000      170.000000   0.289878       1024.0177    0.0000299225    0.0005186009   62.4653909896   59.1620003277   -1.7005215212 
   0.0000000000     98.000      170.000000   0.289695       1023.4855    0.0000299887    0.0005210146   62.5398731693   59.2218853032   -1.6993642566 
   0.0000000000     99.000      170.000000   0.289510       1022.9512    0.0000300570    0.0005234813   62.6153872172   59.2825035437   -1.6982032337 
   0.0000000000    100.000      170.000000   0.289326       1022.4145    0.0000301272    0.0005260013   62.6919363091   59.3438571093   -1.6970384007 
   0.0000000000    101.000      170.000000   0.289140       1021.8756    0.0000301994    0.0005285749   62.7695235871   59.4059480443   -1.6958697051 
   0.0000000000    102.000      170.000000   0.288954       1021.3342    0.0000302737    0.0005312024   62.8481521561   59.4687783745   -1.6946970946 
   0.0000000000    103.000      170.000000   0.288767       1020.7905    0.0000303500    0.0005338840   62.9278250803   59.5323501046   -1.6935205163 
   0.0000000000    104.000      170.000000   0.288579       1020.2443    0.0000304284    0.0005366202   63.0085453793   59.5966652147   -1.6923399173 
   0.0000000000    105.000      170.000000   0.288391       1019.6955    0.0000305088    0.0005394111   63.0903160248   59.6617256575   -1.6911552444 
   0.0000000000    106.000      170.000000   0.288201       1019.1442    0.0000305914    0.0005422572   63.1731399361   59.7275333553   -1.6899664439 
   0.0000000000    107.000      170.000000   0.288011       1018.5902    0.0000306761    0.0005451586   63.2570199760   59.7940901967   -1.6887734623 
   0.0000000000    108.000      170.000000   0.287821       1018.0336    0.0000307630    0.0005481158   63.3419589472   59.8613980333   -1.6875762453 
   0.0000000000    109.000      170.000000   0.287629       1017.4742    0.0000308520    0.0005511289   63.4279595875   59.9294586761   -1.6863747389 
   0.0000000000    110.000      170.000000   0.287436       1016.9120    0.0000309432    0.0005541984   63.5150245655   59.9982738925   -1.6851688885 
   0.0000000000    111.000      170.000000   0.287243       1016.3470    0.0000310367    0.0005573245   63.6031564759   60.0678454022   -1.6839586392 
   0.0000000000    112.000      170.000000   0.287049       1015.7791    0.0000311324    0.0005605074   63.6923578350   60.1381748742   -1.6827439362 
   0.0000000000    113.000      170.000000   0.286853       1015.2083    0.0000312304    0.0005637476   63.7826310758   60.2092639223   -1.6815247240 
   0.0000000000    114.000      170.000000   0.286657       1014.6345    0.0000313306    0.0005670453   63.8739785430   60.2811141017   -1.6803009473 
   0.0000000000    115.000      170.000000   0.286460       1014.0576    0.0000314332    0.0005704008   63.9664024879   60.3537269051   -1.6790725501 
   0.0000000000    116.000      170.000000   0.286262       1013.4776    0.0000315381    0.0005738144   64.0599050633   60.4271037584   -1.6778394766 
   0.0000000000    117.000      170.000000   0.286063       1012.8945    0.0000316454    0.0005772863   64.1544883179   60.5012460167   -1.6766016705 
   0.0000000000    118.000      170.000000   0.285863       1012.3081    0.0000317551    0.0005808170   64.2501541909   60.5761549603   -1.6753590753 
   0.0000000000    119.000      170.000000   0.285662       1011.7185    0.0000318671    0.0005844066   64.3469045066   60.6518317897   -1.6741116341 
   0.0000000000    120.000      170.000000   0.285460       1011.1256    0.0000319816    0.0005880554   64.4447409679   60.7282776220   -1.6728592902 
   0.0000000000    121.000      170.000000   0.285257       1010.5293    0.0000320986    0.0005917638   64.5436651515   60.8054934856   -1.6716019863 
   0.0000000000    122.000      170.000000   0.285053       1009.9296    0.0000322180    0.0005955320   64.6436785007   60.8834803161   -1.6703396649 
   0.0000000000    123.000      170.000000   0.284848       1009.3264    0.0000323400    0.0005993603   64.7447823198   60.9622389512   -1.6690722685 
   0.0000000000    124.000      170.000000   0.284642       1008.7197    0.0000324644    0.0006032489   64.8469777679   61.0417701261   -1.6677997391 
   0.0000000000    125.000      170.000000   0.284435       1008.1094    0.0000325915    0.0006071981   64.9502658518   61.1220744683   -1.6665220186 
   0.0000000000    126.000      170.000000   0.284227       1007.4954    0.0000327211    0.0006112083   65.0546474199   61.2031524926   -1.6652390489 
