  #sigma_s    Temp(C) Press(Mpa) p_meanfield density (kg/m^3)      kappa      alpha Cp(J/molK) Cv(J/molK)  mu(J/mol)
   0.0000000000   -173.000      240.000000   0.320183        975.4246    0.0000415781    0.0002419092   64.0768023757   62.2900060991   -1.9906668541 
   0.0000000000   -172.000      240.000000   0.320116        975.2211    0.0000450282    0.0001740499   64.2881888512   63.0200040148   -1.9894541346 
   0.0000000000   -171.000      240.000000   0.320072        975.0875    0.0000489502    0.0000983457   64.5317022420   63.8260007758   -1.9882267987 
   0.0000000000   -170.000      240.000000   0.320054        975.0321    0.0000534353    0.0000133779   64.8104567468   64.7161032317   -1.9869824022 
   0.0000000000   -169.000      240.000000   0.320064        975.0646    0.0000585833   -0.0000825360   65.1287368381   65.6996090222   -1.9857181249 
   0.0000000000   -168.000      240.000000   0.320107        975.1966    0.0000645242   -0.0001914809   65.4894298502   66.7848375308   -1.9844306526 
   0.0000000000   -167.000      240.000000   0.320189        975.4436    0.0000714569   -0.0003164279   65.8984544876   67.9856040881   -1.9831136666 
   0.0000000000   -166.000      240.000000   0.320312        975.8206    0.0000795782   -0.0004607793   66.3599950909   69.3123228465   -1.9817660470 
   0.0000000000   -165.000      240.000000   0.320486        976.3497    0.0000892435   -0.0006296090   66.8808125545   70.7812781421   -1.9803803390 
   0.0000000000   -164.000      240.000000   0.320720        977.0606    0.0001009068   -0.0008302664   67.4701127125   72.4147127896   -1.9789463413 
   0.0000000000   -163.000      240.000000   0.321024        977.9854    0.0001152171   -0.0010726270   68.1370461803   74.2333015594   -1.9774587419 
   0.0000000000   -162.000      240.000000   0.321417        979.1771    0.0001332425   -0.0013730376   68.8968674517   76.2720926304   -1.9758999308 
   0.0000000000   -161.000      240.000000   0.321920        980.7027    0.0001566678   -0.0017572255   69.7689762649   78.5721199074   -1.9742541576 
   0.0000000000   -160.000      240.000000   0.322566        982.6617    0.0001885148   -0.0022708165   70.7833086226   81.1915293212   -1.9724975899 
   0.0000000000   -159.000      240.000000   0.323420        985.2375    0.0002351380   -0.0030098921   71.9996050196   84.2392378002   -1.9705778392 
   0.0000000000   -158.000      240.000000   0.324583        988.7394    0.0003117528   -0.0042025564   73.5329516101   87.8813154455   -1.9684231043 
   0.0000000000   -157.000      240.000000   0.326318        993.9386    0.0004731385   -0.0066664994   75.7526533523   92.5283971322   -1.9658434583 
   0.0000000000   -156.000      240.000000   0.329906       1004.6064    0.0014269580   -0.0208927568   82.6300947173  100.1148666743   -1.9619399842 
   0.0000000000   -155.000      240.000000   0.415230       1231.2500    0.0000356777    0.0010012647   70.9541545366   64.2417971939   -1.9289958315 
   0.0000000000   -154.000      240.000000   0.414720       1230.0188    0.0000356287    0.0009995449   70.7907177253   64.0832238056   -1.9276714375 
   0.0000000000   -153.000      240.000000   0.414212       1228.7911    0.0000356132    0.0009979349   70.6300052905   63.9284361089   -1.9263481348 
   0.0000000000   -152.000      240.000000   0.413705       1227.5665    0.0000355741    0.0009961334   70.4732826171   63.7777234005   -1.9250265404 
   0.0000000000   -151.000      240.000000   0.413201       1226.3457    0.0000355316    0.0009942332   70.3191669690   63.6301425264   -1.9237060349 
   0.0000000000   -150.000      240.000000   0.412699       1225.1282    0.0000354806    0.0009922334   70.1685953095   63.4863844509   -1.9223872272 
   0.0000000000   -149.000      240.000000   0.412198       1223.9142    0.0000354294    0.0009901737   70.0207117238   63.3457596972   -1.9210700864 
   0.0000000000   -148.000      240.000000   0.411699       1222.7037    0.0000353897    0.0009882045   69.8750645548   63.2074099604   -1.9197548132 
   0.0000000000   -147.000      240.000000   0.411203       1221.4977    0.0000353355    0.0009860766   69.7321398292   63.0721330830   -1.9184398061 
   0.0000000000   -146.000      240.000000   0.410707       1220.2946    0.0000352801    0.0009838963   69.5920432032   62.9400496810   -1.9171279016 
   0.0000000000   -145.000      240.000000   0.410216       1219.0963    0.0000352244    0.0009816795   69.4542943970   62.8105826117   -1.9158161074 
   0.0000000000   -144.000      240.000000   0.409726       1217.9017    0.0000351668    0.0009793905   69.3188632992   62.6838812868   -1.9145062451 
   0.0000000000   -143.000      240.000000   0.409237       1216.7103    0.0000351028    0.0009770245   69.1857467664   62.5597661423   -1.9131993710 
   0.0000000000   -142.000      240.000000   0.408751       1215.5239    0.0000350421    0.0009746509   69.0547254778   62.4380034650   -1.9118926691 
   0.0000000000   -141.000      240.000000   0.408268       1214.3414    0.0000349757    0.0009721879   68.9259407818   62.3188585070   -1.9105878696 
   0.0000000000   -140.000      240.000000   0.407786       1213.1630    0.0000349091    0.0009696843   68.7992011656   62.2020833222   -1.9092849197 
   0.0000000000   -139.000      240.000000   0.407307       1211.9889    0.0000348391    0.0009671310   68.6743579256   62.0874401093   -1.9079838010 
   0.0000000000   -138.000      240.000000   0.406829       1210.8183    0.0000347703    0.0009645308   68.5514117644   61.9751512521   -1.9066855636 
   0.0000000000   -137.000      240.000000   0.406354       1209.6527    0.0000346971    0.0009618731   68.4303674544   61.8649859343   -1.9053878787 
   0.0000000000   -136.000      240.000000   0.405881       1208.4915    0.0000346243    0.0009591841   68.3110835948   61.7568787749   -1.9040921237 
   0.0000000000   -135.000      240.000000   0.405411       1207.3347    0.0000345490    0.0009564420   68.1934978006   61.6507831022   -1.9027982970 
   0.0000000000   -134.000      240.000000   0.404943       1206.1822    0.0000344730    0.0009536563   68.0776248265   61.5467238695   -1.9015064044 
   0.0000000000   -133.000      240.000000   0.404477       1205.0342    0.0000343957    0.0009508291   67.9633406498   61.4445533375   -1.9002164588 
   0.0000000000   -132.000      240.000000   0.404012       1203.8900    0.0000343180    0.0009479554   67.8506274864   61.3443364887   -1.8989297871 
   0.0000000000   -131.000      240.000000   0.403550       1202.7512    0.0000342391    0.0009450515   67.7394071837   61.2458104242   -1.8976435605 
   0.0000000000   -130.000      240.000000   0.403092       1201.6170    0.0000341583    0.0009421027   67.6296887529   61.1490760161   -1.8963593770 
   0.0000000000   -129.000      240.000000   0.402635       1200.4874    0.0000340770    0.0009391165   67.5214056463   61.0540837275   -1.8950772442 
   0.0000000000   -128.000      240.000000   0.402180       1199.3624    0.0000339952    0.0009360965   67.4144944533   60.9607481963   -1.8937971737 
   0.0000000000   -127.000      240.000000   0.401728       1198.2421    0.0000339128    0.0009330408   67.3089305604   60.8690475265   -1.8925191776 
   0.0000000000   -126.000      240.000000   0.401278       1197.1265    0.0000338298    0.0009299496   67.2046835328   60.7789534567   -1.8912432707 
   0.0000000000   -125.000      240.000000   0.400831       1196.0157    0.0000337465    0.0009268276   67.1017062346   60.6904074392   -1.8899694674 
   0.0000000000   -124.000      240.000000   0.400386       1194.9096    0.0000336626    0.0009236726   66.9999761648   60.6033808386   -1.8886977831 
   0.0000000000   -123.000      240.000000   0.399943       1193.8083    0.0000335784    0.0009204878   66.8994456410   60.5178238180   -1.8874282331 
   0.0000000000   -122.000      240.000000   0.399502       1192.7119    0.0000334941    0.0009172737   66.8001013507   60.4337229961   -1.8861608325 
   0.0000000000   -121.000      240.000000   0.399063       1191.6196    0.0000334104    0.0009140294   66.7018924062   60.3510922941   -1.8848968926 
   0.0000000000   -120.000      240.000000   0.398627       1190.5329    0.0000333255    0.0009107595   66.6048153703   60.2697717253   -1.8836336944 
   0.0000000000   -119.000      240.000000   0.398194       1189.4512    0.0000332407    0.0009074642   66.5088261441   60.1897948376   -1.8823727089 
   0.0000000000   -118.000      240.000000   0.397763       1188.3743    0.0000331558    0.0009041431   66.4139056670   60.1111361386   -1.8811139468 
   0.0000000000   -117.000      240.000000   0.397334       1187.3024    0.0000330710    0.0009007984   66.3200298966   60.0337700397   -1.8798574189 
   0.0000000000   -116.000      240.000000   0.396908       1186.2354    0.0000329863    0.0008974304   66.2271712863   59.9576624663   -1.8786031359 
   0.0000000000   -115.000      240.000000   0.396484       1185.1734    0.0000329016    0.0008940403   66.1353127083   59.8827910369   -1.8773511083 
   0.0000000000   -114.000      240.000000   0.396062       1184.1163    0.0000328172    0.0008906293   66.0444309500   59.8091286930   -1.8761013463 
   0.0000000000   -113.000      240.000000   0.395643       1183.0642    0.0000327331    0.0008871983   65.9545042476   59.7366495495   -1.8748538600 
   0.0000000000   -112.000      240.000000   0.395226       1182.0172    0.0000326492    0.0008837480   65.8655159465   59.6653295986   -1.8736086587 
   0.0000000000   -111.000      240.000000   0.394812       1180.9751    0.0000325657    0.0008802798   65.7774464502   59.5951463365   -1.8723657515 
   0.0000000000   -110.000      240.000000   0.394399       1179.9380    0.0000324825    0.0008767944   65.6902779704   59.5260741492   -1.8711251471 
   0.0000000000   -109.000      240.000000   0.393990       1178.9060    0.0000323997    0.0008732925   65.6039947776   59.4580946926   -1.8698868535 
   0.0000000000   -108.000      240.000000   0.393582       1177.8790    0.0000323172    0.0008697753   65.5185815314   59.3911856906   -1.8686508783 
   0.0000000000   -107.000      240.000000   0.393177       1176.8571    0.0000322353    0.0008662435   65.4340223214   59.3253268661   -1.8674172285 
   0.0000000000   -106.000      240.000000   0.392774       1175.8402    0.0000321538    0.0008626982   65.3503025132   59.2604981277   -1.8661859106 
   0.0000000000   -105.000      240.000000   0.392374       1174.8283    0.0000320728    0.0008591398   65.2674109259   59.1966827264   -1.8649569306 
   0.0000000000   -104.000      240.000000   0.391976       1173.8215    0.0000319923    0.0008555696   65.1853314966   59.1338589184   -1.8637302938 
   0.0000000000   -103.000      240.000000   0.391580       1172.8198    0.0000319123    0.0008519883   65.1040533818   59.0720109380   -1.8625060050 
   0.0000000000   -102.000      240.000000   0.391186       1171.8231    0.0000318329    0.0008483966   65.0235644321   59.0111206497   -1.8612840685 
   0.0000000000   -101.000      240.000000   0.390794       1170.8308    0.0000317546    0.0008447941   64.9438443586   58.9512104433   -1.8600657106 
   0.0000000000   -100.000      240.000000   0.390405       1169.8443    0.0000316764    0.0008411842   64.8649013179   58.8921834935   -1.8588484133 
   0.0000000000    -99.000      240.000000   0.390019       1168.8628    0.0000315987    0.0008375663   64.7867148997   58.8340653546   -1.8576334839 
   0.0000000000    -98.000      240.000000   0.389635       1167.8864    0.0000315216    0.0008339413   64.7092757115   58.7768413711   -1.8564209237 
   0.0000000000    -97.000      240.000000   0.389253       1166.9150    0.0000314452    0.0008303098   64.6325746533   58.7204966012   -1.8552107336 
   0.0000000000    -96.000      240.000000   0.388873       1165.9486    0.0000313694    0.0008266726   64.5566026123   58.6650165611   -1.8540029139 
   0.0000000000    -95.000      240.000000   0.388496       1164.9873    0.0000312942    0.0008230304   64.4813513975   58.6103873873   -1.8527974647 
   0.0000000000    -94.000      240.000000   0.388121       1164.0311    0.0000312197    0.0008193839   64.4068129619   58.5565954098   -1.8515943852 
   0.0000000000    -93.000      240.000000   0.387749       1163.0798    0.0000311458    0.0008157339   64.3329793264   58.5036269229   -1.8503936746 
   0.0000000000    -92.000      240.000000   0.387378       1162.1336    0.0000310726    0.0008120810   64.2598436967   58.4514698226   -1.8491953310 
   0.0000000000    -91.000      240.000000   0.387010       1161.1924    0.0000310001    0.0008084260   64.1873988246   58.4001112392   -1.8479993526 
   0.0000000000    -90.000      240.000000   0.386644       1160.2561    0.0000309282    0.0008047695   64.1156379190   58.3495384500   -1.8468057367 
   0.0000000000    -89.000      240.000000   0.386281       1159.3249    0.0000308570    0.0008011120   64.0445552492   58.2997408338   -1.8456144803 
   0.0000000000    -88.000      240.000000   0.385919       1158.3987    0.0000307864    0.0007974544   63.9741443760   58.2507058431   -1.8444255798 
   0.0000000000    -87.000      240.000000   0.385560       1157.4774    0.0000307165    0.0007937973   63.9043997173   58.2024228793   -1.8432390313 
   0.0000000000    -86.000      240.000000   0.385203       1156.5611    0.0000306472    0.0007901412   63.8353158342   58.1548809310   -1.8420548301 
   0.0000000000    -85.000      240.000000   0.384848       1155.6497    0.0000305786    0.0007864869   63.7668875914   58.1080694019   -1.8408729713 
   0.0000000000    -84.000      240.000000   0.384496       1154.7433    0.0000305107    0.0007828349   63.6991098802   58.0619778495   -1.8396934495 
   0.0000000000    -83.000      240.000000   0.384145       1153.8418    0.0000304434    0.0007791858   63.6319782188   58.0165963836   -1.8385162588 
   0.0000000000    -82.000      240.000000   0.383797       1152.9452    0.0000303767    0.0007755402   63.5654880358   57.9719153204   -1.8373413928 
   0.0000000000    -81.000      240.000000   0.383451       1152.0535    0.0000303107    0.0007718988   63.4996351554   57.9279251203   -1.8361688446 
   0.0000000000    -80.000      240.000000   0.383107       1151.1667    0.0000302453    0.0007682620   63.4344154293   57.8846163845   -1.8349986070 
   0.0000000000    -79.000      240.000000   0.382765       1150.2847    0.0000301805    0.0007646305   63.3698252084   57.8419803804   -1.8338306723 
   0.0000000000    -78.000      240.000000   0.382426       1149.4076    0.0000301163    0.0007610048   63.3058607583   57.8000083559   -1.8326650323 
   0.0000000000    -77.000      240.000000   0.382088       1148.5354    0.0000300528    0.0007573854   63.2425186070   57.7586916714   -1.8315016785 
   0.0000000000    -76.000      240.000000   0.381753       1147.6679    0.0000299898    0.0007537729   63.1797955141   57.7180220990   -1.8303406018 
   0.0000000000    -75.000      240.000000   0.381420       1146.8052    0.0000299275    0.0007501679   63.1176883690   57.6779916201   -1.8291817928 
   0.0000000000    -74.000      240.000000   0.381089       1145.9473    0.0000298657    0.0007465707   63.0561942703   57.6385924052   -1.8280252418 
   0.0000000000    -73.000      240.000000   0.380760       1145.0941    0.0000298045    0.0007429821   62.9953104126   57.5998168314   -1.8268709384 
   0.0000000000    -72.000      240.000000   0.380432       1144.2457    0.0000297439    0.0007394024   62.9350341939   57.5616575304   -1.8257188721 
   0.0000000000    -71.000      240.000000   0.380108       1143.4020    0.0000296839    0.0007358322   62.8753630395   57.5241071845   -1.8245690318 
   0.0000000000    -70.000      240.000000   0.379785       1142.5630    0.0000296244    0.0007322719   62.8162947384   57.4871589353   -1.8234214062 
   0.0000000000    -69.000      240.000000   0.379464       1141.7287    0.0000295655    0.0007287220   62.7578269884   57.4508058812   -1.8222759833 
   0.0000000000    -68.000      240.000000   0.379145       1140.8990    0.0000295071    0.0007251830   62.6999577606   57.4150414345   -1.8211327511 
   0.0000000000    -67.000      240.000000   0.378828       1140.0740    0.0000294492    0.0007216554   62.6426851194   57.3798592192   -1.8199916971 
   0.0000000000    -66.000      240.000000   0.378513       1139.2536    0.0000293919    0.0007181396   62.5860072166   57.3452529422   -1.8188528083 
   0.0000000000    -65.000      240.000000   0.378200       1138.4377    0.0000293350    0.0007146361   62.5299223872   57.3112166115   -1.8177160715 
   0.0000000000    -64.000      240.000000   0.377889       1137.6264    0.0000292787    0.0007111452   62.4744289842   57.2777442627   -1.8165814730 
   0.0000000000    -63.000      240.000000   0.377581       1136.8197    0.0000292229    0.0007076675   62.4195255785   57.2448302693   -1.8154489990 
   0.0000000000    -62.000      240.000000   0.377274       1136.0174    0.0000291676    0.0007042034   62.3652107792   57.2124690562   -1.8143186352 
   0.0000000000    -61.000      240.000000   0.376969       1135.2197    0.0000291127    0.0007007532   62.3114833010   57.1806552446   -1.8131903668 
   0.0000000000    -60.000      240.000000   0.376665       1134.4264    0.0000290583    0.0006973174   62.2583420193   57.1493836776   -1.8120641791 
   0.0000000000    -59.000      240.000000   0.376363       1133.6371    0.0000290046    0.0006938956   62.2057737069   57.1186612815   -1.8109411309 
   0.0000000000    -58.000      240.000000   0.376064       1132.8527    0.0000289511    0.0006904898   62.1538020196   57.0884584949   -1.8098190218 
   0.0000000000    -57.000      240.000000   0.375766       1132.0727    0.0000288981    0.0006870996   62.1024135730   57.0587833348   -1.8086989479 
   0.0000000000    -56.000      240.000000   0.375471       1131.2970    0.0000288455    0.0006837253   62.0516075869   57.0296312167   -1.8075808928 
   0.0000000000    -55.000      240.000000   0.375177       1130.5257    0.0000287934    0.0006803673   62.0013833501   57.0009977215   -1.8064648402 
   0.0000000000    -54.000      240.000000   0.374885       1129.7587    0.0000287417    0.0006770260   61.9517402075   56.9728785233   -1.8053507729 
   0.0000000000    -53.000      240.000000   0.374595       1128.9960    0.0000286904    0.0006737017   61.9026776836   56.9452695543   -1.8042386740 
   0.0000000000    -52.000      240.000000   0.374307       1128.2375    0.0000286395    0.0006703948   61.8541952809   56.9181667925   -1.8031285258 
   0.0000000000    -51.000      240.000000   0.374021       1127.4833    0.0000285891    0.0006671057   61.8062926295   56.8915663685   -1.8020203108 
   0.0000000000    -50.000      240.000000   0.373736       1126.7332    0.0000285390    0.0006638346   61.7589694302   56.8654645928   -1.8009140108 
   0.0000000000    -49.000      240.000000   0.373453       1125.9874    0.0000284894    0.0006605819   61.7122254529   56.8398578701   -1.7998096075 
   0.0000000000    -48.000      240.000000   0.373172       1125.2456    0.0000284401    0.0006573480   61.6660605460   56.8147427572   -1.7987070825 
   0.0000000000    -47.000      240.000000   0.372893       1124.5080    0.0000283912    0.0006541331   61.6204746093   56.7901159218   -1.7976064168 
   0.0000000000    -46.000      240.000000   0.372615       1123.7745    0.0000283427    0.0006509376   61.5754676318   56.7659741707   -1.7965075913 
   0.0000000000    -45.000      240.000000   0.372339       1123.0450    0.0000282945    0.0006477618   61.5310396723   56.7423144470   -1.7954105868 
   0.0000000000    -44.000      240.000000   0.372065       1122.3196    0.0000282468    0.0006446059   61.4871908297   56.7191337867   -1.7943153836 
   0.0000000000    -43.000      240.000000   0.371792       1121.5981    0.0000281994    0.0006414703   61.4439212908   56.6964293730   -1.7932219617 
   0.0000000000    -42.000      240.000000   0.371521       1120.8807    0.0000281523    0.0006383552   61.4012312936   56.6741984827   -1.7921303012 
   0.0000000000    -41.000      240.000000   0.371252       1120.1671    0.0000281056    0.0006352610   61.3591211351   56.6524385241   -1.7910403816 
   0.0000000000    -40.000      240.000000   0.370985       1119.4575    0.0000280593    0.0006321879   61.3175911754   56.6311470111   -1.7899521824 
   0.0000000000    -39.000      240.000000   0.370719       1118.7517    0.0000280133    0.0006291362   61.2766418306   56.6103215684   -1.7888656827 
   0.0000000000    -38.000      240.000000   0.370454       1118.0498    0.0000279676    0.0006261062   61.2362735802   56.5899599420   -1.7877808614 
   0.0000000000    -37.000      240.000000   0.370192       1117.3517    0.0000279223    0.0006230981   61.1964869386   56.5700599498   -1.7866976973 
   0.0000000000    -36.000      240.000000   0.369930       1116.6573    0.0000278773    0.0006201121   61.1572824949   56.5506195484   -1.7856161687 
   0.0000000000    -35.000      240.000000   0.369671       1115.9668    0.0000278327    0.0006171486   61.1186608805   56.5316367796   -1.7845362540 
   0.0000000000    -34.000      240.000000   0.369413       1115.2799    0.0000277883    0.0006142077   61.0806227791   56.5131097883   -1.7834579311 
   0.0000000000    -33.000      240.000000   0.369156       1114.5967    0.0000277443    0.0006112898   61.0431689195   56.4950368086   -1.7823811779 
   0.0000000000    -32.000      240.000000   0.368901       1113.9172    0.0000277007    0.0006083950   61.0063000867   56.4774161824   -1.7813059718 
   0.0000000000    -31.000      240.000000   0.368648       1113.2413    0.0000276573    0.0006055236   60.9700171079   56.4602463370   -1.7802322904 
   0.0000000000    -30.000      240.000000   0.368396       1112.5691    0.0000276143    0.0006026758   60.9343208555   56.4435257848   -1.7791601107 
   0.0000000000    -29.000      240.000000   0.368146       1111.9003    0.0000275716    0.0005998519   60.8992122489   56.4272531399   -1.7780894096 
   0.0000000000    -28.000      240.000000   0.367897       1111.2351    0.0000275292    0.0005970519   60.8646922505   56.4114270928   -1.7770201640 
   0.0000000000    -27.000      240.000000   0.367649       1110.5734    0.0000274871    0.0005942763   60.8307618634   56.3960464228   -1.7759523503 
   0.0000000000    -26.000      240.000000   0.367403       1109.9151    0.0000274454    0.0005915251   60.7974221336   56.3811099877   -1.7748859449 
   0.0000000000    -25.000      240.000000   0.367158       1109.2603    0.0000274039    0.0005887986   60.7646741455   56.3666167306   -1.7738209239 
   0.0000000000    -24.000      240.000000   0.366915       1108.6089    0.0000273628    0.0005860970   60.7325190250   56.3525656704   -1.7727572633 
   0.0000000000    -23.000      240.000000   0.366673       1107.9608    0.0000273220    0.0005834205   60.7009579362   56.3389559049   -1.7716949387 
   0.0000000000    -22.000      240.000000   0.366433       1107.3160    0.0000272814    0.0005807692   60.6699920754   56.3257866022   -1.7706339258 
   0.0000000000    -21.000      240.000000   0.366194       1106.6746    0.0000272412    0.0005781434   60.6396226830   56.3130570089   -1.7695741999 
   0.0000000000    -20.000      240.000000   0.365956       1106.0364    0.0000272014    0.0005755432   60.6098510243   56.3007664358   -1.7685157361 
   0.0000000000    -19.000      240.000000   0.365719       1105.4015    0.0000271618    0.0005729689   60.5806784089   56.2889142719   -1.7674585096 
   0.0000000000    -18.000      240.000000   0.365484       1104.7697    0.0000271225    0.0005704206   60.5521061713   56.2774999638   -1.7664024950 
   0.0000000000    -17.000      240.000000   0.365251       1104.1411    0.0000270836    0.0005678985   60.5241356842   56.2665230314   -1.7653476670 
   0.0000000000    -16.000      240.000000   0.365018       1103.5156    0.0000270450    0.0005654027   60.4967683477   56.2559830532   -1.7642940001 
   0.0000000000    -15.000      240.000000   0.364787       1102.8932    0.0000270067    0.0005629335   60.4700055921   56.2458796712   -1.7632414685 
   0.0000000000    -14.000      240.000000   0.364557       1102.2739    0.0000269687    0.0005604909   60.4438488809   56.2362125915   -1.7621900463 
   0.0000000000    -13.000      240.000000   0.364328       1101.6576    0.0000269310    0.0005580752   60.4182997003   56.2269815705   -1.7611397075 
   0.0000000000    -12.000      240.000000   0.364101       1101.0443    0.0000268937    0.0005556865   60.3933595711   56.2181864331   -1.7600904257 
   0.0000000000    -11.000      240.000000   0.363875       1100.4339    0.0000268566    0.0005533250   60.3690300350   56.2098270493   -1.7590421747 
   0.0000000000    -10.000      240.000000   0.363650       1099.8265    0.0000268199    0.0005509909   60.3453126631   56.2019033485   -1.7579949277 
   0.0000000000     -9.000      240.000000   0.363426       1099.2219    0.0000267836    0.0005486842   60.3222090514   56.1944153123   -1.7569486581 
   0.0000000000     -8.000      240.000000   0.363203       1098.6202    0.0000267475    0.0005464051   60.2997208193   56.1873629701   -1.7559033390 
   0.0000000000     -7.000      240.000000   0.362982       1098.0213    0.0000267118    0.0005441539   60.2778496113   56.1807464046   -1.7548589431 
   0.0000000000     -6.000      240.000000   0.362761       1097.4252    0.0000266764    0.0005419305   60.2565970935   56.1745657434   -1.7538154434 
   0.0000000000     -5.000      240.000000   0.362542       1096.8319    0.0000266414    0.0005397352   60.2359649553   56.1688211608   -1.7527728125 
   0.0000000000     -4.000      240.000000   0.362324       1096.2412    0.0000266067    0.0005375682   60.2159549087   56.1635128791   -1.7517310227 
   0.0000000000     -3.000      240.000000   0.362107       1095.6532    0.0000265723    0.0005354294   60.1965686843   56.1586411613   -1.7506900463 
   0.0000000000     -2.000      240.000000   0.361891       1095.0679    0.0000265383    0.0005333192   60.1778080354   56.1542063141   -1.7496498555 
   0.0000000000     -1.000      240.000000   0.361676       1094.4852    0.0000265046    0.0005312375   60.1596747329   56.1502086842   -1.7486104223 
   0.0000000000      0.000      240.000000   0.361463       1093.9050    0.0000264713    0.0005291846   60.1421705688   56.1466486603   -1.7475717185 
   0.0000000000      1.000      240.000000   0.361250       1093.3274    0.0000264384    0.0005271606   60.1252973522   56.1435266673   -1.7465337158 
   0.0000000000      2.000      240.000000   0.361038       1092.7523    0.0000264058    0.0005251656   60.1090569103   56.1408431692   -1.7454963857 
   0.0000000000      3.000      240.000000   0.360828       1092.1797    0.0000263736    0.0005231997   60.0934510897   56.1385986674   -1.7444596995 
   0.0000000000      4.000      240.000000   0.360618       1091.6095    0.0000263417    0.0005212631   60.0784817499   56.1367936936   -1.7434236286 
   0.0000000000      5.000      240.000000   0.360409       1091.0416    0.0000263102    0.0005193559   60.0641507713   56.1354288198   -1.7423881440 
   0.0000000000      6.000      240.000000   0.360202       1090.4762    0.0000262791    0.0005174781   60.0504600466   56.1345046464   -1.7413532166 
   0.0000000000      7.000      240.000000   0.359995       1089.9130    0.0000262484    0.0005156300   60.0374114864   56.1340218081   -1.7403188172 
   0.0000000000      8.000      240.000000   0.359789       1089.3522    0.0000262180    0.0005138116   60.0250070141   56.1339809685   -1.7392849166 
   0.0000000000      9.000      240.000000   0.359584       1088.7936    0.0000261881    0.0005120231   60.0132485699   56.1343828234   -1.7382514852 
   0.0000000000     10.000      240.000000   0.359380       1088.2372    0.0000261585    0.0005102645   60.0021381069   56.1352280964   -1.7372184933 
   0.0000000000     11.000      240.000000   0.359177       1087.6830    0.0000261294    0.0005085361   59.9916775921   56.1365175394   -1.7361859113 
   0.0000000000     12.000      240.000000   0.358975       1087.1309    0.0000261006    0.0005068378   59.9818690063   56.1382519313   -1.7351537093 
   0.0000000000     13.000      240.000000   0.358774       1086.5810    0.0000260723    0.0005051699   59.9727143433   56.1404320774   -1.7341218571 
   0.0000000000     14.000      240.000000   0.358573       1086.0331    0.0000260444    0.0005035323   59.9642156094   56.1430588085   -1.7330903246 
   0.0000000000     15.000      240.000000   0.358374       1085.4873    0.0000260169    0.0005019254   59.9563748240   56.1461329812   -1.7320590815 
   0.0000000000     16.000      240.000000   0.358175       1084.9434    0.0000259898    0.0005003490   59.9491940182   56.1496554742   -1.7310280974 
   0.0000000000     17.000      240.000000   0.357977       1084.4016    0.0000259632    0.0004988035   59.9426752355   56.1536271910   -1.7299973417 
   0.0000000000     18.000      240.000000   0.357780       1083.8616    0.0000259370    0.0004972888   59.9368205310   56.1580490568   -1.7289667836 
   0.0000000000     19.000      240.000000   0.357584       1083.3236    0.0000259112    0.0004958050   59.9316319714   56.1629220193   -1.7279363924 
   0.0000000000     20.000      240.000000   0.357388       1082.7874    0.0000258859    0.0004943524   59.9271116342   56.1682470464   -1.7269061370 
   0.0000000000     21.000      240.000000   0.357193       1082.2530    0.0000258610    0.0004929309   59.9232616090   56.1740251278   -1.7258759864 
   0.0000000000     22.000      240.000000   0.356999       1081.7204    0.0000258367    0.0004915408   59.9200839960   56.1802572724   -1.7248459093 
   0.0000000000     23.000      240.000000   0.356806       1081.1896    0.0000258127    0.0004901820   59.9175809063   56.1869445092   -1.7238158743 
   0.0000000000     24.000      240.000000   0.356613       1080.6604    0.0000257893    0.0004888548   59.9157544616   56.1940878857   -1.7227858500 
   0.0000000000     25.000      240.000000   0.356422       1080.1330    0.0000257663    0.0004875591   59.9146067943   56.2016884672   -1.7217558047 
   0.0000000000     26.000      240.000000   0.356230       1079.6072    0.0000257438    0.0004862952   59.9141400474   56.2097473379   -1.7207257067 
   0.0000000000     27.000      240.000000   0.356040       1079.0830    0.0000257219    0.0004850631   59.9143563747   56.2182655992   -1.7196955241 
   0.0000000000     28.000      240.000000   0.355850       1078.5603    0.0000257004    0.0004838629   59.9152579401   56.2272443688   -1.7186652249 
   0.0000000000     29.000      240.000000   0.355661       1078.0392    0.0000256794    0.0004826948   59.9168469181   56.2366847820   -1.7176347770 
   0.0000000000     30.000      240.000000   0.355472       1077.5196    0.0000256589    0.0004815588   59.9191254936   56.2465879892   -1.7166041481 
   0.0000000000     31.000      240.000000   0.355284       1077.0014    0.0000256390    0.0004804550   59.9220958616   56.2569551574   -1.7155733059 
   0.0000000000     32.000      240.000000   0.355097       1076.4847    0.0000256196    0.0004793836   59.9257602278   56.2677874687   -1.7145422178 
   0.0000000000     33.000      240.000000   0.354910       1075.9693    0.0000256007    0.0004783446   59.9301208086   56.2790861207   -1.7135108511 
   0.0000000000     34.000      240.000000   0.354724       1075.4553    0.0000255824    0.0004773382   59.9351798299   56.2908523251   -1.7124791732 
   0.0000000000     35.000      240.000000   0.354538       1074.9426    0.0000255646    0.0004763644   59.9409395290   56.3030873086   -1.7114471511 
   0.0000000000     36.000      240.000000   0.354353       1074.4311    0.0000255473    0.0004754234   59.9474021535   56.3157923120   -1.7104147519 
   0.0000000000     37.000      240.000000   0.354169       1073.9210    0.0000255307    0.0004745152   59.9545699615   56.3289685899   -1.7093819424 
   0.0000000000     38.000      240.000000   0.353985       1073.4120    0.0000255146    0.0004736401   59.9624452218   56.3426174110   -1.7083486894 
   0.0000000000     39.000      240.000000   0.353801       1072.9041    0.0000254991    0.0004727980   59.9710302141   56.3567400573   -1.7073149594 
   0.0000000000     40.000      240.000000   0.353618       1072.3974    0.0000254842    0.0004719891   59.9803272290   56.3713378237   -1.7062807190 
   0.0000000000     41.000      240.000000   0.353436       1071.8918    0.0000254698    0.0004712134   59.9903385681   56.3864120192   -1.7052459345 
   0.0000000000     42.000      240.000000   0.353253       1071.3869    0.0000254562    0.0004704710   60.0010635923   56.4019710236   -1.7042114986 
   0.0000000000     43.000      240.000000   0.353071       1070.8833    0.0000254430    0.0004697623   60.0125107237   56.4180020981   -1.7031755170 
   0.0000000000     44.000      240.000000   0.352890       1070.3808    0.0000254306    0.0004690872   60.0246791497   56.4345136057   -1.7021388900 
   0.0000000000     45.000      240.000000   0.352709       1069.8791    0.0000254187    0.0004684459   60.0375712169   56.4515069052   -1.7011015833 
   0.0000000000     46.000      240.000000   0.352529       1069.3784    0.0000254075    0.0004678383   60.0511892837   56.4689833679   -1.7000635627 
   0.0000000000     47.000      240.000000   0.352349       1068.8785    0.0000253969    0.0004672647   60.0655357207   56.4869443778   -1.6990247939 
   0.0000000000     48.000      240.000000   0.352169       1068.3795    0.0000253870    0.0004667252   60.0806129098   56.5053913305   -1.6979852423 
   0.0000000000     49.000      240.000000   0.351990       1067.8813    0.0000253777    0.0004662198   60.0964232453   56.5243256336   -1.6969448732 
   0.0000000000     50.000      240.000000   0.351811       1067.3838    0.0000253691    0.0004657487   60.1129691336   56.5437487070   -1.6959036520 
   0.0000000000     51.000      240.000000   0.351633       1066.8870    0.0000253612    0.0004653120   60.1302529934   56.5636619819   -1.6948615437 
   0.0000000000     52.000      240.000000   0.351454       1066.3909    0.0000253540    0.0004649097   60.1482772559   56.5840669018   -1.6938185133 
   0.0000000000     53.000      240.000000   0.351277       1065.8954    0.0000253474    0.0004645422   60.1670443650   56.6049649212   -1.6927745256 
   0.0000000000     54.000      240.000000   0.351099       1065.4006    0.0000253416    0.0004642093   60.1865567773   56.6263575067   -1.6917295454 
   0.0000000000     55.000      240.000000   0.350922       1064.9063    0.0000253365    0.0004639113   60.2068169622   56.6482461359   -1.6906835373 
   0.0000000000     56.000      240.000000   0.350745       1064.4125    0.0000253321    0.0004636483   60.2278274022   56.6706322983   -1.6896364657 
   0.0000000000     57.000      240.000000   0.350568       1063.9192    0.0000253285    0.0004634203   60.2495905930   56.6935174944   -1.6885882950 
   0.0000000000     58.000      240.000000   0.350391       1063.4264    0.0000253256    0.0004632276   60.2721090434   56.7169032361   -1.6875389893 
   0.0000000000     59.000      240.000000   0.350215       1062.9340    0.0000253234    0.0004630702   60.2953852757   56.7407910467   -1.6864885128 
   0.0000000000     60.000      240.000000   0.350039       1062.4420    0.0000253220    0.0004629482   60.3194218256   56.7651824603   -1.6854368294 
   0.0000000000     61.000      240.000000   0.349863       1061.9503    0.0000253214    0.0004628619   60.3442212423   56.7900790222   -1.6843839028 
   0.0000000000     62.000      240.000000   0.349687       1061.4589    0.0000253216    0.0004628112   60.3697860886   56.8154822886   -1.6833296968 
   0.0000000000     63.000      240.000000   0.349512       1060.9678    0.0000253225    0.0004627964   60.3961189412   56.8413938270   -1.6822741749 
   0.0000000000     64.000      240.000000   0.349337       1060.4769    0.0000253243    0.0004628175   60.4232223901   56.8678152151   -1.6812173005 
   0.0000000000     65.000      240.000000   0.349161       1059.9862    0.0000253268    0.0004628747   60.4510990396   56.8947480419   -1.6801590368 
   0.0000000000     66.000      240.000000   0.348986       1059.4956    0.0000253302    0.0004629682   60.4797515072   56.9221939066   -1.6790993470 
   0.0000000000     67.000      240.000000   0.348811       1059.0051    0.0000253345    0.0004630980   60.5091824247   56.9501544191   -1.6780381941 
   0.0000000000     68.000      240.000000   0.348637       1058.5147    0.0000253395    0.0004632642   60.5393944373   56.9786311996   -1.6769755408 
   0.0000000000     69.000      240.000000   0.348462       1058.0244    0.0000253454    0.0004634671   60.5703902041   57.0076258788   -1.6759113500 
   0.0000000000     70.000      240.000000   0.348287       1057.5340    0.0000253522    0.0004637068   60.6021723978   57.0371400972   -1.6748455841 
   0.0000000000     71.000      240.000000   0.348113       1057.0436    0.0000253599    0.0004639833   60.6347437048   57.0671755055   -1.6737782056 
   0.0000000000     72.000      240.000000   0.347938       1056.5531    0.0000253684    0.0004642969   60.6681068248   57.0977337641   -1.6727091768 
   0.0000000000     73.000      240.000000   0.347764       1056.0625    0.0000253779    0.0004646476   60.7022644710   57.1288165431   -1.6716384598 
   0.0000000000     74.000      240.000000   0.347589       1055.5717    0.0000253882    0.0004650357   60.7372193698   57.1604255220   -1.6705660165 
   0.0000000000     75.000      240.000000   0.347415       1055.0807    0.0000253995    0.0004654612   60.7729742605   57.1925623895   -1.6694918089 
   0.0000000000     76.000      240.000000   0.347240       1054.5895    0.0000254116    0.0004659243   60.8095318954   57.2252288433   -1.6684157986 
   0.0000000000     77.000      240.000000   0.347066       1054.0980    0.0000254248    0.0004664252   60.8468950394   57.2584265899   -1.6673379471 
   0.0000000000     78.000      240.000000   0.346891       1053.6062    0.0000254388    0.0004669640   60.8850664694   57.2921573442   -1.6662582158 
   0.0000000000     79.000      240.000000   0.346717       1053.1140    0.0000254539    0.0004675408   60.9240489747   57.3264228294   -1.6651765660 
   0.0000000000     80.000      240.000000   0.346542       1052.6214    0.0000254699    0.0004681558   60.9638453562   57.3612247767   -1.6640929587 
   0.0000000000     81.000      240.000000   0.346367       1052.1284    0.0000254869    0.0004688091   61.0044584259   57.3965649245   -1.6630073549 
   0.0000000000     82.000      240.000000   0.346192       1051.6349    0.0000255049    0.0004695010   61.0458910069   57.4324450188   -1.6619197153 
   0.0000000000     83.000      240.000000   0.346017       1051.1409    0.0000255239    0.0004702316   61.0881459330   57.4688668123   -1.6608300006 
   0.0000000000     84.000      240.000000   0.345842       1050.6463    0.0000255439    0.0004710009   61.1312260476   57.5058320641   -1.6597381712 
   0.0000000000     85.000      240.000000   0.345667       1050.1512    0.0000255650    0.0004718092   61.1751342038   57.5433425394   -1.6586441874 
   0.0000000000     86.000      240.000000   0.345492       1049.6554    0.0000255871    0.0004726567   61.2198732637   57.5814000089   -1.6575480093 
   0.0000000000     87.000      240.000000   0.345317       1049.1589    0.0000256103    0.0004735435   61.2654460975   57.6200062485   -1.6564495969 
   0.0000000000     88.000      240.000000   0.345141       1048.6617    0.0000256345    0.0004744698   61.3118555835   57.6591630384   -1.6553489100 
   0.0000000000     89.000      240.000000   0.344965       1048.1638    0.0000256598    0.0004754357   61.3591046067   57.6988721633   -1.6542459083 
   0.0000000000     90.000      240.000000   0.344789       1047.6650    0.0000256863    0.0004764414   61.4071960583   57.7391354108   -1.6531405512 
   0.0000000000     91.000      240.000000   0.344613       1047.1654    0.0000257138    0.0004774870   61.4561328352   57.7799545718   -1.6520327980 
   0.0000000000     92.000      240.000000   0.344437       1046.6650    0.0000257424    0.0004785728   61.5059178390   57.8213314393   -1.6509226079 
   0.0000000000     93.000      240.000000   0.344260       1046.1636    0.0000257722    0.0004796990   61.5565539748   57.8632678077   -1.6498099399 
   0.0000000000     94.000      240.000000   0.344083       1045.6613    0.0000258031    0.0004808656   61.6080441509   57.9057654724   -1.6486947527 
   0.0000000000     95.000      240.000000   0.343906       1045.1580    0.0000258352    0.0004820729   61.6603912772   57.9488262288   -1.6475770050 
   0.0000000000     96.000      240.000000   0.343728       1044.6536    0.0000258685    0.0004833210   61.7135982645   57.9924518717   -1.6464566553 
   0.0000000000     97.000      240.000000   0.343551       1044.1481    0.0000259029    0.0004846102   61.7676680234   58.0366441943   -1.6453336617 
   0.0000000000     98.000      240.000000   0.343372       1043.6416    0.0000259386    0.0004859405   61.8226034629   58.0814049875   -1.6442079825 
   0.0000000000     99.000      240.000000   0.343194       1043.1338    0.0000259754    0.0004873123   61.8784074896   58.1267360390   -1.6430795755 
   0.0000000000    100.000      240.000000   0.343015       1042.6249    0.0000260135    0.0004887256   61.9350830060   58.1726391321   -1.6419483986 
   0.0000000000    101.000      240.000000   0.342836       1042.1147    0.0000260529    0.0004901806   61.9926329093   58.2191160450   -1.6408144092 
   0.0000000000    102.000      240.000000   0.342657       1041.6032    0.0000260935    0.0004916776   62.0510600903   58.2661685499   -1.6396775647 
   0.0000000000    103.000      240.000000   0.342477       1041.0904    0.0000261353    0.0004932167   62.1103674316   58.3137984114   -1.6385378225 
   0.0000000000    104.000      240.000000   0.342297       1040.5763    0.0000261785    0.0004947982   62.1705578060   58.3620073859   -1.6373951395 
   0.0000000000    105.000      240.000000   0.342116       1040.0607    0.0000262229    0.0004964221   62.2316340753   58.4107972200   -1.6362494725 
   0.0000000000    106.000      240.000000   0.341935       1039.5436    0.0000262687    0.0004980887   62.2935990884   58.4601696498   -1.6351007783 
   0.0000000000    107.000      240.000000   0.341754       1039.0251    0.0000263157    0.0004997982   62.3564556794   58.5101263992   -1.6339490133 
   0.0000000000    108.000      240.000000   0.341572       1038.5050    0.0000263642    0.0005015508   62.4202066661   58.5606691789   -1.6327941339 
   0.0000000000    109.000      240.000000   0.341389       1037.9833    0.0000264139    0.0005033466   62.4848548482   58.6117996848   -1.6316360960 
   0.0000000000    110.000      240.000000   0.341207       1037.4600    0.0000264651    0.0005051859   62.5504030049   58.6635195966   -1.6304748558 
   0.0000000000    111.000      240.000000   0.341023       1036.9351    0.0000265176    0.0005070689   62.6168538932   58.7158305766   -1.6293103688 
   0.0000000000    112.000      240.000000   0.340839       1036.4084    0.0000265716    0.0005089957   62.6842102459   58.7687342679   -1.6281425908 
   0.0000000000    113.000      240.000000   0.340655       1035.8800    0.0000266270    0.0005109666   62.7524747691   58.8222322931   -1.6269714770 
   0.0000000000    114.000      240.000000   0.340470       1035.3498    0.0000266837    0.0005129817   62.8216501403   58.8763262524   -1.6257969826 
   0.0000000000    115.000      240.000000   0.340285       1034.8178    0.0000267420    0.0005150413   62.8917390058   58.9310177220   -1.6246190627 
   0.0000000000    116.000      240.000000   0.340099       1034.2839    0.0000268017    0.0005171455   62.9627439783   58.9863082525   -1.6234376721 
   0.0000000000    117.000      240.000000   0.339912       1033.7480    0.0000268629    0.0005192945   63.0346676347   59.0421993670   -1.6222527654 
   0.0000000000    118.000      240.000000   0.339725       1033.2102    0.0000269256    0.0005214886   63.1075125132   59.0986925594   -1.6210642970 
   0.0000000000    119.000      240.000000   0.339537       1032.6704    0.0000269898    0.0005237280   63.1812811106   59.1557892921   -1.6198722212 
   0.0000000000    120.000      240.000000   0.339349       1032.1285    0.0000270555    0.0005260127   63.2559758801   59.2134909945   -1.6186764922 
   0.0000000000    121.000      240.000000   0.339160       1031.5845    0.0000271227    0.0005283432   63.3315992276   59.2717990607   -1.6174770637 
   0.0000000000    122.000      240.000000   0.338970       1031.0384    0.0000271916    0.0005307194   63.4081535095   59.3307148475   -1.6162738895 
   0.0000000000    123.000      240.000000   0.338781       1030.4904    0.0000272619    0.0005331409   63.4856237545   59.3902184457   -1.6150660472 
   0.0000000000    124.000      240.000000   0.338590       1029.9399    0.0000273339    0.0005356094   63.5640462663   59.4503531378   -1.6138552353 
   0.0000000000    125.000      240.000000   0.338398       1029.3871    0.0000274075    0.0005381244   63.6434064390   59.5110993618   -1.6126405375 
   0.0000000000    126.000      240.000000   0.338206       1028.8320    0.0000274827    0.0005406860   63.7237063983   59.5724583026   -1.6114219068 
