  #sigma_s    Temp(C) Press(Mpa) p_meanfield density (kg/m^3)      kappa      alpha Cp(J/molK) Cv(J/molK)  mu(J/mol)
   0.0000000000   -173.000      360.000000   0.514642       1277.2244    0.0000097193    0.0008580530   75.0524883390   66.4557167451   -1.8713715054 
   0.0000000000   -172.000      360.000000   0.514185       1276.1618    0.0000117438    0.0008301697   75.0760223720   66.8928892151   -1.8700172352 
   0.0000000000   -171.000      360.000000   0.513729       1275.0995    0.0000112761    0.0008383254   74.8199810540   66.5237667259   -1.8686628541 
   0.0000000000   -170.000      360.000000   0.513275       1274.0410    0.0000106209    0.0008237853   74.7384408803   66.5415399991   -1.8673089813 
   0.0000000000   -169.000      360.000000   0.512821       1272.9802    0.0000110160    0.0008232668   74.3694372291   66.2023627024   -1.8659550380 
   0.0000000000   -168.000      360.000000   0.512367       1271.9214    0.0000110926    0.0008380688   74.1390007746   65.8287847514   -1.8646022141 
   0.0000000000   -167.000      360.000000   0.511913       1270.8631    0.0000115494    0.0008333544   73.9486262515   65.7138262922   -1.8632502866 
   0.0000000000   -166.000      360.000000   0.511460       1269.8042    0.0000108162    0.0008336300   73.7286641311   65.4413811537   -1.8618988244 
   0.0000000000   -165.000      360.000000   0.511008       1268.7461    0.0000117575    0.0008371362   73.4647778234   65.2032613595   -1.8605470488 
   0.0000000000   -164.000      360.000000   0.510556       1267.6882    0.0000120979    0.0008366075   73.3234927783   65.0878182116   -1.8591962526 
   0.0000000000   -163.000      360.000000   0.510105       1266.6306    0.0000120949    0.0008363098   73.0866777148   64.8521630873   -1.8578459176 
   0.0000000000   -162.000      360.000000   0.509654       1265.5740    0.0000120168    0.0008345480   72.9252324572   64.7014522635   -1.8564963124 
   0.0000000000   -161.000      360.000000   0.509204       1264.5178    0.0000121884    0.0008355056   72.7246343595   64.5009018032   -1.8551474066 
   0.0000000000   -160.000      360.000000   0.508755       1263.4621    0.0000124322    0.0008360514   72.5449770805   64.3299041478   -1.8537989129 
   0.0000000000   -159.000      360.000000   0.508307       1262.4071    0.0000124277    0.0008355672   72.3686339966   64.1564045227   -1.8524512265 
   0.0000000000   -158.000      360.000000   0.507859       1261.3527    0.0000126036    0.0008359099   72.2002188825   63.9941736866   -1.8511041250 
   0.0000000000   -157.000      360.000000   0.507411       1260.2992    0.0000126437    0.0008352830   72.0284305612   63.8294226296   -1.8497577477 
   0.0000000000   -156.000      360.000000   0.506965       1259.2463    0.0000128027    0.0008359961   71.8578095223   63.6601743719   -1.8484121352 
   0.0000000000   -155.000      360.000000   0.506519       1258.1941    0.0000128931    0.0008357225   71.6978800641   63.5069198486   -1.8470672017 
   0.0000000000   -154.000      360.000000   0.506073       1257.1429    0.0000130371    0.0008361902   71.5385228815   63.3503024540   -1.8457230655 
   0.0000000000   -153.000      360.000000   0.505629       1256.0925    0.0000131457    0.0008359433   71.3825490501   63.2017958249   -1.8443797026 
   0.0000000000   -152.000      360.000000   0.505185       1255.0430    0.0000132623    0.0008357944   71.2321128060   63.0583222513   -1.8430371448 
   0.0000000000   -151.000      360.000000   0.504742       1253.9944    0.0000133838    0.0008358475   71.0840479272   62.9154979722   -1.8416954117 
   0.0000000000   -150.000      360.000000   0.504300       1252.9469    0.0000135034    0.0008356728   70.9383484581   62.7770987968   -1.8403545701 
   0.0000000000   -149.000      360.000000   0.503859       1251.9004    0.0000136277    0.0008356086   70.7953989319   62.6406189597   -1.8390145843 
   0.0000000000   -148.000      360.000000   0.503418       1250.8549    0.0000137346    0.0008353761   70.6557265383   62.5079433706   -1.8376754879 
   0.0000000000   -147.000      360.000000   0.502978       1249.8106    0.0000138550    0.0008351396   70.5184890165   62.3785163646   -1.8363373141 
   0.0000000000   -146.000      360.000000   0.502540       1248.7674    0.0000139685    0.0008348994   70.3839669016   62.2513755974   -1.8350000905 
   0.0000000000   -145.000      360.000000   0.502102       1247.7255    0.0000140849    0.0008345744   70.2530498796   62.1287979634   -1.8336638245 
   0.0000000000   -144.000      360.000000   0.501665       1246.6848    0.0000142041    0.0008342627   70.1232651715   62.0073448650   -1.8323285507 
   0.0000000000   -143.000      360.000000   0.501228       1245.6453    0.0000143204    0.0008339057   69.9965532896   61.8891838239   -1.8309942902 
   0.0000000000   -142.000      360.000000   0.500793       1244.6073    0.0000144368    0.0008335275   69.8719677500   61.7733147218   -1.8296610609 
   0.0000000000   -141.000      360.000000   0.500359       1243.5706    0.0000145523    0.0008330829   69.7496778630   61.6602830467   -1.8283288864 
   0.0000000000   -140.000      360.000000   0.499926       1242.5353    0.0000146627    0.0008325962   69.6295372355   61.5494624666   -1.8269977912 
   0.0000000000   -139.000      360.000000   0.499493       1241.5015    0.0000147755    0.0008320745   69.5113710861   61.4410576965   -1.8256677954 
   0.0000000000   -138.000      360.000000   0.499062       1240.4693    0.0000148893    0.0008315412   69.3952437920   61.3348173567   -1.8243389241 
   0.0000000000   -137.000      360.000000   0.498631       1239.4386    0.0000149989    0.0008309367   69.2811574290   61.2310124996   -1.8230111948 
   0.0000000000   -136.000      360.000000   0.498202       1238.4095    0.0000151109    0.0008303189   69.1688282441   61.1291961877   -1.8216846312 
   0.0000000000   -135.000      360.000000   0.497774       1237.3820    0.0000152204    0.0008296402   69.0584026059   61.0296804004   -1.8203592569 
   0.0000000000   -134.000      360.000000   0.497347       1236.3563    0.0000153311    0.0008289434   68.9496527646   60.9320399115   -1.8190350913 
   0.0000000000   -133.000      360.000000   0.496920       1235.3323    0.0000154380    0.0008281758   68.8426588843   60.8365815108   -1.8177121574 
   0.0000000000   -132.000      360.000000   0.496495       1234.3102    0.0000155458    0.0008273928   68.7372622311   60.7428774293   -1.8163904759 
   0.0000000000   -131.000      360.000000   0.496072       1233.2898    0.0000156529    0.0008265646   68.6334094241   60.6510659392   -1.8150700671 
   0.0000000000   -130.000      360.000000   0.495649       1232.2714    0.0000157589    0.0008257013   68.5310857235   60.5610274184   -1.8137509535 
   0.0000000000   -129.000      360.000000   0.495227       1231.2549    0.0000158644    0.0008247951   68.4302467457   60.4728144147   -1.8124331551 
   0.0000000000   -128.000      360.000000   0.494807       1230.2403    0.0000159691    0.0008238526   68.3308755334   60.3863312001   -1.8111166918 
   0.0000000000   -127.000      360.000000   0.494387       1229.2278    0.0000160720    0.0008228663   68.2328562161   60.3014872352   -1.8098015852 
   0.0000000000   -126.000      360.000000   0.493969       1228.2174    0.0000161747    0.0008218448   68.1361814510   60.2182698672   -1.8084878547 
   0.0000000000   -125.000      360.000000   0.493552       1227.2090    0.0000162762    0.0008207854   68.0408225916   60.1366344476   -1.8071755204 
   0.0000000000   -124.000      360.000000   0.493137       1226.2028    0.0000163768    0.0008196819   67.9467377508   60.0566042577   -1.8058646016 
   0.0000000000   -123.000      360.000000   0.492722       1225.1988    0.0000164765    0.0008185458   67.8538348176   59.9779847430   -1.8045551179 
   0.0000000000   -122.000      360.000000   0.492309       1224.1971    0.0000165752    0.0008173701   67.7621554669   59.9008784497   -1.8032470887 
   0.0000000000   -121.000      360.000000   0.491897       1223.1976    0.0000166731    0.0008161562   67.6716076284   59.8251870562   -1.8019405322 
   0.0000000000   -120.000      360.000000   0.491487       1222.2004    0.0000167698    0.0008149053   67.5821859049   59.7508827062   -1.8006354673 
   0.0000000000   -119.000      360.000000   0.491078       1221.2057    0.0000168654    0.0008136151   67.4938582756   59.6779491148   -1.7993319123 
   0.0000000000   -118.000      360.000000   0.490670       1220.2133    0.0000169600    0.0008122892   67.4065763309   59.6063179963   -1.7980298848 
   0.0000000000   -117.000      360.000000   0.490263       1219.2233    0.0000170538    0.0008109280   67.3203227877   59.5359800746   -1.7967294030 
   0.0000000000   -116.000      360.000000   0.489858       1218.2359    0.0000171463    0.0008095290   67.2350638815   59.4668965536   -1.7954304838 
   0.0000000000   -115.000      360.000000   0.489454       1217.2510    0.0000172376    0.0008080938   67.1507762785   59.3990375728   -1.7941331443 
   0.0000000000   -114.000      360.000000   0.489051       1216.2686    0.0000173280    0.0008066241   67.0674291078   59.3323694920   -1.7928374011 
   0.0000000000   -113.000      360.000000   0.488650       1215.2888    0.0000174172    0.0008051194   66.9849967289   59.2668579395   -1.7915432708 
   0.0000000000   -112.000      360.000000   0.488251       1214.3117    0.0000175055    0.0008035798   66.9034633470   59.2025001676   -1.7902507691 
   0.0000000000   -111.000      360.000000   0.487852       1213.3372    0.0000175926    0.0008020059   66.8227991075   59.1392489453   -1.7889599117 
   0.0000000000   -110.000      360.000000   0.487455       1212.3655    0.0000176785    0.0008003989   66.7429815925   59.0770760720   -1.7876707139 
   0.0000000000   -109.000      360.000000   0.487060       1211.3965    0.0000177634    0.0007987586   66.6639918756   59.0159660796   -1.7863831908 
   0.0000000000   -108.000      360.000000   0.486666       1210.4303    0.0000178471    0.0007970856   66.5858063618   58.9558881838   -1.7850973567 
   0.0000000000   -107.000      360.000000   0.486273       1209.4669    0.0000179297    0.0007953801   66.5084102971   58.8968230943   -1.7838132260 
   0.0000000000   -106.000      360.000000   0.485882       1208.5063    0.0000180111    0.0007936433   66.4317829146   58.8387455878   -1.7825308124 
   0.0000000000   -105.000      360.000000   0.485493       1207.5486    0.0000180914    0.0007918753   66.3559040063   58.7816321028   -1.7812501293 
   0.0000000000   -104.000      360.000000   0.485105       1206.5939    0.0000181705    0.0007900767   66.2807570443   58.7254605632   -1.7799711900 
   0.0000000000   -103.000      360.000000   0.484718       1205.6420    0.0000182484    0.0007882483   66.2063271442   58.6702111773   -1.7786940069 
   0.0000000000   -102.000      360.000000   0.484333       1204.6932    0.0000183252    0.0007863903   66.1325980910   58.6158651499   -1.7774185925 
   0.0000000000   -101.000      360.000000   0.483950       1203.7473    0.0000184008    0.0007845035   66.0595532739   58.5623995237   -1.7761449586 
   0.0000000000   -100.000      360.000000   0.483568       1202.8045    0.0000184753    0.0007825885   65.9871804266   58.5097976418   -1.7748731166 
   0.0000000000    -99.000      360.000000   0.483187       1201.8647    0.0000185486    0.0007806458   65.9154646047   58.4580410404   -1.7736030779 
   0.0000000000    -98.000      360.000000   0.482808       1200.9281    0.0000186207    0.0007786761   65.8443923180   58.4071101232   -1.7723348529 
   0.0000000000    -97.000      360.000000   0.482431       1199.9945    0.0000186916    0.0007766800   65.7739506964   58.3569871986   -1.7710684521 
   0.0000000000    -96.000      360.000000   0.482055       1199.0640    0.0000187614    0.0007746581   65.7041283383   58.3076566553   -1.7698038854 
   0.0000000000    -95.000      360.000000   0.481681       1198.1368    0.0000188300    0.0007726110   65.6349132267   58.2591009188   -1.7685411623 
   0.0000000000    -94.000      360.000000   0.481308       1197.2127    0.0000188975    0.0007705393   65.5662944850   58.2113052805   -1.7672802918 
   0.0000000000    -93.000      360.000000   0.480937       1196.2918    0.0000189637    0.0007684437   65.4982618975   58.1642535575   -1.7660212827 
   0.0000000000    -92.000      360.000000   0.480567       1195.3741    0.0000190288    0.0007663249   65.4308042564   58.1179302556   -1.7647641433 
   0.0000000000    -91.000      360.000000   0.480199       1194.4597    0.0000190928    0.0007641832   65.3639130084   58.0723219967   -1.7635088814 
   0.0000000000    -90.000      360.000000   0.479833       1193.5485    0.0000191555    0.0007620197   65.2975783346   58.0274136329   -1.7622555046 
   0.0000000000    -89.000      360.000000   0.479468       1192.6407    0.0000192171    0.0007598347   65.2317916094   57.9831915431   -1.7610040199 
   0.0000000000    -88.000      360.000000   0.479105       1191.7361    0.0000192776    0.0007576290   65.1665446969   57.9396431285   -1.7597544340 
   0.0000000000    -87.000      360.000000   0.478744       1190.8349    0.0000193369    0.0007554033   65.1018294723   57.8967548522   -1.7585067532 
   0.0000000000    -86.000      360.000000   0.478384       1189.9370    0.0000193951    0.0007531581   65.0376382287   57.8545140045   -1.7572609832 
   0.0000000000    -85.000      360.000000   0.478025       1189.0425    0.0000194521    0.0007508941   64.9739637020   57.8129089479   -1.7560171296 
   0.0000000000    -84.000      360.000000   0.477669       1188.1513    0.0000195079    0.0007486119   64.9107994559   57.7719279610   -1.7547751974 
   0.0000000000    -83.000      360.000000   0.477314       1187.2636    0.0000195627    0.0007463122   64.8481384033   57.7315591929   -1.7535351913 
   0.0000000000    -82.000      360.000000   0.476960       1186.3792    0.0000196163    0.0007439957   64.7859748017   57.6917919999   -1.7522971154 
   0.0000000000    -81.000      360.000000   0.476609       1185.4983    0.0000196688    0.0007416630   64.7243023165   57.6526150044   -1.7510609737 
   0.0000000000    -80.000      360.000000   0.476258       1184.6207    0.0000197201    0.0007393147   64.6631158197   57.6140184482   -1.7498267695 
   0.0000000000    -79.000      360.000000   0.475910       1183.7466    0.0000197704    0.0007369514   64.6024097792   57.5759919857   -1.7485945060 
   0.0000000000    -78.000      360.000000   0.475563       1182.8760    0.0000198196    0.0007345738   64.5421792637   57.5385257641   -1.7473641857 
   0.0000000000    -77.000      360.000000   0.475218       1182.0088    0.0000198677    0.0007321826   64.4824195009   57.5016103581   -1.7461358108 
   0.0000000000    -76.000      360.000000   0.474874       1181.1451    0.0000199146    0.0007297783   64.4231260256   57.4652364381   -1.7449093834 
   0.0000000000    -75.000      360.000000   0.474532       1180.2849    0.0000199606    0.0007273616   64.3642946381   57.4293952212   -1.7436849047 
   0.0000000000    -74.000      360.000000   0.474192       1179.4281    0.0000200054    0.0007249331   64.3059214239   57.3940780208   -1.7424623759 
   0.0000000000    -73.000      360.000000   0.473853       1178.5749    0.0000200492    0.0007224934   64.2480025667   57.3592764839   -1.7412417977 
   0.0000000000    -72.000      360.000000   0.473516       1177.7251    0.0000200919    0.0007200431   64.1905345679   57.3249823837   -1.7400231703 
   0.0000000000    -71.000      360.000000   0.473180       1176.8789    0.0000201336    0.0007175829   64.1335141717   57.2911880286   -1.7388064937 
   0.0000000000    -70.000      360.000000   0.472846       1176.0361    0.0000201742    0.0007151133   64.0769383027   57.2578857348   -1.7375917674 
   0.0000000000    -69.000      360.000000   0.472514       1175.1969    0.0000202139    0.0007126349   64.0208040994   57.2250681983   -1.7363789906 
   0.0000000000    -68.000      360.000000   0.472184       1174.3611    0.0000202525    0.0007101484   63.9651089103   57.1927282935   -1.7351681620 
   0.0000000000    -67.000      360.000000   0.471855       1173.5289    0.0000202901    0.0007076543   63.9098501161   57.1608589843   -1.7339592800 
   0.0000000000    -66.000      360.000000   0.471527       1172.7002    0.0000203267    0.0007051532   63.8550255659   57.1294537884   -1.7327523427 
   0.0000000000    -65.000      360.000000   0.471201       1171.8751    0.0000203624    0.0007026457   63.8006330455   57.0985061238   -1.7315473477 
   0.0000000000    -64.000      360.000000   0.470877       1171.0534    0.0000203970    0.0007001323   63.7466706457   57.0680098287   -1.7303442924 
   0.0000000000    -63.000      360.000000   0.470555       1170.2353    0.0000204307    0.0006976136   63.6931365185   57.0379588150   -1.7291431737 
   0.0000000000    -62.000      360.000000   0.470234       1169.4207    0.0000204635    0.0006950902   63.6400291141   57.0083473955   -1.7279439880 
   0.0000000000    -61.000      360.000000   0.469915       1168.6096    0.0000204953    0.0006925627   63.5873468655   56.9791697988   -1.7267467318 
   0.0000000000    -60.000      360.000000   0.469597       1167.8020    0.0000205262    0.0006900314   63.5350885112   56.9504207368   -1.7255514008 
   0.0000000000    -59.000      360.000000   0.469281       1166.9979    0.0000205561    0.0006874971   63.4832528011   56.9220948056   -1.7243579905 
   0.0000000000    -58.000      360.000000   0.468966       1166.1974    0.0000205852    0.0006849603   63.4318386905   56.8941870333   -1.7231664961 
   0.0000000000    -57.000      360.000000   0.468654       1165.4003    0.0000206133    0.0006824213   63.3808453035   56.8666925928   -1.7219769125 
   0.0000000000    -56.000      360.000000   0.468342       1164.6068    0.0000206406    0.0006798809   63.3302717942   56.8396066932   -1.7207892341 
   0.0000000000    -55.000      360.000000   0.468033       1163.8167    0.0000206670    0.0006773395   63.2801174888   56.8129248465   -1.7196034550 
   0.0000000000    -54.000      360.000000   0.467724       1163.0302    0.0000206925    0.0006747975   63.2303818833   56.7866427149   -1.7184195691 
   0.0000000000    -53.000      360.000000   0.467418       1162.2471    0.0000207172    0.0006722555   63.1810645129   56.7607560898   -1.7172375697 
   0.0000000000    -52.000      360.000000   0.467113       1161.4675    0.0000207410    0.0006697141   63.1321650344   56.7352609027   -1.7160574501 
   0.0000000000    -51.000      360.000000   0.466809       1160.6914    0.0000207640    0.0006671735   63.0836832498   56.7101532630   -1.7148792031 
   0.0000000000    -50.000      360.000000   0.466507       1159.9188    0.0000207862    0.0006646345   63.0356190534   56.6854294882   -1.7137028211 
   0.0000000000    -49.000      360.000000   0.466207       1159.1496    0.0000208076    0.0006620973   62.9879723811   56.6610859293   -1.7125282963 
   0.0000000000    -48.000      360.000000   0.465907       1158.3835    0.0000208283    0.0006595628   62.9407307976   56.6371190580   -1.7113567088 
   0.0000000000    -47.000      360.000000   0.465610       1157.6212    0.0000208481    0.0006570309   62.8939197319   56.6135258538   -1.7101858595 
   0.0000000000    -46.000      360.000000   0.465314       1156.8623    0.0000208672    0.0006545022   62.8475267282   56.5903029845   -1.7090168424 
   0.0000000000    -45.000      360.000000   0.465020       1156.1068    0.0000208855    0.0006519773   62.8015521298   56.5674474123   -1.7078496483 
   0.0000000000    -44.000      360.000000   0.464727       1155.3548    0.0000209030    0.0006494565   62.7559963544   56.5449562447   -1.7066842679 
   0.0000000000    -43.000      360.000000   0.464436       1154.6061    0.0000209199    0.0006469403   62.7108599137   56.5228266773   -1.7055206914 
   0.0000000000    -42.000      360.000000   0.464147       1153.8609    0.0000209360    0.0006444291   62.6661433944   56.5010560760   -1.7043589087 
   0.0000000000    -41.000      360.000000   0.463858       1153.1190    0.0000209514    0.0006419233   62.6218474461   56.4796418994   -1.7031989097 
   0.0000000000    -40.000      360.000000   0.463572       1152.3804    0.0000209661    0.0006394234   62.5779728156   56.4585817386   -1.7020406837 
   0.0000000000    -39.000      360.000000   0.463287       1151.6453    0.0000209801    0.0006369297   62.5345202794   56.4378732842   -1.7008842197 
   0.0000000000    -38.000      360.000000   0.463003       1150.9134    0.0000209934    0.0006344427   62.4914907110   56.4175143475   -1.6997295066 
   0.0000000000    -37.000      360.000000   0.462721       1150.1849    0.0000210061    0.0006319627   62.4488850359   56.3975028432   -1.6985765330 
   0.0000000000    -36.000      360.000000   0.462440       1149.4597    0.0000210182    0.0006294900   62.4067042544   56.3778367998   -1.6974252871 
   0.0000000000    -35.000      360.000000   0.462161       1148.7378    0.0000210296    0.0006270252   62.3649493953   56.3585143355   -1.6962757568 
   0.0000000000    -34.000      360.000000   0.461883       1148.0191    0.0000210403    0.0006245685   62.3236215681   56.3395336706   -1.6951279298 
   0.0000000000    -33.000      360.000000   0.461606       1147.3037    0.0000210505    0.0006221203   62.2827219354   56.3208931374   -1.6939817936 
   0.0000000000    -32.000      360.000000   0.461331       1146.5916    0.0000210601    0.0006196809   62.2422517088   56.3025911523   -1.6928373353 
   0.0000000000    -31.000      360.000000   0.461058       1145.8827    0.0000210691    0.0006172508   62.2022121450   56.2846262239   -1.6916945418 
   0.0000000000    -30.000      360.000000   0.460785       1145.1770    0.0000210775    0.0006148303   62.1626045448   56.2669969346   -1.6905533997 
   0.0000000000    -29.000      360.000000   0.460515       1144.4745    0.0000210853    0.0006124196   62.1234302781   56.2497019926   -1.6894138953 
   0.0000000000    -28.000      360.000000   0.460245       1143.7752    0.0000210926    0.0006100192   62.0846907363   56.2327401556   -1.6882760147 
   0.0000000000    -27.000      360.000000   0.459977       1143.0791    0.0000210993    0.0006076293   62.0463873567   56.2161102722   -1.6871397437 
   0.0000000000    -26.000      360.000000   0.459710       1142.3861    0.0000211055    0.0006052503   62.0085216296   56.1998112863   -1.6860050681 
   0.0000000000    -25.000      360.000000   0.459445       1141.6962    0.0000211112    0.0006028825   61.9710950711   56.1838421981   -1.6848719729 
   0.0000000000    -24.000      360.000000   0.459181       1141.0094    0.0000211164    0.0006005262   61.9341092407   56.1682020961   -1.6837404435 
   0.0000000000    -23.000      360.000000   0.458919       1140.3258    0.0000211211    0.0005981817   61.8975657358   56.1528901410   -1.6826104644 
   0.0000000000    -22.000      360.000000   0.458657       1139.6452    0.0000211253    0.0005958492   61.8614661746   56.1379055544   -1.6814820205 
   0.0000000000    -21.000      360.000000   0.458397       1138.9677    0.0000211291    0.0005935292   61.8258122286   56.1232476489   -1.6803550959 
   0.0000000000    -20.000      360.000000   0.458139       1138.2932    0.0000211324    0.0005912218   61.7906055809   56.1089157746   -1.6792296749 
   0.0000000000    -19.000      360.000000   0.457882       1137.6217    0.0000211352    0.0005889274   61.7558479558   56.0949093690   -1.6781057412 
   0.0000000000    -18.000      360.000000   0.457626       1136.9532    0.0000211376    0.0005866463   61.7215410998   56.0812279236   -1.6769832786 
   0.0000000000    -17.000      360.000000   0.457371       1136.2877    0.0000211395    0.0005843786   61.6876867905   56.0678709950   -1.6758622704 
   0.0000000000    -16.000      360.000000   0.457117       1135.6252    0.0000211411    0.0005821247   61.6542868294   56.0548381959   -1.6747426998 
   0.0000000000    -15.000      360.000000   0.456865       1134.9656    0.0000211422    0.0005798848   61.6213430395   56.0421291930   -1.6736245498 
   0.0000000000    -14.000      360.000000   0.456614       1134.3089    0.0000211430    0.0005776593   61.5888572671   56.0297437129   -1.6725078030 
   0.0000000000    -13.000      360.000000   0.456365       1133.6551    0.0000211433    0.0005754482   61.5568313842   56.0176815350   -1.6713924421 
   0.0000000000    -12.000      360.000000   0.456116       1133.0042    0.0000211433    0.0005732519   61.5252672778   56.0059424938   -1.6702784493 
   0.0000000000    -11.000      360.000000   0.455869       1132.3561    0.0000211429    0.0005710707   61.4941668602   55.9945264663   -1.6691658066 
   0.0000000000    -10.000      360.000000   0.455623       1131.7109    0.0000211422    0.0005689047   61.4635320539   55.9834333814   -1.6680544960 
   0.0000000000     -9.000      360.000000   0.455378       1131.0684    0.0000211411    0.0005667543   61.4333648048   55.9726632153   -1.6669444990 
   0.0000000000     -8.000      360.000000   0.455135       1130.4288    0.0000211397    0.0005646195   61.4036670722   55.9622159910   -1.6658357972 
   0.0000000000     -7.000      360.000000   0.454893       1129.7919    0.0000211380    0.0005625007   61.3744408320   55.9520917732   -1.6647283718 
   0.0000000000     -6.000      360.000000   0.454651       1129.1578    0.0000211360    0.0005603981   61.3456880716   55.9422906686   -1.6636222038 
   0.0000000000     -5.000      360.000000   0.454411       1128.5263    0.0000211336    0.0005583118   61.3174107938   55.9328128245   -1.6625172740 
   0.0000000000     -4.000      360.000000   0.454173       1127.8976    0.0000211310    0.0005562422   61.2896110101   55.9236584257   -1.6614135630 
   0.0000000000     -3.000      360.000000   0.453935       1127.2716    0.0000211281    0.0005541893   61.2622907473   55.9148276982   -1.6603110514 
   0.0000000000     -2.000      360.000000   0.453698       1126.6482    0.0000211250    0.0005521535   61.2354520400   55.9063209022   -1.6592097193 
   0.0000000000     -1.000      360.000000   0.453463       1126.0274    0.0000211215    0.0005501349   61.2090969317   55.8981383319   -1.6581095468 
   0.0000000000      0.000      360.000000   0.453229       1125.4092    0.0000211179    0.0005481337   61.1832274765   55.8902803172   -1.6570105137 
   0.0000000000      1.000      360.000000   0.452995       1124.7936    0.0000211139    0.0005461501   61.1578457366   55.8827472194   -1.6559125997 
   0.0000000000      2.000      360.000000   0.452763       1124.1806    0.0000211098    0.0005441843   61.1329537779   55.8755394293   -1.6548157844 
   0.0000000000      3.000      360.000000   0.452532       1123.5701    0.0000211054    0.0005422364   61.1085536761   55.8686573689   -1.6537200469 
   0.0000000000      4.000      360.000000   0.452302       1122.9621    0.0000211008    0.0005403067   61.0846475116   55.8621014899   -1.6526253664 
   0.0000000000      5.000      360.000000   0.452073       1122.3566    0.0000210961    0.0005383954   61.0612373689   55.8558722694   -1.6515317219 
   0.0000000000      6.000      360.000000   0.451845       1121.7536    0.0000210911    0.0005365026   61.0383253380   55.8499702107   -1.6504390921 
   0.0000000000      7.000      360.000000   0.451619       1121.1530    0.0000210860    0.0005346284   61.0159135122   55.8443958431   -1.6493474556 
   0.0000000000      8.000      360.000000   0.451393       1120.5548    0.0000210806    0.0005327732   60.9940039874   55.8391497212   -1.6482567908 
   0.0000000000      9.000      360.000000   0.451168       1119.9590    0.0000210752    0.0005309369   60.9725988630   55.8342324192   -1.6471670759 
   0.0000000000     10.000      360.000000   0.450944       1119.3655    0.0000210695    0.0005291199   60.9517002394   55.8296445370   -1.6460782891 
   0.0000000000     11.000      360.000000   0.450722       1118.7744    0.0000210637    0.0005273222   60.9313102195   55.8253866923   -1.6449904081 
   0.0000000000     12.000      360.000000   0.450500       1118.1856    0.0000210578    0.0005255440   60.9114309071   55.8214595262   -1.6439034108 
   0.0000000000     13.000      360.000000   0.450279       1117.5991    0.0000210518    0.0005237855   60.8920644051   55.8178636946   -1.6428172748 
   0.0000000000     14.000      360.000000   0.450059       1117.0148    0.0000210456    0.0005220468   60.8732128182   55.8145998760   -1.6417319773 
   0.0000000000     15.000      360.000000   0.449840       1116.4328    0.0000210394    0.0005203281   60.8548782500   55.8116687638   -1.6406474958 
   0.0000000000     16.000      360.000000   0.449623       1115.8530    0.0000210330    0.0005186295   60.8370628029   55.8090710677   -1.6395638072 
   0.0000000000     17.000      360.000000   0.449406       1115.2754    0.0000210266    0.0005169512   60.8197685788   55.8068075143   -1.6384808886 
   0.0000000000     18.000      360.000000   0.449189       1114.6999    0.0000210200    0.0005152933   60.8029976779   55.8048788444   -1.6373987166 
   0.0000000000     19.000      360.000000   0.448974       1114.1266    0.0000210134    0.0005136559   60.7867521982   55.8032858129   -1.6363172680 
   0.0000000000     20.000      360.000000   0.448760       1113.5554    0.0000210067    0.0005120393   60.7710342360   55.8020291883   -1.6352365192 
   0.0000000000     21.000      360.000000   0.448547       1112.9862    0.0000210000    0.0005104434   60.7558458850   55.8011097513   -1.6341564465 
   0.0000000000     22.000      360.000000   0.448334       1112.4191    0.0000209933    0.0005088685   60.7411892353   55.8005282943   -1.6330770262 
   0.0000000000     23.000      360.000000   0.448123       1111.8541    0.0000209865    0.0005073148   60.7270663751   55.8002856226   -1.6319982342 
   0.0000000000     24.000      360.000000   0.447912       1111.2910    0.0000209796    0.0005057822   60.7134793889   55.8003825507   -1.6309200465 
   0.0000000000     25.000      360.000000   0.447702       1110.7299    0.0000209728    0.0005042710   60.7004303578   55.8008199031   -1.6298424387 
   0.0000000000     26.000      360.000000   0.447493       1110.1708    0.0000209659    0.0005027813   60.6879213584   55.8015985143   -1.6287653866 
   0.0000000000     27.000      360.000000   0.447285       1109.6136    0.0000209590    0.0005013132   60.6759544647   55.8027192276   -1.6276888656 
   0.0000000000     28.000      360.000000   0.447077       1109.0582    0.0000209522    0.0004998668   60.6645317461   55.8041828944   -1.6266128509 
   0.0000000000     29.000      360.000000   0.446871       1108.5048    0.0000209453    0.0004984423   60.6536552671   55.8059903737   -1.6255373179 
   0.0000000000     30.000      360.000000   0.446665       1107.9532    0.0000209385    0.0004970398   60.6433270893   55.8081425325   -1.6244622416 
   0.0000000000     31.000      360.000000   0.446460       1107.4034    0.0000209317    0.0004956593   60.6335492687   55.8106402445   -1.6233875968 
   0.0000000000     32.000      360.000000   0.446255       1106.8554    0.0000209249    0.0004943010   60.6243238574   55.8134843888   -1.6223133585 
   0.0000000000     33.000      360.000000   0.446052       1106.3092    0.0000209182    0.0004929651   60.6156529023   55.8166758512   -1.6212395012 
   0.0000000000     34.000      360.000000   0.445849       1105.7646    0.0000209116    0.0004916516   60.6075384464   55.8202155233   -1.6201659995 
   0.0000000000     35.000      360.000000   0.445647       1105.2218    0.0000209050    0.0004903607   60.5999825278   55.8241043013   -1.6190928278 
   0.0000000000     36.000      360.000000   0.445446       1104.6807    0.0000208984    0.0004890924   60.5929871792   55.8283430863   -1.6180199604 
   0.0000000000     37.000      360.000000   0.445245       1104.1413    0.0000208920    0.0004878469   60.5865544296   55.8329327836   -1.6169473715 
   0.0000000000     38.000      360.000000   0.445045       1103.6034    0.0000208856    0.0004866243   60.5806863023   55.8378743025   -1.6158750351 
   0.0000000000     39.000      360.000000   0.444846       1103.0672    0.0000208794    0.0004854246   60.5753848166   55.8431685571   -1.6148029250 
   0.0000000000     40.000      360.000000   0.444647       1102.5325    0.0000208732    0.0004842481   60.5706519866   55.8488164633   -1.6137310151 
   0.0000000000     41.000      360.000000   0.444449       1101.9994    0.0000208671    0.0004830948   60.5664898218   55.8548189407   -1.6126592791 
   0.0000000000     42.000      360.000000   0.444252       1101.4678    0.0000208612    0.0004819647   60.5629003275   55.8611769126   -1.6115876905 
   0.0000000000     43.000      360.000000   0.444056       1100.9376    0.0000208554    0.0004808581   60.5598855043   55.8678913041   -1.6105162228 
   0.0000000000     44.000      360.000000   0.443860       1100.4090    0.0000208497    0.0004797750   60.5574473476   55.8749630424   -1.6094448491 
   0.0000000000     45.000      360.000000   0.443664       1099.8817    0.0000208442    0.0004787155   60.5555878496   55.8823930576   -1.6083735429 
   0.0000000000     46.000      360.000000   0.443470       1099.3559    0.0000208388    0.0004776797   60.5543089977   55.8901822818   -1.6073022771 
   0.0000000000     47.000      360.000000   0.443276       1098.8314    0.0000208336    0.0004766677   60.5536127747   55.8983316480   -1.6062310247 
   0.0000000000     48.000      360.000000   0.443082       1098.3083    0.0000208285    0.0004756796   60.5535011602   55.9068420918   -1.6051597585 
   0.0000000000     49.000      360.000000   0.442889       1097.7865    0.0000208236    0.0004747156   60.5539761292   55.9157145495   -1.6040884514 
   0.0000000000     50.000      360.000000   0.442697       1097.2660    0.0000208189    0.0004737756   60.5550396534   55.9249499591   -1.6030170760 
   0.0000000000     51.000      360.000000   0.442505       1096.7468    0.0000208144    0.0004728599   60.5566937005   55.9345492596   -1.6019456047 
   0.0000000000     52.000      360.000000   0.442314       1096.2288    0.0000208101    0.0004719684   60.5589402355   55.9445133909   -1.6008740100 
   0.0000000000     53.000      360.000000   0.442123       1095.7120    0.0000208059    0.0004711014   60.5617812190   55.9548432940   -1.5998022643 
   0.0000000000     54.000      360.000000   0.441933       1095.1964    0.0000208020    0.0004702588   60.5652186094   55.9655399106   -1.5987303396 
   0.0000000000     55.000      360.000000   0.441743       1094.6820    0.0000207983    0.0004694409   60.5692543618   55.9766041835   -1.5976582082 
   0.0000000000     56.000      360.000000   0.441554       1094.1687    0.0000207948    0.0004686476   60.5738904285   55.9880370554   -1.5965858419 
   0.0000000000     57.000      360.000000   0.441365       1093.6564    0.0000207916    0.0004678791   60.5791287595   55.9998394704   -1.5955132127 
   0.0000000000     58.000      360.000000   0.441177       1093.1452    0.0000207886    0.0004671355   60.5849713022   56.0120123723   -1.5944402923 
   0.0000000000     59.000      360.000000   0.440989       1092.6351    0.0000207858    0.0004664169   60.5914200018   56.0245567058   -1.5933670525 
   0.0000000000     60.000      360.000000   0.440802       1092.1260    0.0000207833    0.0004657233   60.5984768021   56.0374734164   -1.5922934648 
   0.0000000000     61.000      360.000000   0.440615       1091.6179    0.0000207811    0.0004650548   60.6061436444   56.0507634490   -1.5912195006 
   0.0000000000     62.000      360.000000   0.440429       1091.1107    0.0000207791    0.0004644117   60.6144224689   56.0644277497   -1.5901451314 
   0.0000000000     63.000      360.000000   0.440243       1090.6044    0.0000207775    0.0004637938   60.6233152145   56.0784672645   -1.5890703283 
   0.0000000000     64.000      360.000000   0.440057       1090.0990    0.0000207761    0.0004632014   60.6328238188   56.0928829398   -1.5879950626 
   0.0000000000     65.000      360.000000   0.439872       1089.5945    0.0000207750    0.0004626345   60.6429502188   56.1076757223   -1.5869193052 
   0.0000000000     66.000      360.000000   0.439687       1089.0909    0.0000207741    0.0004620932   60.6536963506   56.1228465589   -1.5858430273 
   0.0000000000     67.000      360.000000   0.439503       1088.5880    0.0000207736    0.0004615777   60.6650641498   56.1383963970   -1.5847661995 
   0.0000000000     68.000      360.000000   0.439319       1088.0859    0.0000207735    0.0004610879   60.6770555521   56.1543261840   -1.5836887927 
   0.0000000000     69.000      360.000000   0.439135       1087.5846    0.0000207736    0.0004606240   60.6896724929   56.1706368680   -1.5826107776 
   0.0000000000     70.000      360.000000   0.438952       1087.0840    0.0000207741    0.0004601861   60.7029169078   56.1873293966   -1.5815321246 
   0.0000000000     71.000      360.000000   0.438769       1086.5840    0.0000207749    0.0004597743   60.7167907331   56.2044047188   -1.5804528043 
   0.0000000000     72.000      360.000000   0.438587       1086.0848    0.0000207760    0.0004593887   60.7312959055   56.2218637832   -1.5793727871 
   0.0000000000     73.000      360.000000   0.438404       1085.5862    0.0000207775    0.0004590294   60.7464343625   56.2397075386   -1.5782920430 
   0.0000000000     74.000      360.000000   0.438222       1085.0882    0.0000207794    0.0004586964   60.7622080425   56.2579369346   -1.5772105425 
   0.0000000000     75.000      360.000000   0.438041       1084.5907    0.0000207816    0.0004583898   60.7786188856   56.2765529210   -1.5761282554 
   0.0000000000     76.000      360.000000   0.437859       1084.0938    0.0000207842    0.0004581098   60.7956688329   56.2955564482   -1.5750451518 
   0.0000000000     77.000      360.000000   0.437678       1083.5974    0.0000207872    0.0004578564   60.8133598274   56.3149484665   -1.5739612015 
   0.0000000000     78.000      360.000000   0.437497       1083.1015    0.0000207906    0.0004576298   60.8316938134   56.3347299267   -1.5728763743 
   0.0000000000     79.000      360.000000   0.437316       1082.6061    0.0000207944    0.0004574300   60.8506727376   56.3549017804   -1.5717906399 
   0.0000000000     80.000      360.000000   0.437136       1082.1111    0.0000207986    0.0004572571   60.8702985487   56.3754649792   -1.5707039679 
   0.0000000000     81.000      360.000000   0.436956       1081.6165    0.0000208032    0.0004571112   60.8905731975   56.3964204755   -1.5696163277 
   0.0000000000     82.000      360.000000   0.436776       1081.1223    0.0000208082    0.0004569925   60.9114986374   56.4177692218   -1.5685276887 
   0.0000000000     83.000      360.000000   0.436596       1080.6284    0.0000208136    0.0004569009   60.9330768242   56.4395121711   -1.5674380202 
   0.0000000000     84.000      360.000000   0.436416       1080.1348    0.0000208195    0.0004568367   60.9553097164   56.4616502769   -1.5663472913 
   0.0000000000     85.000      360.000000   0.436237       1079.6415    0.0000208258    0.0004567998   60.9781992753   56.4841844930   -1.5652554712 
   0.0000000000     86.000      360.000000   0.436058       1079.1484    0.0000208326    0.0004567905   61.0017474650   56.5071157736   -1.5641625289 
   0.0000000000     87.000      360.000000   0.435879       1078.6556    0.0000208399    0.0004568087   61.0259562527   56.5304450734   -1.5630684331 
   0.0000000000     88.000      360.000000   0.435700       1078.1629    0.0000208476    0.0004568547   61.0508276084   56.5541733471   -1.5619731528 
   0.0000000000     89.000      360.000000   0.435521       1077.6704    0.0000208557    0.0004569284   61.0763635053   56.5783015501   -1.5608766565 
   0.0000000000     90.000      360.000000   0.435343       1077.1781    0.0000208644    0.0004570300   61.1025659198   56.6028306376   -1.5597789130 
   0.0000000000     91.000      360.000000   0.435164       1076.6858    0.0000208735    0.0004571596   61.1294368314   56.6277615654   -1.5586798906 
   0.0000000000     92.000      360.000000   0.434986       1076.1936    0.0000208832    0.0004573173   61.1569782227   56.6530952890   -1.5575795578 
   0.0000000000     93.000      360.000000   0.434807       1075.7015    0.0000208933    0.0004575032   61.1851920795   56.6788327643   -1.5564778828 
   0.0000000000     94.000      360.000000   0.434629       1075.2093    0.0000209040    0.0004577173   61.2140803908   56.7049749470   -1.5553748339 
   0.0000000000     95.000      360.000000   0.434451       1074.7172    0.0000209152    0.0004579599   61.2436451486   56.7315227928   -1.5542703791 
   0.0000000000     96.000      360.000000   0.434273       1074.2250    0.0000209269    0.0004582310   61.2738883479   56.7584772568   -1.5531644865 
   0.0000000000     97.000      360.000000   0.434095       1073.7327    0.0000209391    0.0004585306   61.3048119869   56.7858392942   -1.5520571239 
   0.0000000000     98.000      360.000000   0.433917       1073.2403    0.0000209519    0.0004588589   61.3364180663   56.8136098594   -1.5509482590 
   0.0000000000     99.000      360.000000   0.433739       1072.7477    0.0000209653    0.0004592161   61.3687085898   56.8417899065   -1.5498378597 
   0.0000000000    100.000      360.000000   0.433561       1072.2550    0.0000209792    0.0004596021   61.4016855636   56.8703803885   -1.5487258934 
   0.0000000000    101.000      360.000000   0.433383       1071.7621    0.0000209937    0.0004600172   61.4353509962   56.8993822575   -1.5476123277 
   0.0000000000    102.000      360.000000   0.433205       1071.2690    0.0000210087    0.0004604614   61.4697068987   56.9287964646   -1.5464971299 
   0.0000000000    103.000      360.000000   0.433027       1070.7756    0.0000210244    0.0004609348   61.5047552836   56.9586239597   -1.5453802674 
   0.0000000000    104.000      360.000000   0.432849       1070.2818    0.0000210406    0.0004614375   61.5404981658   56.9888656908   -1.5442617072 
   0.0000000000    105.000      360.000000   0.432671       1069.7878    0.0000210574    0.0004619697   61.5769375613   57.0195226045   -1.5431414164 
   0.0000000000    106.000      360.000000   0.432493       1069.2934    0.0000210749    0.0004625314   61.6140754875   57.0505956451   -1.5420193621 
   0.0000000000    107.000      360.000000   0.432315       1068.7986    0.0000210929    0.0004631228   61.6519139626   57.0820857549   -1.5408955110 
   0.0000000000    108.000      360.000000   0.432137       1068.3034    0.0000211116    0.0004637439   61.6904550055   57.1139938735   -1.5397698300 
   0.0000000000    109.000      360.000000   0.431959       1067.8078    0.0000211309    0.0004643950   61.7297006351   57.1463209377   -1.5386422857 
   0.0000000000    110.000      360.000000   0.431780       1067.3117    0.0000211509    0.0004650760   61.7696528701   57.1790678812   -1.5375128446 
   0.0000000000    111.000      360.000000   0.431602       1066.8150    0.0000211715    0.0004657870   61.8103137288   57.2122356341   -1.5363814732 
   0.0000000000    112.000      360.000000   0.431423       1066.3178    0.0000211928    0.0004665284   61.8516852280   57.2458251228   -1.5352481377 
   0.0000000000    113.000      360.000000   0.431244       1065.8201    0.0000212147    0.0004673000   61.8937693831   57.2798372695   -1.5341128045 
   0.0000000000    114.000      360.000000   0.431066       1065.3217    0.0000212373    0.0004681020   61.9365682073   57.3142729917   -1.5329754397 
   0.0000000000    115.000      360.000000   0.430887       1064.8227    0.0000212606    0.0004689346   61.9800837112   57.3491332019   -1.5318360093 
   0.0000000000    116.000      360.000000   0.430708       1064.3230    0.0000212846    0.0004697979   62.0243179020   57.3844188073   -1.5306944791 
   0.0000000000    117.000      360.000000   0.430528       1063.8227    0.0000213093    0.0004706920   62.0692727829   57.4201307092   -1.5295508150 
   0.0000000000    118.000      360.000000   0.430349       1063.3216    0.0000213348    0.0004716169   62.1149503527   57.4562698022   -1.5284049826 
   0.0000000000    119.000      360.000000   0.430169       1062.8197    0.0000213609    0.0004725728   62.1613526047   57.4928369745   -1.5272569476 
   0.0000000000    120.000      360.000000   0.429989       1062.3170    0.0000213877    0.0004735599   62.2084815265   57.5298331067   -1.5261066755 
   0.0000000000    121.000      360.000000   0.429809       1061.8135    0.0000214153    0.0004745782   62.2563390985   57.5672590713   -1.5249541315 
   0.0000000000    122.000      360.000000   0.429629       1061.3092    0.0000214437    0.0004756279   62.3049272938   57.6051157327   -1.5237992810 
   0.0000000000    123.000      360.000000   0.429448       1060.8040    0.0000214728    0.0004767090   62.3542480770   57.6434039458   -1.5226420891 
   0.0000000000    124.000      360.000000   0.429268       1060.2978    0.0000215026    0.0004778218   62.4043034033   57.6821245560   -1.5214825209 
   0.0000000000    125.000      360.000000   0.429087       1059.7907    0.0000215333    0.0004789662   62.4550952177   57.7212783983   -1.5203205412 
   0.0000000000    126.000      360.000000   0.428905       1059.2826    0.0000215647    0.0004801425   62.5066254538   57.7608662966   -1.5191561150 
