  #sigma_s    Temp(C) Press(Mpa) p_meanfield density (kg/m^3)      kappa      alpha Cp(J/molK) Cv(J/molK)  mu(J/mol)
   0.0000000000   -173.000      140.000000   0.246748        954.5808    0.0000198633    0.0007299719   59.8609753326   55.2967726623   -2.0825468000 
   0.0000000000   -172.000      140.000000   0.246526        953.8890    0.0000198289    0.0007200901   59.7671667225   55.2637334923   -2.0815561736 
   0.0000000000   -171.000      140.000000   0.246307        953.2070    0.0000197939    0.0007102721   59.6761913690   55.2331467765   -2.0805691370 
   0.0000000000   -170.000      140.000000   0.246091        952.5349    0.0000197586    0.0007005127   59.5880234705   55.2050285558   -2.0795856152 
   0.0000000000   -169.000      140.000000   0.245878        951.8725    0.0000197235    0.0006908055   59.5026499785   55.1794136051   -2.0786055298 
   0.0000000000   -168.000      140.000000   0.245669        951.2198    0.0000196890    0.0006811433   59.4200702140   55.1563555656   -2.0776287986 
   0.0000000000   -167.000      140.000000   0.245463        950.5766    0.0000196555    0.0006715179   59.3402953194   55.1359257902   -2.0766553355 
   0.0000000000   -166.000      140.000000   0.245261        949.9431    0.0000196234    0.0006619198   59.2633504158   55.1182172966   -2.0756850497 
   0.0000000000   -165.000      140.000000   0.245061        949.3191    0.0000195934    0.0006523386   59.1892737417   55.1033433031   -2.0747178457 
   0.0000000000   -164.000      140.000000   0.244865        948.7045    0.0000195658    0.0006427624   59.1181183159   55.0914394784   -2.0737536224 
   0.0000000000   -163.000      140.000000   0.244672        948.0995    0.0000195414    0.0006331783   59.0499517187   55.0826645007   -2.0727922727 
   0.0000000000   -162.000      140.000000   0.244481        947.5039    0.0000195206    0.0006235718   58.9848575961   55.0772018388   -2.0718336829 
   0.0000000000   -161.000      140.000000   0.244295        946.9178    0.0000195043    0.0006139270   58.9229361670   55.0752606633   -2.0708777320 
   0.0000000000   -160.000      140.000000   0.244111        946.3412    0.0000194931    0.0006042266   58.8643053490   55.0770779618   -2.0699242911 
   0.0000000000   -159.000      140.000000   0.243930        945.7742    0.0000194879    0.0005944516   58.8091014559   55.0829191698   -2.0689732220 
   0.0000000000   -158.000      140.000000   0.243753        945.2168    0.0000194894    0.0005845811   58.7574808821   55.0930809909   -2.0680243771 
   0.0000000000   -157.000      140.000000   0.243578        944.6691    0.0000194986    0.0005745925   58.7096204602   55.1078921216   -2.0670775979 
   0.0000000000   -156.000      140.000000   0.243407        944.1313    0.0000195164    0.0005644612   58.6657195402   55.1277160493   -2.0661327142 
   0.0000000000   -155.000      140.000000   0.243240        943.6033    0.0000195440    0.0005541605   58.6260010314   55.1529528280   -2.0651895428 
   0.0000000000   -154.000      140.000000   0.243075        943.0855    0.0000195824    0.0005436613   58.5907126319   55.1840409905   -2.0642478862 
   0.0000000000   -153.000      140.000000   0.242914        942.5780    0.0000196330    0.0005329325   58.5601284117   55.2214597016   -2.0633075314 
   0.0000000000   -152.000      140.000000   0.242756        942.0809    0.0000196970    0.0005219401   58.5345507412   55.2657317227   -2.0623682487 
   0.0000000000   -151.000      140.000000   0.242602        941.5946    0.0000197759    0.0005106474   58.5143115030   55.3174251590   -2.0614297893 
   0.0000000000   -150.000      140.000000   0.242451        941.1194    0.0000198713    0.0004990149   58.4997747109   55.3771571726   -2.0604918847 
   0.0000000000   -149.000      140.000000   0.242304        940.6555    0.0000199849    0.0004869999   58.4913371220   55.4455949962   -2.0595542439 
   0.0000000000   -148.000      140.000000   0.242161        940.2033    0.0000201185    0.0004745565   58.4894313224   55.5234603147   -2.0586165521 
   0.0000000000   -147.000      140.000000   0.242022        939.7632    0.0000202740    0.0004616349   58.4945273181   55.6115313410   -2.0576784681 
   0.0000000000   -146.000      140.000000   0.241887        939.3358    0.0000204536    0.0004481818   58.5071349797   55.7106463587   -2.0567396224 
   0.0000000000   -145.000      140.000000   0.241756        938.9214    0.0000206596    0.0004341395   58.5278057003   55.8217059724   -2.0557996145 
   0.0000000000   -144.000      140.000000   0.241629        938.5207    0.0000208944    0.0004194460   58.5571353740   55.9456772926   -2.0548580102 
   0.0000000000   -143.000      140.000000   0.241507        938.1343    0.0000211608    0.0004040343   58.5957665632   56.0835965295   -2.0539143388 
   0.0000000000   -142.000      140.000000   0.241389        937.7629    0.0000214617    0.0003878323   58.6443908885   56.2365725223   -2.0529680900 
   0.0000000000   -141.000      140.000000   0.241277        937.4072    0.0000218002    0.0003707624   58.7037520186   56.4057903909   -2.0520187106 
   0.0000000000   -140.000      140.000000   0.241170        937.0681    0.0000221798    0.0003527406   58.7746480683   56.5925145962   -2.0510656007 
   0.0000000000   -139.000      140.000000   0.241069        936.7464    0.0000226041    0.0003336764   58.8579343710   56.7980924629   -2.0501081099 
   0.0000000000   -138.000      140.000000   0.240973        936.4433    0.0000230771    0.0003134723   58.9545263805   57.0239575352   -2.0491455329 
   0.0000000000   -137.000      140.000000   0.240884        936.1597    0.0000236032    0.0002920226   59.0654027636   57.2716333343   -2.0481771051 
   0.0000000000   -136.000      140.000000   0.240801        935.8969    0.0000241872    0.0002692132   59.1916077606   57.5427357556   -2.0472019977 
   0.0000000000   -135.000      140.000000   0.240725        935.6562    0.0000248342    0.0002449203   59.3342549534   57.8389772400   -2.0462193116 
   0.0000000000   -134.000      140.000000   0.240657        935.4391    0.0000255498    0.0002190100   59.4945295071   58.1621686207   -2.0452280724 
   0.0000000000   -133.000      140.000000   0.240596        935.2470    0.0000263402    0.0001913368   59.6736915329   58.5142223706   -2.0442272234 
   0.0000000000   -132.000      140.000000   0.240544        935.0817    0.0000272121    0.0001617425   59.8730789805   58.8971546223   -2.0432156185 
   0.0000000000   -131.000      140.000000   0.240501        934.9451    0.0000281729    0.0001300552   60.0941105285   59.3130869299   -2.0421920150 
   0.0000000000   -130.000      140.000000   0.240468        934.8392    0.0000292306    0.0000960870   60.3382881891   59.7642471171   -2.0411550648 
   0.0000000000   -129.000      140.000000   0.240445        934.7662    0.0000303941    0.0000596329   60.6072000979   60.2529697665   -2.0401033052 
   0.0000000000   -128.000      140.000000   0.240433        934.7285    0.0000316733    0.0000204684   60.9025228754   60.7816954377   -2.0390351492 
   0.0000000000   -127.000      140.000000   0.240433        934.7288    0.0000330789   -0.0000216528   61.2260239877   61.3529689174   -2.0379488736 
   0.0000000000   -126.000      140.000000   0.240446        934.7700    0.0000346230   -0.0000670018   61.5795631606   61.9694350498   -2.0368426075 
   0.0000000000   -125.000      140.000000   0.240472        934.8551    0.0000363189   -0.0001158770   61.9650944031   62.6338341559   -2.0357143181 
   0.0000000000   -124.000      140.000000   0.240514        934.9877    0.0000381816   -0.0001686089   62.3846665002   63.3489935874   -2.0345617962 
   0.0000000000   -123.000      140.000000   0.240572        935.1716    0.0000402276   -0.0002255636   62.8404237569   64.1178175367   -2.0333826391 
   0.0000000000   -122.000      140.000000   0.240648        935.4113    0.0000424768   -0.0002871733   63.3348209452   64.9436247454   -2.0321730778 
   0.0000000000   -121.000      140.000000   0.240742        935.7107    0.0000449483   -0.0003538517   63.8698340626   65.8288418215   -2.0309322684 
   0.0000000000   -120.000      140.000000   0.240857        936.0752    0.0000476669   -0.0004261271   64.4480569469   66.7767742379   -2.0296561662 
   0.0000000000   -119.000      140.000000   0.240994        936.5103    0.0000506595   -0.0005045732   65.0720131486   67.7904568414   -2.0283413576 
   0.0000000000   -118.000      140.000000   0.241155        937.0222    0.0000539572   -0.0005898372   65.7443135601   68.8728793315   -2.0269841101 
   0.0000000000   -117.000      140.000000   0.241343        937.6178    0.0000575952   -0.0006826536   66.4676514880   70.0269381694   -2.0255803372 
   0.0000000000   -116.000      140.000000   0.241560        938.3047    0.0000616145   -0.0007838585   67.2447961304   71.2553754555   -2.0241255597 
   0.0000000000   -115.000      140.000000   0.241809        939.0922    0.0000660650   -0.0008944707   68.0790215951   72.5614049217   -2.0226132733 
   0.0000000000   -114.000      140.000000   0.242093        939.9884    0.0000709975   -0.0010154993   68.9725538362   73.9461247013   -2.0210406157 
   0.0000000000   -113.000      140.000000   0.242414        941.0047    0.0000764787   -0.0011482630   69.9286638404   75.4117910695   -2.0194004227 
   0.0000000000   -112.000      140.000000   0.242778        942.1532    0.0000825847   -0.0012942485   70.9503699463   76.9595842807   -2.0176860350 
   0.0000000000   -111.000      140.000000   0.243189        943.4475    0.0000894061   -0.0014551948   72.0407252883   78.5898948536   -2.0158900794 
   0.0000000000   -110.000      140.000000   0.243653        944.9050    0.0000970589   -0.0016333116   73.2037530330   80.3035208544   -2.0140016333 
   0.0000000000   -109.000      140.000000   0.244173        946.5409    0.0001056627   -0.0018307976   74.4411892132   82.0963392798   -2.0120156985 
   0.0000000000   -108.000      140.000000   0.244759        948.3768    0.0001153812   -0.0020506536   75.7568204652   83.9656034547   -2.0099201470 
   0.0000000000   -107.000      140.000000   0.245419        950.4394    0.0001264217   -0.0022966296   77.1552232314   85.9072952736   -2.0076999092 
   0.0000000000   -106.000      140.000000   0.246159        952.7523    0.0001390063   -0.0025725512   78.6378053212   87.9097119730   -2.0053470386 
   0.0000000000   -105.000      140.000000   0.246995        955.3531    0.0001534583   -0.0028840136   80.2103931308   89.9634167458   -2.0028407146 
   0.0000000000   -104.000      140.000000   0.247936        958.2756    0.0001701269   -0.0032367000   81.8744688436   92.0476905447   -2.0001694323 
   0.0000000000   -103.000      140.000000   0.249002        961.5721    0.0001895175   -0.0036387910   83.6368709050   94.1419841227   -1.9973066995 
   0.0000000000   -102.000      140.000000   0.250209        965.2946    0.0002122027   -0.0040988735   85.5002775810   96.2114515321   -1.9942333406 
   0.0000000000   -101.000      140.000000   0.251582        969.5091    0.0002389082   -0.0046271512   87.4681785439   98.2114682350   -1.9909235734 
   0.0000000000   -100.000      140.000000   0.253148        974.2932    0.0002704880   -0.0052342056   89.5411812568  100.0816176395   -1.9873490994 
   0.0000000000    -99.000      140.000000   0.254938        979.7362    0.0003078448   -0.0059283361   91.7114454073  101.7407622262   -1.9834804373 
   0.0000000000    -98.000      140.000000   0.256992        985.9418    0.0003517184   -0.0067098869   93.9517060443  103.0829899868   -1.9792852611 
   0.0000000000    -97.000      140.000000   0.259342        992.9952    0.0004018344   -0.0075538681   96.1783270416  103.9698824315   -1.9747508986 
   0.0000000000    -96.000      140.000000   0.262010       1000.9450    0.0004555344   -0.0083850134   98.2004483230  104.2412475816   -1.9698872852 
   0.0000000000    -95.000      140.000000   0.264983       1009.7276    0.0005054994   -0.0090444482   99.6450821147  103.7430205506   -1.9647598002 
   0.0000000000    -94.000      140.000000   0.268177       1019.0768    0.0005390524   -0.0093007001   99.9731118305  102.3959554167   -1.9595180235 
   0.0000000000    -93.000      140.000000   0.271420       1028.4849    0.0005438655   -0.0089805440   98.7689117257  100.2827130363   -1.9543935885 
   0.0000000000    -92.000      140.000000   0.274508       1037.3637    0.0005185574   -0.0081448509   96.1669623935   97.6576596777   -1.9496152717 
   0.0000000000    -91.000      140.000000   0.277286       1045.2849    0.0004740476   -0.0070534166   92.8117638381   94.8345723499   -1.9453182587 
   0.0000000000    -90.000      140.000000   0.279693       1052.1011    0.0004235893   -0.0059554892   89.3620884859   92.0539153768   -1.9415166856 
   0.0000000000    -89.000      140.000000   0.281739       1057.8599    0.0003755552   -0.0049813630   86.1960690426   89.4479924218   -1.9381571955 
   0.0000000000    -88.000      140.000000   0.283464       1062.6915    0.0003333081   -0.0041659057   83.4426882408   87.0685172639   -1.9351672190 
   0.0000000000    -87.000      140.000000   0.284923       1066.7611    0.0002973049   -0.0034968111   81.0926379993   84.9145082388   -1.9324675657 
   0.0000000000    -86.000      140.000000   0.286160       1070.1971    0.0002669876   -0.0029506924   79.0979534397   82.9731378883   -1.9300027271 
   0.0000000000    -85.000      140.000000   0.287212       1073.1121    0.0002414668   -0.0025030580   77.3991453653   81.2222476250   -1.9277260779 
   0.0000000000    -84.000      140.000000   0.288111       1075.5963    0.0002198824   -0.0021332238   75.9423104294   79.6391352740   -1.9256017536 
   0.0000000000    -83.000      140.000000   0.288881       1077.7214    0.0002015013   -0.0018248209   74.6826737727   78.2029218428   -1.9236022255 
   0.0000000000    -82.000      140.000000   0.289546       1079.5489    0.0001857118   -0.0015648797   73.5828476085   76.8934557158   -1.9217032734 
   0.0000000000    -81.000      140.000000   0.290115       1081.1162    0.0001720715   -0.0013443119   72.6170336641   75.6982753335   -1.9198936605 
   0.0000000000    -80.000      140.000000   0.290606       1082.4641    0.0001601896   -0.0011553385   71.7613149976   74.6022873382   -1.9181577885 
   0.0000000000    -79.000      140.000000   0.291031       1083.6270    0.0001497543   -0.0009919085   70.9964763289   73.5922785658   -1.9164820391 
   0.0000000000    -78.000      140.000000   0.291393       1084.6219    0.0001405529   -0.0008499742   70.3103858121   72.6614677152   -1.9148635192 
   0.0000000000    -77.000      140.000000   0.291706       1085.4768    0.0001323715   -0.0007255277   69.6893307386   71.7985141823   -1.9132897303 
   0.0000000000    -76.000      140.000000   0.291973       1086.2050    0.0001250682   -0.0006159657   69.1250363774   70.9977931073   -1.9117580404 
   0.0000000000    -75.000      140.000000   0.292197       1086.8190    0.0001185215   -0.0005190845   68.6102053789   70.2537270619   -1.9102652880 
   0.0000000000    -74.000      140.000000   0.292387       1087.3365    0.0001126144   -0.0004327787   68.1371665014   69.5589836421   -1.9088032727 
   0.0000000000    -73.000      140.000000   0.292544       1087.7651    0.0001072686   -0.0003556736   67.7013295208   68.9099127777   -1.9073709697 
   0.0000000000    -72.000      140.000000   0.292671       1088.1123    0.0001024164   -0.0002865882   67.2986216027   68.3029893081   -1.9059671417 
   0.0000000000    -71.000      140.000000   0.292773       1088.3904    0.0000979875   -0.0002242951   66.9242769682   67.7329953022   -1.9045852935 
   0.0000000000    -70.000      140.000000   0.292852       1088.6040    0.0000939370   -0.0001680310   66.5756741830   67.1976113456   -1.9032255397 
   0.0000000000    -69.000      140.000000   0.292909       1088.7591    0.0000902213   -0.0001170577   66.2500592952   66.6939502520   -1.9018859482 
   0.0000000000    -68.000      140.000000   0.292945       1088.8595    0.0000868062   -0.0000708062   65.9453861669   66.2199763594   -1.9005665033 
   0.0000000000    -67.000      140.000000   0.292965       1088.9138    0.0000836530   -0.0000286163   65.6589019388   65.7722154678   -1.8992620493 
   0.0000000000    -66.000      140.000000   0.292969       1088.9241    0.0000807381    0.0000098934   65.3892598649   65.3493170271   -1.8979733972 
   0.0000000000    -65.000      140.000000   0.292958       1088.8941    0.0000780375    0.0000451174   65.1349126293   64.9494331050   -1.8966993821 
   0.0000000000    -64.000      140.000000   0.292934       1088.8274    0.0000755302    0.0000773975   64.8945061759   64.5708995604   -1.8954389709 
   0.0000000000    -63.000      140.000000   0.292896       1088.7254    0.0000732001    0.0001069894   64.6670931324   64.2126408701   -1.8941929502 
   0.0000000000    -62.000      140.000000   0.292848       1088.5943    0.0000710260    0.0001342453   64.4510829362   63.8723458785   -1.8929567750 
   0.0000000000    -61.000      140.000000   0.292789       1088.4346    0.0000689966    0.0001593397   64.2458543237   63.5493173879   -1.8917317740 
   0.0000000000    -60.000      140.000000   0.292722       1088.2486    0.0000670991    0.0001824740   64.0505759137   63.2424215727   -1.8905172642 
   0.0000000000    -59.000      140.000000   0.292645       1088.0385    0.0000653223    0.0002038260   63.8645060554   62.9506233671   -1.8893126276 
   0.0000000000    -58.000      140.000000   0.292560       1087.8060    0.0000636562    0.0002235538   63.6869809309   62.6729755762   -1.8881173030 
   0.0000000000    -57.000      140.000000   0.292467       1087.5529    0.0000620917    0.0002417976   63.5174044813   62.4086094156   -1.8869307786 
   0.0000000000    -56.000      140.000000   0.292367       1087.2807    0.0000606208    0.0002586831   63.3552398556   62.1567262928   -1.8857525866 
   0.0000000000    -55.000      140.000000   0.292261       1086.9910    0.0000592361    0.0002743225   63.2000021614   61.9165906805   -1.8845822973 
   0.0000000000    -54.000      140.000000   0.292148       1086.6839    0.0000579323    0.0002887977   63.0513670371   61.6877435852   -1.8834208377 
   0.0000000000    -53.000      140.000000   0.292031       1086.3629    0.0000567009    0.0003022414   62.9086856602   61.4690805033   -1.8822650216 
   0.0000000000    -52.000      140.000000   0.291909       1086.0279    0.0000555381    0.0003147124   62.7717342890   61.2602847392   -1.8811160362 
   0.0000000000    -51.000      140.000000   0.291781       1085.6799    0.0000544387    0.0003262854   62.6401810153   61.0608161133   -1.8799735632 
   0.0000000000    -50.000      140.000000   0.291650       1085.3199    0.0000533985    0.0003370278   62.5137224663   60.8701730745   -1.8788373066 
   0.0000000000    -49.000      140.000000   0.291514       1084.9488    0.0000524132    0.0003470011   62.3920807725   60.6878892928   -1.8777069907 
   0.0000000000    -48.000      140.000000   0.291375       1084.5674    0.0000514792    0.0003562615   62.2750008977   60.5135305598   -1.8765823582 
   0.0000000000    -47.000      140.000000   0.291232       1084.1764    0.0000505931    0.0003648599   62.1622483073   60.3466920552   -1.8754631679 
   0.0000000000    -46.000      140.000000   0.291087       1083.7765    0.0000497517    0.0003728434   62.0536069205   60.1869958854   -1.8743491935 
   0.0000000000    -45.000      140.000000   0.290938       1083.3685    0.0000489522    0.0003802548   61.9488773201   60.0340888973   -1.8732402223 
   0.0000000000    -44.000      140.000000   0.290786       1082.9529    0.0000481918    0.0003871335   61.8478751434   59.8876406648   -1.8721360536 
   0.0000000000    -43.000      140.000000   0.290632       1082.5303    0.0000474682    0.0003935159   61.7504296897   59.7473417290   -1.8710364980 
   0.0000000000    -42.000      140.000000   0.290476       1082.1011    0.0000467792    0.0003994353   61.6563826545   59.6129019586   -1.8699413762 
   0.0000000000    -41.000      140.000000   0.290316       1081.6653    0.0000461230    0.0004049133   61.5656401892   59.4841647868   -1.8688517385 
   0.0000000000    -40.000      140.000000   0.290156       1081.2247    0.0000454967    0.0004099984   61.4779519783   59.3606284534   -1.8677648734 
   0.0000000000    -39.000      140.000000   0.289994       1080.7790    0.0000448991    0.0004147062   61.3932522307   59.2421849916   -1.8666819691 
   0.0000000000    -38.000      140.000000   0.289830       1080.3285    0.0000443286    0.0004190613   61.3114220720   59.1286079125   -1.8656028777 
   0.0000000000    -37.000      140.000000   0.289664       1079.8737    0.0000437835    0.0004230863   61.2323505685   59.0196840192   -1.8645274581 
   0.0000000000    -36.000      140.000000   0.289498       1079.4150    0.0000432625    0.0004268026   61.1559340531   58.9152124330   -1.8634555757 
   0.0000000000    -35.000      140.000000   0.289330       1078.9525    0.0000427641    0.0004302298   61.0820755609   58.8150037836   -1.8623871013 
   0.0000000000    -34.000      140.000000   0.289161       1078.4868    0.0000422873    0.0004333862   61.0106842881   58.7188794014   -1.8613219116 
   0.0000000000    -33.000      140.000000   0.288990       1078.0179    0.0000418306    0.0004362889   60.9416751238   58.6266706135   -1.8602598879 
   0.0000000000    -32.000      140.000000   0.288819       1077.5462    0.0000413932    0.0004389541   60.8749682155   58.5382180842   -1.8592009162 
   0.0000000000    -31.000      140.000000   0.288647       1077.0720    0.0000409740    0.0004413965   60.8104885818   58.4533712143   -1.8581448868 
   0.0000000000    -30.000      140.000000   0.288475       1076.5955    0.0000405720    0.0004436302   60.7481657452   58.3719875680   -1.8570916939 
   0.0000000000    -29.000      140.000000   0.288301       1076.1169    0.0000401863    0.0004456684   60.6879334222   58.2939323755   -1.8560412355 
   0.0000000000    -28.000      140.000000   0.288127       1075.6365    0.0000398160    0.0004475232   60.6297292116   58.2190780384   -1.8549934129 
   0.0000000000    -27.000      140.000000   0.287953       1075.1543    0.0000394605    0.0004492063   60.5734943379   58.1473037038   -1.8539481307 
   0.0000000000    -26.000      140.000000   0.287778       1074.6706    0.0000391190    0.0004507284   60.5191733971   58.0784948455   -1.8529052965 
   0.0000000000    -25.000      140.000000   0.287602       1074.1856    0.0000387907    0.0004520998   60.4667141301   58.0125428885   -1.8518648206 
   0.0000000000    -24.000      140.000000   0.287426       1073.6994    0.0000384751    0.0004533300   60.4160672153   57.9493448544   -1.8508266160 
   0.0000000000    -23.000      140.000000   0.287250       1073.2122    0.0000381715    0.0004544282   60.3671860751   57.8888030331   -1.8497905981 
   0.0000000000    -22.000      140.000000   0.287074       1072.7241    0.0000378793    0.0004554027   60.3200267075   57.8308246855   -1.8487566846 
   0.0000000000    -21.000      140.000000   0.286897       1072.2352    0.0000375980    0.0004562616   60.2745475133   57.7753217476   -1.8477247954 
   0.0000000000    -20.000      140.000000   0.286721       1071.7457    0.0000373272    0.0004570125   60.2307091547   57.7222105729   -1.8466948524 
   0.0000000000    -19.000      140.000000   0.286544       1071.2557    0.0000370662    0.0004576626   60.1884744095   57.6714116804   -1.8456667792 
   0.0000000000    -18.000      140.000000   0.286367       1070.7652    0.0000368147    0.0004582185   60.1478080516   57.6228495291   -1.8446405015 
   0.0000000000    -17.000      140.000000   0.286190       1070.2744    0.0000365722    0.0004586868   60.1086767240   57.5764522948   -1.8436159465 
   0.0000000000    -16.000      140.000000   0.286013       1069.7834    0.0000363383    0.0004590734   60.0710488355   57.5321516742   -1.8425930429 
   0.0000000000    -15.000      140.000000   0.285836       1069.2922    0.0000361127    0.0004593842   60.0348944539   57.4898826899   -1.8415717210 
   0.0000000000    -14.000      140.000000   0.285659       1068.8010    0.0000358950    0.0004596244   60.0001852143   57.4495835160   -1.8405519126 
   0.0000000000    -13.000      140.000000   0.285482       1068.3093    0.0000356849    0.0004597968   59.9669030659   57.4112281416   -1.8395345346 
   0.0000000000    -12.000      140.000000   0.285305       1067.8182    0.0000354820    0.0004599114   59.9350039487   57.3746924557   -1.8385175096 
   0.0000000000    -11.000      140.000000   0.285129       1067.3272    0.0000352859    0.0004599703   59.9044735130   57.3399586060   -1.8375018035 
   0.0000000000    -10.000      140.000000   0.284952       1066.8364    0.0000350965    0.0004599777   59.8752888211   57.3069757747   -1.8364873524 
   0.0000000000     -9.000      140.000000   0.284776       1066.3458    0.0000349134    0.0004599378   59.8474281151   57.2756955561   -1.8354740938 
   0.0000000000     -8.000      140.000000   0.284600       1065.8555    0.0000347365    0.0004598547   59.8208707584   57.2460718393   -1.8344619659 
   0.0000000000     -7.000      140.000000   0.284424       1065.3656    0.0000345654    0.0004597321   59.7955971718   57.2180606848   -1.8334509082 
   0.0000000000     -6.000      140.000000   0.284249       1064.8760    0.0000344000    0.0004595736   59.7715887831   57.1916202228   -1.8324408607 
   0.0000000000     -5.000      140.000000   0.284073       1064.3868    0.0000342399    0.0004593827   59.7488279716   57.1667105431   -1.8314317644 
   0.0000000000     -4.000      140.000000   0.283898       1063.8981    0.0000340851    0.0004591625   59.7272980230   57.1432936066   -1.8304235613 
   0.0000000000     -3.000      140.000000   0.283724       1063.4099    0.0000339353    0.0004589163   59.7069830821   57.1213331458   -1.8294161939 
   0.0000000000     -2.000      140.000000   0.283549       1062.9221    0.0000337903    0.0004586470   59.6878681108   57.1007945838   -1.8284096053 
   0.0000000000     -1.000      140.000000   0.283375       1062.4349    0.0000336500    0.0004583574   59.6699388486   57.0816449505   -1.8274037397 
   0.0000000000      0.000      140.000000   0.283201       1061.9482    0.0000335142    0.0004580502   59.6531817726   57.0638528050   -1.8263985416 
   0.0000000000      1.000      140.000000   0.283027       1061.4620    0.0000333826    0.0004577279   59.6375840652   57.0473881641   -1.8253939561 
   0.0000000000      2.000      140.000000   0.282853       1060.9765    0.0000332553    0.0004573931   59.6231335783   57.0322224325   -1.8243899291 
   0.0000000000      3.000      140.000000   0.282680       1060.4915    0.0000331320    0.0004570482   59.6098188017   57.0183283366   -1.8233864067 
   0.0000000000      4.000      140.000000   0.282507       1060.0071    0.0000330126    0.0004566952   59.5976288357   57.0056798652   -1.8223833358 
   0.0000000000      5.000      140.000000   0.282335       1059.5233    0.0000328970    0.0004563365   59.5865533592   56.9942522071   -1.8213806636 
   0.0000000000      6.000      140.000000   0.282162       1059.0401    0.0000327850    0.0004559740   59.5765826069   56.9840216990   -1.8203783379 
   0.0000000000      7.000      140.000000   0.281990       1058.5575    0.0000326765    0.0004556097   59.5677073417   56.9749657713   -1.8193763066 
   0.0000000000      8.000      140.000000   0.281818       1058.0756    0.0000325715    0.0004552456   59.5599188319   56.9670628975   -1.8183745185 
   0.0000000000      9.000      140.000000   0.281647       1057.5942    0.0000324698    0.0004548833   59.5532088288   56.9602925489   -1.8173729224 
   0.0000000000     10.000      140.000000   0.281476       1057.1134    0.0000323714    0.0004545247   59.5475695451   56.9546351471   -1.8163714674 
   0.0000000000     11.000      140.000000   0.281305       1056.6332    0.0000322761    0.0004541714   59.5429936350   56.9500720236   -1.8153701033 
   0.0000000000     12.000      140.000000   0.281134       1056.1536    0.0000321838    0.0004538249   59.5394741750   56.9465853772   -1.8143687799 
   0.0000000000     13.000      140.000000   0.280964       1055.6746    0.0000320945    0.0004534869   59.5370046460   56.9441582378   -1.8133674473 
   0.0000000000     14.000      140.000000   0.280794       1055.1962    0.0000320081    0.0004531588   59.5355789165   56.9427744283   -1.8123660562 
   0.0000000000     15.000      140.000000   0.280624       1054.7183    0.0000319245    0.0004528420   59.5351912247   56.9424185290   -1.8113645571 
   0.0000000000     16.000      140.000000   0.280455       1054.2409    0.0000318437    0.0004525378   59.5358361661   56.9430758472   -1.8103629010 
   0.0000000000     17.000      140.000000   0.280285       1053.7641    0.0000317655    0.0004522476   59.5375086755   56.9447323835   -1.8093610392 
   0.0000000000     18.000      140.000000   0.280116       1053.2878    0.0000316899    0.0004519725   59.5402040158   56.9473748033   -1.8083589229 
   0.0000000000     19.000      140.000000   0.279948       1052.8120    0.0000316169    0.0004517139   59.5439177633   56.9509904072   -1.8073565039 
   0.0000000000     20.000      140.000000   0.279779       1052.3367    0.0000315464    0.0004514729   59.5486457952   56.9555671048   -1.8063537338 
   0.0000000000     21.000      140.000000   0.279611       1051.8618    0.0000314784    0.0004512505   59.5543842787   56.9610933890   -1.8053505647 
   0.0000000000     22.000      140.000000   0.279443       1051.3874    0.0000314127    0.0004510479   59.5611296590   56.9675583109   -1.8043469484 
   0.0000000000     23.000      140.000000   0.279275       1050.9133    0.0000313494    0.0004508662   59.5688786481   56.9749514567   -1.8033428375 
   0.0000000000     24.000      140.000000   0.279108       1050.4397    0.0000312884    0.0004507062   59.5776282153   56.9832629262   -1.8023381840 
   0.0000000000     25.000      140.000000   0.278940       1049.9665    0.0000312296    0.0004505690   59.5873755774   56.9924833102   -1.8013329406 
   0.0000000000     26.000      140.000000   0.278773       1049.4936    0.0000311731    0.0004504555   59.5981181886   57.0026036715   -1.8003270598 
   0.0000000000     27.000      140.000000   0.278606       1049.0210    0.0000311188    0.0004503666   59.6098537331   57.0136155259   -1.7993204942 
   0.0000000000     28.000      140.000000   0.278439       1048.5487    0.0000310666    0.0004503032   59.6225801147   57.0255108220   -1.7983131967 
   0.0000000000     29.000      140.000000   0.278273       1048.0766    0.0000310165    0.0004502662   59.6362954512   57.0382819265   -1.7973051201 
   0.0000000000     30.000      140.000000   0.278106       1047.6048    0.0000309685    0.0004502563   59.6509980645   57.0519216049   -1.7962962171 
   0.0000000000     31.000      140.000000   0.277940       1047.1332    0.0000309226    0.0004502744   59.6666864747   57.0664230075   -1.7952864409 
   0.0000000000     32.000      140.000000   0.277774       1046.6618    0.0000308787    0.0004503212   59.6833593928   57.0817796533   -1.7942757443 
   0.0000000000     33.000      140.000000   0.277608       1046.1906    0.0000308368    0.0004503974   59.7010157135   57.0979854157   -1.7932640805 
   0.0000000000     34.000      140.000000   0.277442       1045.7194    0.0000307969    0.0004505039   59.7196545099   57.1150345090   -1.7922514024 
   0.0000000000     35.000      140.000000   0.277276       1045.2484    0.0000307590    0.0004506412   59.7392750268   57.1329214748   -1.7912376631 
   0.0000000000     36.000      140.000000   0.277110       1044.7773    0.0000307230    0.0004508101   59.7598766748   57.1516411697   -1.7902228157 
   0.0000000000     37.000      140.000000   0.276945       1044.3064    0.0000306889    0.0004510113   59.7814590253   57.1711887533   -1.7892068134 
   0.0000000000     38.000      140.000000   0.276779       1043.8354    0.0000306568    0.0004512454   59.8040218047   57.1915596764   -1.7881896090 
   0.0000000000     39.000      140.000000   0.276614       1043.3643    0.0000306265    0.0004515129   59.8275648897   57.2127496705   -1.7871711559 
   0.0000000000     40.000      140.000000   0.276448       1042.8932    0.0000305981    0.0004518146   59.8520883022   57.2347547368   -1.7861514069 
   0.0000000000     41.000      140.000000   0.276283       1042.4219    0.0000305716    0.0004521511   59.8775922050   57.2575711365   -1.7851303151 
   0.0000000000     42.000      140.000000   0.276117       1041.9505    0.0000305470    0.0004525229   59.9040768970   57.2811953813   -1.7841078335 
   0.0000000000     43.000      140.000000   0.275952       1041.4789    0.0000305242    0.0004529305   59.9315428090   57.3056242236   -1.7830839149 
   0.0000000000     44.000      140.000000   0.275786       1041.0070    0.0000305032    0.0004533747   59.9599904997   57.3308546488   -1.7820585125 
   0.0000000000     45.000      140.000000   0.275621       1040.5349    0.0000304840    0.0004538558   59.9894206518   57.3568838655   -1.7810315788 
   0.0000000000     46.000      140.000000   0.275455       1040.0625    0.0000304667    0.0004543744   60.0198340679   57.3837092986   -1.7800030668 
   0.0000000000     47.000      140.000000   0.275290       1039.5898    0.0000304512    0.0004549312   60.0512316671   57.4113285810   -1.7789729291 
   0.0000000000     48.000      140.000000   0.275124       1039.1166    0.0000304375    0.0004555265   60.0836144816   57.4397395463   -1.7779411183 
   0.0000000000     49.000      140.000000   0.274959       1038.6431    0.0000304256    0.0004561608   60.1169836529   57.4689402217   -1.7769075871 
   0.0000000000     50.000      140.000000   0.274793       1038.1690    0.0000304156    0.0004568348   60.1513404288   57.4989288211   -1.7758722878 
   0.0000000000     51.000      140.000000   0.274627       1037.6945    0.0000304073    0.0004575488   60.1866861599   57.5297037385   -1.7748351728 
   0.0000000000     52.000      140.000000   0.274461       1037.2194    0.0000304008    0.0004583033   60.2230222968   57.5612635419   -1.7737961945 
   0.0000000000     53.000      140.000000   0.274295       1036.7438    0.0000303962    0.0004590989   60.2603503869   57.5936069669   -1.7727553049 
   0.0000000000     54.000      140.000000   0.274129       1036.2675    0.0000303933    0.0004599359   60.2986720715   57.6267329113   -1.7717124561 
   0.0000000000     55.000      140.000000   0.273962       1035.7905    0.0000303923    0.0004608149   60.3379890831   57.6606404289   -1.7706676001 
   0.0000000000     56.000      140.000000   0.273796       1035.3129    0.0000303930    0.0004617363   60.3783032422   57.6953287245   -1.7696206887 
   0.0000000000     57.000      140.000000   0.273629       1034.8344    0.0000303956    0.0004627005   60.4196164551   57.7307971485   -1.7685716735 
   0.0000000000     58.000      140.000000   0.273462       1034.3552    0.0000304000    0.0004637079   60.4619307105   57.7670451918   -1.7675205062 
   0.0000000000     59.000      140.000000   0.273295       1033.8752    0.0000304062    0.0004647591   60.5052480776   57.8040724810   -1.7664671381 
   0.0000000000     60.000      140.000000   0.273127       1033.3942    0.0000304142    0.0004658544   60.5495707032   57.8418787736   -1.7654115205 
   0.0000000000     61.000      140.000000   0.272960       1032.9123    0.0000304241    0.0004669943   60.5949008086   57.8804639530   -1.7643536046 
   0.0000000000     62.000      140.000000   0.272792       1032.4295    0.0000304358    0.0004681791   60.6412406881   57.9198280250   -1.7632933413 
   0.0000000000     63.000      140.000000   0.272624       1031.9456    0.0000304493    0.0004694094   60.6885927056   57.9599711124   -1.7622306814 
   0.0000000000     64.000      140.000000   0.272455       1031.4606    0.0000304648    0.0004706855   60.7369592924   58.0008934514   -1.7611655757 
   0.0000000000     65.000      140.000000   0.272286       1030.9746    0.0000304820    0.0004720078   60.7863429448   58.0425953872   -1.7600979744 
   0.0000000000     66.000      140.000000   0.272117       1030.4874    0.0000305012    0.0004733767   60.8367462214   58.0850773704   -1.7590278281 
   0.0000000000     67.000      140.000000   0.271948       1029.9989    0.0000305222    0.0004747927   60.8881717409   58.1283399523   -1.7579550868 
   0.0000000000     68.000      140.000000   0.271778       1029.5093    0.0000305451    0.0004762562   60.9406221790   58.1723837817   -1.7568797005 
   0.0000000000     69.000      140.000000   0.271608       1029.0183    0.0000305699    0.0004777675   60.9941002669   58.2172096012   -1.7558016189 
   0.0000000000     70.000      140.000000   0.271437       1028.5260    0.0000305967    0.0004793270   61.0486087875   58.2628182428   -1.7547207916 
   0.0000000000     71.000      140.000000   0.271266       1028.0323    0.0000306253    0.0004809352   61.1041505741   58.3092106249   -1.7536371680 
   0.0000000000     72.000      140.000000   0.271095       1027.5372    0.0000306559    0.0004825925   61.1607285069   58.3563877486   -1.7525506973 
   0.0000000000     73.000      140.000000   0.270923       1027.0405    0.0000306885    0.0004842991   61.2183455108   58.4043506939   -1.7514613284 
   0.0000000000     74.000      140.000000   0.270751       1026.5423    0.0000307230    0.0004860557   61.2770045528   58.4531006163   -1.7503690100 
   0.0000000000     75.000      140.000000   0.270578       1026.0426    0.0000307595    0.0004878624   61.3367086392   58.5026387437   -1.7492736909 
   0.0000000000     76.000      140.000000   0.270405       1025.5412    0.0000307980    0.0004897198   61.3974608128   58.5529663723   -1.7481753191 
   0.0000000000     77.000      140.000000   0.270231       1025.0381    0.0000308385    0.0004916282   61.4592641505   58.6040848637   -1.7470738430 
   0.0000000000     78.000      140.000000   0.270057       1024.5333    0.0000308811    0.0004935879   61.5221217598   58.6559956413   -1.7459692103 
   0.0000000000     79.000      140.000000   0.269882       1024.0267    0.0000309256    0.0004955995   61.5860367769   58.7087001870   -1.7448613687 
   0.0000000000     80.000      140.000000   0.269707       1023.5183    0.0000309723    0.0004976632   61.6510123626   58.7622000377   -1.7437502657 
   0.0000000000     81.000      140.000000   0.269531       1023.0080    0.0000310210    0.0004997795   61.7170517004   58.8164967821   -1.7426358484 
   0.0000000000     82.000      140.000000   0.269355       1022.4957    0.0000310718    0.0005019488   61.7841579927   58.8715920569   -1.7415180637 
   0.0000000000     83.000      140.000000   0.269178       1021.9815    0.0000311247    0.0005041714   61.8523344579   58.9274875439   -1.7403968584 
   0.0000000000     84.000      140.000000   0.269000       1021.4652    0.0000311797    0.0005064477   61.9215843272   58.9841849664   -1.7392721789 
   0.0000000000     85.000      140.000000   0.268822       1020.9468    0.0000312369    0.0005087781   61.9919108412   59.0416860856   -1.7381439714 
   0.0000000000     86.000      140.000000   0.268643       1020.4263    0.0000312963    0.0005111631   62.0633172467   59.0999926973   -1.7370121818 
   0.0000000000     87.000      140.000000   0.268464       1019.9036    0.0000313578    0.0005136029   62.1358067930   59.1591066284   -1.7358767559 
   0.0000000000     88.000      140.000000   0.268283       1019.3786    0.0000314215    0.0005160980   62.2093827284   59.2190297333   -1.7347376391 
   0.0000000000     89.000      140.000000   0.268102       1018.8514    0.0000314875    0.0005186488   62.2840482967   59.2797638903   -1.7335947765 
   0.0000000000     90.000      140.000000   0.267921       1018.3217    0.0000315557    0.0005212557   62.3598067333   59.3413109983   -1.7324481130 
   0.0000000000     91.000      140.000000   0.267738       1017.7897    0.0000316262    0.0005239189   62.4366612611   59.4036729726   -1.7312975933 
   0.0000000000     92.000      140.000000   0.267555       1017.2553    0.0000316989    0.0005266390   62.5146150870   59.4668517417   -1.7301431618 
   0.0000000000     93.000      140.000000   0.267371       1016.7183    0.0000317740    0.0005294163   62.5936713976   59.5308492433   -1.7289847625 
   0.0000000000     94.000      140.000000   0.267187       1016.1787    0.0000318514    0.0005322513   62.6738333550   59.5956674205   -1.7278223392 
   0.0000000000     95.000      140.000000   0.267001       1015.6365    0.0000319311    0.0005351442   62.7551040922   59.6613082180   -1.7266558355 
   0.0000000000     96.000      140.000000   0.266815       1015.0917    0.0000320132    0.0005380954   62.8374867094   59.7277735779   -1.7254851947 
   0.0000000000     97.000      140.000000   0.266628       1014.5441    0.0000320978    0.0005411055   62.9209842687   59.7950654359   -1.7243103597 
   0.0000000000     98.000      140.000000   0.266440       1013.9937    0.0000321847    0.0005441746   63.0055997897   59.8631857172   -1.7231312733 
   0.0000000000     99.000      140.000000   0.266251       1013.4405    0.0000322741    0.0005473034   63.0913362450   59.9321363324   -1.7219478778 
   0.0000000000    100.000      140.000000   0.266061       1012.8843    0.0000323660    0.0005504920   63.1781965547   60.0019191729   -1.7207601153 
   0.0000000000    101.000      140.000000   0.265871       1012.3253    0.0000324603    0.0005537409   63.2661835818   60.0725361069   -1.7195679279 
   0.0000000000    102.000      140.000000   0.265679       1011.7632    0.0000325572    0.0005570505   63.3553001267   60.1439889748   -1.7183712569 
   0.0000000000    103.000      140.000000   0.265486       1011.1981    0.0000326566    0.0005604211   63.4455489219   60.2162795847   -1.7171700438 
   0.0000000000    104.000      140.000000   0.265293       1010.6298    0.0000327586    0.0005638532   63.5369326269   60.2894097080   -1.7159642294 
   0.0000000000    105.000      140.000000   0.265099       1010.0583    0.0000328631    0.0005673471   63.6294538217   60.3633810744   -1.7147537546 
   0.0000000000    106.000      140.000000   0.264903       1009.4837    0.0000329703    0.0005709031   63.7231150020   60.4381953671   -1.7135385596 
   0.0000000000    107.000      140.000000   0.264707       1008.9057    0.0000330802    0.0005745218   63.8179185726   60.5138542182   -1.7123185848 
   0.0000000000    108.000      140.000000   0.264509       1008.3244    0.0000331927    0.0005782034   63.9138668416   60.5903592035   -1.7110937700 
   0.0000000000    109.000      140.000000   0.264311       1007.7396    0.0000333079    0.0005819482   64.0109620140   60.6677118373   -1.7098640547 
   0.0000000000    110.000      140.000000   0.264111       1007.1514    0.0000334258    0.0005857568   64.1092061856   60.7459135671   -1.7086293782 
   0.0000000000    111.000      140.000000   0.263911       1006.5597    0.0000335465    0.0005896294   64.2086013362   60.8249657688   -1.7073896796 
   0.0000000000    112.000      140.000000   0.263709       1005.9644    0.0000336700    0.0005935664   64.3091493228   60.9048697405   -1.7061448977 
   0.0000000000    113.000      140.000000   0.263506       1005.3655    0.0000337963    0.0005975682   64.4108518731   60.9856266976   -1.7048949708 
   0.0000000000    114.000      140.000000   0.263302       1004.7628    0.0000339254    0.0006016350   64.5137105782   61.0672377665   -1.7036398373 
   0.0000000000    115.000      140.000000   0.263097       1004.1565    0.0000340573    0.0006057674   64.6177268855   61.1497039795   -1.7023794351 
   0.0000000000    116.000      140.000000   0.262891       1003.5463    0.0000341922    0.0006099655   64.7229020913   61.2330262682   -1.7011137019 
   0.0000000000    117.000      140.000000   0.262683       1002.9322    0.0000343300    0.0006142299   64.8292373335   61.3172054580   -1.6998425751 
   0.0000000000    118.000      140.000000   0.262475       1002.3142    0.0000344707    0.0006185607   64.9367335835   61.4022422614   -1.6985659918 
   0.0000000000    119.000      140.000000   0.262265       1001.6922    0.0000346144    0.0006229583   65.0453916389   61.4881372723   -1.6972838890 
   0.0000000000    120.000      140.000000   0.262054       1001.0661    0.0000347611    0.0006274231   65.1552121149   61.5748909592   -1.6959962034 
   0.0000000000    121.000      140.000000   0.261841       1000.4360    0.0000349109    0.0006319553   65.2661954368   61.6625036588   -1.6947028715 
   0.0000000000    122.000      140.000000   0.261628        999.8016    0.0000350637    0.0006365553   65.3783418309   61.7509755692   -1.6934038294 
   0.0000000000    123.000      140.000000   0.261413        999.1631    0.0000352196    0.0006412235   65.4916513170   61.8403067433   -1.6920990131 
   0.0000000000    124.000      140.000000   0.261197        998.5202    0.0000353786    0.0006459600   65.6061236987   61.9304970818   -1.6907883585 
   0.0000000000    125.000      140.000000   0.260979        997.8730    0.0000355408    0.0006507652   65.7217585552   62.0215463262   -1.6894718011 
   0.0000000000    126.000      140.000000   0.260760        997.2214    0.0000357061    0.0006556393   65.8385552324   62.1134540515   -1.6881492762 
