  #sigma_s    Temp(C) Press(Mpa) p_meanfield density (kg/m^3)      kappa      alpha Cp(J/molK) Cv(J/molK)  mu(J/mol)
   0.0000000000   -173.000        5.000000   0.147533        925.4501    0.0000259834    0.0005741877   57.2513775865   55.2679896823   -2.2094308195 
   0.0000000000   -172.000        5.000000   0.147369        924.9238    0.0000257864    0.0005635725   57.1792737061   55.2298440136   -2.2085842633 
   0.0000000000   -171.000        5.000000   0.147208        924.4075    0.0000255909    0.0005532213   57.1096185571   55.1933556456   -2.2077401830 
   0.0000000000   -170.000        5.000000   0.147051        923.9009    0.0000253972    0.0005431266   57.0423006155   55.1584347306   -2.2068985137 
   0.0000000000   -169.000        5.000000   0.146896        923.4038    0.0000252051    0.0005332811   56.9772149152   55.1249974140   -2.2060591928 
   0.0000000000   -168.000        5.000000   0.146744        922.9160    0.0000250148    0.0005236777   56.9142626097   55.0929654099   -2.2052221592 
   0.0000000000   -167.000        5.000000   0.146596        922.4371    0.0000248262    0.0005143095   56.8533505721   55.0622656152   -2.2043873540 
   0.0000000000   -166.000        5.000000   0.146450        921.9671    0.0000246393    0.0005051697   56.7943910327   55.0328297636   -2.2035547197 
   0.0000000000   -165.000        5.000000   0.146306        921.5056    0.0000244543    0.0004962517   56.7373012507   55.0045941132   -2.2027242009 
   0.0000000000   -164.000        5.000000   0.146166        921.0524    0.0000242711    0.0004875491   56.6820032164   54.9774991680   -2.2018957433 
   0.0000000000   -163.000        5.000000   0.146028        920.6074    0.0000240898    0.0004790557   56.6284233832   54.9514894287   -2.2010692947 
   0.0000000000   -162.000        5.000000   0.145892        920.1703    0.0000239103    0.0004707653   56.5764924283   54.9265131738   -2.2002448042 
   0.0000000000   -161.000        5.000000   0.145759        919.7410    0.0000237326    0.0004626722   56.5261450374   54.9025222662   -2.1994222221 
   0.0000000000   -160.000        5.000000   0.145629        919.3192    0.0000235568    0.0004547703   56.4773197154   54.8794719872   -2.1986015005 
   0.0000000000   -159.000        5.000000   0.145501        918.9047    0.0000233829    0.0004470542   56.4299586212   54.8573208952   -2.1977825925 
   0.0000000000   -158.000        5.000000   0.145375        918.4975    0.0000232108    0.0004395184   56.3840074237   54.8360307076   -2.1969654524 
   0.0000000000   -157.000        5.000000   0.145251        918.0973    0.0000230406    0.0004321573   56.3394151814   54.8155662080   -2.1961500360 
   0.0000000000   -156.000        5.000000   0.145129        917.7039    0.0000228723    0.0004249659   56.2961342427   54.7958951751   -2.1953362999 
   0.0000000000   -155.000        5.000000   0.145010        917.3173    0.0000227059    0.0004179389   56.2541201676   54.7769883350   -2.1945242018 
   0.0000000000   -154.000        5.000000   0.144892        916.9371    0.0000225413    0.0004110712   56.2133316707   54.7588193369   -2.1937137003 
   0.0000000000   -153.000        5.000000   0.144777        916.5634    0.0000223786    0.0004043579   56.1737305844   54.7413647503   -2.1929047549 
   0.0000000000   -152.000        5.000000   0.144664        916.1958    0.0000222178    0.0003977942   56.1352818438   54.7246040869   -2.1920973259 
   0.0000000000   -151.000        5.000000   0.144552        915.8344    0.0000220589    0.0003913752   56.0979534921   54.7085198446   -2.1912913741 
   0.0000000000   -150.000        5.000000   0.144442        915.4789    0.0000219019    0.0003850961   56.0617167082   54.6930975760   -2.1904868610 
   0.0000000000   -149.000        5.000000   0.144335        915.1293    0.0000217467    0.0003789523   56.0265458546   54.6783259806   -2.1896837487 
   0.0000000000   -148.000        5.000000   0.144229        914.7853    0.0000215935    0.0003729391   55.9924185493   54.6641970231   -2.1888819995 
   0.0000000000   -147.000        5.000000   0.144125        914.4469    0.0000214421    0.0003670517   55.9593157593   54.6507060762   -2.1880815758 
   0.0000000000   -146.000        5.000000   0.144022        914.1140    0.0000212926    0.0003612856   55.9272219178   54.6378520905   -2.1872824404 
   0.0000000000   -145.000        5.000000   0.143921        913.7864    0.0000211451    0.0003556361   55.8961250660   54.6256377922   -2.1864845558 
   0.0000000000   -144.000        5.000000   0.143822        913.4640    0.0000209994    0.0003500984   55.8660170193   54.6140699088   -2.1856878844 
   0.0000000000   -143.000        5.000000   0.143724        913.1467    0.0000208558    0.0003446678   55.8368935595   54.6031594238   -2.1848923884 
   0.0000000000   -142.000        5.000000   0.143628        912.8345    0.0000207140    0.0003393395   55.8087546541   54.5929218639   -2.1840980293 
   0.0000000000   -141.000        5.000000   0.143534        912.5272    0.0000205743    0.0003341086   55.7816047028   54.5833776155   -2.1833047678 
   0.0000000000   -140.000        5.000000   0.143441        912.2247    0.0000204366    0.0003289702   55.7554528136   54.5745522761   -2.1825125639 
   0.0000000000   -139.000        5.000000   0.143350        911.9270    0.0000203009    0.0003239189   55.7303131066   54.5664770383   -2.1817213762 
   0.0000000000   -138.000        5.000000   0.143260        911.6339    0.0000201674    0.0003189497   55.7062050524   54.5591891121   -2.1809311620 
   0.0000000000   -137.000        5.000000   0.143171        911.3454    0.0000200359    0.0003140569   55.6831538384   54.5527321795   -2.1801418769 
   0.0000000000   -136.000        5.000000   0.143084        911.0614    0.0000199067    0.0003092350   55.6611907710   54.5471568921   -2.1793534745 
   0.0000000000   -135.000        5.000000   0.142998        910.7819    0.0000197797    0.0003044781   55.6403537117   54.5425214045   -2.1785659061 
   0.0000000000   -134.000        5.000000   0.142914        910.5068    0.0000196551    0.0002997800   55.6206875474   54.5388919501   -2.1777791205 
   0.0000000000   -133.000        5.000000   0.142831        910.2360    0.0000195328    0.0002951343   55.6022446989   54.5363434585   -2.1769930632 
   0.0000000000   -132.000        5.000000   0.142749        909.9695    0.0000194131    0.0002905343   55.5850856668   54.5349602170   -2.1762076767 
   0.0000000000   -131.000        5.000000   0.142669        909.7072    0.0000192959    0.0002859729   55.5692796153   54.5348365741   -2.1754228993 
   0.0000000000   -130.000        5.000000   0.142590        909.4492    0.0000191815    0.0002814426   55.5549049971   54.5360776918   -2.1746386651 
   0.0000000000   -129.000        5.000000   0.142512        909.1953    0.0000190699    0.0002769355   55.5420502195   54.5388003430   -2.1738549035 
   0.0000000000   -128.000        5.000000   0.142436        908.9456    0.0000189612    0.0002724433   55.5308143516   54.5431337555   -2.1730715385 
   0.0000000000   -127.000        5.000000   0.142360        908.7000    0.0000188557    0.0002679572   55.5213078748   54.5492205076   -2.1722884880 
   0.0000000000   -126.000        5.000000   0.142287        908.4586    0.0000187535    0.0002634676   55.5136534774   54.5572174692   -2.1715056635 
   0.0000000000   -125.000        5.000000   0.142214        908.2213    0.0000186547    0.0002589648   55.5079868926   54.5672967954   -2.1707229692 
   0.0000000000   -124.000        5.000000   0.142143        907.9882    0.0000185596    0.0002544380   55.5044577829   54.5796469697   -2.1699403014 
   0.0000000000   -123.000        5.000000   0.142073        907.7593    0.0000184685    0.0002498760   55.5032306693   54.5944738977   -2.1691575475 
   0.0000000000   -122.000        5.000000   0.142004        907.5346    0.0000183815    0.0002452669   55.5044859038   54.6120020484   -2.1683745855 
   0.0000000000   -121.000        5.000000   0.141937        907.3141    0.0000182989    0.0002405979   55.5084206913   54.6324756495   -2.1675912827 
   0.0000000000   -120.000        5.000000   0.141871        907.0980    0.0000182210    0.0002358554   55.5152501532   54.6561599277   -2.1668074953 
   0.0000000000   -119.000        5.000000   0.141806        906.8863    0.0000181482    0.0002310248   55.5252084364   54.6833423981   -2.1660230668 
   0.0000000000   -118.000        5.000000   0.141743        906.6790    0.0000180808    0.0002260909   55.5385498674   54.7143342007   -2.1652378274 
   0.0000000000   -117.000        5.000000   0.141681        906.4763    0.0000180191    0.0002210373   55.5555501455   54.7494714769   -2.1644515924 
   0.0000000000   -116.000        5.000000   0.141620        906.2783    0.0000179636    0.0002158463   55.5765075770   54.7891167893   -2.1636641614 
   0.0000000000   -115.000        5.000000   0.141562        906.0851    0.0000179147    0.0002104995   55.6017443490   54.8336605779   -2.1628753169 
   0.0000000000   -114.000        5.000000   0.141504        905.8969    0.0000178728    0.0002049770   55.6316029459   54.8835191681   -2.1620850965 
   0.0000000000   -113.000        5.000000   0.141448        905.7138    0.0000178386    0.0001992579   55.6664668620   54.9391498948   -2.1612926927 
   0.0000000000   -112.000        5.000000   0.141394        905.5360    0.0000178125    0.0001933198   55.7067331373   55.0010326509   -2.1604981059 
   0.0000000000   -111.000        5.000000   0.141341        905.3637    0.0000177951    0.0001871389   55.7528328149   55.0696844861   -2.1597010354 
   0.0000000000   -110.000        5.000000   0.141291        905.1972    0.0000177871    0.0001806900   55.8052275985   55.1456579566   -2.1589011555 
   0.0000000000   -109.000        5.000000   0.141242        905.0367    0.0000177892    0.0001739463   55.8644112524   55.2295426646   -2.1580981139 
   0.0000000000   -108.000        5.000000   0.141195        904.8824    0.0000178020    0.0001668794   55.9309109959   55.3219667763   -2.1572915296 
   0.0000000000   -107.000        5.000000   0.141150        904.7348    0.0000178265    0.0001594592   56.0052888816   55.4235985031   -2.1564809913 
   0.0000000000   -106.000        5.000000   0.141107        904.5940    0.0000178633    0.0001516538   56.0881431444   55.5351475303   -2.1556660549 
   0.0000000000   -105.000        5.000000   0.141066        904.4605    0.0000179135    0.0001434293   56.1801095074   55.6573663720   -2.1548462413 
   0.0000000000   -104.000        5.000000   0.141028        904.3347    0.0000179779    0.0001347502   56.2818624244   55.7910516281   -2.1540210345 
   0.0000000000   -103.000        5.000000   0.140992        904.2169    0.0000180577    0.0001255787   56.3941162398   55.9370451197   -2.1531898790 
   0.0000000000   -102.000        5.000000   0.140959        904.1077    0.0000181538    0.0001158749   56.5176262462   56.0962348729   -2.1523521772 
   0.0000000000   -101.000        5.000000   0.140928        904.0076    0.0000182675    0.0001055968   56.6531896075   56.2695559152   -2.1515072869 
   0.0000000000   -100.000        5.000000   0.140901        903.9170    0.0000184000    0.0000946999   56.8016461232   56.4579908489   -2.1506545186 
   0.0000000000    -99.000        5.000000   0.140876        903.8366    0.0000185525    0.0000831378   56.9638787945   56.6625701542   -2.1497931330 
   0.0000000000    -98.000        5.000000   0.140855        903.7670    0.0000187266    0.0000708605   57.1408280691   56.8843876731   -2.1489220390 
   0.0000000000    -97.000        5.000000   0.140837        903.7088    0.0000189236    0.0000578176   57.3334377336   57.1245401012   -2.1480409750 
   0.0000000000    -96.000        5.000000   0.140823        903.6627    0.0000191452    0.0000439543   57.5427339093   57.3842138746   -2.1471487442 
   0.0000000000    -95.000        5.000000   0.140813        903.6296    0.0000193930    0.0000292138   57.7697727656   57.6646269080   -2.1462443777 
   0.0000000000    -94.000        5.000000   0.140807        903.6102    0.0000196687    0.0000135365   58.0156520650   57.9670405983   -2.1453268412 
   0.0000000000    -93.000        5.000000   0.140806        903.6054    0.0000199742   -0.0000031398   58.2815095589   58.2927572721   -2.1443950326 
   0.0000000000    -92.000        5.000000   0.140809        903.6162    0.0000203115   -0.0000208803   58.5685208111   58.6431168970   -2.1434477783 
   0.0000000000    -91.000        5.000000   0.140818        903.6435    0.0000206826   -0.0000397528   58.8778963429   59.0194929283   -2.1424838301 
   0.0000000000    -90.000        5.000000   0.140831        903.6884    0.0000210897   -0.0000598279   59.2108780286   59.4232872045   -2.1415018626 
   0.0000000000    -89.000        5.000000   0.140851        903.7520    0.0000215352   -0.0000811790   59.5687346270   59.8559237542   -2.1405004696 
   0.0000000000    -88.000        5.000000   0.140876        903.8355    0.0000220213   -0.0001038821   59.9527563508   60.3188413986   -2.1394781614 
   0.0000000000    -87.000        5.000000   0.140908        903.9402    0.0000225506   -0.0001280159   60.3642483475   60.8134850006   -2.1384333622 
   0.0000000000    -86.000        5.000000   0.140947        904.0674    0.0000231258   -0.0001536617   60.8045229707   61.3412952196   -2.1373644074 
   0.0000000000    -85.000        5.000000   0.140993        904.2185    0.0000237497   -0.0001809029   61.2748907019   61.9036966120   -2.1362695413 
   0.0000000000    -84.000        5.000000   0.141046        904.3950    0.0000244250   -0.0002098251   61.7766495835   62.5020839194   -2.1351469155 
   0.0000000000    -83.000        5.000000   0.141108        904.5985    0.0000251549   -0.0002405156   62.3110730026   63.1378063675   -2.1339945870 
   0.0000000000    -82.000        5.000000   0.141179        904.8307    0.0000259424   -0.0002730633   62.8793956803   63.8121498204   -2.1328105177 
   0.0000000000    -81.000        5.000000   0.141259        905.0932    0.0000267908   -0.0003075579   63.4827976899   64.5263165997   -2.1315925736 
   0.0000000000    -80.000        5.000000   0.141349        905.3880    0.0000277034   -0.0003440896   64.1223863564   65.2814028289   -2.1303385260 
   0.0000000000    -79.000        5.000000   0.141449        905.7169    0.0000286836   -0.0003827483   64.7991758627   66.0783731287   -2.1290460522 
   0.0000000000    -78.000        5.000000   0.141560        906.0820    0.0000297350   -0.0004236228   65.5140644196   66.9180325432   -2.1277127383 
   0.0000000000    -77.000        5.000000   0.141683        906.4853    0.0000308611   -0.0004667998   66.2678088443   67.8009955799   -2.1263360829 
   0.0000000000    -76.000        5.000000   0.141819        906.9290    0.0000320656   -0.0005123629   67.0609964472   68.7276523082   -2.1249135024 
   0.0000000000    -75.000        5.000000   0.141967        907.4154    0.0000333522   -0.0005603909   67.8940141170   69.6981314912   -2.1234423380 
   0.0000000000    -74.000        5.000000   0.142130        907.9467    0.0000347244   -0.0006109564   68.7670145630   70.7122608073   -2.1219198644 
   0.0000000000    -73.000        5.000000   0.142307        908.5255    0.0000361859   -0.0006641239   69.6798797235   71.7695243110   -2.1203433013 
   0.0000000000    -72.000        5.000000   0.142499        909.1543    0.0000377401   -0.0007199473   70.6321814197   72.8690173849   -2.1187098268 
   0.0000000000    -71.000        5.000000   0.142708        909.8356    0.0000393908   -0.0007784779   71.6232787155   74.0095705736   -2.1170158649 
   0.0000000000    -70.000        5.000000   0.142934        910.5718    0.0000411404   -0.0008397237   72.6517534516   75.1890618530   -2.1152598543 
   0.0000000000    -69.000        5.000000   0.143177        911.3657    0.0000429920   -0.0009036984   73.7160987820   76.4052697322   -2.1134383609 
   0.0000000000    -68.000        5.000000   0.143440        912.2199    0.0000449480   -0.0009703852   74.8142084502   77.6552544226   -2.1115485893 
   0.0000000000    -67.000        5.000000   0.143721        913.1369    0.0000470101   -0.0010397396   75.9434391985   78.9354453946   -2.1095878211 
   0.0000000000    -66.000        5.000000   0.144024        914.1195    0.0000491797   -0.0011116850   77.1005637123   80.2415966315   -2.1075534513 
   0.0000000000    -65.000        5.000000   0.144347        915.1701    0.0000514569   -0.0011861072   78.2817255770   81.5687468351   -2.1054430301 
   0.0000000000    -64.000        5.000000   0.144693        916.2912    0.0000538413   -0.0012628491   79.4823979649   82.9111868835   -2.1032543103 
   0.0000000000    -63.000        5.000000   0.145061        917.4850    0.0000563310   -0.0013417040   80.6973480945   84.2624371699   -2.1009852999 
   0.0000000000    -62.000        5.000000   0.145454        918.7540    0.0000589234   -0.0014224283   81.9208225299   85.6154923481   -2.0986333155 
   0.0000000000    -61.000        5.000000   0.145870        920.0995    0.0000616124   -0.0015046657   83.1457378121   86.9618767111   -2.0961987811 
   0.0000000000    -60.000        5.000000   0.146312        921.5233    0.0000643919   -0.0015880377   84.3647953252   88.2930106460   -2.0936800445 
   0.0000000000    -59.000        5.000000   0.146779        923.0266    0.0000672529   -0.0016720774   85.5697955307   89.5994168451   -2.0910767497 
   0.0000000000    -58.000        5.000000   0.147271        924.6101    0.0000701840   -0.0017562391   86.7518426380   90.8709969059   -2.0883891293 
   0.0000000000    -57.000        5.000000   0.147790        926.2741    0.0000731714   -0.0018398947   87.9014092172   92.0971383737   -2.0856180801 
   0.0000000000    -56.000        5.000000   0.148334        928.0182    0.0000761982   -0.0019223332   89.0084308930   93.2668545703   -2.0827652354 
   0.0000000000    -55.000        5.000000   0.148905        929.8419    0.0000792458   -0.0020027888   90.0626564755   94.3692140963   -2.0798316993 
   0.0000000000    -54.000        5.000000   0.149500        931.7424    0.0000822896   -0.0020803486   91.0529642322   95.3925695215   -2.0768230816 
   0.0000000000    -53.000        5.000000   0.150121        933.7175    0.0000853047   -0.0021541013   91.9687755791   96.3261984032   -2.0737425445 
   0.0000000000    -52.000        5.000000   0.150765        935.7636    0.0000882627   -0.0022230663   92.7995212693   97.1596755004   -2.0705952291 
   0.0000000000    -51.000        5.000000   0.151431        937.8762    0.0000911330   -0.0022862353   93.5350949411   97.8833699700   -2.0673872208 
   0.0000000000    -50.000        5.000000   0.152118        940.0498    0.0000938832   -0.0023425995   94.1661469809   98.4887362429   -2.0641255278 
   0.0000000000    -49.000        5.000000   0.152824        942.2779    0.0000964799   -0.0023911820   94.6843917703   98.9685982866   -2.0608180282 
   0.0000000000    -48.000        5.000000   0.153548        944.5541    0.0000988911   -0.0024310975   95.0830032020   99.3175092937   -2.0574716636 
   0.0000000000    -47.000        5.000000   0.154285        946.8683    0.0001010823   -0.0024614973   95.3565148207   99.5315525899   -2.0540988791 
   0.0000000000    -46.000        5.000000   0.155033        949.2122    0.0001030248   -0.0024817439   95.5016667829   99.6091657690   -2.0507080891 
   0.0000000000    -45.000        5.000000   0.155789        951.5762    0.0001046924   -0.0024913563   95.5171819882   99.5507868978   -2.0473094667 
   0.0000000000    -44.000        5.000000   0.156551        953.9501    0.0001060638   -0.0024900598   95.4039752141   99.3589816897   -2.0439133138 
   0.0000000000    -43.000        5.000000   0.157314        956.3234    0.0001071234   -0.0024778042   95.1651669511   99.0383717774   -2.0405298474 
   0.0000000000    -42.000        5.000000   0.158076        958.6856    0.0001078620   -0.0024547705   94.8059987327   98.5954795021   -2.0371689845 
   0.0000000000    -41.000        5.000000   0.158832        961.0266    0.0001082773   -0.0024213660   94.3336521823   98.0384981435   -2.0338401389 
   0.0000000000    -40.000        5.000000   0.159581        963.3363    0.0001083738   -0.0023782055   93.7569827780   97.3770025567   -2.0305520382 
   0.0000000000    -39.000        5.000000   0.160317        965.6055    0.0001081624   -0.0023260837   93.0861872784   96.6216195572   -2.0273125725 
   0.0000000000    -38.000        5.000000   0.161040        967.8257    0.0001076598   -0.0022659377   92.3324290181   95.7836795982   -2.0241286801 
   0.0000000000    -37.000        5.000000   0.161746        969.9892    0.0001068875   -0.0021988058   91.5074478779   94.8748710787   -2.0210062733 
   0.0000000000    -36.000        5.000000   0.162433        972.0893    0.0001058706   -0.0021257844   90.6231807441   93.9069162878   -2.0179502056 
   0.0000000000    -35.000        5.000000   0.163098        974.1204    0.0001046369   -0.0020479862   89.6914147621   92.8912840181   -2.0149642765 
   0.0000000000    -34.000        5.000000   0.163741        976.0780    0.0001032154   -0.0019665038   88.7234899100   91.8389490417   -2.0120512693 
   0.0000000000    -33.000        5.000000   0.164360        977.9585    0.0001016354   -0.0018823789   87.7300610574   90.7602036451   -2.0092130152 
   0.0000000000    -32.000        5.000000   0.164953        979.7592    0.0000999258   -0.0017965780   86.7209231465   89.6645218625   -2.0064504775 
   0.0000000000    -31.000        5.000000   0.165521        981.4786    0.0000981139   -0.0017099768   85.7048977665   88.5604734180   -2.0037638480 
   0.0000000000    -30.000        5.000000   0.166063        983.1158    0.0000962252   -0.0016233498   84.6897752125   87.4556817752   -2.0011526488 
   0.0000000000    -29.000        5.000000   0.166578        984.6707    0.0000942831   -0.0015373669   83.6823036323   86.3568192194   -1.9986158359 
   0.0000000000    -28.000        5.000000   0.167067        986.1439    0.0000923084   -0.0014525943   82.6882155769   85.2696313118   -1.9961518989 
   0.0000000000    -27.000        5.000000   0.167530        987.5363    0.0000903194   -0.0013694994   81.7122823541   84.1989832369   -1.9937589537 
   0.0000000000    -26.000        5.000000   0.167967        988.8494    0.0000883319   -0.0012884572   80.7583872105   83.1489212338   -1.9914348276 
   0.0000000000    -25.000        5.000000   0.168378        990.0852    0.0000863595   -0.0012097598   79.8296097437   82.1227432607   -1.9891771336 
   0.0000000000    -24.000        5.000000   0.168766        991.2458    0.0000844132   -0.0011336254   78.9283152509   81.1230741142   -1.9869833364 
   0.0000000000    -23.000        5.000000   0.169129        992.3335    0.0000825024   -0.0010602082   78.0562442894   80.1519412974   -1.9848508067 
   0.0000000000    -22.000        5.000000   0.169469        993.3509    0.0000806343   -0.0009896074   77.2145989725   79.2108488918   -1.9827768682 
   0.0000000000    -21.000        5.000000   0.169787        994.3005    0.0000788147   -0.0009218760   76.4041237229   78.3008475476   -1.9807588349 
   0.0000000000    -20.000        5.000000   0.170082        995.1844    0.0000770483   -0.0008570461   75.6254533911   77.4228943245   -1.9787952679 
   0.0000000000    -19.000        5.000000   0.170358        996.0066    0.0000753377   -0.0007950655   74.8780474303   76.5766955168   -1.9768809610 
   0.0000000000    -18.000        5.000000   0.170614        996.7692    0.0000736853   -0.0007359126   74.1620025290   75.7626429129   -1.9750147305 
   0.0000000000    -17.000        5.000000   0.170851        997.4747    0.0000720924   -0.0006795270   73.4768938413   74.9805634995   -1.9731940944 
   0.0000000000    -16.000        5.000000   0.171070        998.1258    0.0000705596   -0.0006258337   72.8221320748   74.2300964397   -1.9714166573 
   0.0000000000    -15.000        5.000000   0.171271        998.7250    0.0000690868   -0.0005747463   72.1970008893   73.5107291195   -1.9696801161 
   0.0000000000    -14.000        5.000000   0.171456        999.2747    0.0000676736   -0.0005261710   71.6006884549   72.8218282613   -1.9679822647 
   0.0000000000    -13.000        5.000000   0.171626        999.7774    0.0000663191   -0.0004800084   71.0323138540   72.1626665816   -1.9663209952 
   0.0000000000    -12.000        5.000000   0.171780       1000.2353    0.0000650222   -0.0004361566   70.4909489645   71.5324454725   -1.9646942987 
   0.0000000000    -11.000        5.000000   0.171920       1000.6507    0.0000637814   -0.0003945120   69.9756364469   70.9303141676   -1.9631002639 
   0.0000000000    -10.000        5.000000   0.172046       1001.0256    0.0000625951   -0.0003549713   69.4854043886   70.3553858376   -1.9615370752 
   0.0000000000     -9.000        5.000000   0.172160       1001.3621    0.0000614618   -0.0003174323   69.0192781138   69.8067510096   -1.9600030098 
   0.0000000000     -8.000        5.000000   0.172261       1001.6620    0.0000603796   -0.0002817948   68.5762895956   69.2834886799   -1.9584964348 
   0.0000000000     -7.000        5.000000   0.172350       1001.9272    0.0000593467   -0.0002479611   68.1554848599   68.7846754416   -1.9570158035 
   0.0000000000     -6.000        5.000000   0.172429       1002.1594    0.0000583613   -0.0002158368   67.7559297201   68.3093929204   -1.9555596515 
   0.0000000000     -5.000        5.000000   0.172497       1002.3603    0.0000574214   -0.0001853306   67.3767141211   67.8567337657   -1.9541265930 
   0.0000000000     -4.000        5.000000   0.172554       1002.5310    0.0000565255   -0.0001563628   67.0170873392   67.4259561991   -1.9527162569 
   0.0000000000     -3.000        5.000000   0.172602       1002.6739    0.0000556714   -0.0001288330   66.6759174821   67.0158722635   -1.9513254464 
   0.0000000000     -2.000        5.000000   0.172641       1002.7899    0.0000548575   -0.0001026699   66.3525311878   66.6258005252   -1.9499540120 
   0.0000000000     -1.000        5.000000   0.172672       1002.8803    0.0000540820   -0.0000777971   66.0461382240   66.2549156878   -1.9486008423 
   0.0000000000      0.000        5.000000   0.172694       1002.9464    0.0000533433   -0.0000541419   65.7559807963   65.9024186007   -1.9472648857 
   0.0000000000      1.000        5.000000   0.172709       1002.9893    0.0000526398   -0.0000316354   65.4813335499   65.5675373028   -1.9459451469 
   0.0000000000      2.000        5.000000   0.172716       1003.0102    0.0000519699   -0.0000102119   65.2215032662   65.2495276570   -1.9446406835 
   0.0000000000      3.000        5.000000   0.172716       1003.0102    0.0000513321    0.0000101905   64.9758283169   64.9476736447   -1.9433506030 
   0.0000000000      4.000        5.000000   0.172709       1002.9901    0.0000507250    0.0000296307   64.7436779389   64.6612873874   -1.9420740597 
   0.0000000000      5.000        5.000000   0.172696       1002.9510    0.0000501472    0.0000481643   64.5244513701   64.3897089449   -1.9408102517 
   0.0000000000      6.000        5.000000   0.172677       1002.8938    0.0000495974    0.0000658439   64.3175768896   64.1323059372   -1.9395584187 
   0.0000000000      7.000        5.000000   0.172651       1002.8193    0.0000490744    0.0000827192   64.1225107884   63.8884730262   -1.9383178392 
   0.0000000000      8.000        5.000000   0.172621       1002.7282    0.0000485769    0.0000988373   63.9387362983   63.6576312880   -1.9370878282 
   0.0000000000      9.000        5.000000   0.172585       1002.6213    0.0000481039    0.0001142425   63.7657624979   63.4392275041   -1.9358677351 
   0.0000000000     10.000        5.000000   0.172543       1002.4993    0.0000476542    0.0001289769   63.6031232104   63.2327333894   -1.9346569412 
   0.0000000000     11.000        5.000000   0.172497       1002.3629    0.0000472268    0.0001430800   63.4503759070   63.0376447791   -1.9334548585 
   0.0000000000     12.000        5.000000   0.172447       1002.2127    0.0000468207    0.0001565893   63.3071006260   62.8534807865   -1.9322609269 
   0.0000000000     13.000        5.000000   0.172392       1002.0492    0.0000464351    0.0001695402   63.1728989111   62.6797829437   -1.9310746136 
   0.0000000000     14.000        5.000000   0.172332       1001.8731    0.0000460690    0.0001819660   63.0473927814   62.5161143380   -1.9298954105 
   0.0000000000     15.000        5.000000   0.172269       1001.6848    0.0000457217    0.0001938982   62.9302237297   62.3620587486   -1.9287228332 
   0.0000000000     16.000        5.000000   0.172201       1001.4848    0.0000453922    0.0002053668   62.8210517572   62.2172197916   -1.9275564196 
   0.0000000000     17.000        5.000000   0.172130       1001.2736    0.0000450800    0.0002163998   62.7195544448   62.0812200793   -1.9263957284 
   0.0000000000     18.000        5.000000   0.172055       1001.0516    0.0000447843    0.0002270238   62.6254260607   61.9537003956   -1.9252403380 
   0.0000000000     19.000        5.000000   0.171977       1000.8192    0.0000445044    0.0002372641   62.5383767075   61.8343188928   -1.9240898451 
   0.0000000000     20.000        5.000000   0.171895       1000.5768    0.0000442396    0.0002471445   62.4581315064   61.7227503111   -1.9229438640 
   0.0000000000     21.000        5.000000   0.171810       1000.3248    0.0000439895    0.0002566873   62.3844298202   61.6186852218   -1.9218020254 
   0.0000000000     22.000        5.000000   0.171722       1000.0634    0.0000437534    0.0002659140   62.3170245119   61.5218292973   -1.9206639751 
   0.0000000000     23.000        5.000000   0.171631        999.7930    0.0000435308    0.0002748446   62.2556812408   61.4319026069   -1.9195293738 
   0.0000000000     24.000        5.000000   0.171537        999.5139    0.0000433212    0.0002834983   62.2001777926   61.3486389388   -1.9183978956 
   0.0000000000     25.000        5.000000   0.171440        999.2264    0.0000431242    0.0002918931   62.1503034442   61.2717851509   -1.9172692277 
   0.0000000000     26.000        5.000000   0.171341        998.9306    0.0000429392    0.0003000461   62.1058583603   61.2011005459   -1.9161430693 
   0.0000000000     27.000        5.000000   0.171239        998.6270    0.0000427659    0.0003079735   62.0666530219   61.1363562745   -1.9150191310 
   0.0000000000     28.000        5.000000   0.171134        998.3156    0.0000426039    0.0003156906   62.0325076845   61.0773347648   -1.9138971345 
   0.0000000000     29.000        5.000000   0.171027        997.9967    0.0000424527    0.0003232121   62.0032518647   61.0238291752   -1.9127768114 
   0.0000000000     30.000        5.000000   0.170917        997.6705    0.0000423121    0.0003305518   61.9787238541   60.9756428740   -1.9116579030 
   0.0000000000     31.000        5.000000   0.170805        997.3372    0.0000421817    0.0003377228   61.9587702595   60.9325889417   -1.9105401596 
   0.0000000000     32.000        5.000000   0.170691        996.9970    0.0000420611    0.0003447375   61.9432455671   60.8944896977   -1.9094233401 
   0.0000000000     33.000        5.000000   0.170575        996.6499    0.0000419502    0.0003516078   61.9320117301   60.8611762473   -1.9083072115 
   0.0000000000     34.000        5.000000   0.170456        996.2961    0.0000418486    0.0003583448   61.9249377793   60.8324880527   -1.9071915484 
   0.0000000000     35.000        5.000000   0.170335        995.9359    0.0000417560    0.0003649594   61.9218994535   60.8082725228   -1.9060761325 
   0.0000000000     36.000        5.000000   0.170212        995.5692    0.0000416722    0.0003714616   61.9227788502   60.7883846234   -1.9049607524 
   0.0000000000     37.000        5.000000   0.170087        995.1963    0.0000415971    0.0003778612   61.9274640955   60.7726865068   -1.9038452030 
   0.0000000000     38.000        5.000000   0.169960        994.8172    0.0000415303    0.0003841672   61.9358490308   60.7610471584   -1.9027292853 
   0.0000000000     39.000        5.000000   0.169831        994.4320    0.0000414716    0.0003903886   61.9478329175   60.7533420623   -1.9016128059 
   0.0000000000     40.000        5.000000   0.169700        994.0408    0.0000414209    0.0003965336   61.9633201560   60.7494528815   -1.9004955770 
   0.0000000000     41.000        5.000000   0.169567        993.6436    0.0000413780    0.0004026102   61.9822200210   60.7492671556   -1.8993774156 
   0.0000000000     42.000        5.000000   0.169432        993.2407    0.0000413428    0.0004086260   62.0044464099   60.7526780120   -1.8982581437 
   0.0000000000     43.000        5.000000   0.169296        992.8319    0.0000413150    0.0004145883   62.0299176050   60.7595838923   -1.8971375877 
   0.0000000000     44.000        5.000000   0.169157        992.4175    0.0000412945    0.0004205039   62.0585560483   60.7698882921   -1.8960155783 
   0.0000000000     45.000        5.000000   0.169017        991.9973    0.0000412813    0.0004263796   62.0902881275   60.7834995134   -1.8948919502 
   0.0000000000     46.000        5.000000   0.168875        991.5715    0.0000412751    0.0004322215   62.1250439740   60.8003304293   -1.8937665419 
   0.0000000000     47.000        5.000000   0.168731        991.1402    0.0000412758    0.0004380358   62.1627572706   60.8202982608   -1.8926391955 
   0.0000000000     48.000        5.000000   0.168585        990.7032    0.0000412834    0.0004438282   62.2033650696   60.8433243640   -1.8915097565 
   0.0000000000     49.000        5.000000   0.168437        990.2608    0.0000412978    0.0004496044   62.2468076197   60.8693340276   -1.8903780734 
   0.0000000000     50.000        5.000000   0.168288        989.8128    0.0000413188    0.0004553695   62.2930282026   60.8982562815   -1.8892439978 
   0.0000000000     51.000        5.000000   0.168137        989.3593    0.0000413463    0.0004611287   62.3419729765   60.9300237134   -1.8881073842 
   0.0000000000     52.000        5.000000   0.167984        988.9003    0.0000413804    0.0004668869   62.3935908290   60.9645722950   -1.8869680895 
   0.0000000000     53.000        5.000000   0.167829        988.4359    0.0000414209    0.0004726488   62.4478332357   61.0018412166   -1.8858259733 
   0.0000000000     54.000        5.000000   0.167673        987.9660    0.0000414677    0.0004784188   62.5046541267   61.0417727293   -1.8846808974 
   0.0000000000     55.000        5.000000   0.167515        987.4906    0.0000415209    0.0004842013   62.5640097599   61.0843119955   -1.8835327258 
   0.0000000000     56.000        5.000000   0.167355        987.0097    0.0000415803    0.0004900005   62.6258585989   61.1294069456   -1.8823813247 
   0.0000000000     57.000        5.000000   0.167193        986.5233    0.0000416459    0.0004958203   62.6901611984   61.1770081420   -1.8812265619 
   0.0000000000     58.000        5.000000   0.167030        986.0314    0.0000417177    0.0005016647   62.7568800941   61.2270686495   -1.8800683074 
   0.0000000000     59.000        5.000000   0.166865        985.5340    0.0000417956    0.0005075373   62.8259796974   61.2795439116   -1.8789064325 
   0.0000000000     60.000        5.000000   0.166698        985.0310    0.0000418796    0.0005134418   62.8974261955   61.3343916323   -1.8777408104 
   0.0000000000     61.000        5.000000   0.166529        984.5225    0.0000419697    0.0005193816   62.9711874563   61.3915716638   -1.8765713155 
   0.0000000000     62.000        5.000000   0.166359        984.0083    0.0000420658    0.0005253600   63.0472329362   61.4510458986   -1.8753978237 
   0.0000000000     63.000        5.000000   0.166187        983.4885    0.0000421680    0.0005313803   63.1255335935   61.5127781671   -1.8742202121 
   0.0000000000     64.000        5.000000   0.166013        982.9631    0.0000422763    0.0005374456   63.2060618040   61.5767341392   -1.8730383590 
   0.0000000000     65.000        5.000000   0.165837        982.4319    0.0000423905    0.0005435589   63.2887912813   61.6428812307   -1.8718521438 
   0.0000000000     66.000        5.000000   0.165659        981.8950    0.0000425107    0.0005497232   63.3736969999   61.7111885127   -1.8706614470 
   0.0000000000     67.000        5.000000   0.165480        981.3524    0.0000426370    0.0005559413   63.4607551213   61.7816266261   -1.8694661498 
   0.0000000000     68.000        5.000000   0.165299        980.8039    0.0000427693    0.0005622159   63.5499429231   61.8541676988   -1.8682661344 
   0.0000000000     69.000        5.000000   0.165116        980.2495    0.0000429076    0.0005685497   63.6412387310   61.9287852668   -1.8670612839 
   0.0000000000     70.000        5.000000   0.164931        979.6892    0.0000430520    0.0005749453   63.7346218529   62.0054541973   -1.8658514818 
   0.0000000000     71.000        5.000000   0.164744        979.1229    0.0000432024    0.0005814051   63.8300725158   62.0841506170   -1.8646366125 
   0.0000000000     72.000        5.000000   0.164556        978.5507    0.0000433589    0.0005879318   63.9275718050   62.1648518407   -1.8634165609 
   0.0000000000     73.000        5.000000   0.164365        977.9723    0.0000435214    0.0005945275   64.0271016047   62.2475363040   -1.8621912125 
   0.0000000000     74.000        5.000000   0.164173        977.3878    0.0000436901    0.0006011947   64.1286445416   62.3321834986   -1.8609604532 
   0.0000000000     75.000        5.000000   0.163978        976.7971    0.0000438649    0.0006079355   64.2321839291   62.4187739086   -1.8597241694 
   0.0000000000     76.000        5.000000   0.163782        976.2001    0.0000440458    0.0006147522   64.3377037143   62.5072889507   -1.8584822479 
   0.0000000000     77.000        5.000000   0.163584        975.5968    0.0000442330    0.0006216468   64.4451884261   62.5977109148   -1.8572345756 
   0.0000000000     78.000        5.000000   0.163383        974.9871    0.0000444263    0.0006286215   64.5546231244   62.6900229076   -1.8559810401 
   0.0000000000     79.000        5.000000   0.163181        974.3710    0.0000446260    0.0006356782   64.6659933518   62.7842087974   -1.8547215288 
   0.0000000000     80.000        5.000000   0.162977        973.7483    0.0000448319    0.0006428190   64.7792850850   62.8802531612   -1.8534559297 
   0.0000000000     81.000        5.000000   0.162771        973.1190    0.0000450441    0.0006500457   64.8944846889   62.9781412321   -1.8521841308 
   0.0000000000     82.000        5.000000   0.162562        972.4831    0.0000452627    0.0006573602   65.0115788709   63.0778588497   -1.8509060202 
   0.0000000000     83.000        5.000000   0.162352        971.8405    0.0000454878    0.0006647643   65.1305546366   63.1793924104   -1.8496214863 
   0.0000000000     84.000        5.000000   0.162139        971.1910    0.0000457193    0.0006722598   65.2513992461   63.2827288201   -1.8483304173 
   0.0000000000     85.000        5.000000   0.161925        970.5347    0.0000459573    0.0006798484   65.3741001715   63.3878554472   -1.8470327018 
   0.0000000000     86.000        5.000000   0.161708        969.8713    0.0000462019    0.0006875318   65.4986450553   63.4947600770   -1.8457282283 
   0.0000000000     87.000        5.000000   0.161489        969.2010    0.0000464530    0.0006953116   65.6250216692   63.6034308671   -1.8444168851 
   0.0000000000     88.000        5.000000   0.161268        968.5235    0.0000467108    0.0007031894   65.7532178737   63.7138563038   -1.8430985609 
   0.0000000000     89.000        5.000000   0.161045        967.8388    0.0000469754    0.0007111668   65.8832215785   63.8260251589   -1.8417731442 
   0.0000000000     90.000        5.000000   0.160820        967.1469    0.0000472467    0.0007192452   66.0150207036   63.9399264476   -1.8404405233 
   0.0000000000     91.000        5.000000   0.160592        966.4476    0.0000475248    0.0007274262   66.1486031403   64.0555493871   -1.8391005868 
   0.0000000000     92.000        5.000000   0.160362        965.7408    0.0000478098    0.0007357111   66.2839567134   64.1728833557   -1.8377532229 
   0.0000000000     93.000        5.000000   0.160130        965.0265    0.0000481017    0.0007441013   66.4210691438   64.2919178526   -1.8363983202 
   0.0000000000     94.000        5.000000   0.159895        964.3046    0.0000484007    0.0007525981   66.5599280111   64.4126424577   -1.8350357667 
   0.0000000000     95.000        5.000000   0.159658        963.5750    0.0000487066    0.0007612029   66.7005207168   64.5350467930   -1.8336654507 
   0.0000000000     96.000        5.000000   0.159419        962.8376    0.0000490197    0.0007699168   66.8428344479   64.6591204831   -1.8322872604 
   0.0000000000     97.000        5.000000   0.159178        962.0923    0.0000493400    0.0007787411   66.9868561416   64.7848531171   -1.8309010839 
   0.0000000000     98.000        5.000000   0.158934        961.3391    0.0000496675    0.0007876768   67.1325724483   64.9122342099   -1.8295068091 
   0.0000000000     99.000        5.000000   0.158687        960.5778    0.0000500023    0.0007967252   67.2799696973   65.0412531651   -1.8281043242 
   0.0000000000    100.000        5.000000   0.158439        959.8084    0.0000503444    0.0008058872   67.4290338614   65.1718992367   -1.8266935171 
   0.0000000000    101.000        5.000000   0.158187        959.0308    0.0000506940    0.0008151638   67.5797505219   65.3041614920   -1.8252742756 
   0.0000000000    102.000        5.000000   0.157934        958.2448    0.0000510510    0.0008245560   67.7321048344   65.4380287746   -1.8238464878 
   0.0000000000    103.000        5.000000   0.157677        957.4505    0.0000514156    0.0008340647   67.8860814941   65.5734896671   -1.8224100416 
   0.0000000000    104.000        5.000000   0.157419        956.6476    0.0000517879    0.0008436907   68.0416647023   65.7105324544   -1.8209648250 
   0.0000000000    105.000        5.000000   0.157157        955.8362    0.0000521677    0.0008534348   68.1988381326   65.8491450871   -1.8195107260 
   0.0000000000    106.000        5.000000   0.156893        955.0161    0.0000525554    0.0008632977   68.3575848972   65.9893151451   -1.8180476327 
   0.0000000000    107.000        5.000000   0.156627        954.1872    0.0000529508    0.0008732800   68.5178875141   66.1310298007   -1.8165754334 
   0.0000000000    108.000        5.000000   0.156358        953.3495    0.0000533541    0.0008833825   68.6797278741   66.2742757829   -1.8150940165 
   0.0000000000    109.000        5.000000   0.156087        952.5032    0.0000537651    0.0008936024   68.8430439085   66.4189900002   -1.8136027134 
   0.0000000000    110.000        5.000000   0.155813        951.6475    0.0000541842    0.0009039463   69.0079004495   66.5652542230   -1.8121025061 
   0.0000000000    111.000        5.000000   0.155535        950.7827    0.0000546115    0.0009144117   69.1742361891   66.7130067828   -1.8105927467 
   0.0000000000    112.000        5.000000   0.155256        949.9086    0.0000550468    0.0009249988   69.3420301812   66.8622322651   -1.8090733244 
   0.0000000000    113.000        5.000000   0.154973        949.0253    0.0000554902    0.0009357080   69.5112606930   67.0129146318   -1.8075441288 
   0.0000000000    114.000        5.000000   0.154688        948.1326    0.0000559419    0.0009465393   69.6819051750   67.1650371856   -1.8060050500 
   0.0000000000    115.000        5.000000   0.154400        947.2304    0.0000564018    0.0009574930   69.8539402302   67.3185825344   -1.8044559784 
   0.0000000000    116.000        5.000000   0.154110        946.3186    0.0000568700    0.0009685689   70.0273415854   67.4735325565   -1.8028968051 
   0.0000000000    117.000        5.000000   0.153816        945.3972    0.0000573466    0.0009797669   70.2020840611   67.6298683653   -1.8013274216 
   0.0000000000    118.000        5.000000   0.153520        944.4660    0.0000578316    0.0009910870   70.3781415439   67.7875702745   -1.7997477202 
   0.0000000000    119.000        5.000000   0.153221        943.5250    0.0000583251    0.0010025289   70.5554869583   67.9466177641   -1.7981575936 
   0.0000000000    120.000        5.000000   0.152919        942.5742    0.0000588270    0.0010140921   70.7340922397   68.1069894456   -1.7965569356 
   0.0000000000    121.000        5.000000   0.152614        941.6133    0.0000593375    0.0010257761   70.9139283079   68.2686630286   -1.7949456406 
   0.0000000000    122.000        5.000000   0.152306        940.6423    0.0000598566    0.0010375806   71.0949650418   68.4316152875   -1.7933236042 
   0.0000000000    123.000        5.000000   0.151996        939.6613    0.0000603842    0.0010495046   71.2771712545   68.5958220283   -1.7916907227 
   0.0000000000    124.000        5.000000   0.151682        938.6699    0.0000609205    0.0010615475   71.4605146697   68.7612580562   -1.7900468937 
   0.0000000000    125.000        5.000000   0.151366        937.6683    0.0000614655    0.0010737083   71.6449618989   68.9278971441   -1.7883920158 
   0.0000000000    126.000        5.000000   0.151046        936.6563    0.0000620191    0.0010859860   71.8304784199   69.0957120009   -1.7867259891 
