  #sigma_s    Temp(C) Press(Mpa) p_meanfield density (kg/m^3)      kappa      alpha Cp(J/molK) Cv(J/molK)  mu(J/mol)
   0.0000000000   -173.000      120.000000   0.232174        950.7122    0.0000207561    0.0007205169   59.4897625934   55.2777139590   -2.1009745317 
   0.0000000000   -172.000      120.000000   0.231957        950.0323    0.0000206956    0.0007103880   59.3957327841   55.2414519159   -2.1000040525 
   0.0000000000   -171.000      120.000000   0.231743        949.3624    0.0000206338    0.0007003791   59.3043712394   55.2071697295   -2.0990371917 
   0.0000000000   -170.000      120.000000   0.231532        948.7024    0.0000205708    0.0006904875   59.2156146594   55.1748256826   -2.0980738810 
   0.0000000000   -169.000      120.000000   0.231324        948.0522    0.0000205069    0.0006807099   59.1294084550   55.1443899027   -2.0971140512 
   0.0000000000   -168.000      120.000000   0.231120        947.4117    0.0000204423    0.0006710424   59.0457069256   55.1158447615   -2.0961576315 
   0.0000000000   -167.000      120.000000   0.230918        946.7807    0.0000203773    0.0006614806   58.9644734434   55.0891852025   -2.0952045494 
   0.0000000000   -166.000      120.000000   0.230720        946.1591    0.0000203120    0.0006520193   58.8856804348   55.0644188179   -2.0942547307 
   0.0000000000   -165.000      120.000000   0.230525        945.5468    0.0000202470    0.0006426527   58.8093098920   55.0415667526   -2.0933080991 
   0.0000000000   -164.000      120.000000   0.230333        944.9437    0.0000201823    0.0006333742   58.7353533591   55.0206637712   -2.0923645759 
   0.0000000000   -163.000      120.000000   0.230144        944.3498    0.0000201183    0.0006241767   58.6638126237   55.0017593220   -2.0914240800 
   0.0000000000   -162.000      120.000000   0.229958        943.7648    0.0000200554    0.0006150522   58.5946997708   54.9849177044   -2.0904865270 
   0.0000000000   -161.000      120.000000   0.229775        943.1888    0.0000199939    0.0006059917   58.5280380027   54.9702193608   -2.0895518294 
   0.0000000000   -160.000      120.000000   0.229595        942.6217    0.0000199342    0.0005969855   58.4638619836   54.9577614167   -2.0886198956 
   0.0000000000   -159.000      120.000000   0.229418        942.0633    0.0000198766    0.0005880230   58.4022185598   54.9476588038   -2.0876906300 
   0.0000000000   -158.000      120.000000   0.229244        941.5137    0.0000198217    0.0005790926   58.3431674418   54.9400452931   -2.0867639321 
   0.0000000000   -157.000      120.000000   0.229072        940.9729    0.0000197699    0.0005701816   58.2867816962   54.9350743262   -2.0858396960 
   0.0000000000   -156.000      120.000000   0.228904        940.4407    0.0000197217    0.0005612760   58.2331490286   54.9329207956   -2.0849178100 
   0.0000000000   -155.000      120.000000   0.228738        939.9172    0.0000196776    0.0005523611   58.1823722922   54.9337819359   -2.0839981554 
   0.0000000000   -154.000      120.000000   0.228575        939.4023    0.0000196382    0.0005434204   58.1345705212   54.9378787935   -2.0830806065 
   0.0000000000   -153.000      120.000000   0.228415        938.8962    0.0000196041    0.0005344363   58.0898799224   54.9454577172   -2.0821650290 
   0.0000000000   -152.000      120.000000   0.228258        938.3988    0.0000195761    0.0005253898   58.0484549699   54.9567918823   -2.0812512797 
   0.0000000000   -151.000      120.000000   0.228104        937.9102    0.0000195548    0.0005162602   58.0104697248   54.9721833058   -2.0803392055 
   0.0000000000   -150.000      120.000000   0.227952        937.4304    0.0000195410    0.0005070254   57.9761187831   54.9919641587   -2.0794286420 
   0.0000000000   -149.000      120.000000   0.227804        936.9596    0.0000195357    0.0004976612   57.9456186715   55.0164987601   -2.0785194127 
   0.0000000000   -148.000      120.000000   0.227658        936.4979    0.0000195396    0.0004881419   57.9192093102   55.0461856678   -2.0776113279 
   0.0000000000   -147.000      120.000000   0.227515        936.0454    0.0000195539    0.0004784395   57.8971553405   55.0814595783   -2.0767041831 
   0.0000000000   -146.000      120.000000   0.227376        935.6023    0.0000195795    0.0004685240   57.8797477552   55.1227935465   -2.0757977579 
   0.0000000000   -145.000      120.000000   0.227239        935.1687    0.0000196177    0.0004583633   57.8673053797   55.1707011328   -2.0748918143 
   0.0000000000   -144.000      120.000000   0.227106        934.7450    0.0000196696    0.0004479225   57.8601765643   55.2257387058   -2.0739860952 
   0.0000000000   -143.000      120.000000   0.226975        934.3314    0.0000197367    0.0004371645   57.8587410603   55.2885079817   -2.0730803227 
   0.0000000000   -142.000      120.000000   0.226849        933.9282    0.0000198204    0.0004260491   57.8634117024   55.3596583686   -2.0721741963 
   0.0000000000   -141.000      120.000000   0.226725        933.5358    0.0000199222    0.0004145335   57.8746363059   55.4398894904   -2.0712673909 
   0.0000000000   -140.000      120.000000   0.226605        933.1544    0.0000200438    0.0004025714   57.8928997252   55.5299539255   -2.0703595543 
   0.0000000000   -139.000      120.000000   0.226489        932.7846    0.0000201871    0.0003901133   57.9187258322   55.6306598424   -2.0694503057 
   0.0000000000   -138.000      120.000000   0.226377        932.4268    0.0000203540    0.0003771061   57.9526796543   55.7428737533   -2.0685392324 
   0.0000000000   -137.000      120.000000   0.226268        932.0815    0.0000205467    0.0003634927   57.9953695365   55.8675232833   -2.0676258881 
   0.0000000000   -136.000      120.000000   0.226164        931.7494    0.0000207674    0.0003492120   58.0474493634   56.0056000209   -2.0667097890 
   0.0000000000   -135.000      120.000000   0.226064        931.4310    0.0000210186    0.0003341983   58.1096207767   56.1581621777   -2.0657904118 
   0.0000000000   -134.000      120.000000   0.225969        931.1270    0.0000213030    0.0003183811   58.1826356097   56.3263376050   -2.0648671900 
   0.0000000000   -133.000      120.000000   0.225879        930.8383    0.0000216233    0.0003016848   58.2672981651   56.5113264455   -2.0639395102 
   0.0000000000   -132.000      120.000000   0.225793        930.5657    0.0000219829    0.0002840282   58.3644675390   56.7144037396   -2.0630067090 
   0.0000000000   -131.000      120.000000   0.225713        930.3100    0.0000223849    0.0002653241   58.4750601602   56.9369223101   -2.0620680685 
   0.0000000000   -130.000      120.000000   0.225639        930.0724    0.0000228330    0.0002454787   58.6000518049   57.1803146583   -2.0611228121 
   0.0000000000   -129.000      120.000000   0.225570        929.8538    0.0000233311    0.0002243912   58.7404802897   57.4460957790   -2.0601701001 
   0.0000000000   -128.000      120.000000   0.225508        929.6555    0.0000238835    0.0002019534   58.8974474502   57.7358647152   -2.0592090247 
   0.0000000000   -127.000      120.000000   0.225453        929.4787    0.0000244947    0.0001780484   59.0721212685   58.0513061913   -2.0582386043 
   0.0000000000   -126.000      120.000000   0.225404        929.3249    0.0000251698    0.0001525505   59.2657380523   58.3941920104   -2.0572577782 
   0.0000000000   -125.000      120.000000   0.225364        929.1957    0.0000259141    0.0001253242   59.4796040529   58.7663814921   -2.0562654003 
   0.0000000000   -124.000      120.000000   0.225332        929.0926    0.0000267336    0.0000962231   59.7150970644   59.1698214149   -2.0552602322 
   0.0000000000   -123.000      120.000000   0.225308        929.0175    0.0000276346    0.0000650891   59.9736677610   59.6065453765   -2.0542409364 
   0.0000000000   -122.000      120.000000   0.225294        928.9723    0.0000286242    0.0000317511   60.2568404916   60.0786717938   -2.0532060680 
   0.0000000000   -121.000      120.000000   0.225290        928.9592    0.0000297099   -0.0000039762   60.5662136940   60.5884009469   -2.0521540669 
   0.0000000000   -120.000      120.000000   0.225297        928.9805    0.0000309001   -0.0000422938   60.9034597465   61.1380105144   -2.0510832482 
   0.0000000000   -119.000      120.000000   0.225315        929.0386    0.0000322040   -0.0000834198   61.2703241747   61.7298495204   -2.0499917926 
   0.0000000000   -118.000      120.000000   0.225345        929.1364    0.0000336315   -0.0001275917   61.6686239018   62.3663299875   -2.0488777360 
   0.0000000000   -117.000      120.000000   0.225389        929.2767    0.0000351936   -0.0001750683   62.1002446539   63.0499163240   -2.0477389575 
   0.0000000000   -116.000      120.000000   0.225447        929.4628    0.0000369026   -0.0002261317   62.5671370138   63.7831115615   -2.0465731674 
   0.0000000000   -115.000      120.000000   0.225521        929.6981    0.0000387718   -0.0002810907   63.0713112662   64.5684402643   -2.0453778935 
   0.0000000000   -114.000      120.000000   0.225611        929.9866    0.0000408161   -0.0003402834   63.6148304203   65.4084270689   -2.0441504667 
   0.0000000000   -113.000      120.000000   0.225720        930.3327    0.0000430531   -0.0004041054   64.2000311983   66.3059246004   -2.0428868246 
   0.0000000000   -112.000      120.000000   0.225848        930.7403    0.0000454993   -0.0004729242   64.8286703233   67.2627818117   -2.0415859045 
   0.0000000000   -111.000      120.000000   0.225996        931.2147    0.0000481759   -0.0005472084   65.5030859915   68.2816167838   -2.0402433849 
   0.0000000000   -110.000      120.000000   0.226168        931.7612    0.0000511060   -0.0006274551   66.2254468718   69.3646370090   -2.0388556104 
   0.0000000000   -109.000      120.000000   0.226364        932.3859    0.0000543152   -0.0007142148   66.9979046998   70.5138483231   -2.0374186290 
   0.0000000000   -108.000      120.000000   0.226586        933.0951    0.0000578325   -0.0008080972   67.8225689212   71.7309842683   -2.0359281679 
   0.0000000000   -107.000      120.000000   0.226838        933.8961    0.0000616904   -0.0009097799   68.7014760375   73.0174207480   -2.0343796088 
   0.0000000000   -106.000      120.000000   0.227122        934.7975    0.0000659284   -0.0010200723   69.6369864599   74.3747276655   -2.0327663857 
   0.0000000000   -105.000      120.000000   0.227440        935.8066    0.0000705844   -0.0011397282   70.6301957070   75.8022081397   -2.0310856491 
   0.0000000000   -104.000      120.000000   0.227795        936.9337    0.0000757079   -0.0012697240   71.6829897782   77.2999441071   -2.0293303732 
   0.0000000000   -103.000      120.000000   0.228191        938.1892    0.0000813531   -0.0014111060   72.7966844465   78.8666508783   -2.0274941966 
   0.0000000000   -102.000      120.000000   0.228632        939.5848    0.0000875821   -0.0015650396   73.9722447108   80.4999133662   -2.0255702538 
   0.0000000000   -101.000      120.000000   0.229123        941.1351    0.0000944715   -0.0017329477   75.2110075528   82.1971001818   -2.0235486591 
   0.0000000000   -100.000      120.000000   0.229668        942.8522    0.0001020935   -0.0019160774   76.5116914470   83.9509091133   -2.0214252614 
   0.0000000000    -99.000      120.000000   0.230271        944.7529    0.0001105443   -0.0021160877   77.8740921285   85.7545605010   -2.0191897400 
   0.0000000000    -98.000      120.000000   0.230942        946.8571    0.0001199370   -0.0023348710   79.2975561472   87.5993144511   -2.0168300056 
   0.0000000000    -97.000      120.000000   0.231684        949.1815    0.0001303772   -0.0025739816   80.7777512892   89.4699353310   -2.0143404835 
   0.0000000000    -96.000      120.000000   0.232507        951.7512    0.0001420106   -0.0028355887   82.3119450294   91.3516798913   -2.0117061851 
   0.0000000000    -95.000      120.000000   0.233416        954.5871    0.0001549647   -0.0031211862   83.8922865905   93.2213203167   -2.0089202476 
   0.0000000000    -94.000      120.000000   0.234425        957.7189    0.0001694032   -0.0034326242   85.5113481309   95.0543226171   -2.0059668286 
   0.0000000000    -93.000      120.000000   0.235539        961.1703    0.0001854442   -0.0037703033   87.1543971529   96.8157961878   -2.0028397669 
   0.0000000000    -92.000      120.000000   0.236773        964.9754    0.0002032184   -0.0041342142   88.8051260357   98.4681312043   -1.9995232364 
   0.0000000000    -91.000      120.000000   0.238136        969.1593    0.0002227436   -0.0045212527   90.4362707432   99.9624351742   -1.9960121256 
   0.0000000000    -90.000      120.000000   0.239634        973.7426    0.0002438845   -0.0049243555   92.0094010426  101.2424102456   -1.9923057037 
   0.0000000000    -89.000      120.000000   0.241280        978.7493    0.0002663169   -0.0053316741   93.4743342054  102.2480497862   -1.9883987929 
   0.0000000000    -88.000      120.000000   0.243074        984.1760    0.0002892659   -0.0057219723   94.7571105139  102.9128663332   -1.9843073567 
   0.0000000000    -87.000      120.000000   0.245009        989.9983    0.0003114533   -0.0060645206   95.7627644071  103.1748642923   -1.9800575562 
   0.0000000000    -86.000      120.000000   0.247068        996.1566    0.0003310338   -0.0063198096   96.3787721841  102.9858717725   -1.9756932813 
   0.0000000000    -85.000      120.000000   0.249219       1002.5484    0.0003457921   -0.0064459945   96.4934426163  102.3248219256   -1.9712773046 
   0.0000000000    -84.000      120.000000   0.251415       1009.0302    0.0003536798   -0.0064113829   96.0296984681  101.2096085190   -1.9668873435 
   0.0000000000    -83.000      120.000000   0.253595       1015.4287    0.0003535427   -0.0062083309   94.9827970127   99.7019259429   -1.9626091706 
   0.0000000000    -82.000      120.000000   0.255706       1021.5841    0.0003456474   -0.0058591270   93.4345856995   97.8951270131   -1.9585113493 
   0.0000000000    -81.000      120.000000   0.257700       1027.3631    0.0003315170   -0.0054080931   91.5322352685   95.8972657282   -1.9546448994 
   0.0000000000    -80.000      120.000000   0.259544       1032.6793    0.0003133119   -0.0049059254   89.4427261473   93.8102226902   -1.9510354515 
   0.0000000000    -79.000      120.000000   0.261221       1037.4902    0.0002931409   -0.0043961458   87.3127825241   91.7177998089   -1.9476891342 
   0.0000000000    -78.000      120.000000   0.262733       1041.8071    0.0002726080   -0.0039075578   85.2422035419   89.6743348142   -1.9445858006 
   0.0000000000    -77.000      120.000000   0.264081       1045.6452    0.0002527914   -0.0034571694   83.2954817631   87.7196416428   -1.9417106167 
   0.0000000000    -76.000      120.000000   0.265281       1049.0477    0.0002342637   -0.0030512421   81.4998014908   85.8715893649   -1.9390356460 
   0.0000000000    -75.000      120.000000   0.266348       1052.0627    0.0002172630   -0.0026899562   79.8607934647   84.1360937295   -1.9365325269 
   0.0000000000    -74.000      120.000000   0.267291       1054.7233    0.0002018661   -0.0023713526   78.3772629034   82.5177626037   -1.9341854617 
   0.0000000000    -73.000      120.000000   0.268130       1057.0782    0.0001879868   -0.0020907238   77.0351656350   81.0094398706   -1.9319679492 
   0.0000000000    -72.000      120.000000   0.268869       1059.1556    0.0001755307   -0.0018441395   75.8239699893   79.6084685303   -1.9298685443 
   0.0000000000    -71.000      120.000000   0.269526       1060.9947    0.0001643414   -0.0016267780   74.7273100484   78.3047572820   -1.9278666643 
   0.0000000000    -70.000      120.000000   0.270105       1062.6164    0.0001542990   -0.0014351419   73.7345022001   77.0938834021   -1.9259552270 
   0.0000000000    -69.000      120.000000   0.270620       1064.0519    0.0001452557   -0.0012653401   72.8312982095   75.9657673819   -1.9241179233 
   0.0000000000    -68.000      120.000000   0.271075       1065.3183    0.0001371027   -0.0011146054   72.0083654451   74.9151496448   -1.9223488004 
   0.0000000000    -67.000      120.000000   0.271474       1066.4319    0.0001297389   -0.0009804621   71.2569304607   73.9363998977   -1.9206418772 
   0.0000000000    -66.000      120.000000   0.271827       1067.4137    0.0001230600   -0.0008604547   70.5672927395   73.0215850370   -1.9189861109 
   0.0000000000    -65.000      120.000000   0.272137       1068.2748    0.0001169918   -0.0007528742   69.9332585120   72.1664871341   -1.9173783439 
   0.0000000000    -64.000      120.000000   0.272406       1069.0252    0.0001114678   -0.0006562182   69.3491837756   71.3669182093   -1.9158154832 
   0.0000000000    -63.000      120.000000   0.272642       1069.6802    0.0001064176   -0.0005689339   68.8084817620   70.6167086567   -1.9142890480 
   0.0000000000    -62.000      120.000000   0.272847       1070.2466    0.0001017936   -0.0004899900   68.3072448841   69.9128450006   -1.9127977857 
   0.0000000000    -61.000      120.000000   0.273022       1070.7326    0.0000975495   -0.0004183981   67.8414185300   69.2516694676   -1.9113384423 
   0.0000000000    -60.000      120.000000   0.273170       1071.1438    0.0000936479   -0.0003533729   67.4078722089   68.6304693372   -1.9099099255 
   0.0000000000    -59.000      120.000000   0.273295       1071.4907    0.0000900474   -0.0002940434   67.0026097318   68.0449292705   -1.9085058680 
   0.0000000000    -58.000      120.000000   0.273399       1071.7767    0.0000867209   -0.0002398621   66.6234576508   67.4931192074   -1.9071262832 
   0.0000000000    -57.000      120.000000   0.273482       1072.0071    0.0000836415   -0.0001902808   66.2680276625   66.9725750286   -1.9057692061 
   0.0000000000    -56.000      120.000000   0.273547       1072.1866    0.0000807854   -0.0001448221   65.9342139592   66.4810593552   -1.9044328926 
   0.0000000000    -55.000      120.000000   0.273595       1072.3194    0.0000781318   -0.0001030695   65.6201538110   66.0165367270   -1.9031157881 
   0.0000000000    -54.000      120.000000   0.273626       1072.4079    0.0000756636   -0.0000646925   65.3244317369   65.5775222870   -1.9018179319 
   0.0000000000    -53.000      120.000000   0.273645       1072.4584    0.0000733609   -0.0000292922   65.0450499507   65.1615025889   -1.9005349616 
   0.0000000000    -52.000      120.000000   0.273650       1072.4722    0.0000712110    0.0000033703   64.7809968124   64.7673945033   -1.8992674823 
   0.0000000000    -51.000      120.000000   0.273643       1072.4524    0.0000692010    0.0000335464   64.5310939917   64.3937736616   -1.8980144657 
   0.0000000000    -50.000      120.000000   0.273624       1072.4014    0.0000673191    0.0000614594   64.2942842359   64.0393331446   -1.8967749799 
   0.0000000000    -49.000      120.000000   0.273596       1072.3216    0.0000655549    0.0000873078   64.0696163843   63.7028717327   -1.8955481777 
   0.0000000000    -48.000      120.000000   0.273557       1072.2150    0.0000638989    0.0001112693   63.8562324957   63.3832834921   -1.8943332867 
   0.0000000000    -47.000      120.000000   0.273510       1072.0837    0.0000623426    0.0001335026   63.6533568038   63.0795486021   -1.8931296002 
   0.0000000000    -46.000      120.000000   0.273453       1071.9285    0.0000608794    0.0001541303   63.4604270241   62.7909599226   -1.8919377632 
   0.0000000000    -45.000      120.000000   0.273390       1071.7531    0.0000595001    0.0001733246   63.2764974765   62.5161363364   -1.8907544184 
   0.0000000000    -44.000      120.000000   0.273320       1071.5578    0.0000581998    0.0001911768   63.1011575771   62.2545538644   -1.8895805117 
   0.0000000000    -43.000      120.000000   0.273243       1071.3440    0.0000569725    0.0002077919   62.9338758025   62.0054627269   -1.8884155308 
   0.0000000000    -42.000      120.000000   0.273159       1071.1131    0.0000558132    0.0002232650   62.7741663930   61.7681668651   -1.8872590015 
   0.0000000000    -41.000      120.000000   0.273071       1070.8663    0.0000547170    0.0002376822   62.6215845475   61.5420192787   -1.8861104840 
   0.0000000000    -40.000      120.000000   0.272976       1070.6046    0.0000536797    0.0002511223   62.4757221967   61.3264178229   -1.8849695694 
   0.0000000000    -39.000      120.000000   0.272877       1070.3290    0.0000526971    0.0002636567   62.3362043102   61.1208014666   -1.8838358765 
   0.0000000000    -38.000      120.000000   0.272773       1070.0406    0.0000517658    0.0002753509   62.2026856187   60.9246468910   -1.8827090494 
   0.0000000000    -37.000      120.000000   0.272665       1069.7401    0.0000508822    0.0002862647   62.0748477463   60.7374654594   -1.8815887552 
   0.0000000000    -36.000      120.000000   0.272553       1069.4284    0.0000500434    0.0002964532   61.9523966451   60.5588004532   -1.8804746816 
   0.0000000000    -35.000      120.000000   0.272437       1069.1063    0.0000492465    0.0003059666   61.8350603339   60.3882245751   -1.8793665354 
   0.0000000000    -34.000      120.000000   0.272317       1068.7745    0.0000484888    0.0003148514   61.7225868745   60.2253376851   -1.8782640405 
   0.0000000000    -33.000      120.000000   0.272194       1068.4329    0.0000477685    0.0003231410   61.6148068386   60.0698835663   -1.8771680808 
   0.0000000000    -32.000      120.000000   0.272068       1068.0836    0.0000470822    0.0003308946   61.5113659470   59.9212575855   -1.8760760184 
   0.0000000000    -31.000      120.000000   0.271940       1067.7264    0.0000464284    0.0003381380   61.4121366368   59.7792656847   -1.8749888807 
   0.0000000000    -30.000      120.000000   0.271809       1067.3618    0.0000458053    0.0003449048   61.3169307778   59.6435972456   -1.8739064461 
   0.0000000000    -29.000      120.000000   0.271675       1066.9904    0.0000452110    0.0003512263   61.2255730285   59.5139602596   -1.8728285045 
   0.0000000000    -28.000      120.000000   0.271540       1066.6125    0.0000446438    0.0003571316   61.1378997868   59.3900800184   -1.8717548560 
   0.0000000000    -27.000      120.000000   0.271402       1066.2287    0.0000441022    0.0003626475   61.0537582358   59.2716979075   -1.8706853110 
   0.0000000000    -26.000      120.000000   0.271262       1065.8394    0.0000435848    0.0003677990   60.9730054981   59.1585703095   -1.8696196883 
   0.0000000000    -25.000      120.000000   0.271121       1065.4449    0.0000430903    0.0003726095   60.8955078514   59.0504675879   -1.8685578154 
   0.0000000000    -24.000      120.000000   0.270977       1065.0456    0.0000426173    0.0003771007   60.8211400304   58.9471731533   -1.8674995273 
   0.0000000000    -23.000      120.000000   0.270833       1064.6418    0.0000421648    0.0003812928   60.7497845887   58.8484826097   -1.8664446663 
   0.0000000000    -22.000      120.000000   0.270686       1064.2338    0.0000417315    0.0003852048   60.6813313196   58.7542029590   -1.8653930813 
   0.0000000000    -21.000      120.000000   0.270539       1063.8220    0.0000413166    0.0003888543   60.6156767248   58.6641518703   -1.8643446271 
   0.0000000000    -20.000      120.000000   0.270390       1063.4066    0.0000409190    0.0003922580   60.5527235341   58.5781570039   -1.8632991647 
   0.0000000000    -19.000      120.000000   0.270240       1062.9879    0.0000405379    0.0003954312   60.4923802641   58.4960553858   -1.8622565600 
   0.0000000000    -18.000      120.000000   0.270089       1062.5660    0.0000401724    0.0003983886   60.4345608176   58.4176928296   -1.8612166842 
   0.0000000000    -17.000      120.000000   0.269937       1062.1413    0.0000398217    0.0004011438   60.3791841102   58.3429233950   -1.8601794129 
   0.0000000000    -16.000      120.000000   0.269785       1061.7140    0.0000394851    0.0004037095   60.3261737336   58.2716088905   -1.8591446264 
   0.0000000000    -15.000      120.000000   0.269631       1061.2842    0.0000391620    0.0004060979   60.2754576436   58.2036184103   -1.8581122087 
   0.0000000000    -14.000      120.000000   0.269477       1060.8521    0.0000388515    0.0004083201   60.2269678741   58.1388279003   -1.8570820479 
   0.0000000000    -13.000      120.000000   0.269322       1060.4179    0.0000385533    0.0004103870   60.1806402713   58.0771197567   -1.8560540356 
   0.0000000000    -12.000      120.000000   0.269166       1059.9818    0.0000382666    0.0004123085   60.1364142519   58.0183824513   -1.8550280665 
   0.0000000000    -11.000      120.000000   0.269010       1059.5439    0.0000379909    0.0004140940   60.0942325784   57.9625101836   -1.8540040389 
   0.0000000000    -10.000      120.000000   0.268853       1059.1044    0.0000377257    0.0004157525   60.0540411497   57.9094025523   -1.8529818537 
   0.0000000000     -9.000      120.000000   0.268696       1058.6633    0.0000374705    0.0004172924   60.0157888088   57.8589642487   -1.8519614147 
   0.0000000000     -8.000      120.000000   0.268538       1058.2209    0.0000372250    0.0004187217   59.9794271658   57.8111047782   -1.8509426283 
   0.0000000000     -7.000      120.000000   0.268380       1057.7771    0.0000369886    0.0004200479   59.9449104321   57.7657381868   -1.8499254034 
   0.0000000000     -6.000      120.000000   0.268221       1057.3323    0.0000367609    0.0004212780   59.9121952646   57.7227828132   -1.8489096512 
   0.0000000000     -5.000      120.000000   0.268062       1056.8859    0.0000365418    0.0004224164   59.8812536578   57.6821950034   -1.8478962069 
   0.0000000000     -4.000      120.000000   0.267903       1056.4390    0.0000363305    0.0004234745   59.8520195663   57.6438306755   -1.8468831029 
   0.0000000000     -3.000      120.000000   0.267744       1055.9912    0.0000361269    0.0004244556   59.8244704332   57.6076562976   -1.8458712204 
   0.0000000000     -2.000      120.000000   0.267584       1055.5426    0.0000359307    0.0004253655   59.7985713603   57.5736051591   -1.8448604783 
   0.0000000000     -1.000      120.000000   0.267425       1055.0933    0.0000357415    0.0004262096   59.7742892758   57.5416138115   -1.8438507973 
   0.0000000000      0.000      120.000000   0.267265       1054.6433    0.0000355591    0.0004269931   59.7515928343   57.5116218968   -1.8428420998 
   0.0000000000      1.000      120.000000   0.267105       1054.1927    0.0000353832    0.0004277208   59.7304523214   57.4835719860   -1.8418343098 
   0.0000000000      2.000      120.000000   0.266945       1053.7415    0.0000352136    0.0004283974   59.7108395657   57.4574094271   -1.8408273526 
   0.0000000000      3.000      120.000000   0.266785       1053.2899    0.0000350499    0.0004290273   59.6927278583   57.4330822048   -1.8398211550 
   0.0000000000      4.000      120.000000   0.266624       1052.8378    0.0000348921    0.0004296146   59.6760918733   57.4105408039   -1.8388156451 
   0.0000000000      5.000      120.000000   0.266464       1052.3853    0.0000347398    0.0004301634   59.6609075976   57.3897380858   -1.8378107524 
   0.0000000000      6.000      120.000000   0.266303       1051.9324    0.0000345929    0.0004306775   59.6471522609   57.3706291643   -1.8368064071 
   0.0000000000      7.000      120.000000   0.266143       1051.4792    0.0000344511    0.0004311604   59.6348042740   57.3531712986   -1.8358025411 
   0.0000000000      8.000      120.000000   0.265982       1051.0257    0.0000343143    0.0004316156   59.6238431675   57.3373237827   -1.8347990869 
   0.0000000000      9.000      120.000000   0.265822       1050.5720    0.0000341824    0.0004320464   59.6142495369   57.3230478482   -1.8337959782 
   0.0000000000     10.000      120.000000   0.265661       1050.1180    0.0000340551    0.0004324559   59.6060049877   57.3103065671   -1.8327931496 
   0.0000000000     11.000      120.000000   0.265501       1049.6637    0.0000339323    0.0004328471   59.5990920880   57.2990647646   -1.8317905364 
   0.0000000000     12.000      120.000000   0.265340       1049.2093    0.0000338138    0.0004332229   59.5934943204   57.2892889330   -1.8307880751 
   0.0000000000     13.000      120.000000   0.265180       1048.7547    0.0000336996    0.0004335859   59.5891960372   57.2809471516   -1.8297857027 
   0.0000000000     14.000      120.000000   0.265019       1048.2999    0.0000335894    0.0004339388   59.5861824198   57.2740090120   -1.8287833570 
   0.0000000000     15.000      120.000000   0.264858       1047.8449    0.0000334832    0.0004342840   59.5844394388   57.2684455452   -1.8277809765 
   0.0000000000     16.000      120.000000   0.264698       1047.3898    0.0000333809    0.0004346239   59.5839538178   57.2642291555   -1.8267785005 
   0.0000000000     17.000      120.000000   0.264537       1046.9345    0.0000332823    0.0004349609   59.5847129967   57.2613335542   -1.8257758688 
   0.0000000000     18.000      120.000000   0.264377       1046.4790    0.0000331873    0.0004352970   59.5867051005   57.2597337004   -1.8247730218 
   0.0000000000     19.000      120.000000   0.264216       1046.0234    0.0000330958    0.0004356343   59.5899189064   57.2594057420   -1.8237699004 
   0.0000000000     20.000      120.000000   0.264056       1045.5677    0.0000330077    0.0004359749   59.5943438154   57.2603269622   -1.8227664462 
   0.0000000000     21.000      120.000000   0.263895       1045.1117    0.0000329230    0.0004363206   59.5999698240   57.2624757271   -1.8217626011 
   0.0000000000     22.000      120.000000   0.263735       1044.6557    0.0000328416    0.0004366733   59.6067874972   57.2658314362   -1.8207583077 
   0.0000000000     23.000      120.000000   0.263574       1044.1994    0.0000327634    0.0004370348   59.6147879439   57.2703744762   -1.8197535088 
   0.0000000000     24.000      120.000000   0.263414       1043.7430    0.0000326882    0.0004374067   59.6239627933   57.2760861770   -1.8187481477 
   0.0000000000     25.000      120.000000   0.263254       1043.2863    0.0000326161    0.0004377907   59.6343041717   57.2829487682   -1.8177421681 
   0.0000000000     26.000      120.000000   0.263093       1042.8295    0.0000325470    0.0004381882   59.6458046821   57.2909453411   -1.8167355141 
   0.0000000000     27.000      120.000000   0.262933       1042.3724    0.0000324807    0.0004386010   59.6584573830   57.3000598096   -1.8157281301 
   0.0000000000     28.000      120.000000   0.262772       1041.9151    0.0000324174    0.0004390302   59.6722557699   57.3102768738   -1.8147199607 
   0.0000000000     29.000      120.000000   0.262612       1041.4576    0.0000323568    0.0004394774   59.6871937565   57.3215819871   -1.8137109511 
   0.0000000000     30.000      120.000000   0.262451       1040.9997    0.0000322990    0.0004399440   59.7032656580   57.3339613226   -1.8127010463 
   0.0000000000     31.000      120.000000   0.262291       1040.5416    0.0000322438    0.0004404310   59.7204661740   57.3474017420   -1.8116901921 
   0.0000000000     32.000      120.000000   0.262130       1040.0831    0.0000321913    0.0004409400   59.7387903732   57.3618907668   -1.8106783341 
   0.0000000000     33.000      120.000000   0.261969       1039.6244    0.0000321414    0.0004414719   59.7582336788   57.3774165502   -1.8096654183 
   0.0000000000     34.000      120.000000   0.261809       1039.1652    0.0000320941    0.0004420280   59.7787918534   57.3939678496   -1.8086513908 
   0.0000000000     35.000      120.000000   0.261648       1038.7057    0.0000320493    0.0004426094   59.8004609866   57.4115340022   -1.8076361982 
   0.0000000000     36.000      120.000000   0.261487       1038.2457    0.0000320070    0.0004432172   59.8232374818   57.4301049004   -1.8066197868 
   0.0000000000     37.000      120.000000   0.261326       1037.7853    0.0000319672    0.0004438525   59.8471180434   57.4496709685   -1.8056021033 
   0.0000000000     38.000      120.000000   0.261165       1037.3245    0.0000319297    0.0004445162   59.8720996660   57.4702231412   -1.8045830946 
   0.0000000000     39.000      120.000000   0.261004       1036.8631    0.0000318947    0.0004452093   59.8981796227   57.4917528423   -1.8035627075 
   0.0000000000     40.000      120.000000   0.260843       1036.4012    0.0000318621    0.0004459328   59.9253554551   57.5142519651   -1.8025408891 
   0.0000000000     41.000      120.000000   0.260681       1035.9388    0.0000318318    0.0004466875   59.9536249622   57.5377128532   -1.8015175865 
   0.0000000000     42.000      120.000000   0.260520       1035.4757    0.0000318038    0.0004474745   59.9829861917   57.5621282819   -1.8004927469 
   0.0000000000     43.000      120.000000   0.260358       1035.0121    0.0000317782    0.0004482946   60.0134374304   57.5874914421   -1.7994663176 
   0.0000000000     44.000      120.000000   0.260197       1034.5477    0.0000317548    0.0004491485   60.0449771949   57.6137959223   -1.7984382458 
   0.0000000000     45.000      120.000000   0.260035       1034.0827    0.0000317337    0.0004500372   60.0776042238   57.6410356936   -1.7974084789 
   0.0000000000     46.000      120.000000   0.259872       1033.6170    0.0000317149    0.0004509614   60.1113174692   57.6692050945   -1.7963769642 
   0.0000000000     47.000      120.000000   0.259710       1033.1505    0.0000316983    0.0004519220   60.1461160889   57.6982988166   -1.7953436493 
   0.0000000000     48.000      120.000000   0.259548       1032.6832    0.0000316839    0.0004529196   60.1819994390   57.7283118904   -1.7943084813 
   0.0000000000     49.000      120.000000   0.259385       1032.2150    0.0000316718    0.0004539551   60.2189670669   57.7592396725   -1.7932714079 
   0.0000000000     50.000      120.000000   0.259222       1031.7460    0.0000316619    0.0004550290   60.2570187037   57.7910778324   -1.7922323762 
   0.0000000000     51.000      120.000000   0.259059       1031.2761    0.0000316542    0.0004561423   60.2961542584   57.8238223412   -1.7911913338 
   0.0000000000     52.000      120.000000   0.258895       1030.8052    0.0000316487    0.0004572955   60.3363738109   57.8574694593   -1.7901482278 
   0.0000000000     53.000      120.000000   0.258731       1030.3333    0.0000316453    0.0004584893   60.3776776059   57.8920157254   -1.7891030055 
   0.0000000000     54.000      120.000000   0.258567       1029.8604    0.0000316442    0.0004597244   60.4200660471   57.9274579462   -1.7880556141 
   0.0000000000     55.000      120.000000   0.258403       1029.3864    0.0000316452    0.0004610014   60.4635396910   57.9637931856   -1.7870060009 
   0.0000000000     56.000      120.000000   0.258238       1028.9113    0.0000316485    0.0004623211   60.5080992418   58.0010187553   -1.7859541127 
   0.0000000000     57.000      120.000000   0.258073       1028.4350    0.0000316539    0.0004636839   60.5537455452   58.0391322050   -1.7848998967 
   0.0000000000     58.000      120.000000   0.257908       1027.9575    0.0000316615    0.0004650905   60.6004795841   58.0781313133   -1.7838432997 
   0.0000000000     59.000      120.000000   0.257742       1027.4788    0.0000316713    0.0004665416   60.6483024722   58.1180140793   -1.7827842685 
   0.0000000000     60.000      120.000000   0.257576       1026.9988    0.0000316833    0.0004680377   60.6972154499   58.1587787132   -1.7817227497 
   0.0000000000     61.000      120.000000   0.257410       1026.5174    0.0000316974    0.0004695794   60.7472198792   58.2004236295   -1.7806586900 
   0.0000000000     62.000      120.000000   0.257243       1026.0347    0.0000317138    0.0004711673   60.7983172382   58.2429474377   -1.7795920357 
   0.0000000000     63.000      120.000000   0.257076       1025.5505    0.0000317324    0.0004728020   60.8505091174   58.2863489357   -1.7785227332 
   0.0000000000     64.000      120.000000   0.256908       1025.0649    0.0000317531    0.0004744839   60.9037972141   58.3306271015   -1.7774507286 
   0.0000000000     65.000      120.000000   0.256740       1024.5778    0.0000317761    0.0004762138   60.9581833284   58.3757810869   -1.7763759679 
   0.0000000000     66.000      120.000000   0.256572       1024.0891    0.0000318013    0.0004779921   61.0136693584   58.4218102099   -1.7752983971 
   0.0000000000     67.000      120.000000   0.256402       1023.5987    0.0000318288    0.0004798193   61.0702572960   58.4687139484   -1.7742179616 
   0.0000000000     68.000      120.000000   0.256233       1023.1068    0.0000318585    0.0004816961   61.1279492219   58.5164919331   -1.7731346072 
   0.0000000000     69.000      120.000000   0.256063       1022.6131    0.0000318904    0.0004836229   61.1867473019   58.5651439413   -1.7720482792 
   0.0000000000     70.000      120.000000   0.255892       1022.1176    0.0000319246    0.0004856002   61.2466537821   58.6146698911   -1.7709589226 
   0.0000000000     71.000      120.000000   0.255721       1021.6204    0.0000319610    0.0004876287   61.3076709848   58.6650698343   -1.7698664825 
   0.0000000000     72.000      120.000000   0.255550       1021.1213    0.0000319998    0.0004897087   61.3698013039   58.7163439515   -1.7687709037 
   0.0000000000     73.000      120.000000   0.255377       1020.6203    0.0000320409    0.0004918409   61.4330472008   58.7684925455   -1.7676721307 
   0.0000000000     74.000      120.000000   0.255205       1020.1173    0.0000320842    0.0004940257   61.4974111999   58.8215160357   -1.7665701080 
   0.0000000000     75.000      120.000000   0.255031       1019.6123    0.0000321299    0.0004962636   61.5628958843   58.8754149526   -1.7654647796 
   0.0000000000     76.000      120.000000   0.254857       1019.1053    0.0000321779    0.0004985552   61.6295038916   58.9301899320   -1.7643560895 
   0.0000000000     77.000      120.000000   0.254682       1018.5961    0.0000322283    0.0005009009   61.6972379091   58.9858417098   -1.7632439814 
   0.0000000000     78.000      120.000000   0.254507       1018.0848    0.0000322811    0.0005033012   61.7661006700   59.0423711163   -1.7621283988 
   0.0000000000     79.000      120.000000   0.254331       1017.5713    0.0000323363    0.0005057567   61.8360949481   59.0997790709   -1.7610092849 
   0.0000000000     80.000      120.000000   0.254154       1017.0555    0.0000323938    0.0005082678   61.9072235542   59.1580665769   -1.7598865827 
   0.0000000000     81.000      120.000000   0.253977       1016.5374    0.0000324538    0.0005108349   61.9794893307   59.2172347160   -1.7587602350 
   0.0000000000     82.000      120.000000   0.253799       1016.0169    0.0000325163    0.0005134587   62.0528951475   59.2772846433   -1.7576301844 
   0.0000000000     83.000      120.000000   0.253620       1015.4940    0.0000325812    0.0005161396   62.1274438972   59.3382175819   -1.7564963729 
   0.0000000000     84.000      120.000000   0.253440       1014.9687    0.0000326485    0.0005188780   62.2031384903   59.4000348178   -1.7553587427 
   0.0000000000     85.000      120.000000   0.253260       1014.4407    0.0000327184    0.0005216745   62.2799818503   59.4627376944   -1.7542172354 
   0.0000000000     86.000      120.000000   0.253079       1013.9102    0.0000327909    0.0005245295   62.3579769088   59.5263276078   -1.7530717926 
   0.0000000000     87.000      120.000000   0.252897       1013.3771    0.0000328658    0.0005274435   62.4371266008   59.5908060012   -1.7519223553 
   0.0000000000     88.000      120.000000   0.252714       1012.8412    0.0000329434    0.0005304170   62.5174338589   59.6561743598   -1.7507688646 
   0.0000000000     89.000      120.000000   0.252530       1012.3026    0.0000330235    0.0005334504   62.5989016090   59.7224342055   -1.7496112609 
   0.0000000000     90.000      120.000000   0.252346       1011.7612    0.0000331062    0.0005365442   62.6815327642   59.7895870920   -1.7484494848 
   0.0000000000     91.000      120.000000   0.252160       1011.2169    0.0000331916    0.0005396990   62.7653302200   59.8576345987   -1.7472834762 
   0.0000000000     92.000      120.000000   0.251974       1010.6696    0.0000332796    0.0005429151   62.8502968484   59.9265783261   -1.7461131749 
   0.0000000000     93.000      120.000000   0.251787       1010.1194    0.0000333704    0.0005461931   62.9364354924   59.9964198902   -1.7449385205 
   0.0000000000     94.000      120.000000   0.251599       1009.5662    0.0000334638    0.0005495333   63.0237489603   60.0671609168   -1.7437594520 
   0.0000000000     95.000      120.000000   0.251410       1009.0098    0.0000335600    0.0005529363   63.1122400197   60.1388030365   -1.7425759084 
   0.0000000000     96.000      120.000000   0.251220       1008.4503    0.0000336589    0.0005564026   63.2019113916   60.2113478785   -1.7413878282 
   0.0000000000     97.000      120.000000   0.251029       1007.8876    0.0000337606    0.0005599325   63.2927657441   60.2847970656   -1.7401951499 
   0.0000000000     98.000      120.000000   0.250837       1007.3216    0.0000338652    0.0005635266   63.3848056863   60.3591522081   -1.7389978113 
   0.0000000000     99.000      120.000000   0.250644       1006.7523    0.0000339725    0.0005671853   63.4780337620   60.4344148980   -1.7377957502 
   0.0000000000    100.000      120.000000   0.250449       1006.1795    0.0000340828    0.0005709090   63.5724524425   60.5105867036   -1.7365889040 
   0.0000000000    101.000      120.000000   0.250254       1005.6034    0.0000341959    0.0005746982   63.6680641208   60.5876691629   -1.7353772098 
   0.0000000000    102.000      120.000000   0.250058       1005.0237    0.0000343120    0.0005785534   63.7648711038   60.6656637780   -1.7341606042 
   0.0000000000    103.000      120.000000   0.249861       1004.4404    0.0000344310    0.0005824750   63.8628756061   60.7445720089   -1.7329390240 
   0.0000000000    104.000      120.000000   0.249662       1003.8535    0.0000345530    0.0005864635   63.9620797423   60.8243952671   -1.7317124051 
   0.0000000000    105.000      120.000000   0.249463       1003.2630    0.0000346780    0.0005905192   64.0624855197   60.9051349095   -1.7304806836 
   0.0000000000    106.000      120.000000   0.249262       1002.6686    0.0000348060    0.0005946426   64.1640948310   60.9867922317   -1.7292437949 
   0.0000000000    107.000      120.000000   0.249060       1002.0705    0.0000349371    0.0005988342   64.2669094466   61.0693684616   -1.7280016744 
   0.0000000000    108.000      120.000000   0.248857       1001.4684    0.0000350714    0.0006030944   64.3709310065   61.1528647526   -1.7267542571 
   0.0000000000    109.000      120.000000   0.248653       1000.8625    0.0000352087    0.0006074235   64.4761610128   61.2372821771   -1.7255014777 
   0.0000000000    110.000      120.000000   0.248447       1000.2525    0.0000353492    0.0006118221   64.5826008208   61.3226217191   -1.7242432705 
   0.0000000000    111.000      120.000000   0.248240        999.6385    0.0000354929    0.0006162906   64.6902516313   61.4088842676   -1.7229795698 
   0.0000000000    112.000      120.000000   0.248032        999.0204    0.0000356398    0.0006208292   64.7991144817   61.4960706092   -1.7217103092 
   0.0000000000    113.000      120.000000   0.247823        998.3980    0.0000357899    0.0006254386   64.9091902375   61.5841814209   -1.7204354225 
   0.0000000000    114.000      120.000000   0.247612        997.7715    0.0000359434    0.0006301189   65.0204795833   61.6732172629   -1.7191548428 
   0.0000000000    115.000      120.000000   0.247401        997.1406    0.0000361001    0.0006348707   65.1329830138   61.7631785704   -1.7178685032 
   0.0000000000    116.000      120.000000   0.247187        996.5053    0.0000362602    0.0006396943   65.2467008244   61.8540656466   -1.7165763364 
   0.0000000000    117.000      120.000000   0.246973        995.8656    0.0000364237    0.0006445901   65.3616331020   61.9458786544   -1.7152782749 
   0.0000000000    118.000      120.000000   0.246757        995.2214    0.0000365906    0.0006495585   65.4777797154   62.0386176089   -1.7139742510 
   0.0000000000    119.000      120.000000   0.246539        994.5727    0.0000367609    0.0006545997   65.5951403055   62.1322823688   -1.7126641967 
   0.0000000000    120.000      120.000000   0.246321        993.9193    0.0000369347    0.0006597143   65.7137142751   62.2268726286   -1.7113480436 
   0.0000000000    121.000      120.000000   0.246100        993.2613    0.0000371121    0.0006649024   65.8335007791   62.3223879098   -1.7100257234 
   0.0000000000    122.000      120.000000   0.245879        992.5985    0.0000372929    0.0006701645   65.9544987143   62.4188275528   -1.7086971674 
   0.0000000000    123.000      120.000000   0.245656        991.9308    0.0000374773    0.0006755008   66.0767067085   62.5161907080   -1.7073623066 
   0.0000000000    124.000      120.000000   0.245431        991.2583    0.0000376654    0.0006809117   66.2001231104   62.6144763272   -1.7060210721 
   0.0000000000    125.000      120.000000   0.245205        990.5809    0.0000378571    0.0006863975   66.3247459783   62.7136831542   -1.7046733944 
   0.0000000000    126.000      120.000000   0.244978        989.8984    0.0000380524    0.0006919584   66.4505730695   62.8138097165   -1.7033192041 
