  #sigma_s    Temp(C) Press(Mpa) p_meanfield density (kg/m^3)      kappa      alpha Cp(J/molK) Cv(J/molK)  mu(J/mol)
   0.0000000000   -173.000      300.000000   0.470764       1268.1689    0.0000144857    0.0009186072   75.1513820638   67.0589792978   -1.9122096660 
   0.0000000000   -172.000      300.000000   0.470268       1267.0087    0.0000126553    0.0008976418   74.9406512543   66.9068305769   -1.9108611238 
   0.0000000000   -171.000      300.000000   0.469775       1265.8512    0.0000136062    0.0009115279   74.5461590458   66.4527720319   -1.9095121951 
   0.0000000000   -170.000      300.000000   0.469282       1264.6945    0.0000139024    0.0009162816   74.2670498507   66.1504389505   -1.9081647598 
   0.0000000000   -169.000      300.000000   0.468790       1263.5370    0.0000141153    0.0009246773   74.0326159416   65.8548584507   -1.9068172342 
   0.0000000000   -168.000      300.000000   0.468297       1262.3795    0.0000142466    0.0009166014   73.8959793818   65.7970779452   -1.9054702886 
   0.0000000000   -167.000      300.000000   0.467806       1261.2241    0.0000137665    0.0009095827   73.6911653621   65.6202422209   -1.9041240583 
   0.0000000000   -166.000      300.000000   0.467316       1260.0690    0.0000142396    0.0009145970   73.4528308727   65.3680894128   -1.9027782906 
   0.0000000000   -165.000      300.000000   0.466826       1258.9145    0.0000142615    0.0009151186   73.2264872608   65.1370726053   -1.9014332653 
   0.0000000000   -164.000      300.000000   0.466337       1257.7606    0.0000145452    0.0009166295   73.0250010046   64.9397895033   -1.9000890136 
   0.0000000000   -163.000      300.000000   0.465849       1256.6076    0.0000148600    0.0009170897   72.8241428609   64.7543459737   -1.8987454463 
   0.0000000000   -162.000      300.000000   0.465362       1255.4555    0.0000151077    0.0009173261   72.6396199837   64.5825798083   -1.8974027329 
   0.0000000000   -161.000      300.000000   0.464876       1254.3043    0.0000151242    0.0009170328   72.4393159727   64.3842553380   -1.8960607298 
   0.0000000000   -160.000      300.000000   0.464390       1253.1541    0.0000153323    0.0009170993   72.2490770670   64.2054693448   -1.8947195569 
   0.0000000000   -159.000      300.000000   0.463905       1252.0049    0.0000155531    0.0009180852   72.0651044374   64.0256347550   -1.8933792378 
   0.0000000000   -158.000      300.000000   0.463422       1250.8569    0.0000156645    0.0009173469   71.8917603376   63.8642730419   -1.8920397943 
   0.0000000000   -157.000      300.000000   0.462939       1249.7101    0.0000158833    0.0009177851   71.7171790694   63.6983159218   -1.8907012358 
   0.0000000000   -156.000      300.000000   0.462457       1248.5644    0.0000159682    0.0009171145   71.5460935322   63.5367702528   -1.8893636105 
   0.0000000000   -155.000      300.000000   0.461976       1247.4201    0.0000161095    0.0009169035   71.3807562932   63.3805586963   -1.8880269153 
   0.0000000000   -154.000      300.000000   0.461496       1246.2771    0.0000162369    0.0009162772   71.2187537842   63.2303511432   -1.8866912127 
   0.0000000000   -153.000      300.000000   0.461017       1245.1356    0.0000164165    0.0009161683   71.0596714871   63.0818235508   -1.8853565211 
   0.0000000000   -152.000      300.000000   0.460540       1243.9955    0.0000165737    0.0009158264   70.9034318305   62.9366613281   -1.8840228599 
   0.0000000000   -151.000      300.000000   0.460063       1242.8570    0.0000167065    0.0009153583   70.7506542138   62.7944412651   -1.8826902551 
   0.0000000000   -150.000      300.000000   0.459587       1241.7201    0.0000168587    0.0009148415   70.6008515720   62.6567782459   -1.8813587416 
   0.0000000000   -149.000      300.000000   0.459113       1240.5849    0.0000170119    0.0009143595   70.4540608309   62.5218133224   -1.8800283555 
   0.0000000000   -148.000      300.000000   0.458640       1239.4514    0.0000171602    0.0009137310   70.3104274052   62.3909018948   -1.8786991000 
   0.0000000000   -147.000      300.000000   0.458167       1238.3198    0.0000173057    0.0009131275   70.1693981942   62.2621346808   -1.8773710230 
   0.0000000000   -146.000      300.000000   0.457697       1237.1900    0.0000174489    0.0009124440   70.0304340824   62.1359161234   -1.8760441448 
   0.0000000000   -145.000      300.000000   0.457227       1236.0621    0.0000175938    0.0009116836   69.8948138908   62.0137425951   -1.8747184942 
   0.0000000000   -144.000      300.000000   0.456759       1234.9363    0.0000177353    0.0009108547   69.7613144394   61.8940052404   -1.8733940998 
   0.0000000000   -143.000      300.000000   0.456291       1233.8125    0.0000178732    0.0009099600   69.6302029106   61.7769381544   -1.8720709819 
   0.0000000000   -142.000      300.000000   0.455826       1232.6909    0.0000180117    0.0009090318   69.5014396277   61.6624772107   -1.8707491720 
   0.0000000000   -141.000      300.000000   0.455361       1231.5714    0.0000181496    0.0009080579   69.3747941596   61.5504324841   -1.8694286983 
   0.0000000000   -140.000      300.000000   0.454898       1230.4542    0.0000182860    0.0009070142   69.2504047573   61.4410877956   -1.8681095840 
   0.0000000000   -139.000      300.000000   0.454436       1229.3394    0.0000184188    0.0009059179   69.1280046446   61.3339137497   -1.8667918562 
   0.0000000000   -138.000      300.000000   0.453976       1228.2269    0.0000185534    0.0009047742   69.0075737604   61.2291571777   -1.8654755386 
   0.0000000000   -137.000      300.000000   0.453517       1227.1168    0.0000186842    0.0009035721   68.8890566608   61.1265264766   -1.8641606595 
   0.0000000000   -136.000      300.000000   0.453060       1226.0093    0.0000188139    0.0009023077   68.7724505974   61.0262220809   -1.8628472417 
   0.0000000000   -135.000      300.000000   0.452604       1224.9044    0.0000189433    0.0009010030   68.6576398437   60.9279791618   -1.8615353121 
   0.0000000000   -134.000      300.000000   0.452149       1223.8021    0.0000190706    0.0008996418   68.5445047137   60.8317187709   -1.8602248942 
   0.0000000000   -133.000      300.000000   0.451696       1222.7024    0.0000191951    0.0008982210   68.4330853664   60.7374653845   -1.8589160122 
   0.0000000000   -132.000      300.000000   0.451245       1221.6056    0.0000193196    0.0008967518   68.3233046236   60.6452103563   -1.8576086902 
   0.0000000000   -131.000      300.000000   0.450795       1220.5115    0.0000194418    0.0008952301   68.2150818544   60.5547743113   -1.8563029516 
   0.0000000000   -130.000      300.000000   0.450347       1219.4203    0.0000195625    0.0008936552   68.1084291619   60.4662210698   -1.8549988197 
   0.0000000000   -129.000      300.000000   0.449900       1218.3320    0.0000196810    0.0008920273   68.0032346047   60.3794036660   -1.8536963162 
   0.0000000000   -128.000      300.000000   0.449455       1217.2467    0.0000197983    0.0008903540   67.8994677543   60.2942846672   -1.8523954644 
   0.0000000000   -127.000      300.000000   0.449012       1216.1645    0.0000199141    0.0008886284   67.7971218883   60.2108966812   -1.8510962854 
   0.0000000000   -126.000      300.000000   0.448569       1215.0850    0.0000200277    0.0008868526   67.6961030995   60.1291121994   -1.8497998428 
   0.0000000000   -125.000      300.000000   0.448129       1214.0089    0.0000201398    0.0008850286   67.5964180461   60.0489205916   -1.8485040603 
   0.0000000000   -124.000      300.000000   0.447690       1212.9361    0.0000202501    0.0008831567   67.4980149767   59.9702715304   -1.8472100140 
   0.0000000000   -123.000      300.000000   0.447254       1211.8665    0.0000203587    0.0008812371   67.4008394195   59.8931217229   -1.8459177240 
   0.0000000000   -122.000      300.000000   0.446819       1210.8003    0.0000204654    0.0008792715   67.3048840018   59.8174374158   -1.8446272103 
   0.0000000000   -121.000      300.000000   0.446386       1209.7373    0.0000205703    0.0008772590   67.2101050976   59.7431902476   -1.8433384915 
   0.0000000000   -120.000      300.000000   0.445954       1208.6778    0.0000206735    0.0008752024   67.1164574969   59.6703119819   -1.8420515864 
   0.0000000000   -119.000      300.000000   0.445525       1207.6217    0.0000207749    0.0008731016   67.0239382210   59.5988045871   -1.8407665131 
   0.0000000000   -118.000      300.000000   0.445097       1206.5691    0.0000208747    0.0008709582   66.9324892574   59.5286001365   -1.8394832893 
   0.0000000000   -117.000      300.000000   0.444671       1205.5200    0.0000209725    0.0008687721   66.8421018269   59.4596830694   -1.8382019320 
   0.0000000000   -116.000      300.000000   0.444246       1204.4744    0.0000210685    0.0008665440   66.7527431775   59.3920186091   -1.8369224579 
   0.0000000000   -115.000      300.000000   0.443824       1203.4325    0.0000211628    0.0008642756   66.6643898317   59.3255752079   -1.8356448830 
   0.0000000000   -114.000      300.000000   0.443403       1202.3943    0.0000212552    0.0008619674   66.5770148577   59.2603188993   -1.8343692231 
   0.0000000000   -113.000      300.000000   0.442985       1201.3597    0.0000213458    0.0008596205   66.4905942302   59.1962204430   -1.8330954930 
   0.0000000000   -112.000      300.000000   0.442568       1200.3289    0.0000214347    0.0008572358   66.4051101429   59.1332602927   -1.8318237075 
   0.0000000000   -111.000      300.000000   0.442153       1199.3018    0.0000215218    0.0008548143   66.3205388952   59.0714016146   -1.8305538806 
   0.0000000000   -110.000      300.000000   0.441740       1198.2785    0.0000216071    0.0008523568   66.2368565580   59.0106189536   -1.8292860256 
   0.0000000000   -109.000      300.000000   0.441329       1197.2591    0.0000216906    0.0008498642   66.1540471531   58.9508880513   -1.8280201558 
   0.0000000000   -108.000      300.000000   0.440920       1196.2435    0.0000217723    0.0008473374   66.0720910127   58.8921866662   -1.8267562834 
   0.0000000000   -107.000      300.000000   0.440512       1195.2319    0.0000218523    0.0008447779   65.9909705903   58.8344866941   -1.8254944205 
   0.0000000000   -106.000      300.000000   0.440107       1194.2241    0.0000219305    0.0008421861   65.9106672123   58.7777664197   -1.8242345784 
   0.0000000000   -105.000      300.000000   0.439703       1193.2204    0.0000220070    0.0008395631   65.8311658582   58.7220032975   -1.8229767681 
   0.0000000000   -104.000      300.000000   0.439302       1192.2206    0.0000220817    0.0008369100   65.7524497986   58.6671759044   -1.8217209999 
   0.0000000000   -103.000      300.000000   0.438902       1191.2248    0.0000221546    0.0008342275   65.6745038821   58.6132616746   -1.8204672836 
   0.0000000000   -102.000      300.000000   0.438505       1190.2331    0.0000222259    0.0008315169   65.5973141092   58.5602416194   -1.8192156285 
   0.0000000000   -101.000      300.000000   0.438109       1189.2454    0.0000222955    0.0008287792   65.5208659419   58.5080944832   -1.8179660435 
   0.0000000000   -100.000      300.000000   0.437715       1188.2619    0.0000223633    0.0008260152   65.4451466793   58.4568016642   -1.8167185367 
   0.0000000000    -99.000      300.000000   0.437323       1187.2824    0.0000224295    0.0008232257   65.3701438685   58.4063455222   -1.8154731160 
   0.0000000000    -98.000      300.000000   0.436934       1186.3071    0.0000224940    0.0008204120   65.2958446508   58.3567067602   -1.8142297886 
   0.0000000000    -97.000      300.000000   0.436546       1185.3359    0.0000225568    0.0008175749   65.2222380758   58.3078689128   -1.8129885611 
   0.0000000000    -96.000      300.000000   0.436160       1184.3689    0.0000226180    0.0008147154   65.1493124735   58.2598143139   -1.8117494398 
   0.0000000000    -95.000      300.000000   0.435776       1183.4061    0.0000226776    0.0008118343   65.0770572363   58.2125263405   -1.8105124305 
   0.0000000000    -94.000      300.000000   0.435394       1182.4474    0.0000227355    0.0008089328   65.0054629769   58.1659901655   -1.8092775382 
   0.0000000000    -93.000      300.000000   0.435015       1181.4930    0.0000227919    0.0008060116   64.9345188443   58.1201894899   -1.8080447677 
   0.0000000000    -92.000      300.000000   0.434637       1180.5429    0.0000228467    0.0008030717   64.8642167021   58.0751103580   -1.8068141233 
   0.0000000000    -91.000      300.000000   0.434261       1179.5969    0.0000228999    0.0008001141   64.7945470964   58.0307378540   -1.8055856085 
   0.0000000000    -90.000      300.000000   0.433887       1178.6552    0.0000229516    0.0007971397   64.7255015612   57.9870578549   -1.8043592267 
   0.0000000000    -89.000      300.000000   0.433515       1177.7178    0.0000230017    0.0007941493   64.6570724595   57.9440574841   -1.8031349805 
   0.0000000000    -88.000      300.000000   0.433145       1176.7847    0.0000230504    0.0007911439   64.5892518411   57.9017234450   -1.8019128722 
   0.0000000000    -87.000      300.000000   0.432777       1175.8558    0.0000230975    0.0007881243   64.5220322536   57.8600429553   -1.8006929036 
   0.0000000000    -86.000      300.000000   0.432411       1174.9313    0.0000231432    0.0007850914   64.4554069520   57.8190039102   -1.7994750760 
   0.0000000000    -85.000      300.000000   0.432047       1174.0110    0.0000231874    0.0007820461   64.3893690451   57.7785943355   -1.7982593902 
   0.0000000000    -84.000      300.000000   0.431685       1173.0950    0.0000232302    0.0007789893   64.3239124347   57.7388030992   -1.7970458466 
   0.0000000000    -83.000      300.000000   0.431325       1172.1833    0.0000232716    0.0007759217   64.2590309106   57.6996188741   -1.7958344452 
   0.0000000000    -82.000      300.000000   0.430967       1171.2760    0.0000233115    0.0007728442   64.1947188674   57.6610310712   -1.7946251853 
   0.0000000000    -81.000      300.000000   0.430611       1170.3729    0.0000233501    0.0007697576   64.1309707008   57.6230292278   -1.7934180660 
   0.0000000000    -80.000      300.000000   0.430257       1169.4742    0.0000233874    0.0007666627   64.0677813176   57.5856033097   -1.7922130859 
   0.0000000000    -79.000      300.000000   0.429905       1168.5797    0.0000234233    0.0007635604   64.0051458366   57.5487438278   -1.7910102430 
   0.0000000000    -78.000      300.000000   0.429555       1167.6896    0.0000234578    0.0007604514   63.9430594479   57.5124411464   -1.7898095352 
   0.0000000000    -77.000      300.000000   0.429207       1166.8038    0.0000234911    0.0007573364   63.8815178380   57.4766863918   -1.7886109596 
   0.0000000000    -76.000      300.000000   0.428861       1165.9223    0.0000235231    0.0007542163   63.8205168431   57.4414708359   -1.7874145131 
   0.0000000000    -75.000      300.000000   0.428516       1165.0451    0.0000235538    0.0007510918   63.7600523816   57.4067858284   -1.7862201921 
   0.0000000000    -74.000      300.000000   0.428174       1164.1722    0.0000235833    0.0007479636   63.7001207771   57.3726234427   -1.7850279927 
   0.0000000000    -73.000      300.000000   0.427834       1163.3036    0.0000236116    0.0007448324   63.6407184247   57.3389754931   -1.7838379104 
   0.0000000000    -72.000      300.000000   0.427495       1162.4393    0.0000236387    0.0007416990   63.5818420950   57.3058346679   -1.7826499404 
   0.0000000000    -71.000      300.000000   0.427159       1161.5792    0.0000236646    0.0007385641   63.5234885711   57.2731934538   -1.7814640776 
   0.0000000000    -70.000      300.000000   0.426824       1160.7235    0.0000236893    0.0007354282   63.4656549003   57.2410447730   -1.7802803162 
   0.0000000000    -69.000      300.000000   0.426492       1159.8720    0.0000237129    0.0007322922   63.4083383534   57.2093818104   -1.7790986504 
   0.0000000000    -68.000      300.000000   0.426161       1159.0248    0.0000237354    0.0007291566   63.3515363180   57.1781979577   -1.7779190737 
   0.0000000000    -67.000      300.000000   0.425832       1158.1818    0.0000237567    0.0007260222   63.2952463563   57.1474868360   -1.7767415795 
   0.0000000000    -66.000      300.000000   0.425505       1157.3430    0.0000237770    0.0007228894   63.2394661987   57.1172423001   -1.7755661605 
   0.0000000000    -65.000      300.000000   0.425180       1156.5085    0.0000237963    0.0007197591   63.1841937775   57.0874584906   -1.7743928092 
   0.0000000000    -64.000      300.000000   0.424857       1155.6782    0.0000238144    0.0007166317   63.1294271057   57.0581296634   -1.7732215178 
   0.0000000000    -63.000      300.000000   0.424535       1154.8521    0.0000238316    0.0007135080   63.0751644175   57.0292503839   -1.7720522780 
   0.0000000000    -62.000      300.000000   0.424216       1154.0302    0.0000238478    0.0007103884   63.0214040015   57.0008153380   -1.7708850813 
   0.0000000000    -61.000      300.000000   0.423898       1153.2125    0.0000238629    0.0007072735   62.9681443605   56.9728194937   -1.7697199187 
   0.0000000000    -60.000      300.000000   0.423582       1152.3990    0.0000238772    0.0007041639   62.9153841228   56.9452579595   -1.7685567809 
   0.0000000000    -59.000      300.000000   0.423268       1151.5896    0.0000238904    0.0007010602   62.8631220033   56.9181260694   -1.7673956582 
   0.0000000000    -58.000      300.000000   0.422956       1150.7843    0.0000239028    0.0006979629   62.8113568764   56.8914193325   -1.7662365407 
   0.0000000000    -57.000      300.000000   0.422646       1149.9832    0.0000239142    0.0006948726   62.7600877177   56.8651334103   -1.7650794181 
   0.0000000000    -56.000      300.000000   0.422337       1149.1861    0.0000239247    0.0006917897   62.7093136435   56.8392642012   -1.7639242797 
   0.0000000000    -55.000      300.000000   0.422031       1148.3932    0.0000239344    0.0006887147   62.6590338311   56.8138076875   -1.7627711145 
   0.0000000000    -54.000      300.000000   0.421726       1147.6043    0.0000239432    0.0006856482   62.6092476346   56.7887601090   -1.7616199113 
   0.0000000000    -53.000      300.000000   0.421422       1146.8195    0.0000239512    0.0006825906   62.5599544690   56.7641178156   -1.7604706584 
   0.0000000000    -52.000      300.000000   0.421121       1146.0387    0.0000239583    0.0006795425   62.5111538415   56.7398773089   -1.7593233438 
   0.0000000000    -51.000      300.000000   0.420821       1145.2619    0.0000239647    0.0006765042   62.4628454088   56.7160353071   -1.7581779554 
   0.0000000000    -50.000      300.000000   0.420524       1144.4891    0.0000239703    0.0006734763   62.4150288855   56.6925886059   -1.7570344806 
   0.0000000000    -49.000      300.000000   0.420227       1143.7203    0.0000239751    0.0006704591   62.3677040581   56.6695341634   -1.7558929065 
   0.0000000000    -48.000      300.000000   0.419933       1142.9555    0.0000239791    0.0006674531   62.3208708656   56.6468691301   -1.7547532200 
   0.0000000000    -47.000      300.000000   0.419640       1142.1946    0.0000239825    0.0006644588   62.2745292726   56.6245907166   -1.7536154076 
   0.0000000000    -46.000      300.000000   0.419349       1141.4376    0.0000239851    0.0006614766   62.2286793590   56.6026963290   -1.7524794557 
   0.0000000000    -45.000      300.000000   0.419060       1140.6845    0.0000239870    0.0006585068   62.1833212766   56.5811834805   -1.7513453500 
   0.0000000000    -44.000      300.000000   0.418772       1139.9353    0.0000239883    0.0006555498   62.1384552576   56.5600498132   -1.7502130765 
   0.0000000000    -43.000      300.000000   0.418486       1139.1899    0.0000239889    0.0006526061   62.0940816002   56.5392930834   -1.7490826203 
   0.0000000000    -42.000      300.000000   0.418202       1138.4484    0.0000239888    0.0006496760   62.0502006923   56.5189111855   -1.7479539668 
   0.0000000000    -41.000      300.000000   0.417919       1137.7107    0.0000239881    0.0006467600   62.0068129766   56.4989021137   -1.7468271007 
   0.0000000000    -40.000      300.000000   0.417638       1136.9768    0.0000239868    0.0006438582   61.9639189752   56.4792639927   -1.7457020066 
   0.0000000000    -39.000      300.000000   0.417358       1136.2466    0.0000239849    0.0006409712   61.9215192745   56.4599950470   -1.7445786689 
   0.0000000000    -38.000      300.000000   0.417081       1135.5202    0.0000239824    0.0006380992   61.8796145111   56.4410936066   -1.7434570715 
   0.0000000000    -37.000      300.000000   0.416804       1134.7974    0.0000239793    0.0006352427   61.8382054015   56.4225581082   -1.7423371984 
   0.0000000000    -36.000      300.000000   0.416530       1134.0784    0.0000239757    0.0006324018   61.7972927181   56.4043870995   -1.7412190330 
   0.0000000000    -35.000      300.000000   0.416257       1133.3630    0.0000239716    0.0006295770   61.7568772763   56.3865792039   -1.7401025586 
   0.0000000000    -34.000      300.000000   0.415985       1132.6513    0.0000239669    0.0006267685   61.7169599711   56.3691331728   -1.7389877582 
   0.0000000000    -33.000      300.000000   0.415715       1131.9432    0.0000239618    0.0006239768   61.6775417261   56.3520478135   -1.7378746147 
   0.0000000000    -32.000      300.000000   0.415447       1131.2387    0.0000239561    0.0006212019   61.6386235367   56.3353220555   -1.7367631106 
   0.0000000000    -31.000      300.000000   0.415180       1130.5378    0.0000239500    0.0006184444   61.6002064377   56.3189548980   -1.7356532281 
   0.0000000000    -30.000      300.000000   0.414914       1129.8404    0.0000239434    0.0006157044   61.5622915144   56.3029454297   -1.7345449494 
   0.0000000000    -29.000      300.000000   0.414650       1129.1465    0.0000239363    0.0006129822   61.5248799026   56.2872928226   -1.7334382562 
   0.0000000000    -28.000      300.000000   0.414388       1128.4561    0.0000239288    0.0006102781   61.4879727730   56.2719963218   -1.7323331302 
   0.0000000000    -27.000      300.000000   0.414127       1127.7691    0.0000239209    0.0006075924   61.4515713547   56.2570552629   -1.7312295528 
   0.0000000000    -26.000      300.000000   0.413867       1127.0856    0.0000239126    0.0006049253   61.4156769052   56.2424690439   -1.7301275049 
   0.0000000000    -25.000      300.000000   0.413609       1126.4055    0.0000239039    0.0006022770   61.3802907323   56.2282371470   -1.7290269677 
   0.0000000000    -24.000      300.000000   0.413353       1125.7288    0.0000238948    0.0005996480   61.3454141712   56.2143591089   -1.7279279217 
   0.0000000000    -23.000      300.000000   0.413098       1125.0554    0.0000238854    0.0005970382   61.3110486066   56.2008345539   -1.7268303474 
   0.0000000000    -22.000      300.000000   0.412844       1124.3854    0.0000238756    0.0005944481   61.2771954482   56.1876631538   -1.7257342251 
   0.0000000000    -21.000      300.000000   0.412592       1123.7186    0.0000238654    0.0005918779   61.2438561501   56.1748446615   -1.7246395347 
   0.0000000000    -20.000      300.000000   0.412341       1123.0552    0.0000238550    0.0005893277   61.2110321930   56.1623788771   -1.7235462563 
   0.0000000000    -19.000      300.000000   0.412091       1122.3949    0.0000238442    0.0005867978   61.1787250926   56.1502656735   -1.7224543692 
   0.0000000000    -18.000      300.000000   0.411843       1121.7379    0.0000238331    0.0005842884   61.1469363925   56.1385049716   -1.7213638531 
   0.0000000000    -17.000      300.000000   0.411596       1121.0841    0.0000238217    0.0005817997   61.1156676697   56.1270967535   -1.7202746869 
   0.0000000000    -16.000      300.000000   0.411350       1120.4334    0.0000238101    0.0005793320   61.0849205244   56.1160410506   -1.7191868499 
   0.0000000000    -15.000      300.000000   0.411106       1119.7859    0.0000237981    0.0005768853   61.0546965882   56.1053379546   -1.7181003207 
   0.0000000000    -14.000      300.000000   0.410863       1119.1414    0.0000237860    0.0005744601   61.0249975166   56.0949876009   -1.7170150780 
   0.0000000000    -13.000      300.000000   0.410621       1118.5001    0.0000237736    0.0005720563   60.9958249918   56.0849901767   -1.7159311001 
   0.0000000000    -12.000      300.000000   0.410381       1117.8617    0.0000237609    0.0005696742   60.9671807151   56.0753459162   -1.7148483653 
   0.0000000000    -11.000      300.000000   0.410142       1117.2264    0.0000237481    0.0005673141   60.9390664148   56.0660550940   -1.7137668517 
   0.0000000000    -10.000      300.000000   0.409904       1116.5941    0.0000237350    0.0005649760   60.9114838404   56.0571180381   -1.7126865370 
   0.0000000000     -9.000      300.000000   0.409668       1115.9647    0.0000237218    0.0005626602   60.8844347606   56.0485351096   -1.7116073988 
   0.0000000000     -8.000      300.000000   0.409432       1115.3383    0.0000237083    0.0005603668   60.8579209647   56.0403067159   -1.7105294148 
   0.0000000000     -7.000      300.000000   0.409198       1114.7147    0.0000236947    0.0005580960   60.8319442596   56.0324333000   -1.7094525620 
   0.0000000000     -6.000      300.000000   0.408965       1114.0940    0.0000236810    0.0005558479   60.8065064728   56.0249153459   -1.7083768177 
   0.0000000000     -5.000      300.000000   0.408734       1113.4762    0.0000236670    0.0005536228   60.7816094466   56.0177533712   -1.7073021587 
   0.0000000000     -4.000      300.000000   0.408503       1112.8611    0.0000236530    0.0005514208   60.7572550400   56.0109479291   -1.7062285619 
   0.0000000000     -3.000      300.000000   0.408274       1112.2489    0.0000236388    0.0005492420   60.7334451261   56.0044996055   -1.7051560036 
   0.0000000000     -2.000      300.000000   0.408044       1111.6390    0.0000236246    0.0005470864   60.7101709155   55.9984114860   -1.7040854827 
   0.0000000000     -1.000      300.000000   0.407817       1111.0322    0.0000236102    0.0005449546   60.6874558973   55.9926793112   -1.7030149181 
   0.0000000000      0.000      300.000000   0.407591       1110.4280    0.0000235957    0.0005428465   60.6652910769   55.9873062041   -1.7019453212 
   0.0000000000      1.000      300.000000   0.407367       1109.8266    0.0000235811    0.0005407622   60.6436783831   55.9822928731   -1.7008766678 
   0.0000000000      2.000      300.000000   0.407143       1109.2277    0.0000235665    0.0005387018   60.6226197557   55.9776400533   -1.6998089335 
   0.0000000000      3.000      300.000000   0.406920       1108.6315    0.0000235518    0.0005366656   60.6021171473   55.9733485072   -1.6987420941 
   0.0000000000      4.000      300.000000   0.406699       1108.0378    0.0000235370    0.0005346537   60.5821725183   55.9694190203   -1.6976761247 
   0.0000000000      5.000      300.000000   0.406478       1107.4467    0.0000235222    0.0005326662   60.5627878403   55.9658524031   -1.6966110008 
   0.0000000000      6.000      300.000000   0.406259       1106.8580    0.0000235074    0.0005307031   60.5439650946   55.9626494895   -1.6955466973 
   0.0000000000      7.000      300.000000   0.406040       1106.2718    0.0000234925    0.0005287647   60.5257062703   55.9598111348   -1.6944831891 
   0.0000000000      8.000      300.000000   0.405823       1105.6881    0.0000234777    0.0005268511   60.5080133652   55.9573382145   -1.6934204511 
   0.0000000000      9.000      300.000000   0.405606       1105.1068    0.0000234628    0.0005249624   60.4908883848   55.9552316260   -1.6923584577 
   0.0000000000     10.000      300.000000   0.405391       1104.5278    0.0000234480    0.0005230988   60.4743333405   55.9534922841   -1.6912971835 
   0.0000000000     11.000      300.000000   0.405177       1103.9512    0.0000234331    0.0005212602   60.4583502527   55.9521211229   -1.6902366028 
   0.0000000000     12.000      300.000000   0.404963       1103.3769    0.0000234183    0.0005194470   60.4429411452   55.9511190926   -1.6891766897 
   0.0000000000     13.000      300.000000   0.404751       1102.8049    0.0000234035    0.0005176591   60.4281080502   55.9504871619   -1.6881174182 
   0.0000000000     14.000      300.000000   0.404539       1102.2352    0.0000233888    0.0005158967   60.4138530050   55.9502263145   -1.6870587621 
   0.0000000000     15.000      300.000000   0.404329       1101.6676    0.0000233741    0.0005141599   60.4001780490   55.9503375472   -1.6860006953 
   0.0000000000     16.000      300.000000   0.404119       1101.1023    0.0000233595    0.0005124489   60.3870852308   55.9508218748   -1.6849431912 
   0.0000000000     17.000      300.000000   0.403910       1100.5391    0.0000233450    0.0005107637   60.3745766004   55.9516803227   -1.6838862233 
   0.0000000000     18.000      300.000000   0.403702       1099.9781    0.0000233305    0.0005091044   60.3626542129   55.9529139306   -1.6828297649 
   0.0000000000     19.000      300.000000   0.403495       1099.4191    0.0000233162    0.0005074712   60.3513201268   55.9545237499   -1.6817737891 
   0.0000000000     20.000      300.000000   0.403289       1098.8622    0.0000233019    0.0005058641   60.3405764044   55.9565108445   -1.6807182689 
   0.0000000000     21.000      300.000000   0.403084       1098.3074    0.0000232878    0.0005042833   60.3304251117   55.9588762882   -1.6796631772 
   0.0000000000     22.000      300.000000   0.402880       1097.7545    0.0000232738    0.0005027289   60.3208683170   55.9616211668   -1.6786084868 
   0.0000000000     23.000      300.000000   0.402676       1097.2036    0.0000232599    0.0005012009   60.3119080925   55.9647465752   -1.6775541702 
   0.0000000000     24.000      300.000000   0.402473       1096.6547    0.0000232462    0.0004996996   60.3035465116   55.9682536169   -1.6765002000 
   0.0000000000     25.000      300.000000   0.402271       1096.1076    0.0000232326    0.0004982248   60.2957856517   55.9721434064   -1.6754465483 
   0.0000000000     26.000      300.000000   0.402070       1095.5624    0.0000232192    0.0004967769   60.2886275922   55.9764170658   -1.6743931876 
   0.0000000000     27.000      300.000000   0.401870       1095.0191    0.0000232059    0.0004953558   60.2820744141   55.9810757239   -1.6733400898 
   0.0000000000     28.000      300.000000   0.401670       1094.4776    0.0000231928    0.0004939617   60.2761282012   55.9861205195   -1.6722872268 
   0.0000000000     29.000      300.000000   0.401471       1093.9378    0.0000231799    0.0004925946   60.2707910396   55.9915525973   -1.6712345706 
   0.0000000000     30.000      300.000000   0.401273       1093.3998    0.0000231672    0.0004912547   60.2660650166   55.9973731092   -1.6701820928 
   0.0000000000     31.000      300.000000   0.401076       1092.8636    0.0000231547    0.0004899421   60.2619522222   56.0035832135   -1.6691297649 
   0.0000000000     32.000      300.000000   0.400879       1092.3290    0.0000231424    0.0004886568   60.2584547478   56.0101840745   -1.6680775585 
   0.0000000000     33.000      300.000000   0.400683       1091.7960    0.0000231303    0.0004873989   60.2555746868   56.0171768630   -1.6670254447 
   0.0000000000     34.000      300.000000   0.400488       1091.2647    0.0000231184    0.0004861686   60.2533141346   56.0245627550   -1.6659733950 
   0.0000000000     35.000      300.000000   0.400293       1090.7349    0.0000231068    0.0004849659   60.2516751883   56.0323429318   -1.6649213802 
   0.0000000000     36.000      300.000000   0.400099       1090.2067    0.0000230955    0.0004837909   60.2506599469   56.0405185797   -1.6638693713 
   0.0000000000     37.000      300.000000   0.399906       1089.6801    0.0000230844    0.0004826438   60.2502705116   56.0490908901   -1.6628173393 
   0.0000000000     38.000      300.000000   0.399713       1089.1549    0.0000230735    0.0004815245   60.2505089850   56.0580610587   -1.6617652548 
   0.0000000000     39.000      300.000000   0.399521       1088.6311    0.0000230629    0.0004804333   60.2513774722   56.0674302856   -1.6607130883 
   0.0000000000     40.000      300.000000   0.399330       1088.1088    0.0000230526    0.0004793701   60.2528780802   56.0771997754   -1.6596608104 
   0.0000000000     41.000      300.000000   0.399139       1087.5879    0.0000230426    0.0004783352   60.2550129183   56.0873707362   -1.6586083914 
   0.0000000000     42.000      300.000000   0.398949       1087.0684    0.0000230329    0.0004773285   60.2577840979   56.0979443808   -1.6575558016 
   0.0000000000     43.000      300.000000   0.398759       1086.5501    0.0000230236    0.0004763501   60.2611937328   56.1089219249   -1.6565030110 
   0.0000000000     44.000      300.000000   0.398570       1086.0332    0.0000230145    0.0004754002   60.2652439394   56.1203045882   -1.6554499898 
   0.0000000000     45.000      300.000000   0.398382       1085.5175    0.0000230057    0.0004744789   60.2699368367   56.1320935941   -1.6543967077 
   0.0000000000     46.000      300.000000   0.398194       1085.0031    0.0000229973    0.0004735861   60.2752745463   56.1442901686   -1.6533431345 
   0.0000000000     47.000      300.000000   0.398006       1084.4898    0.0000229892    0.0004727221   60.2812591927   56.1568955419   -1.6522892399 
   0.0000000000     48.000      300.000000   0.397819       1083.9778    0.0000229815    0.0004718870   60.2878929037   56.1699109470   -1.6512349935 
   0.0000000000     49.000      300.000000   0.397633       1083.4668    0.0000229741    0.0004710807   60.2951778101   56.1833376201   -1.6501803647 
   0.0000000000     50.000      300.000000   0.397447       1082.9569    0.0000229671    0.0004703034   60.3031160459   56.1971768004   -1.6491253227 
   0.0000000000     51.000      300.000000   0.397261       1082.4482    0.0000229605    0.0004695552   60.3117097488   56.2114297301   -1.6480698369 
   0.0000000000     52.000      300.000000   0.397076       1081.9404    0.0000229542    0.0004688362   60.3209610601   56.2260976546   -1.6470138762 
   0.0000000000     53.000      300.000000   0.396892       1081.4336    0.0000229484    0.0004681464   60.3308721252   56.2411818225   -1.6459574097 
   0.0000000000     54.000      300.000000   0.396708       1080.9279    0.0000229430    0.0004674861   60.3414450932   56.2566834847   -1.6449004061 
   0.0000000000     55.000      300.000000   0.396524       1080.4230    0.0000229379    0.0004668551   60.3526821176   56.2726038955   -1.6438428344 
   0.0000000000     56.000      300.000000   0.396341       1079.9190    0.0000229333    0.0004662537   60.3645853563   56.2889443120   -1.6427846631 
   0.0000000000     57.000      300.000000   0.396158       1079.4160    0.0000229291    0.0004656820   60.3771569720   56.3057059943   -1.6417258607 
   0.0000000000     58.000      300.000000   0.395975       1078.9137    0.0000229254    0.0004651400   60.3903991317   56.3228902053   -1.6406663956 
   0.0000000000     59.000      300.000000   0.395793       1078.4123    0.0000229221    0.0004646278   60.4043140079   56.3404982108   -1.6396062362 
   0.0000000000     60.000      300.000000   0.395611       1077.9116    0.0000229192    0.0004641455   60.4189037780   56.3585312798   -1.6385453506 
   0.0000000000     61.000      300.000000   0.395430       1077.4116    0.0000229168    0.0004636933   60.4341706246   56.3769906841   -1.6374837069 
   0.0000000000     62.000      300.000000   0.395249       1076.9124    0.0000229149    0.0004632712   60.4501167364   56.3958776982   -1.6364212731 
   0.0000000000     63.000      300.000000   0.395068       1076.4138    0.0000229135    0.0004628792   60.4667443071   56.4151936001   -1.6353580170 
   0.0000000000     64.000      300.000000   0.394888       1075.9159    0.0000229125    0.0004625176   60.4840555368   56.4349396704   -1.6342939063 
   0.0000000000     65.000      300.000000   0.394707       1075.4186    0.0000229121    0.0004621864   60.5020526316   56.4551171930   -1.6332289088 
   0.0000000000     66.000      300.000000   0.394528       1074.9218    0.0000229121    0.0004618857   60.5207378035   56.4757274546   -1.6321629918 
   0.0000000000     67.000      300.000000   0.394348       1074.4256    0.0000229127    0.0004616155   60.5401132714   56.4967717451   -1.6310961228 
   0.0000000000     68.000      300.000000   0.394169       1073.9298    0.0000229138    0.0004613761   60.5601812605   56.5182513577   -1.6300282691 
   0.0000000000     69.000      300.000000   0.393990       1073.4346    0.0000229154    0.0004611675   60.5809440024   56.5401675881   -1.6289593978 
   0.0000000000     70.000      300.000000   0.393811       1072.9398    0.0000229176    0.0004609898   60.6024037361   56.5625217357   -1.6278894761 
   0.0000000000     71.000      300.000000   0.393632       1072.4454    0.0000229203    0.0004608430   60.6245627073   56.5853151027   -1.6268184708 
   0.0000000000     72.000      300.000000   0.393454       1071.9513    0.0000229236    0.0004607274   60.6474231686   56.6085489945   -1.6257463487 
   0.0000000000     73.000      300.000000   0.393276       1071.4576    0.0000229274    0.0004606430   60.6709873801   56.6322247196   -1.6246730767 
   0.0000000000     74.000      300.000000   0.393098       1070.9642    0.0000229319    0.0004605899   60.6952576092   56.6563435898   -1.6235986212 
   0.0000000000     75.000      300.000000   0.392920       1070.4710    0.0000229369    0.0004605682   60.7202361304   56.6809069196   -1.6225229488 
   0.0000000000     76.000      300.000000   0.392742       1069.9781    0.0000229425    0.0004605780   60.7459252258   56.7059160270   -1.6214460258 
   0.0000000000     77.000      300.000000   0.392565       1069.4854    0.0000229487    0.0004606195   60.7723271851   56.7313722327   -1.6203678185 
   0.0000000000     78.000      300.000000   0.392387       1068.9929    0.0000229555    0.0004606927   60.7994443054   56.7572768608   -1.6192882930 
   0.0000000000     79.000      300.000000   0.392210       1068.5004    0.0000229630    0.0004607977   60.8272788914   56.7836312381   -1.6182074153 
   0.0000000000     80.000      300.000000   0.392033       1068.0081    0.0000229711    0.0004609347   60.8558332553   56.8104366942   -1.6171251514 
   0.0000000000     81.000      300.000000   0.391856       1067.5159    0.0000229798    0.0004611038   60.8851097172   56.8376945620   -1.6160414669 
   0.0000000000     82.000      300.000000   0.391679       1067.0236    0.0000229892    0.0004613051   60.9151106042   56.8654061767   -1.6149563275 
   0.0000000000     83.000      300.000000   0.391502       1066.5314    0.0000229992    0.0004615386   60.9458382515   56.8935728766   -1.6138696989 
   0.0000000000     84.000      300.000000   0.391326       1066.0391    0.0000230100    0.0004618046   60.9772950011   56.9221960023   -1.6127815463 
   0.0000000000     85.000      300.000000   0.391149       1065.5468    0.0000230214    0.0004621030   61.0094832027   56.9512768969   -1.6116918351 
   0.0000000000     86.000      300.000000   0.390972       1065.0543    0.0000230334    0.0004624341   61.0424052132   56.9808169062   -1.6106005304 
   0.0000000000     87.000      300.000000   0.390796       1064.5618    0.0000230462    0.0004627980   61.0760633965   57.0108173776   -1.6095075974 
   0.0000000000     88.000      300.000000   0.390619       1064.0690    0.0000230597    0.0004631948   61.1104601233   57.0412796611   -1.6084130009 
   0.0000000000     89.000      300.000000   0.390442       1063.5760    0.0000230739    0.0004636245   61.1455977712   57.0722051083   -1.6073167057 
   0.0000000000     90.000      300.000000   0.390266       1063.0828    0.0000230889    0.0004640873   61.1814787243   57.1035950726   -1.6062186764 
   0.0000000000     91.000      300.000000   0.390089       1062.5893    0.0000231046    0.0004645834   61.2181053727   57.1354509087   -1.6051188778 
   0.0000000000     92.000      300.000000   0.389913       1062.0954    0.0000231210    0.0004651129   61.2554801129   57.1677739728   -1.6040172741 
   0.0000000000     93.000      300.000000   0.389736       1061.6013    0.0000231382    0.0004656758   61.2936053468   57.2005656220   -1.6029138296 
   0.0000000000     94.000      300.000000   0.389559       1061.1067    0.0000231561    0.0004662723   61.3324834820   57.2338272141   -1.6018085086 
   0.0000000000     95.000      300.000000   0.389382       1060.6117    0.0000231749    0.0004669026   61.3721169306   57.2675601073   -1.6007012750 
   0.0000000000     96.000      300.000000   0.389205       1060.1163    0.0000231944    0.0004675667   61.4125081098   57.3017656602   -1.5995920929 
   0.0000000000     97.000      300.000000   0.389028       1059.6204    0.0000232147    0.0004682648   61.4536594407   57.3364452309   -1.5984809258 
   0.0000000000     98.000      300.000000   0.388851       1059.1239    0.0000232358    0.0004689970   61.4955733484   57.3716001773   -1.5973677376 
   0.0000000000     99.000      300.000000   0.388674       1058.6269    0.0000232578    0.0004697635   61.5382522611   57.4072318562   -1.5962524917 
   0.0000000000    100.000      300.000000   0.388497       1058.1293    0.0000232806    0.0004705643   61.5816986095   57.4433416231   -1.5951351515 
   0.0000000000    101.000      300.000000   0.388319       1057.6311    0.0000233042    0.0004713997   61.6259148269   57.4799308320   -1.5940156803 
   0.0000000000    102.000      300.000000   0.388142       1057.1322    0.0000233286    0.0004722697   61.6709033479   57.5170008344   -1.5928940411 
   0.0000000000    103.000      300.000000   0.387964       1056.6325    0.0000233540    0.0004731745   61.7166666079   57.5545529794   -1.5917701970 
   0.0000000000    104.000      300.000000   0.387786       1056.1322    0.0000233802    0.0004741142   61.7632070428   57.5925886130   -1.5906441109 
   0.0000000000    105.000      300.000000   0.387608       1055.6311    0.0000234072    0.0004750890   61.8105270877   57.6311090774   -1.5895157453 
   0.0000000000    106.000      300.000000   0.387429       1055.1292    0.0000234352    0.0004760989   61.8586291767   57.6701157106   -1.5883850630 
   0.0000000000    107.000      300.000000   0.387251       1054.6264    0.0000234641    0.0004771442   61.9075157417   57.7096098460   -1.5872520263 
   0.0000000000    108.000      300.000000   0.387072       1054.1227    0.0000234939    0.0004782249   61.9571892116   57.7495928114   -1.5861165975 
   0.0000000000    109.000      300.000000   0.386893       1053.6181    0.0000235246    0.0004793413   62.0076520116   57.7900659286   -1.5849787389 
   0.0000000000    110.000      300.000000   0.386714       1053.1126    0.0000235563    0.0004804934   62.0589065621   57.8310305126   -1.5838384124 
   0.0000000000    111.000      300.000000   0.386534       1052.6061    0.0000235889    0.0004816814   62.1109552779   57.8724878714   -1.5826955800 
   0.0000000000    112.000      300.000000   0.386354       1052.0986    0.0000236224    0.0004829054   62.1638005666   57.9144393041   -1.5815502033 
   0.0000000000    113.000      300.000000   0.386174       1051.5900    0.0000236569    0.0004841656   62.2174448283   57.9568861017   -1.5804022440 
   0.0000000000    114.000      300.000000   0.385993       1051.0803    0.0000236925    0.0004854622   62.2718904541   57.9998295448   -1.5792516636 
   0.0000000000    115.000      300.000000   0.385813       1050.5694    0.0000237290    0.0004867952   62.3271398247   58.0432709040   -1.5780984234 
   0.0000000000    116.000      300.000000   0.385632       1050.0574    0.0000237665    0.0004881648   62.3831953094   58.0872114379   -1.5769424846 
   0.0000000000    117.000      300.000000   0.385450       1049.5442    0.0000238050    0.0004895712   62.4400592650   58.1316523933   -1.5757838082 
   0.0000000000    118.000      300.000000   0.385268       1049.0298    0.0000238445    0.0004910145   62.4977340340   58.1765950035   -1.5746223551 
   0.0000000000    119.000      300.000000   0.385086       1048.5140    0.0000238851    0.0004924949   62.5562219437   58.2220404875   -1.5734580862 
   0.0000000000    120.000      300.000000   0.384904       1047.9970    0.0000239267    0.0004940125   62.6155253042   58.2679900491   -1.5722909619 
   0.0000000000    121.000      300.000000   0.384721       1047.4786    0.0000239694    0.0004955674   62.6756464075   58.3144448759   -1.5711209428 
   0.0000000000    122.000      300.000000   0.384538       1046.9588    0.0000240132    0.0004971599   62.7365875254   58.3614061380   -1.5699479893 
   0.0000000000    123.000      300.000000   0.384354       1046.4376    0.0000240580    0.0004987900   62.7983509082   58.4088749870   -1.5687720615 
   0.0000000000    124.000      300.000000   0.384170       1045.9149    0.0000241040    0.0005004579   62.8609387829   58.4568525547   -1.5675931196 
   0.0000000000    125.000      300.000000   0.383985       1045.3907    0.0000241510    0.0005021638   62.9243533517   58.5053399523   -1.5664111233 
   0.0000000000    126.000      300.000000   0.383800       1044.8649    0.0000241992    0.0005039078   62.9885967897   58.5543382686   -1.5652260324 
