  #sigma_s    Temp(C) Press(Mpa) p_meanfield density (kg/m^3)      kappa      alpha Cp(J/molK) Cv(J/molK)  mu(J/mol)
   0.0000000000   -173.000      230.000000   0.312414        972.0615    0.0000291332    0.0004723481   62.8318649085   59.2423870091   -2.0001303235 
   0.0000000000   -172.000      230.000000   0.312270        971.6211    0.0000308326    0.0004333142   62.9231969496   59.6535416065   -1.9989855305 
   0.0000000000   -171.000      230.000000   0.312139        971.2205    0.0000327281    0.0003907026   63.0352947605   60.1102022336   -1.9978342827 
   0.0000000000   -170.000      230.000000   0.312022        970.8633    0.0000348482    0.0003440943   63.1694339311   60.6156483565   -1.9966753756 
   0.0000000000   -169.000      230.000000   0.311920        970.5536    0.0000372239    0.0002929461   63.3280883239   61.1749039440   -1.9955074579 
   0.0000000000   -168.000      230.000000   0.311836        970.2961    0.0000398886    0.0002366712   63.5127715361   61.7918950516   -1.9943290113 
   0.0000000000   -167.000      230.000000   0.311771        970.0965    0.0000428914    0.0001745276   63.7261563336   62.4723469099   -1.9931368092 
   0.0000000000   -166.000      230.000000   0.311727        969.9600    0.0000462774    0.0001057367   63.9703323069   63.2208792541   -1.9919314308 
   0.0000000000   -165.000      230.000000   0.311705        969.8937    0.0000501084    0.0000292227   64.2481431864   64.0441132453   -1.9907094688 
   0.0000000000   -164.000      230.000000   0.311709        969.9059    0.0000544666   -0.0000562354   64.5625988181   64.9486356047   -1.9894683286 
   0.0000000000   -163.000      230.000000   0.311741        970.0058    0.0000594388   -0.0001522109   64.9173127726   65.9424664900   -1.9882050148 
   0.0000000000   -162.000      230.000000   0.311806        970.2046    0.0000651504   -0.0002606352   65.3161575954   67.0341297618   -1.9869160495 
   0.0000000000   -161.000      230.000000   0.311909        970.5169    0.0000717638   -0.0003841596   65.7644077935   68.2352591874   -1.9855949233 
   0.0000000000   -160.000      230.000000   0.312052        970.9565    0.0000794661   -0.0005258049   66.2663733592   69.5549018387   -1.9842404628 
   0.0000000000   -159.000      230.000000   0.312244        971.5442    0.0000885355   -0.0006900208   66.8290058583   71.0077437252   -1.9828450741 
   0.0000000000   -158.000      230.000000   0.312494        972.3069    0.0000993605   -0.0008830340   67.4610061763   72.6120076167   -1.9813986954 
   0.0000000000   -157.000      230.000000   0.312810        973.2733    0.0001124590   -0.0011129841   68.1710688669   74.3841718583   -1.9798960055 
   0.0000000000   -156.000      230.000000   0.313209        974.4895    0.0001286609   -0.0013930049   68.9739673703   76.3528520603   -1.9783203525 
   0.0000000000   -155.000      230.000000   0.313707        976.0092    0.0001491904   -0.0017422457   69.8865165873   78.5461563323   -1.9766596526 
   0.0000000000   -154.000      230.000000   0.314336        977.9221    0.0001762246   -0.0021947232   70.9388242936   81.0137450674   -1.9748849766 
   0.0000000000   -153.000      230.000000   0.315137        980.3541    0.0002136821   -0.0028111556   72.1762257719   83.8175611244   -1.9729636476 
   0.0000000000   -152.000      230.000000   0.316188        983.5297    0.0002700551   -0.0037226230   73.6906157000   87.0669111134   -1.9708328400 
   0.0000000000   -151.000      230.000000   0.317633        987.8842    0.0003680078   -0.0052768988   75.7024199258   90.9600340680   -1.9683781545 
   0.0000000000   -150.000      230.000000   0.319870        994.5927    0.0006056096   -0.0089700196   79.0853277646   96.0112895300   -1.9652950775 
   0.0000000000   -149.000      230.000000   0.403428       1218.8021    0.0000500677    0.0009681606   69.9679707933   64.2448677105   -1.9280845078 
   0.0000000000   -148.000      230.000000   0.402945       1217.6236    0.0000495934    0.0009662750   69.8244422930   64.0874020086   -1.9267702780 
   0.0000000000   -147.000      230.000000   0.402463       1216.4489    0.0000491337    0.0009643225   69.6836231093   63.9337518844   -1.9254573466 
   0.0000000000   -146.000      230.000000   0.401984       1215.2774    0.0000486777    0.0009622861   69.5452227597   63.7832676860   -1.9241463770 
   0.0000000000   -145.000      230.000000   0.401507       1214.1108    0.0000482257    0.0009602134   69.4091439166   63.6355736152   -1.9228356072 
   0.0000000000   -144.000      230.000000   0.401030       1212.9459    0.0000477901    0.0009580766   69.2751546914   63.4911838516   -1.9215287725 
   0.0000000000   -143.000      230.000000   0.400557       1211.7856    0.0000473596    0.0009558897   69.1433051988   63.3495412438   -1.9202226840 
   0.0000000000   -142.000      230.000000   0.400086       1210.6301    0.0000469382    0.0009536717   69.0135368684   63.2106471055   -1.9189170494 
   0.0000000000   -141.000      230.000000   0.399616       1209.4771    0.0000465266    0.0009513839   68.8858052690   63.0747587051   -1.9176147823 
   0.0000000000   -140.000      230.000000   0.399147       1208.3276    0.0000461256    0.0009490564   68.7598832921   62.9414932462   -1.9163148593 
   0.0000000000   -139.000      230.000000   0.398683       1207.1836    0.0000457273    0.0009466852   68.6359102503   62.8106504387   -1.9150148153 
   0.0000000000   -138.000      230.000000   0.398220       1206.0431    0.0000453376    0.0009442673   68.5136661854   62.6823107207   -1.9137171107 
   0.0000000000   -137.000      230.000000   0.397757       1204.9056    0.0000449587    0.0009417926   68.3931803052   62.5566768161   -1.9124226684 
   0.0000000000   -136.000      230.000000   0.397299       1203.7733    0.0000445843    0.0009392894   68.2743462480   62.4331664351   -1.9111286529 
   0.0000000000   -135.000      230.000000   0.396842       1202.6449    0.0000442181    0.0009367399   68.1571452256   62.3120432080   -1.9098367895 
   0.0000000000   -134.000      230.000000   0.396385       1201.5195    0.0000438621    0.0009341466   68.0414986522   62.1933252555   -1.9085484154 
   0.0000000000   -133.000      230.000000   0.395933       1200.3996    0.0000435093    0.0009315208   67.9273678090   62.0765654533   -1.9072602712 
   0.0000000000   -132.000      230.000000   0.395482       1199.2838    0.0000431638    0.0009288526   67.8147242161   61.9619955695   -1.9059743059 
   0.0000000000   -131.000      230.000000   0.395034       1198.1722    0.0000428260    0.0009261503   67.7035060017   61.8495149099   -1.9046904768 
   0.0000000000   -130.000      230.000000   0.394587       1197.0647    0.0000424946    0.0009234102   67.5936725983   61.7390608889   -1.9034087669 
   0.0000000000   -129.000      230.000000   0.394141       1195.9607    0.0000421723    0.0009206300   67.4851966211   61.6307448996   -1.9021305187 
   0.0000000000   -128.000      230.000000   0.393700       1194.8621    0.0000418538    0.0009178222   67.3780248997   61.5241714715   -1.9008527567 
   0.0000000000   -127.000      230.000000   0.393260       1193.7678    0.0000415420    0.0009149819   67.2721284304   61.4194958587   -1.8995772009 
   0.0000000000   -126.000      230.000000   0.392822       1192.6779    0.0000412362    0.0009121066   67.1674868785   61.3166800346   -1.8983038440 
   0.0000000000   -125.000      230.000000   0.392386       1191.5924    0.0000409370    0.0009092020   67.0640445150   61.2156543376   -1.8970326861 
   0.0000000000   -124.000      230.000000   0.391953       1190.5113    0.0000406439    0.0009062670   66.9617856687   61.1163903821   -1.8957637328 
   0.0000000000   -123.000      230.000000   0.391522       1189.4347    0.0000403568    0.0009033021   66.8606819620   61.0188514736   -1.8944969927 
   0.0000000000   -122.000      230.000000   0.391091       1188.3617    0.0000400772    0.0009003046   66.7606987432   60.9231046040   -1.8932338354 
   0.0000000000   -121.000      230.000000   0.390664       1187.2943    0.0000398013    0.0008972835   66.6618180800   60.8288717725   -1.8919713390 
   0.0000000000   -120.000      230.000000   0.390240       1186.2313    0.0000395313    0.0008942378   66.5640016728   60.7362340326   -1.8907111309 
   0.0000000000   -119.000      230.000000   0.389817       1185.1730    0.0000392668    0.0008911652   66.4672366333   60.6451788699   -1.8894532149 
   0.0000000000   -118.000      230.000000   0.389397       1184.1192    0.0000390078    0.0008880680   66.3714977797   60.5556648405   -1.8881975971 
   0.0000000000   -117.000      230.000000   0.388979       1183.0700    0.0000387543    0.0008849465   66.2767639795   60.4676605256   -1.8869442848 
   0.0000000000   -116.000      230.000000   0.388563       1182.0254    0.0000385059    0.0008818012   66.1830147262   60.3811335557   -1.8856932861 
   0.0000000000   -115.000      230.000000   0.388149       1180.9855    0.0000382629    0.0008786341   66.0902303941   60.2960549921   -1.8844446096 
   0.0000000000   -114.000      230.000000   0.387738       1179.9502    0.0000380248    0.0008754449   65.9983939125   60.2123955711   -1.8831982640 
   0.0000000000   -113.000      230.000000   0.387329       1178.9196    0.0000377917    0.0008722348   65.9074862896   60.1301263639   -1.8819542581 
   0.0000000000   -112.000      230.000000   0.386922       1177.8937    0.0000375634    0.0008690046   65.8174924020   60.0492217527   -1.8807126004 
   0.0000000000   -111.000      230.000000   0.386515       1176.8717    0.0000373410    0.0008657510   65.7283951410   59.9697407913   -1.8794746143 
   0.0000000000   -110.000      230.000000   0.386113       1175.8553    0.0000371222    0.0008624835   65.6401799957   59.8914751402   -1.8782375352 
   0.0000000000   -109.000      230.000000   0.385713       1174.8436    0.0000369079    0.0008591981   65.5528317513   59.8144959449   -1.8770028468 
   0.0000000000   -108.000      230.000000   0.385315       1173.8366    0.0000366981    0.0008558955   65.4663386010   59.7387825845   -1.8757705533 
   0.0000000000   -107.000      230.000000   0.384919       1172.8344    0.0000364927    0.0008525767   65.3806868663   59.6643105240   -1.8745406587 
   0.0000000000   -106.000      230.000000   0.384525       1171.8369    0.0000362917    0.0008492420   65.2958644734   59.5910571883   -1.8733131672 
   0.0000000000   -105.000      230.000000   0.384134       1170.8442    0.0000360949    0.0008458928   65.2118589107   59.5190001556   -1.8720880824 
   0.0000000000   -104.000      230.000000   0.383744       1169.8562    0.0000359022    0.0008425291   65.1286612986   59.4481203254   -1.8708654079 
   0.0000000000   -103.000      230.000000   0.383357       1168.8730    0.0000357136    0.0008391522   65.0462583799   59.3783932632   -1.8696451468 
   0.0000000000   -102.000      230.000000   0.382972       1167.8945    0.0000355289    0.0008357625   64.9646412615   59.3098005157   -1.8684273018 
   0.0000000000   -101.000      230.000000   0.382590       1166.9209    0.0000353481    0.0008323609   64.8838007457   59.2423233578   -1.8672118752 
   0.0000000000   -100.000      230.000000   0.382209       1165.9520    0.0000351711    0.0008289480   64.8037269740   59.1759411058   -1.8659988688 
   0.0000000000    -99.000      230.000000   0.381831       1164.9879    0.0000349978    0.0008255244   64.7244119406   59.1106365637   -1.8647882839 
   0.0000000000    -98.000      230.000000   0.381455       1164.0286    0.0000348282    0.0008220910   64.6458468494   59.0463904633   -1.8635801215 
   0.0000000000    -97.000      230.000000   0.381081       1163.0741    0.0000346620    0.0008186484   64.5680238555   58.9831858212   -1.8623743819 
   0.0000000000    -96.000      230.000000   0.380709       1162.1243    0.0000344994    0.0008151972   64.4909358638   58.9210052897   -1.8611710648 
   0.0000000000    -95.000      230.000000   0.380339       1161.1794    0.0000343401    0.0008117383   64.4145754372   58.8598323585   -1.8599701697 
   0.0000000000    -94.000      230.000000   0.379972       1160.2392    0.0000341841    0.0008082722   64.3389357492   58.7996504106   -1.8587716952 
   0.0000000000    -93.000      230.000000   0.379607       1159.3038    0.0000340313    0.0008047995   64.2640103918   58.7404436324   -1.8575756397 
   0.0000000000    -92.000      230.000000   0.379242       1158.3726    0.0000338822    0.0008013185   64.1897878141   58.6822450296   -1.8563832330 
   0.0000000000    -91.000      230.000000   0.378881       1157.4468    0.0000337356    0.0007978351   64.1162728790   58.6249380927   -1.8551919276 
   0.0000000000    -90.000      230.000000   0.378522       1156.5258    0.0000335920    0.0007943472   64.0434546789   58.5685615462   -1.8540030395 
   0.0000000000    -89.000      230.000000   0.378166       1155.6095    0.0000334513    0.0007908553   63.9713275858   58.5131006352   -1.8528165642 
   0.0000000000    -88.000      230.000000   0.377811       1154.6980    0.0000333135    0.0007873602   63.8998866023   58.4585414513   -1.8516324968 
   0.0000000000    -87.000      230.000000   0.377459       1153.7913    0.0000331785    0.0007838625   63.8291269190   58.4048702224   -1.8504508318 
   0.0000000000    -86.000      230.000000   0.377109       1152.8892    0.0000330461    0.0007803628   63.7590436518   58.3520733447   -1.8492715636 
   0.0000000000    -85.000      230.000000   0.376761       1151.9920    0.0000329164    0.0007768618   63.6896325117   58.3001377954   -1.8480946858 
   0.0000000000    -84.000      230.000000   0.376414       1151.0994    0.0000327893    0.0007733601   63.6208892875   58.2490509049   -1.8469201918 
   0.0000000000    -83.000      230.000000   0.376071       1150.2116    0.0000326647    0.0007698582   63.5528097901   58.1987999808   -1.8457480743 
   0.0000000000    -82.000      230.000000   0.375729       1149.3285    0.0000325426    0.0007663569   63.4853902634   58.1493729644   -1.8445783259 
   0.0000000000    -81.000      230.000000   0.375389       1148.4500    0.0000324228    0.0007628567   63.4186269656   58.1007578988   -1.8434109384 
   0.0000000000    -80.000      230.000000   0.375051       1147.5763    0.0000323054    0.0007593581   63.3525164204   58.0529431928   -1.8422459034 
   0.0000000000    -79.000      230.000000   0.374715       1146.7072    0.0000321902    0.0007558619   63.2870552245   58.0059174706   -1.8410832120 
   0.0000000000    -78.000      230.000000   0.374382       1145.8428    0.0000320772    0.0007523685   63.2222402740   57.9596697501   -1.8399228549 
   0.0000000000    -77.000      230.000000   0.374050       1144.9831    0.0000319664    0.0007488787   63.1580684256   57.9141891756   -1.8387648223 
   0.0000000000    -76.000      230.000000   0.373721       1144.1280    0.0000318576    0.0007453928   63.0945368863   57.8694652900   -1.8376091040 
   0.0000000000    -75.000      230.000000   0.373393       1143.2775    0.0000317509    0.0007419116   63.0316428295   57.8254877432   -1.8364556896 
   0.0000000000    -74.000      230.000000   0.373068       1142.4316    0.0000316462    0.0007384355   62.9693836535   57.7822465420   -1.8353045679 
   0.0000000000    -73.000      230.000000   0.372744       1141.5903    0.0000315434    0.0007349651   62.9077568370   57.7397319049   -1.8341557276 
   0.0000000000    -72.000      230.000000   0.372423       1140.7535    0.0000314424    0.0007315010   62.8467600747   57.6979343610   -1.8330091569 
   0.0000000000    -71.000      230.000000   0.372103       1139.9213    0.0000313433    0.0007280437   62.7863910116   57.6568445129   -1.8318648436 
   0.0000000000    -70.000      230.000000   0.371786       1139.0937    0.0000312460    0.0007245938   62.7266476152   57.6164534047   -1.8307227751 
   0.0000000000    -69.000      230.000000   0.371470       1138.2706    0.0000311504    0.0007211517   62.6675277945   57.5767521478   -1.8295829385 
   0.0000000000    -68.000      230.000000   0.371156       1137.4520    0.0000310565    0.0007177179   62.6090296688   57.5377321677   -1.8284453205 
   0.0000000000    -67.000      230.000000   0.370845       1136.6379    0.0000309642    0.0007142931   62.5511514193   57.4993851036   -1.8273099073 
   0.0000000000    -66.000      230.000000   0.370535       1135.8282    0.0000308735    0.0007108777   62.4938913514   57.4617027814   -1.8261766850 
   0.0000000000    -65.000      230.000000   0.370227       1135.0230    0.0000307843    0.0007074721   62.4372478321   57.4246772601   -1.8250456390 
   0.0000000000    -64.000      230.000000   0.369921       1134.2222    0.0000306967    0.0007040770   62.3812193454   57.3883007721   -1.8239167547 
   0.0000000000    -63.000      230.000000   0.369617       1133.4259    0.0000306105    0.0007006927   62.3258045058   57.3525658632   -1.8227900170 
   0.0000000000    -62.000      230.000000   0.369315       1132.6339    0.0000305257    0.0006973198   62.2710019454   57.3174651477   -1.8216654103 
   0.0000000000    -61.000      230.000000   0.369015       1131.8462    0.0000304424    0.0006939587   62.2168104472   57.2829915670   -1.8205429189 
   0.0000000000    -60.000      230.000000   0.368716       1131.0630    0.0000303603    0.0006906098   62.1632288473   57.2491381805   -1.8194225267 
   0.0000000000    -59.000      230.000000   0.368420       1130.2840    0.0000302796    0.0006872737   62.1102560956   57.2158982829   -1.8183042173 
   0.0000000000    -58.000      230.000000   0.368125       1129.5093    0.0000302002    0.0006839508   62.0578911686   57.1832652982   -1.8171879739 
   0.0000000000    -57.000      230.000000   0.367832       1128.7389    0.0000301220    0.0006806415   62.0061331874   57.1512329401   -1.8160737795 
   0.0000000000    -56.000      230.000000   0.367541       1127.9728    0.0000300450    0.0006773462   61.9549813162   57.1197950323   -1.8149616167 
   0.0000000000    -55.000      230.000000   0.367252       1127.2109    0.0000299692    0.0006740654   61.9044348071   57.0889456192   -1.8138514678 
   0.0000000000    -54.000      230.000000   0.366964       1126.4532    0.0000298946    0.0006707995   61.8544929514   57.0586788714   -1.8127433149 
   0.0000000000    -53.000      230.000000   0.366677       1125.6992    0.0000298212    0.0006675479   61.8051443092   57.0290032221   -1.8116382053 
   0.0000000000    -52.000      230.000000   0.366393       1124.9498    0.0000297487    0.0006643131   61.7564104027   56.9998843430   -1.8105339508 
   0.0000000000    -51.000      230.000000   0.366111       1124.2046    0.0000296773    0.0006610944   61.7082795635   56.9713318920   -1.8094316383 
   0.0000000000    -50.000      230.000000   0.365831       1123.4634    0.0000296069    0.0006578922   61.6607513972   56.9433407679   -1.8083312485 
   0.0000000000    -49.000      230.000000   0.365552       1122.7263    0.0000295376    0.0006547069   61.6138255832   56.9159060331   -1.8072327622 
   0.0000000000    -48.000      230.000000   0.365275       1121.9933    0.0000294692    0.0006515388   61.5675018529   56.8890229097   -1.8061361595 
   0.0000000000    -47.000      230.000000   0.365000       1121.2643    0.0000294017    0.0006483884   61.5217800122   56.8626867740   -1.8050414204 
   0.0000000000    -46.000      230.000000   0.364726       1120.5393    0.0000293352    0.0006452559   61.4766599337   56.8368931825   -1.8039485247 
   0.0000000000    -45.000      230.000000   0.364454       1119.8183    0.0000292696    0.0006421418   61.4321415399   56.8116378180   -1.8028574520 
   0.0000000000    -44.000      230.000000   0.364184       1119.1012    0.0000292049    0.0006390464   61.3882248296   56.7869165334   -1.8017681815 
   0.0000000000    -43.000      230.000000   0.363915       1118.3880    0.0000291410    0.0006359701   61.3449098543   56.7627253274   -1.8006806922 
   0.0000000000    -42.000      230.000000   0.363648       1117.6787    0.0000290780    0.0006329131   61.3021967242   56.7390603376   -1.7995949629 
   0.0000000000    -41.000      230.000000   0.363383       1116.9732    0.0000290158    0.0006298758   61.2600855969   56.7159178408   -1.7985109721 
   0.0000000000    -40.000      230.000000   0.363119       1116.2716    0.0000289544    0.0006268586   61.2185767138   56.6932942797   -1.7974286981 
   0.0000000000    -39.000      230.000000   0.362857       1115.5737    0.0000288938    0.0006238617   61.1776703428   56.6711862037   -1.7963481191 
   0.0000000000    -38.000      230.000000   0.362596       1114.8797    0.0000288340    0.0006208855   61.1373668224   56.6495903134   -1.7952692127 
   0.0000000000    -37.000      230.000000   0.362337       1114.1893    0.0000287749    0.0006179302   61.0976665359   56.6285034282   -1.7941919568 
   0.0000000000    -36.000      230.000000   0.362080       1113.5027    0.0000287166    0.0006149962   61.0585699259   56.6079225165   -1.7931163285 
   0.0000000000    -35.000      230.000000   0.361824       1112.8197    0.0000286590    0.0006120838   61.0200774880   56.5878446648   -1.7920423052 
   0.0000000000    -34.000      230.000000   0.361569       1112.1404    0.0000286020    0.0006091932   60.9821897549   56.5682670743   -1.7909698638 
   0.0000000000    -33.000      230.000000   0.361316       1111.4647    0.0000285458    0.0006063248   60.9449073259   56.5491870833   -1.7898989811 
   0.0000000000    -32.000      230.000000   0.361065       1110.7926    0.0000284902    0.0006034788   60.9082308326   56.5306021336   -1.7888296334 
   0.0000000000    -31.000      230.000000   0.360815       1110.1241    0.0000284353    0.0006006554   60.8721609654   56.5125097967   -1.7877617973 
   0.0000000000    -30.000      230.000000   0.360566       1109.4590    0.0000283811    0.0005978550   60.8366984545   56.4949077459   -1.7866954488 
   0.0000000000    -29.000      230.000000   0.360319       1108.7975    0.0000283275    0.0005950778   60.8018440758   56.4777937781   -1.7856305638 
   0.0000000000    -28.000      230.000000   0.360074       1108.1394    0.0000282745    0.0005923241   60.7675986532   56.4611657860   -1.7845671180 
   0.0000000000    -27.000      230.000000   0.359829       1107.4847    0.0000282221    0.0005895941   60.7339630511   56.4450217773   -1.7835050871 
   0.0000000000    -26.000      230.000000   0.359587       1106.8334    0.0000281704    0.0005868881   60.7009381762   56.4293598610   -1.7824444462 
   0.0000000000    -25.000      230.000000   0.359345       1106.1855    0.0000281192    0.0005842062   60.6685249756   56.4141782444   -1.7813851706 
   0.0000000000    -24.000      230.000000   0.359105       1105.5410    0.0000280687    0.0005815488   60.6367244409   56.3994752378   -1.7803272351 
   0.0000000000    -23.000      230.000000   0.358866       1104.8997    0.0000280187    0.0005789161   60.6055376006   56.3852492476   -1.7792706146 
   0.0000000000    -22.000      230.000000   0.358629       1104.2617    0.0000279692    0.0005763082   60.5749655206   56.3714987707   -1.7782152837 
   0.0000000000    -21.000      230.000000   0.358393       1103.6269    0.0000279204    0.0005737255   60.5450093071   56.3582223993   -1.7771612166 
   0.0000000000    -20.000      230.000000   0.358159       1102.9953    0.0000278721    0.0005711681   60.5156701020   56.3454188133   -1.7761083876 
   0.0000000000    -19.000      230.000000   0.357925       1102.3669    0.0000278243    0.0005686362   60.4869490819   56.3330867791   -1.7750567708 
   0.0000000000    -18.000      230.000000   0.357693       1101.7416    0.0000277771    0.0005661302   60.4588474614   56.3212251523   -1.7740063400 
   0.0000000000    -17.000      230.000000   0.357462       1101.1195    0.0000277304    0.0005636500   60.4313664864   56.3098328653   -1.7729570688 
   0.0000000000    -16.000      230.000000   0.357233       1100.5003    0.0000276843    0.0005611961   60.4045074394   56.2989089373   -1.7719089309 
   0.0000000000    -15.000      230.000000   0.357005       1099.8843    0.0000276387    0.0005587685   60.3782716321   56.2884524613   -1.7708618994 
   0.0000000000    -14.000      230.000000   0.356778       1099.2712    0.0000275936    0.0005563675   60.3526604092   56.2784626073   -1.7698159477 
   0.0000000000    -13.000      230.000000   0.356552       1098.6611    0.0000275490    0.0005539932   60.3276751483   56.2689386243   -1.7687710486 
   0.0000000000    -12.000      230.000000   0.356327       1098.0539    0.0000275050    0.0005516458   60.3033172527   56.2598798263   -1.7677271751 
   0.0000000000    -11.000      230.000000   0.356104       1097.4496    0.0000274614    0.0005493256   60.2795881603   56.2512856052   -1.7666842997 
   0.0000000000    -10.000      230.000000   0.355882       1096.8481    0.0000274184    0.0005470327   60.2564893342   56.2431554169   -1.7656423951 
   0.0000000000     -9.000      230.000000   0.355661       1096.2495    0.0000273758    0.0005447673   60.2340222652   56.2354887839   -1.7646014334 
   0.0000000000     -8.000      230.000000   0.355441       1095.6537    0.0000273338    0.0005425295   60.2121884726   56.2282852950   -1.7635613871 
   0.0000000000     -7.000      230.000000   0.355222       1095.0607    0.0000272923    0.0005403195   60.1909895026   56.2215446025   -1.7625222279 
   0.0000000000     -6.000      230.000000   0.355005       1094.4704    0.0000272512    0.0005381375   60.1704269241   56.2152664173   -1.7614839279 
   0.0000000000     -5.000      230.000000   0.354788       1093.8827    0.0000272107    0.0005359837   60.1505023340   56.2094505115   -1.7604464588 
   0.0000000000     -4.000      230.000000   0.354573       1093.2978    0.0000271706    0.0005338581   60.1312173522   56.2040967151   -1.7594097921 
   0.0000000000     -3.000      230.000000   0.354358       1092.7154    0.0000271311    0.0005317611   60.1125736216   56.1992049124   -1.7583738992 
   0.0000000000     -2.000      230.000000   0.354145       1092.1356    0.0000270920    0.0005296927   60.0945728105   56.1947750443   -1.7573387514 
   0.0000000000     -1.000      230.000000   0.353933       1091.5584    0.0000270535    0.0005276531   60.0772166068   56.1908071027   -1.7563043199 
   0.0000000000      0.000      230.000000   0.353722       1090.9837    0.0000270154    0.0005256424   60.0605067210   56.1873011305   -1.7552705755 
   0.0000000000      1.000      230.000000   0.353512       1090.4115    0.0000269778    0.0005236608   60.0444448863   56.1842572227   -1.7542374891 
   0.0000000000      2.000      230.000000   0.353302       1089.8417    0.0000269408    0.0005217085   60.0290328540   56.1816755198   -1.7532050315 
   0.0000000000      3.000      230.000000   0.353094       1089.2743    0.0000269042    0.0005197855   60.0142723978   56.1795562108   -1.7521731730 
   0.0000000000      4.000      230.000000   0.352887       1088.7093    0.0000268681    0.0005178921   60.0001653095   56.1778995288   -1.7511418842 
   0.0000000000      5.000      230.000000   0.352681       1088.1466    0.0000268325    0.0005160283   59.9867134005   56.1767057520   -1.7501111352 
   0.0000000000      6.000      230.000000   0.352476       1087.5862    0.0000267974    0.0005141943   59.9739185007   56.1759752007   -1.7490808961 
   0.0000000000      7.000      230.000000   0.352271       1087.0281    0.0000267628    0.0005123903   59.9617824583   56.1757082376   -1.7480511370 
   0.0000000000      8.000      230.000000   0.352068       1086.4723    0.0000267287    0.0005106163   59.9503071389   56.1759052645   -1.7470218277 
   0.0000000000      9.000      230.000000   0.351865       1085.9186    0.0000266951    0.0005088726   59.9394944252   56.1765667218   -1.7459929378 
   0.0000000000     10.000      230.000000   0.351664       1085.3671    0.0000266621    0.0005071592   59.9293462170   56.1776930890   -1.7449644369 
   0.0000000000     11.000      230.000000   0.351463       1084.8177    0.0000266295    0.0005054763   59.9198644308   56.1792848823   -1.7439362944 
   0.0000000000     12.000      230.000000   0.351263       1084.2704    0.0000265974    0.0005038240   59.9110509989   56.1813426523   -1.7429084797 
   0.0000000000     13.000      230.000000   0.351064       1083.7251    0.0000265659    0.0005022025   59.9029078689   56.1838669847   -1.7418809618 
   0.0000000000     14.000      230.000000   0.350866       1083.1819    0.0000265349    0.0005006118   59.8954370048   56.1868584991   -1.7408537097 
   0.0000000000     15.000      230.000000   0.350668       1082.6406    0.0000265044    0.0004990521   59.8886403848   56.1903178470   -1.7398266924 
   0.0000000000     16.000      230.000000   0.350472       1082.1013    0.0000264744    0.0004975235   59.8825200027   56.1942457122   -1.7387998786 
   0.0000000000     17.000      230.000000   0.350276       1081.5638    0.0000264450    0.0004960261   59.8770778663   56.1986428084   -1.7377732369 
   0.0000000000     18.000      230.000000   0.350081       1081.0283    0.0000264161    0.0004945601   59.8723159979   56.2035098792   -1.7367467358 
   0.0000000000     19.000      230.000000   0.349887       1080.4946    0.0000263877    0.0004931256   59.8682364340   56.2088476977   -1.7357203437 
   0.0000000000     20.000      230.000000   0.349693       1079.9626    0.0000263599    0.0004917227   59.8648412250   56.2146570647   -1.7346940287 
   0.0000000000     21.000      230.000000   0.349501       1079.4325    0.0000263326    0.0004903516   59.8621324350   56.2209388085   -1.7336677591 
   0.0000000000     22.000      230.000000   0.349309       1078.9040    0.0000263059    0.0004890122   59.8601121417   56.2276937837   -1.7326415027 
   0.0000000000     23.000      230.000000   0.349117       1078.3773    0.0000262797    0.0004877049   59.8587824359   56.2349228712   -1.7316152274 
   0.0000000000     24.000      230.000000   0.348927       1077.8522    0.0000262541    0.0004864296   59.8581454224   56.2426269768   -1.7305889009 
   0.0000000000     25.000      230.000000   0.348737       1077.3287    0.0000262290    0.0004851865   59.8582032181   56.2508070304   -1.7295624908 
   0.0000000000     26.000      230.000000   0.348547       1076.8067    0.0000262045    0.0004839757   59.8589579538   56.2594639868   -1.7285359646 
   0.0000000000     27.000      230.000000   0.348359       1076.2864    0.0000261806    0.0004827973   59.8604117731   56.2685988236   -1.7275092896 
   0.0000000000     28.000      230.000000   0.348171       1075.7675    0.0000261573    0.0004816515   59.8625668321   56.2782125404   -1.7264824329 
   0.0000000000     29.000      230.000000   0.347983       1075.2501    0.0000261346    0.0004805384   59.8654253007   56.2883061605   -1.7254553618 
   0.0000000000     30.000      230.000000   0.347797       1074.7341    0.0000261125    0.0004794581   59.8689893605   56.2988807275   -1.7244280431 
   0.0000000000     31.000      230.000000   0.347610       1074.2195    0.0000260909    0.0004784106   59.8732612067   56.3099373068   -1.7234004437 
   0.0000000000     32.000      230.000000   0.347425       1073.7062    0.0000260700    0.0004773962   59.8782430469   56.3214769840   -1.7223725302 
   0.0000000000     33.000      230.000000   0.347240       1073.1943    0.0000260497    0.0004764148   59.8839371019   56.3335008660   -1.7213442694 
   0.0000000000     34.000      230.000000   0.347055       1072.6836    0.0000260300    0.0004754668   59.8903456051   56.3460100785   -1.7203156275 
   0.0000000000     35.000      230.000000   0.346871       1072.1742    0.0000260109    0.0004745521   59.8974708026   56.3590057668   -1.7192865710 
   0.0000000000     36.000      230.000000   0.346688       1071.6660    0.0000259925    0.0004736708   59.9053149539   56.3724890956   -1.7182570660 
   0.0000000000     37.000      230.000000   0.346505       1071.1590    0.0000259747    0.0004728232   59.9138803311   56.3864612481   -1.7172270786 
   0.0000000000     38.000      230.000000   0.346322       1070.6531    0.0000259575    0.0004720093   59.9231692196   56.4009234261   -1.7161965748 
   0.0000000000     39.000      230.000000   0.346140       1070.1483    0.0000259410    0.0004712291   59.9331839175   56.4158768490   -1.7151655205 
   0.0000000000     40.000      230.000000   0.345959       1069.6445    0.0000259252    0.0004704830   59.9439267366   56.4313227541   -1.7141338812 
   0.0000000000     41.000      230.000000   0.345778       1069.1417    0.0000259100    0.0004697709   59.9554000016   56.4472623963   -1.7131016226 
   0.0000000000     42.000      230.000000   0.345597       1068.6400    0.0000258955    0.0004690929   59.9676060508   56.4636970477   -1.7120687102 
   0.0000000000     43.000      230.000000   0.345417       1068.1392    0.0000258817    0.0004684493   59.9805472361   56.4806279973   -1.7110351092 
   0.0000000000     44.000      230.000000   0.345237       1067.6392    0.0000258686    0.0004678401   59.9942259227   56.4980565506   -1.7100007849 
   0.0000000000     45.000      230.000000   0.345058       1067.1402    0.0000258562    0.0004672654   60.0086444896   56.5159840298   -1.7089657022 
   0.0000000000     46.000      230.000000   0.344879       1066.6419    0.0000258445    0.0004667253   60.0238053297   56.5344117734   -1.7079298263 
   0.0000000000     47.000      230.000000   0.344700       1066.1445    0.0000258335    0.0004662200   60.0397108500   56.5533411358   -1.7068931218 
   0.0000000000     48.000      230.000000   0.344522       1065.6478    0.0000258232    0.0004657497   60.0563634713   56.5727734874   -1.7058555535 
   0.0000000000     49.000      230.000000   0.344344       1065.1518    0.0000258136    0.0004653143   60.0737656287   56.5927102143   -1.7048170859 
   0.0000000000     50.000      230.000000   0.344167       1064.6565    0.0000258048    0.0004649141   60.0919197717   56.6131527181   -1.7037776835 
   0.0000000000     51.000      230.000000   0.343989       1064.1619    0.0000257968    0.0004645491   60.1108283639   56.6341024158   -1.7027373105 
   0.0000000000     52.000      230.000000   0.343812       1063.6678    0.0000257895    0.0004642195   60.1304938839   56.6555607395   -1.7016959311 
   0.0000000000     53.000      230.000000   0.343635       1063.1740    0.0000257830    0.0004639254   60.1509183636   56.6775377159   -1.7006544157 
   0.0000000000     54.000      230.000000   0.343458       1062.6810    0.0000257772    0.0004636670   60.1721054287   56.7000177195   -1.6996109099 
   0.0000000000     55.000      230.000000   0.343282       1062.1885    0.0000257722    0.0004634443   60.1940569445   56.7230107380   -1.6985662896 
   0.0000000000     56.000      230.000000   0.343106       1061.6965    0.0000257680    0.0004632576   60.2167754491   56.7465182632   -1.6975205185 
   0.0000000000     57.000      230.000000   0.342930       1061.2049    0.0000257647    0.0004631068   60.2402634949   56.7705418010   -1.6964735600 
   0.0000000000     58.000      230.000000   0.342755       1060.7136    0.0000257621    0.0004629923   60.2645236500   56.7950828719   -1.6954253775 
   0.0000000000     59.000      230.000000   0.342580       1060.2226    0.0000257603    0.0004629140   60.2895584975   56.8201430106   -1.6943759342 
   0.0000000000     60.000      230.000000   0.342404       1059.7320    0.0000257594    0.0004628721   60.3153706358   56.8457237660   -1.6933251933 
   0.0000000000     61.000      230.000000   0.342230       1059.2416    0.0000257593    0.0004628668   60.3419626787   56.8718267007   -1.6922731176 
   0.0000000000     62.000      230.000000   0.342055       1058.7514    0.0000257601    0.0004628982   60.3693372552   56.8984533913   -1.6912196700 
   0.0000000000     63.000      230.000000   0.341880       1058.2614    0.0000257617    0.0004629664   60.3974970097   56.9256054280   -1.6901648132 
   0.0000000000     64.000      230.000000   0.341706       1057.7715    0.0000257642    0.0004630716   60.4264446020   56.9532844144   -1.6891085097 
   0.0000000000     65.000      230.000000   0.341531       1057.2817    0.0000257676    0.0004632138   60.4561827071   56.9814919677   -1.6880507219 
   0.0000000000     66.000      230.000000   0.341357       1056.7920    0.0000257719    0.0004633934   60.4867140156   57.0102297178   -1.6869914120 
   0.0000000000     67.000      230.000000   0.341183       1056.3023    0.0000257770    0.0004636103   60.5180412331   57.0394993081   -1.6859305421 
   0.0000000000     68.000      230.000000   0.341008       1055.8126    0.0000257831    0.0004638647   60.5501670806   57.0693023944   -1.6848680742 
   0.0000000000     69.000      230.000000   0.340834       1055.3228    0.0000257901    0.0004641568   60.5830942939   57.0996406453   -1.6838039702 
   0.0000000000     70.000      230.000000   0.340660       1054.8329    0.0000257981    0.0004644868   60.6168256242   57.1305157418   -1.6827381915 
   0.0000000000     71.000      230.000000   0.340486       1054.3429    0.0000258069    0.0004648547   60.6513638371   57.1619293769   -1.6816706999 
   0.0000000000     72.000      230.000000   0.340312       1053.8527    0.0000258168    0.0004652608   60.6867117131   57.1938832556   -1.6806014566 
   0.0000000000     73.000      230.000000   0.340138       1053.3622    0.0000258276    0.0004657051   60.7228720472   57.2263790947   -1.6795304228 
   0.0000000000     74.000      230.000000   0.339964       1052.8715    0.0000258393    0.0004661878   60.7598476485   57.2594186221   -1.6784575596 
   0.0000000000     75.000      230.000000   0.339790       1052.3805    0.0000258521    0.0004667092   60.7976413402   57.2930035770   -1.6773828280 
   0.0000000000     76.000      230.000000   0.339616       1051.8892    0.0000258659    0.0004672693   60.8362559592   57.3271357094   -1.6763061885 
   0.0000000000     77.000      230.000000   0.339442       1051.3975    0.0000258807    0.0004678682   60.8756943557   57.3618167798   -1.6752276020 
   0.0000000000     78.000      230.000000   0.339268       1050.9054    0.0000258965    0.0004685063   60.9159593931   57.3970485586   -1.6741470287 
   0.0000000000     79.000      230.000000   0.339094       1050.4128    0.0000259133    0.0004691835   60.9570539472   57.4328328262   -1.6730644290 
   0.0000000000     80.000      230.000000   0.338919       1049.9197    0.0000259312    0.0004699001   60.9989809061   57.4691713722   -1.6719797629 
   0.0000000000     81.000      230.000000   0.338745       1049.4261    0.0000259501    0.0004706563   61.0417431700   57.5060659952   -1.6708929905 
   0.0000000000     82.000      230.000000   0.338570       1048.9318    0.0000259701    0.0004714522   61.0853436498   57.5435185023   -1.6698040714 
   0.0000000000     83.000      230.000000   0.338395       1048.4370    0.0000259912    0.0004722879   61.1297852675   57.5815307087   -1.6687129654 
   0.0000000000     84.000      230.000000   0.338220       1047.9415    0.0000260134    0.0004731638   61.1750709552   57.6201044370   -1.6676196319 
   0.0000000000     85.000      230.000000   0.338045       1047.4453    0.0000260367    0.0004740798   61.2212036544   57.6592415168   -1.6665240301 
   0.0000000000     86.000      230.000000   0.337870       1046.9483    0.0000260611    0.0004750362   61.2681863154   57.6989437844   -1.6654261192 
   0.0000000000     87.000      230.000000   0.337695       1046.4506    0.0000260867    0.0004760332   61.3160218968   57.7392130816   -1.6643258582 
   0.0000000000     88.000      230.000000   0.337519       1045.9520    0.0000261134    0.0004770710   61.3647133643   57.7800512558   -1.6632232057 
   0.0000000000     89.000      230.000000   0.337343       1045.4526    0.0000261413    0.0004781496   61.4142636904   57.8214601587   -1.6621181205 
   0.0000000000     90.000      230.000000   0.337167       1044.9523    0.0000261703    0.0004792694   61.4646758531   57.8634416461   -1.6610105609 
   0.0000000000     91.000      230.000000   0.336991       1044.4510    0.0000262006    0.0004804304   61.5159528351   57.9059975770   -1.6599004852 
   0.0000000000     92.000      230.000000   0.336814       1043.9487    0.0000262320    0.0004816329   61.5680976229   57.9491298128   -1.6587878515 
   0.0000000000     93.000      230.000000   0.336637       1043.4453    0.0000262646    0.0004828771   61.6211132059   57.9928402165   -1.6576726177 
   0.0000000000     94.000      230.000000   0.336460       1042.9409    0.0000262985    0.0004841631   61.6750025749   58.0371306519   -1.6565547414 
   0.0000000000     95.000      230.000000   0.336283       1042.4354    0.0000263336    0.0004854911   61.7297687214   58.0820029829   -1.6554341802 
   0.0000000000     96.000      230.000000   0.336105       1041.9287    0.0000263700    0.0004868614   61.7854146361   58.1274590723   -1.6543108915 
   0.0000000000     97.000      230.000000   0.335927       1041.4209    0.0000264076    0.0004882740   61.8419433078   58.1735007810   -1.6531848325 
   0.0000000000     98.000      230.000000   0.335748       1040.9117    0.0000264465    0.0004897292   61.8993577221   58.2201299670   -1.6520559601 
   0.0000000000     99.000      230.000000   0.335569       1040.4013    0.0000264868    0.0004912273   61.9576608596   58.2673484843   -1.6509242311 
   0.0000000000    100.000      230.000000   0.335390       1039.8896    0.0000265283    0.0004927683   62.0168556951   58.3151581819   -1.6497896021 
   0.0000000000    101.000      230.000000   0.335210       1039.3765    0.0000265712    0.0004943525   62.0769451957   58.3635609025   -1.6486520296 
   0.0000000000    102.000      230.000000   0.335030       1038.8619    0.0000266154    0.0004959800   62.1379323192   58.4125584815   -1.6475114699 
   0.0000000000    103.000      230.000000   0.334850       1038.3459    0.0000266609    0.0004976512   62.1998200123   58.4621527459   -1.6463678788 
   0.0000000000    104.000      230.000000   0.334669       1037.8284    0.0000267079    0.0004993661   62.2626112094   58.5123455125   -1.6452212124 
   0.0000000000    105.000      230.000000   0.334488       1037.3094    0.0000267562    0.0005011250   62.3263088303   58.5631385871   -1.6440714263 
   0.0000000000    106.000      230.000000   0.334306       1036.7888    0.0000268059    0.0005029281   62.3909157785   58.6145337629   -1.6429184759 
   0.0000000000    107.000      230.000000   0.334124       1036.2665    0.0000268570    0.0005047756   62.4564349391   58.6665328190   -1.6417623165 
   0.0000000000    108.000      230.000000   0.333941       1035.7426    0.0000269096    0.0005066677   62.5228691772   58.7191375191   -1.6406029033 
   0.0000000000    109.000      230.000000   0.333758       1035.2173    0.0000269636    0.0005086039   62.5902078732   58.7723312930   -1.6394393218 
   0.0000000000    110.000      230.000000   0.333575       1034.6899    0.0000270191    0.0005105858   62.6584803717   58.8261521535   -1.6382732608 
   0.0000000000    111.000      230.000000   0.333390       1034.1607    0.0000270760    0.0005126128   62.7276763889   58.8805838300   -1.6371038098 
   0.0000000000    112.000      230.000000   0.333205       1033.6296    0.0000271345    0.0005146853   62.7977986862   58.9356280080   -1.6359309231 
   0.0000000000    113.000      230.000000   0.333020       1033.0966    0.0000271945    0.0005168034   62.8688499933   58.9912863489   -1.6347545549 
   0.0000000000    114.000      230.000000   0.332834       1032.5618    0.0000272560    0.0005189673   62.9408330058   59.0475604888   -1.6335746590 
   0.0000000000    115.000      230.000000   0.332647       1032.0249    0.0000273190    0.0005211772   63.0137503825   59.1044520361   -1.6323911892 
   0.0000000000    116.000      230.000000   0.332460       1031.4860    0.0000273836    0.0005234334   63.0876047427   59.1619625698   -1.6312040991 
   0.0000000000    117.000      230.000000   0.332272       1030.9451    0.0000274498    0.0005257361   63.1623986635   59.2200936374   -1.6300133419 
   0.0000000000    118.000      230.000000   0.332084       1030.4020    0.0000275176    0.0005280855   63.2381346766   59.2788467529   -1.6288188708 
   0.0000000000    119.000      230.000000   0.331895       1029.8568    0.0000275870    0.0005304817   63.3148152659   59.3382233947   -1.6276206388 
   0.0000000000    120.000      230.000000   0.331705       1029.3093    0.0000276580    0.0005329250   63.3924428640   59.3982250032   -1.6264185986 
   0.0000000000    121.000      230.000000   0.331514       1028.7597    0.0000277307    0.0005354156   63.4710198493   59.4588529786   -1.6252127028 
   0.0000000000    122.000      230.000000   0.331323       1028.2077    0.0000278050    0.0005379538   63.5505485426   59.5201086788   -1.6240029037 
   0.0000000000    123.000      230.000000   0.331131       1027.6534    0.0000278811    0.0005405396   63.6310312038   59.5819934166   -1.6227891537 
   0.0000000000    124.000      230.000000   0.330939       1027.0967    0.0000279588    0.0005431734   63.7124700285   59.6445084576   -1.6215714045 
   0.0000000000    125.000      230.000000   0.330745       1026.5376    0.0000280382    0.0005458553   63.7948671446   59.7076550174   -1.6203496082 
   0.0000000000    126.000      230.000000   0.330551       1025.9760    0.0000281194    0.0005485856   63.8782246084   59.7714342591   -1.6191237162 
