  #sigma_s    Temp(C) Press(Mpa) p_meanfield density (kg/m^3)      kappa      alpha Cp(J/molK) Cv(J/molK)  mu(J/mol)
   0.0000000000   -173.000       15.000000   0.154944        927.8386    0.0000255659    0.0005933415   57.4426550525   55.2680051701   -2.1997934601 
   0.0000000000   -172.000       15.000000   0.154774        927.2932    0.0000253812    0.0005825896   57.3677655112   55.2298637304   -2.1989360797 
   0.0000000000   -171.000       15.000000   0.154607        926.7581    0.0000251977    0.0005720962   57.2953699585   55.1933806329   -2.1980813312 
   0.0000000000   -170.000       15.000000   0.154443        926.2328    0.0000250154    0.0005618543   57.2253568757   55.1584662576   -2.1972291477 
   0.0000000000   -169.000       15.000000   0.154282        925.7172    0.0000248345    0.0005518573   57.1576212731   55.1250370226   -2.1963794644 
   0.0000000000   -168.000       15.000000   0.154125        925.2110    0.0000246549    0.0005420984   57.0920642627   55.0930149643   -2.1955322182 
   0.0000000000   -167.000       15.000000   0.153970        924.7140    0.0000244767    0.0005325713   57.0285926711   55.0623273617   -2.1946873479 
   0.0000000000   -166.000       15.000000   0.153818        924.2259    0.0000242999    0.0005232696   56.9671186893   55.0329063984   -2.1938447939 
   0.0000000000   -165.000       15.000000   0.153669        923.7467    0.0000241246    0.0005141871   56.9075595569   55.0046888609   -2.1930044984 
   0.0000000000   -164.000       15.000000   0.153523        923.2759    0.0000239507    0.0005053178   56.8498372777   54.9776158710   -2.1921664051 
   0.0000000000   -163.000       15.000000   0.153379        922.8135    0.0000237784    0.0004966556   56.7938783666   54.9516326507   -2.1913304592 
   0.0000000000   -162.000       15.000000   0.153238        922.3592    0.0000236077    0.0004881948   56.7396136235   54.9266883162   -2.1904966074 
   0.0000000000   -161.000       15.000000   0.153099        921.9129    0.0000234385    0.0004799296   56.6869779342   54.9027357015   -2.1896647980 
   0.0000000000   -160.000       15.000000   0.152963        921.4743    0.0000232709    0.0004718546   56.6359100984   54.8797312096   -2.1888349803 
   0.0000000000   -159.000       15.000000   0.152829        921.0432    0.0000231049    0.0004639642   56.5863526803   54.8576346904   -2.1880071052 
   0.0000000000   -158.000       15.000000   0.152698        920.6195    0.0000229406    0.0004562531   56.5382518853   54.8364093448   -2.1871811245 
   0.0000000000   -157.000       15.000000   0.152569        920.2031    0.0000227779    0.0004487161   56.4915574585   54.8160216545   -2.1863569912 
   0.0000000000   -156.000       15.000000   0.152442        919.7937    0.0000226168    0.0004413478   56.4462226078   54.7964413376   -2.1855346595 
   0.0000000000   -155.000       15.000000   0.152317        919.3911    0.0000224574    0.0004341434   56.4022039478   54.7776413280   -2.1847140844 
   0.0000000000   -154.000       15.000000   0.152195        918.9953    0.0000222997    0.0004270976   56.3594614685   54.7595977827   -2.1838952218 
   0.0000000000   -153.000       15.000000   0.152074        918.6061    0.0000221437    0.0004202056   56.3179585251   54.7422901121   -2.1830780284 
   0.0000000000   -152.000       15.000000   0.151956        918.2233    0.0000219893    0.0004134624   56.2776618518   54.7257010372   -2.1822624615 
   0.0000000000   -151.000       15.000000   0.151840        917.8467    0.0000218367    0.0004068632   56.2385415984   54.7098166739   -2.1814484789 
   0.0000000000   -150.000       15.000000   0.151725        917.4763    0.0000216859    0.0004004031   56.2005713906   54.6946266424   -2.1806360392 
   0.0000000000   -149.000       15.000000   0.151613        917.1120    0.0000215368    0.0003940771   56.1637284136   54.6801242056   -2.1798251008 
   0.0000000000   -148.000       15.000000   0.151502        916.7535    0.0000213894    0.0003878806   56.1279935225   54.6663064358   -2.1790156227 
   0.0000000000   -147.000       15.000000   0.151393        916.4008    0.0000212439    0.0003818085   56.0933513748   54.6531744088   -2.1782075638 
   0.0000000000   -146.000       15.000000   0.151286        916.0537    0.0000211001    0.0003758560   56.0597905928   54.6407334310   -2.1774008829 
   0.0000000000   -145.000       15.000000   0.151181        915.7121    0.0000209582    0.0003700180   56.0273039495   54.6289932948   -2.1765955385 
   0.0000000000   -144.000       15.000000   0.151077        915.3760    0.0000208182    0.0003642896   55.9958885852   54.6179685696   -2.1757914886 
   0.0000000000   -143.000       15.000000   0.150975        915.0452    0.0000206800    0.0003586656   55.9655462501   54.6076789215   -2.1749886907 
   0.0000000000   -142.000       15.000000   0.150875        914.7196    0.0000205439    0.0003531406   55.9362835798   54.5981494734   -2.1741871014 
   0.0000000000   -141.000       15.000000   0.150776        914.3991    0.0000204097    0.0003477094   55.9081123987   54.5894111960   -2.1733866760 
   0.0000000000   -140.000       15.000000   0.150679        914.0836    0.0000202775    0.0003423663   55.8810500577   54.5815013391   -2.1725873686 
   0.0000000000   -139.000       15.000000   0.150583        913.7731    0.0000201474    0.0003371055   55.8551198034   54.5744638998   -2.1717891317 
   0.0000000000   -138.000       15.000000   0.150489        913.4675    0.0000200195    0.0003319212   55.8303511820   54.5683501312   -2.1709919157 
   0.0000000000   -137.000       15.000000   0.150397        913.1667    0.0000198938    0.0003268070   55.8067804794   54.5632190920   -2.1701956690 
   0.0000000000   -136.000       15.000000   0.150306        912.8707    0.0000197705    0.0003217566   55.7844511961   54.5591382389   -2.1694003371 
   0.0000000000   -135.000       15.000000   0.150216        912.5793    0.0000196495    0.0003167630   55.7634145624   54.5561840631   -2.1686058629 
   0.0000000000   -134.000       15.000000   0.150128        912.2925    0.0000195311    0.0003118191   55.7437300896   54.5544427701   -2.1678121855 
   0.0000000000   -133.000       15.000000   0.150041        912.0103    0.0000194153    0.0003069175   55.7254661631   54.5540110077   -2.1670192405 
   0.0000000000   -132.000       15.000000   0.149956        911.7327    0.0000193023    0.0003020503   55.7087006759   54.5549966406   -2.1662269590 
   0.0000000000   -131.000       15.000000   0.149872        911.4595    0.0000191921    0.0002972090   55.6935217059   54.5575195748   -2.1654352674 
   0.0000000000   -130.000       15.000000   0.149790        911.1909    0.0000190850    0.0002923848   55.6800282342   54.5617126304   -2.1646440866 
   0.0000000000   -129.000       15.000000   0.149709        910.9267    0.0000189811    0.0002875683   55.6683309071   54.5677224622   -2.1638533317 
   0.0000000000   -128.000       15.000000   0.149629        910.6670    0.0000188806    0.0002827497   55.6585528476   54.5757105398   -2.1630629110 
   0.0000000000   -127.000       15.000000   0.149551        910.4117    0.0000187838    0.0002779182   55.6508305064   54.5858541690   -2.1622727257 
   0.0000000000   -126.000       15.000000   0.149474        910.1609    0.0000186908    0.0002730627   55.6453145642   54.5983475734   -2.1614826688 
   0.0000000000   -125.000       15.000000   0.149399        909.9147    0.0000186018    0.0002681712   55.6421708776   54.6134030246   -2.1606926245 
   0.0000000000   -124.000       15.000000   0.149325        909.6729    0.0000185173    0.0002632310   55.6415814729   54.6312520244   -2.1599024673 
   0.0000000000   -123.000       15.000000   0.149252        909.4358    0.0000184374    0.0002582286   55.6437455877   54.6521465406   -2.1591120612 
   0.0000000000   -122.000       15.000000   0.149181        909.2033    0.0000183625    0.0002531494   55.6488807571   54.6763602922   -2.1583212586 
   0.0000000000   -121.000       15.000000   0.149111        908.9755    0.0000182930    0.0002479782   55.6572239466   54.7041900830   -2.1575298993 
   0.0000000000   -120.000       15.000000   0.149043        908.7525    0.0000182291    0.0002426986   55.6690327313   54.7359571861   -2.1567378094 
   0.0000000000   -119.000       15.000000   0.148976        908.5344    0.0000181714    0.0002372931   55.6845865165   54.7720087706   -2.1559448001 
   0.0000000000   -118.000       15.000000   0.148911        908.3213    0.0000181203    0.0002317431   55.7041878000   54.8127193706   -2.1551506665 
   0.0000000000   -117.000       15.000000   0.148847        908.1134    0.0000180762    0.0002260290   55.7281634769   54.8584923964   -2.1543551864 
   0.0000000000   -116.000       15.000000   0.148785        907.9108    0.0000180398    0.0002201295   55.7568606558   54.9097576952   -2.1535584103 
   0.0000000000   -115.000       15.000000   0.148725        907.7137    0.0000180114    0.0002140226   55.7906699027   54.9669886807   -2.1527594894 
   0.0000000000   -114.000       15.000000   0.148666        907.5223    0.0000179918    0.0002076843   55.8299941010   55.0306810808   -2.1519584364 
   0.0000000000   -113.000       15.000000   0.148610        907.3369    0.0000179817    0.0002010893   55.8752713994   55.1013694583   -2.1511549444 
   0.0000000000   -112.000       15.000000   0.148555        907.1575    0.0000179816    0.0001942108   55.9269712968   55.1796251596   -2.1503486809 
   0.0000000000   -111.000       15.000000   0.148502        906.9846    0.0000179923    0.0001870202   55.9855960842   55.2660579143   -2.1495392865 
   0.0000000000   -110.000       15.000000   0.148451        906.8184    0.0000180148    0.0001794872   56.0516822789   55.3613174094   -2.1487263726 
   0.0000000000   -109.000       15.000000   0.148403        906.6592    0.0000180497    0.0001715798   56.1258020450   55.4660948271   -2.1479095193 
   0.0000000000   -108.000       15.000000   0.148356        906.5074    0.0000180981    0.0001632640   56.2085645851   55.5811243268   -2.1470882733 
   0.0000000000   -107.000       15.000000   0.148312        906.3633    0.0000181609    0.0001545037   56.3006174912   55.7071844528   -2.1462621460 
   0.0000000000   -106.000       15.000000   0.148271        906.2274    0.0000182392    0.0001452608   56.4026480313   55.8450994410   -2.1454306106 
   0.0000000000   -105.000       15.000000   0.148232        906.1002    0.0000183341    0.0001354949   56.5153843522   55.9957403929   -2.1445930997 
   0.0000000000   -104.000       15.000000   0.148196        905.9820    0.0000184468    0.0001251635   56.6395965808   56.1600262992   -2.1437490033 
   0.0000000000   -103.000       15.000000   0.148163        905.8736    0.0000185785    0.0001142215   56.7760977910   56.3389248650   -2.1428976653 
   0.0000000000   -102.000       15.000000   0.148133        905.7753    0.0000187307    0.0001026210   56.9257581508   56.5334677913   -2.1420380724 
   0.0000000000   -101.000       15.000000   0.148107        905.6879    0.0000189048    0.0000903128   57.0894534829   56.7446940277   -2.1411700772 
   0.0000000000   -100.000       15.000000   0.148083        905.6120    0.0000191023    0.0000772438   57.2681419011   56.9737330368   -2.1402925684 
   0.0000000000    -99.000       15.000000   0.148064        905.5482    0.0000193249    0.0000633584   57.4628141419   57.2217502713   -2.1394046783 
   0.0000000000    -98.000       15.000000   0.148048        905.4975    0.0000195742    0.0000485984   57.6745055030   57.4899595170   -2.1385054784 
   0.0000000000    -97.000       15.000000   0.148037        905.4605    0.0000198521    0.0000329025   57.9042951992   57.7796215002   -2.1375939766 
   0.0000000000    -96.000       15.000000   0.148030        905.4382    0.0000201606    0.0000162065   58.1533052733   58.0920418973   -2.1366691136 
   0.0000000000    -95.000       15.000000   0.148028        905.4315    0.0000205017   -0.0000015568   58.4226989737   58.4285686401   -2.1357297598 
   0.0000000000    -94.000       15.000000   0.148031        905.4413    0.0000208776   -0.0000204580   58.7136785335   58.7905884323   -2.1347747116 
   0.0000000000    -93.000       15.000000   0.148040        905.4689    0.0000212905   -0.0000405705   59.0274822605   59.1795223638   -2.1338026885 
   0.0000000000    -92.000       15.000000   0.148054        905.5152    0.0000217430   -0.0000619710   59.3653808328   59.5968204953   -2.1328123293 
   0.0000000000    -91.000       15.000000   0.148074        905.5815    0.0000222375   -0.0000847393   59.7286727050   60.0439552947   -2.1318021892 
   0.0000000000    -90.000       15.000000   0.148101        905.6691    0.0000227767   -0.0001089586   60.1186785103   60.5224137877   -2.1307707364 
   0.0000000000    -89.000       15.000000   0.148134        905.7793    0.0000233635   -0.0001347147   60.5367343142   61.0336882464   -2.1297163494 
   0.0000000000    -88.000       15.000000   0.148175        905.9136    0.0000240008   -0.0001620967   60.9841836072   61.5792652853   -2.1286373136 
   0.0000000000    -87.000       15.000000   0.148224        906.0735    0.0000246918   -0.0001911964   61.4623678706   62.1606131688   -2.1275318193 
   0.0000000000    -86.000       15.000000   0.148281        906.2606    0.0000254397   -0.0002221081   61.9726155704   62.7791671606   -2.1263979592 
   0.0000000000    -85.000       15.000000   0.148347        906.4766    0.0000262479   -0.0002549287   62.5162293962   63.4363127130   -2.1252337269 
   0.0000000000    -84.000       15.000000   0.148422        906.7234    0.0000271199   -0.0002897566   63.0944715979   64.1333663284   -2.1240370151 
   0.0000000000    -83.000       15.000000   0.148508        907.0027    0.0000280594   -0.0003266920   63.7085472022   64.8715538613   -2.1228056156 
   0.0000000000    -82.000       15.000000   0.148604        907.3166    0.0000290703   -0.0003658360   64.3595849558   65.6519861051   -2.1215372192 
   0.0000000000    -81.000       15.000000   0.148711        907.6672    0.0000301564   -0.0004072897   65.0486157909   66.4756314621   -2.1202294168 
   0.0000000000    -80.000       15.000000   0.148830        908.0567    0.0000313219   -0.0004511538   65.7765486400   67.3432855409   -2.1188797019 
   0.0000000000    -79.000       15.000000   0.148961        908.4873    0.0000325709   -0.0004975270   66.5441434161   68.2555375386   -2.1174854741 
   0.0000000000    -78.000       15.000000   0.149106        908.9615    0.0000339075   -0.0005465052   67.3519810264   69.2127333245   -2.1160440440 
   0.0000000000    -77.000       15.000000   0.149266        909.4816    0.0000353362   -0.0005981795   68.2004302734   70.2149351767   -2.1145526409 
   0.0000000000    -76.000       15.000000   0.149440        910.0503    0.0000368610   -0.0006526351   69.0896115658   71.2618782053   -2.1130084215 
   0.0000000000    -75.000       15.000000   0.149630        910.6703    0.0000384864   -0.0007099481   70.0193574191   72.3529236103   -2.1114084815 
   0.0000000000    -74.000       15.000000   0.149837        911.3444    0.0000402168   -0.0007701957   70.9893265235   73.4872040968   -2.1097490652 
   0.0000000000    -73.000       15.000000   0.150061        912.0752    0.0000420555   -0.0008334092   71.9983738417   74.6628441894   -2.1080286136 
   0.0000000000    -72.000       15.000000   0.150304        912.8656    0.0000440066   -0.0008996316   73.0453259319   75.8779324018   -2.1062434782 
   0.0000000000    -71.000       15.000000   0.150566        913.7186    0.0000460735   -0.0009688756   74.1284112060   77.1298194388   -2.1043906798 
   0.0000000000    -70.000       15.000000   0.150849        914.6371    0.0000482590   -0.0010411274   75.2453307493   78.4152168249   -2.1024672861 
   0.0000000000    -69.000       15.000000   0.151153        915.6240    0.0000505656   -0.0011163421   76.3932051452   79.7301435384   -2.1004704462 
   0.0000000000    -68.000       15.000000   0.151480        916.6823    0.0000529948   -0.0011944376   77.5685216437   81.0698760092   -2.0983974315 
   0.0000000000    -67.000       15.000000   0.151829        917.8147    0.0000555470   -0.0012752878   78.7670832305   82.4289037762   -2.0962456828 
   0.0000000000    -66.000       15.000000   0.152203        919.0239    0.0000582216   -0.0013587155   79.9839614990   83.8008934968   -2.0940128634 
   0.0000000000    -65.000       15.000000   0.152603        920.3131    0.0000610174   -0.0014445089   81.2137193579   85.1789834422   -2.0916957246 
   0.0000000000    -64.000       15.000000   0.153028        921.6838    0.0000639290   -0.0015323240   82.4493990728   86.5545864426   -2.0892946018 
   0.0000000000    -63.000       15.000000   0.153480        923.1383    0.0000669512   -0.0016218002   83.6838792037   87.9190697849   -2.0868072716 
   0.0000000000    -62.000       15.000000   0.153959        924.6785    0.0000700755   -0.0017124751   84.9090085146   89.2627403453   -2.0842329315 
   0.0000000000    -61.000       15.000000   0.154466        926.3055    0.0000732909   -0.0018037945   86.1158287775   90.5751550019   -2.0815713609 
   0.0000000000    -60.000       15.000000   0.155001        928.0201    0.0000765831   -0.0018951061   87.2946197955   91.8452159208   -2.0788230085 
   0.0000000000    -59.000       15.000000   0.155564        929.8225    0.0000799347   -0.0019856554   88.4349761121   93.0613028726   -2.0759890799 
   0.0000000000    -58.000       15.000000   0.156157        931.7128    0.0000833258   -0.0020746218   89.5262309865   94.2118038336   -2.0730698817 
   0.0000000000    -57.000       15.000000   0.156778        933.6883    0.0000867286   -0.0021609812   90.5564299209   95.2839615169   -2.0700713737 
   0.0000000000    -56.000       15.000000   0.157426        935.7471    0.0000901154   -0.0022437124   91.5142129674   96.2660793500   -2.0669961522 
   0.0000000000    -55.000       15.000000   0.158100        937.8858    0.0000934533   -0.0023216874   92.3879938928   97.1465729786   -2.0638491964 
   0.0000000000    -54.000       15.000000   0.158800        940.1000    0.0000967063   -0.0023937238   93.1665049796   97.9145868022   -2.0606365498 
   0.0000000000    -53.000       15.000000   0.159524        942.3840    0.0000998354   -0.0024586152   93.8391264812   98.5603326765   -2.0573653160 
   0.0000000000    -52.000       15.000000   0.160270        944.7321    0.0001028017   -0.0025152042   94.3964117969   99.0756107041   -2.0540415656 
   0.0000000000    -51.000       15.000000   0.161036        947.1343    0.0001055606   -0.0025622924   94.8297696403   99.4533929856   -2.0506780288 
   0.0000000000    -50.000       15.000000   0.161817        949.5824    0.0001080728   -0.0025988861   95.1328583488   99.6892296285   -2.0472829306 
   0.0000000000    -49.000       15.000000   0.162612        952.0663    0.0001103003   -0.0026241213   95.3012257147   99.7807298316   -2.0438668145 
   0.0000000000    -48.000       15.000000   0.163418        954.5750    0.0001122090   -0.0026373426   95.3327384223   99.7278894404   -2.0404406755 
   0.0000000000    -47.000       15.000000   0.164229        957.0971    0.0001137708   -0.0026381437   95.2277527833   99.5331373329   -2.0370157262 
   0.0000000000    -46.000       15.000000   0.165044        959.6206    0.0001149645   -0.0026263968   94.9891738506   99.2012757209   -2.0336031426 
   0.0000000000    -45.000       15.000000   0.165856        962.1335    0.0001157775   -0.0026022662   94.6223901218   98.7393144312   -2.0302138059 
   0.0000000000    -44.000       15.000000   0.166666        964.6253    0.0001162072   -0.0025662072   94.1348764864   98.1559846668   -2.0268559566 
   0.0000000000    -43.000       15.000000   0.167464        967.0819    0.0001162565   -0.0025189291   93.5366550192   97.4622339575   -2.0235432382 
   0.0000000000    -42.000       15.000000   0.168251        969.4938    0.0001159403   -0.0024613894   92.8388421030   96.6696741838   -2.0202823286 
   0.0000000000    -41.000       15.000000   0.169021        971.8514    0.0001152800   -0.0023947205   92.0538398982   95.7908729263   -2.0170807544 
   0.0000000000    -40.000       15.000000   0.169773        974.1458    0.0001143030   -0.0023201807   91.1947111822   94.8387741696   -2.0139448585 
   0.0000000000    -39.000       15.000000   0.170503        976.3695    0.0001130416   -0.0022390969   90.2747153112   93.8263109570   -2.0108797635 
   0.0000000000    -38.000       15.000000   0.171210        978.5163    0.0001115310   -0.0021528099   89.3068875250   92.7660661527   -2.0078893833 
   0.0000000000    -37.000       15.000000   0.171891        980.5813    0.0001098079   -0.0020626257   88.3036837575   91.6699940782   -2.0049764756 
   0.0000000000    -36.000       15.000000   0.172545        982.5605    0.0001079091   -0.0019697769   87.2767036471   90.5492088042   -2.0021427266 
   0.0000000000    -35.000       15.000000   0.173172        984.4515    0.0001058700   -0.0018753935   86.2364953717   89.4138387324   -1.9993888581 
   0.0000000000    -34.000       15.000000   0.173768        986.2516    0.0001037242   -0.0017805095   85.1928553059   88.2733809259   -1.9967164921 
   0.0000000000    -33.000       15.000000   0.174337        987.9625    0.0001015022   -0.0016859503   84.1530830420   87.1348859825   -1.9941211497 
   0.0000000000    -32.000       15.000000   0.174877        989.5834    0.0000992318   -0.0015924865   83.1245729837   86.0056854525   -1.9916032913 
   0.0000000000    -31.000       15.000000   0.175388        991.1150    0.0000969370   -0.0015007336   82.1131201270   84.8916027962   -1.9891610090 
   0.0000000000    -30.000       15.000000   0.175870        992.5590    0.0000946389   -0.0014111862   81.1234407429   83.7974829630   -1.9867920243 
   0.0000000000    -29.000       15.000000   0.176324        993.9174    0.0000923551   -0.0013242292   80.1592717752   82.7272743831   -1.9844937840 
   0.0000000000    -28.000       15.000000   0.176752        995.1924    0.0000901003   -0.0012401500   79.2234796137   81.6841187305   -1.9822635426 
   0.0000000000    -27.000       15.000000   0.177152        996.3868    0.0000878866   -0.0011591515   78.3181709930   80.6704429773   -1.9800984335 
   0.0000000000    -26.000       15.000000   0.177527        997.5035    0.0000857233   -0.0010813648   77.4448007352   79.6880497286   -1.9779955269 
   0.0000000000    -25.000       15.000000   0.177877        998.5453    0.0000836179   -0.0010068609   76.6042728202   78.7382030372   -1.9759518774 
   0.0000000000    -24.000       15.000000   0.178204        999.5154    0.0000815759   -0.0009356616   75.7970326619   77.8217079357   -1.9739645618 
   0.0000000000    -23.000       15.000000   0.178507       1000.4169    0.0000796012   -0.0008677490   75.0231495344   76.9389826943   -1.9720307088 
   0.0000000000    -22.000       15.000000   0.178789       1001.2527    0.0000776963   -0.0008030739   74.2823889264   76.0901234341   -1.9701475206 
   0.0000000000    -21.000       15.000000   0.179049       1002.0253    0.0000758630   -0.0007415813   73.5745509637   75.2752647920   -1.9683135495 
   0.0000000000    -20.000       15.000000   0.179290       1002.7392    0.0000741012   -0.0006831399   72.8983818909   74.4933738047   -1.9665235216 
   0.0000000000    -19.000       15.000000   0.179512       1003.3965    0.0000724111   -0.0006276665   72.2533946452   73.7442437517   -1.9647763634 
   0.0000000000    -18.000       15.000000   0.179716       1003.9999    0.0000707919   -0.0005750472   71.6386770384   73.0271815193   -1.9630696874 
   0.0000000000    -17.000       15.000000   0.179903       1004.5522    0.0000692423   -0.0005251625   71.0532427682   72.3413895737   -1.9614012207 
   0.0000000000    -16.000       15.000000   0.180074       1005.0560    0.0000677608   -0.0004778897   70.4960568758   71.6859923235   -1.9597688040 
   0.0000000000    -15.000       15.000000   0.180229       1005.5137    0.0000663456   -0.0004331052   69.9660563923   71.0600581914   -1.9581703900 
   0.0000000000    -14.000       15.000000   0.180369       1005.9278    0.0000649944   -0.0003906863   69.4621668904   70.4626179568   -1.9566040408 
   0.0000000000    -13.000       15.000000   0.180495       1006.3005    0.0000637053   -0.0003505122   68.9833156186   69.8926798978   -1.9550679240 
   0.0000000000    -12.000       15.000000   0.180608       1006.6340    0.0000624758   -0.0003124649   68.5284417782   69.3492421862   -1.9535603085 
   0.0000000000    -11.000       15.000000   0.180709       1006.9303    0.0000613038   -0.0002764301   68.0965044425   68.8313029553   -1.9520795601 
   0.0000000000    -10.000       15.000000   0.180797       1007.1913    0.0000601867   -0.0002422978   67.6864885302   68.3378683913   -1.9506241367 
   0.0000000000     -9.000       15.000000   0.180874       1007.4190    0.0000591225   -0.0002099621   67.2974091996   67.8679591653   -1.9491925835 
   0.0000000000     -8.000       15.000000   0.180941       1007.6150    0.0000581086   -0.0001793220   66.9283149520   67.4206154735   -1.9477835283 
   0.0000000000     -7.000       15.000000   0.180997       1007.7809    0.0000571430   -0.0001502810   66.5782896999   66.9949009138   -1.9463956768 
   0.0000000000     -6.000       15.000000   0.181044       1007.9184    0.0000562235   -0.0001227474   66.2464540052   66.5899053960   -1.9450278081 
   0.0000000000     -5.000       15.000000   0.181081       1008.0283    0.0000553481   -0.0000966416   65.9320833801   66.2048845380   -1.9436796756 
   0.0000000000     -4.000       15.000000   0.181110       1008.1132    0.0000545144   -0.0000718653   65.6341238731   65.8386965299   -1.9423483068 
   0.0000000000     -3.000       15.000000   0.181130       1008.1737    0.0000537206   -0.0000483490   65.3519405796   65.4906750784   -1.9410336631 
   0.0000000000     -2.000       15.000000   0.181143       1008.2112    0.0000529649   -0.0000260187   65.0848015888   65.1600302011   -1.9397347745 
   0.0000000000     -1.000       15.000000   0.181148       1008.2266    0.0000522455   -0.0000048047   64.8320104420   64.8460033424   -1.9384507243 
   0.0000000000      0.000       15.000000   0.181146       1008.2212    0.0000515606    0.0000153586   64.5929050782   64.5478672089   -1.9371806461 
   0.0000000000      1.000       15.000000   0.181138       1008.1960    0.0000509087    0.0000345335   64.3668566591   64.2649253748   -1.9359237202 
   0.0000000000      2.000       15.000000   0.181123       1008.1520    0.0000502881    0.0000527783   64.1532683161   63.9965117145   -1.9346791714 
   0.0000000000      3.000       15.000000   0.181102       1008.0899    0.0000496975    0.0000701483   63.9515738479   63.7419896974   -1.9334462652 
   0.0000000000      4.000       15.000000   0.181075       1008.0108    0.0000491353    0.0000866953   63.7612363966   63.5007515804   -1.9322243060 
   0.0000000000      5.000       15.000000   0.181043       1007.9154    0.0000486002    0.0001024684   63.5817471197   63.2722175259   -1.9310126342 
   0.0000000000      6.000       15.000000   0.181005       1007.8045    0.0000480910    0.0001175137   63.4126238745   63.0558346664   -1.9298106241 
   0.0000000000      7.000       15.000000   0.180963       1007.6788    0.0000476065    0.0001318747   63.2534099257   62.8510761364   -1.9286176818 
   0.0000000000      8.000       15.000000   0.180915       1007.5390    0.0000471455    0.0001455921   63.1036726854   62.6574400846   -1.9274332429 
   0.0000000000      9.000       15.000000   0.180863       1007.3857    0.0000467070    0.0001587048   62.9630024906   62.4744486796   -1.9262567711 
   0.0000000000     10.000       15.000000   0.180807       1007.2194    0.0000462900    0.0001712489   62.8310114246   62.3016471187   -1.9250877561 
   0.0000000000     11.000       15.000000   0.180746       1007.0409    0.0000458934    0.0001832588   62.7073321833   62.1386026469   -1.9239257121 
   0.0000000000     12.000       15.000000   0.180682       1006.8505    0.0000455164    0.0001947667   62.5916169895   61.9849035941   -1.9227701763 
   0.0000000000     13.000       15.000000   0.180613       1006.6488    0.0000451580    0.0002058031   62.4835365558   61.8401584325   -1.9216207076 
   0.0000000000     14.000       15.000000   0.180541       1006.4363    0.0000448176    0.0002163967   62.3827790939   61.7039948594   -1.9204768849 
   0.0000000000     15.000       15.000000   0.180466       1006.2134    0.0000444943    0.0002265747   62.2890493750   61.5760589084   -1.9193383064 
   0.0000000000     16.000       15.000000   0.180387       1005.9805    0.0000441874    0.0002363625   62.2020678342   61.4560140895   -1.9182045881 
   0.0000000000     17.000       15.000000   0.180305       1005.7380    0.0000438962    0.0002457844   62.1215697229   61.3435405604   -1.9170753626 
   0.0000000000     18.000       15.000000   0.180220       1005.4862    0.0000436201    0.0002548632   62.0473043043   61.2383343298   -1.9159502786 
   0.0000000000     19.000       15.000000   0.180131       1005.2256    0.0000433584    0.0002636203   61.9790340919   61.1401064916   -1.9148289995 
   0.0000000000     20.000       15.000000   0.180040       1004.9563    0.0000431105    0.0002720762   61.9165341290   61.0485824912   -1.9137112028 
   0.0000000000     21.000       15.000000   0.179946       1004.6788    0.0000428760    0.0002802500   61.8595913081   60.9635014245   -1.9125965789 
   0.0000000000     22.000       15.000000   0.179850       1004.3933    0.0000426544    0.0002881600   61.8080037270   60.8846153668   -1.9114848308 
   0.0000000000     23.000       15.000000   0.179751       1004.1001    0.0000424450    0.0002958234   61.7615800803   60.8116887318   -1.9103756731 
   0.0000000000     24.000       15.000000   0.179649       1003.7993    0.0000422475    0.0003032564   61.7201390860   60.7444976620   -1.9092688315 
   0.0000000000     25.000       15.000000   0.179545       1003.4913    0.0000420615    0.0003104745   61.6835089426   60.6828294451   -1.9081640419 
   0.0000000000     26.000       15.000000   0.179438       1003.1763    0.0000418865    0.0003174924   61.6515268180   60.6264819613   -1.9070610500 
   0.0000000000     27.000       15.000000   0.179330       1002.8544    0.0000417221    0.0003243237   61.6240383664   60.5752631543   -1.9059596107 
   0.0000000000     28.000       15.000000   0.179219       1002.5258    0.0000415680    0.0003309818   61.6008972726   60.5289905308   -1.9048594876 
   0.0000000000     29.000       15.000000   0.179106       1002.1908    0.0000414238    0.0003374789   61.5819648218   60.4874906823   -1.9037604524 
   0.0000000000     30.000       15.000000   0.178990       1001.8494    0.0000412893    0.0003438269   61.5671094937   60.4505988326   -1.9026622846 
   0.0000000000     31.000       15.000000   0.178873       1001.5019    0.0000411641    0.0003500371   61.5562065798   60.4181584066   -1.9015647709 
   0.0000000000     32.000       15.000000   0.178754       1001.1484    0.0000410480    0.0003561200   61.5491378212   60.3900206212   -1.9004677049 
   0.0000000000     33.000       15.000000   0.178633       1000.7889    0.0000409406    0.0003620857   61.5457910678   60.3660440966   -1.8993708868 
   0.0000000000     34.000       15.000000   0.178510       1000.4236    0.0000408417    0.0003679440   61.5460599562   60.3460944883   -1.8982741226 
   0.0000000000     35.000       15.000000   0.178385       1000.0527    0.0000407511    0.0003737039   61.5498436051   60.3300441359   -1.8971772244 
   0.0000000000     36.000       15.000000   0.178258        999.6762    0.0000406686    0.0003793740   61.5570463276   60.3177717314   -1.8960800096 
   0.0000000000     37.000       15.000000   0.178130        999.2943    0.0000405939    0.0003849628   61.5675773608   60.3091620039   -1.8949823006 
   0.0000000000     38.000       15.000000   0.177999        998.9069    0.0000405268    0.0003904780   61.5813506085   60.3041054199   -1.8938839250 
   0.0000000000     39.000       15.000000   0.177867        998.5142    0.0000404673    0.0003959272   61.5982843988   60.3024978994   -1.8927847145 
   0.0000000000     40.000       15.000000   0.177733        998.1162    0.0000404150    0.0004013176   61.6183012553   60.3042405465   -1.8916845056 
   0.0000000000     41.000       15.000000   0.177598        997.7131    0.0000403699    0.0004066559   61.6413276802   60.3092393934   -1.8905831385 
   0.0000000000     42.000       15.000000   0.177461        997.3048    0.0000403317    0.0004119488   61.6672939493   60.3174051574   -1.8894804575 
   0.0000000000     43.000       15.000000   0.177322        996.8914    0.0000403004    0.0004172023   61.6961339179   60.3286530107   -1.8883763104 
   0.0000000000     44.000       15.000000   0.177182        996.4730    0.0000402759    0.0004224225   61.7277848373   60.3429023616   -1.8872705484 
   0.0000000000     45.000       15.000000   0.177039        996.0496    0.0000402579    0.0004276151   61.7621871812   60.3600766467   -1.8861630259 
   0.0000000000     46.000       15.000000   0.176896        995.6211    0.0000402464    0.0004327855   61.7992844802   60.3801031333   -1.8850536004 
   0.0000000000     47.000       15.000000   0.176751        995.1878    0.0000402412    0.0004379388   61.8390231665   60.4029127326   -1.8839421323 
   0.0000000000     48.000       15.000000   0.176604        994.7495    0.0000402424    0.0004430802   61.8813524256   60.4284398216   -1.8828284846 
   0.0000000000     49.000       15.000000   0.176455        994.3063    0.0000402497    0.0004482143   61.9262240557   60.4566220738   -1.8817125229 
   0.0000000000     50.000       15.000000   0.176305        993.8582    0.0000402632    0.0004533458   61.9735923348   60.4874002987   -1.8805941150 
   0.0000000000     51.000       15.000000   0.176154        993.4052    0.0000402827    0.0004584790   62.0234138942   60.5207182890   -1.8794731313 
   0.0000000000     52.000       15.000000   0.176001        992.9473    0.0000403081    0.0004636182   62.0756475980   60.5565226755   -1.8783494439 
   0.0000000000     53.000       15.000000   0.175846        992.4845    0.0000403394    0.0004687674   62.1302544293   60.5947627888   -1.8772229271 
   0.0000000000     54.000       15.000000   0.175690        992.0168    0.0000403766    0.0004739305   62.1871973817   60.6353905278   -1.8760934571 
   0.0000000000     55.000       15.000000   0.175532        991.5442    0.0000404196    0.0004791113   62.2464413554   60.6783602351   -1.8749609117 
   0.0000000000     56.000       15.000000   0.175372        991.0666    0.0000404683    0.0004843134   62.3079530597   60.7236285772   -1.8738251703 
   0.0000000000     57.000       15.000000   0.175211        990.5842    0.0000405227    0.0004895403   62.3717009183   60.7711544316   -1.8726861139 
   0.0000000000     58.000       15.000000   0.175049        990.0968    0.0000405827    0.0004947953   62.4376549808   60.8208987785   -1.8715436249 
   0.0000000000     59.000       15.000000   0.174885        989.6044    0.0000406484    0.0005000816   62.5057868369   60.8728245976   -1.8703975871 
   0.0000000000     60.000       15.000000   0.174719        989.1070    0.0000407197    0.0005054025   62.5760695355   60.9268967700   -1.8692478854 
   0.0000000000     61.000       15.000000   0.174552        988.6046    0.0000407966    0.0005107608   62.6484775063   60.9830819843   -1.8680944059 
   0.0000000000     62.000       15.000000   0.174383        988.0971    0.0000408790    0.0005161596   62.7229864862   61.0413486469   -1.8669370356 
   0.0000000000     63.000       15.000000   0.174212        987.5845    0.0000409670    0.0005216016   62.7995734475   61.1016667968   -1.8657756629 
   0.0000000000     64.000       15.000000   0.174040        987.0668    0.0000410605    0.0005270896   62.8782165301   61.1640080231   -1.8646101766 
   0.0000000000     65.000       15.000000   0.173866        986.5440    0.0000411595    0.0005326262   62.9588949761   61.2283453875   -1.8634404667 
   0.0000000000     66.000       15.000000   0.173691        986.0159    0.0000412640    0.0005382139   63.0415890667   61.2946533485   -1.8622664239 
   0.0000000000     67.000       15.000000   0.173514        985.4826    0.0000413741    0.0005438554   63.1262800628   61.3629076906   -1.8610879394 
   0.0000000000     68.000       15.000000   0.173335        984.9440    0.0000414897    0.0005495529   63.2129501462   61.4330854546   -1.8599049052 
   0.0000000000     69.000       15.000000   0.173155        984.4000    0.0000416108    0.0005553089   63.3015823640   61.5051648720   -1.8587172139 
   0.0000000000     70.000       15.000000   0.172973        983.8506    0.0000417375    0.0005611255   63.3921605755   61.5791253013   -1.8575247586 
   0.0000000000     71.000       15.000000   0.172789        983.2959    0.0000418697    0.0005670051   63.4846693994   61.6549471675   -1.8563274328 
   0.0000000000     72.000       15.000000   0.172604        982.7356    0.0000420075    0.0005729498   63.5790941644   61.7326119030   -1.8551251306 
   0.0000000000     73.000       15.000000   0.172417        982.1697    0.0000421509    0.0005789616   63.6754208605   61.8121018913   -1.8539177463 
   0.0000000000     74.000       15.000000   0.172228        981.5983    0.0000422998    0.0005850427   63.7736360921   61.8934004125   -1.8527051746 
   0.0000000000     75.000       15.000000   0.172037        981.0211    0.0000424544    0.0005911950   63.8737270328   61.9764915908   -1.8514873104 
   0.0000000000     76.000       15.000000   0.171844        980.4383    0.0000426146    0.0005974204   63.9756813809   62.0613603437   -1.8502640491 
   0.0000000000     77.000       15.000000   0.171650        979.8497    0.0000427805    0.0006037208   64.0794873168   62.1479923330   -1.8490352860 
   0.0000000000     78.000       15.000000   0.171454        979.2552    0.0000429521    0.0006100981   64.1851334610   62.2363739172   -1.8478009166 
   0.0000000000     79.000       15.000000   0.171256        978.6547    0.0000431295    0.0006165541   64.2926088339   62.3264921053   -1.8465608369 
   0.0000000000     80.000       15.000000   0.171056        978.0483    0.0000433126    0.0006230905   64.4019028159   62.4183345123   -1.8453149426 
   0.0000000000     81.000       15.000000   0.170855        977.4359    0.0000435015    0.0006297090   64.5130051084   62.5118893156   -1.8440631296 
   0.0000000000     82.000       15.000000   0.170651        976.8173    0.0000436962    0.0006364114   64.6259056964   62.6071452129   -1.8428052940 
   0.0000000000     83.000       15.000000   0.170446        976.1925    0.0000438968    0.0006431992   64.7405948110   62.7040913805   -1.8415413316 
   0.0000000000     84.000       15.000000   0.170238        975.5615    0.0000441033    0.0006500741   64.8570628934   62.8027174337   -1.8402711386 
   0.0000000000     85.000       15.000000   0.170029        974.9241    0.0000443158    0.0006570375   64.9753005586   62.9030133873   -1.8389946108 
   0.0000000000     86.000       15.000000   0.169818        974.2804    0.0000445343    0.0006640911   65.0952985610   63.0049696170   -1.8377116443 
   0.0000000000     87.000       15.000000   0.169604        973.6301    0.0000447589    0.0006712362   65.2170477593   63.1085768220   -1.8364221348 
   0.0000000000     88.000       15.000000   0.169389        972.9733    0.0000449895    0.0006784744   65.3405390824   63.2138259880   -1.8351259782 
   0.0000000000     89.000       15.000000   0.169172        972.3098    0.0000452263    0.0006858071   65.4657634965   63.3207083512   -1.8338230702 
   0.0000000000     90.000       15.000000   0.168952        971.6396    0.0000454692    0.0006932356   65.5927119709   63.4292153621   -1.8325133064 
   0.0000000000     91.000       15.000000   0.168731        970.9626    0.0000457185    0.0007007613   65.7213754464   63.5393386510   -1.8311965822 
   0.0000000000     92.000       15.000000   0.168508        970.2787    0.0000459740    0.0007083854   65.8517448017   63.6510699933   -1.8298727931 
   0.0000000000     93.000       15.000000   0.168282        969.5879    0.0000462358    0.0007161093   65.9838108222   63.7644012749   -1.8285418342 
   0.0000000000     94.000       15.000000   0.168054        968.8900    0.0000465041    0.0007239342   66.1175641674   63.8793244592   -1.8272036006 
   0.0000000000     95.000       15.000000   0.167824        968.1851    0.0000467788    0.0007318612   66.2529953399   63.9958315529   -1.8258579874 
   0.0000000000     96.000       15.000000   0.167592        967.4729    0.0000470600    0.0007398916   66.3900946542   64.1139145738   -1.8245048893 
   0.0000000000     97.000       15.000000   0.167358        966.7534    0.0000473478    0.0007480264   66.5288522045   64.2335655171   -1.8231442010 
   0.0000000000     98.000       15.000000   0.167121        966.0265    0.0000476422    0.0007562668   66.6692578351   64.3547763237   -1.8217758171 
   0.0000000000     99.000       15.000000   0.166882        965.2922    0.0000479433    0.0007646138   66.8113011086   64.4775388473   -1.8203996319 
   0.0000000000    100.000       15.000000   0.166641        964.5503    0.0000482511    0.0007730683   66.9549712762   64.6018448225   -1.8190155399 
   0.0000000000    101.000       15.000000   0.166398        963.8008    0.0000485657    0.0007816315   67.1002572463   64.7276858327   -1.8176234352 
   0.0000000000    102.000       15.000000   0.166152        963.0436    0.0000488872    0.0007903041   67.2471475548   64.8550532786   -1.8162232118 
   0.0000000000    103.000       15.000000   0.165904        962.2786    0.0000492156    0.0007990870   67.3956303351   64.9839383456   -1.8148147639 
   0.0000000000    104.000       15.000000   0.165654        961.5057    0.0000495510    0.0008079812   67.5456932874   65.1143319734   -1.8133979852 
   0.0000000000    105.000       15.000000   0.165401        960.7248    0.0000498934    0.0008169873   67.6973236494   65.2462248231   -1.8119727698 
   0.0000000000    106.000       15.000000   0.165146        959.9358    0.0000502429    0.0008261062   67.8505081661   65.3796072467   -1.8105390114 
   0.0000000000    107.000       15.000000   0.164889        959.1387    0.0000505995    0.0008353386   68.0052330605   65.5144692550   -1.8090966039 
   0.0000000000    108.000       15.000000   0.164629        958.3334    0.0000509634    0.0008446850   68.1614840039   65.6508004865   -1.8076454411 
   0.0000000000    109.000       15.000000   0.164366        957.5197    0.0000513345    0.0008541460   68.3192460868   65.7885901758   -1.8061854169 
   0.0000000000    110.000       15.000000   0.164101        956.6976    0.0000517130    0.0008637223   68.4785037896   65.9278271223   -1.8047164254 
   0.0000000000    111.000       15.000000   0.163834        955.8670    0.0000520988    0.0008734143   68.6392409534   66.0684996591   -1.8032383605 
   0.0000000000    112.000       15.000000   0.163564        955.0278    0.0000524921    0.0008832223   68.8014407516   66.2105956209   -1.8017511165 
   0.0000000000    113.000       15.000000   0.163291        954.1799    0.0000528929    0.0008931469   68.9650856610   66.3541023137   -1.8002545877 
   0.0000000000    114.000       15.000000   0.163016        953.3233    0.0000533012    0.0009031882   69.1301574342   66.4990064829   -1.7987486688 
   0.0000000000    115.000       15.000000   0.162738        952.4578    0.0000537172    0.0009133465   69.2966370703   66.6452942823   -1.7972332547 
   0.0000000000    116.000       15.000000   0.162458        951.5834    0.0000541408    0.0009236220   69.4645047885   66.7929512431   -1.7957082405 
   0.0000000000    117.000       15.000000   0.162175        950.7000    0.0000545721    0.0009340147   69.6337399995   66.9419622427   -1.7941735218 
   0.0000000000    118.000       15.000000   0.161889        949.8074    0.0000550111    0.0009445247   69.8043212794   67.0923114737   -1.7926289945 
   0.0000000000    119.000       15.000000   0.161601        948.9057    0.0000554580    0.0009551519   69.9762263427   67.2439824133   -1.7910745550 
   0.0000000000    120.000       15.000000   0.161310        947.9947    0.0000559127    0.0009658962   70.1494320156   67.3969577925   -1.7895101003 
   0.0000000000    121.000       15.000000   0.161016        947.0743    0.0000563753    0.0009767574   70.3239142111   67.5512195657   -1.7879355278 
   0.0000000000    122.000       15.000000   0.160720        946.1445    0.0000568459    0.0009877351   70.4996479033   67.7067488804   -1.7863507359 
   0.0000000000    123.000       15.000000   0.160421        945.2052    0.0000573244    0.0009988290   70.6766071027   67.8635260471   -1.7847556232 
   0.0000000000    124.000       15.000000   0.160119        944.2562    0.0000578109    0.0010100385   70.8547648326   68.0215305100   -1.7831500895 
   0.0000000000    125.000       15.000000   0.159815        943.2981    0.0000583053    0.0010213592   71.0340417999   68.1806825869   -1.7815334774 
   0.0000000000    126.000       15.000000   0.159507        942.3297    0.0000588079    0.0010327980   71.2145091513   68.3410735366   -1.7799067863 
