  #sigma_s    Temp(C) Press(Mpa) p_meanfield density (kg/m^3)      kappa      alpha Cp(J/molK) Cv(J/molK)  mu(J/mol)
   0.0000000000   -173.000      160.000000   0.261279        958.3028    0.0000190804    0.0007333690   60.2329110460   55.3534643051   -2.0642114446 
   0.0000000000   -172.000      160.000000   0.261054        957.6050    0.0000190845    0.0007234331   60.1427123501   55.3291271254   -2.0632007498 
   0.0000000000   -171.000      160.000000   0.260832        956.9172    0.0000190907    0.0007134635   60.0558235813   55.3083861313   -2.0621934418 
   0.0000000000   -170.000      160.000000   0.260614        956.2395    0.0000190998    0.0007034479   59.9722907390   55.2913841307   -2.0611894224 
   0.0000000000   -169.000      160.000000   0.260399        955.5719    0.0000191124    0.0006933720   59.8921791494   55.2782932205   -2.0601885860 
   0.0000000000   -168.000      160.000000   0.260188        954.9144    0.0000191294    0.0006832206   59.8155699086   55.2693118905   -2.0591908194 
   0.0000000000   -167.000      160.000000   0.259979        954.2671    0.0000191516    0.0006729762   59.7425639292   55.2646714296   -2.0581960007 
   0.0000000000   -166.000      160.000000   0.259775        953.6301    0.0000191799    0.0006626194   59.6732846009   55.2646392700   -2.0572039983 
   0.0000000000   -165.000      160.000000   0.259574        953.0034    0.0000192155    0.0006521288   59.6078758934   55.2695166355   -2.0562146708 
   0.0000000000   -164.000      160.000000   0.259376        952.3871    0.0000192594    0.0006414808   59.5465025108   55.2796395776   -2.0552278654 
   0.0000000000   -163.000      160.000000   0.259182        951.7815    0.0000193127    0.0006306496   59.4893533761   55.2953835460   -2.0542434169 
   0.0000000000   -162.000      160.000000   0.258991        951.1867    0.0000193768    0.0006196069   59.4366426812   55.3171657330   -2.0532611469 
   0.0000000000   -161.000      160.000000   0.258804        950.6029    0.0000194530    0.0006083217   59.3886110819   55.3454466309   -2.0522808624 
   0.0000000000   -160.000      160.000000   0.258621        950.0303    0.0000195429    0.0005967601   59.3455266001   55.3807316509   -2.0513023544 
   0.0000000000   -159.000      160.000000   0.258442        949.4691    0.0000196480    0.0005848856   59.3076863105   55.4235736203   -2.0503253965 
   0.0000000000   -158.000      160.000000   0.258266        948.9197    0.0000197702    0.0005726581   59.2754194906   55.4745782346   -2.0493497432 
   0.0000000000   -157.000      160.000000   0.258094        948.3824    0.0000199112    0.0005600342   59.2490887290   55.5344049588   -2.0483751283 
   0.0000000000   -156.000      160.000000   0.257927        947.8576    0.0000200733    0.0005469669   59.2290893838   55.6037669826   -2.0474012632 
   0.0000000000   -155.000      160.000000   0.257763        947.3456    0.0000202586    0.0005334049   59.2158563827   55.6834411876   -2.0464278343 
   0.0000000000   -154.000      160.000000   0.257604        946.8471    0.0000204694    0.0005192931   59.2098628279   55.7742652465   -2.0454545014 
   0.0000000000   -153.000      160.000000   0.257450        946.3624    0.0000207085    0.0005045716   59.2116224030   55.8771430644   -2.0444808950 
   0.0000000000   -152.000      160.000000   0.257300        945.8923    0.0000209786    0.0004891753   59.2216957433   55.9930523979   -2.0435066137 
   0.0000000000   -151.000      160.000000   0.257155        945.4373    0.0000212828    0.0004730339   59.2406871130   56.1230409739   -2.0425312215 
   0.0000000000   -150.000      160.000000   0.257015        944.9981    0.0000216245    0.0004560713   59.2692522336   56.2682374553   -2.0415542447 
   0.0000000000   -149.000      160.000000   0.256881        944.5756    0.0000220071    0.0004382048   59.3080974970   56.4298499955   -2.0405751684 
   0.0000000000   -148.000      160.000000   0.256752        944.1705    0.0000224348    0.0004193449   59.3579857516   56.6091751870   -2.0395934331 
   0.0000000000   -147.000      160.000000   0.256629        943.7840    0.0000229117    0.0003993944   59.4197371053   56.8075982543   -2.0386084304 
   0.0000000000   -146.000      160.000000   0.256513        943.4170    0.0000234425    0.0003782477   59.4942340100   57.0266006668   -2.0376194990 
   0.0000000000   -145.000      160.000000   0.256403        943.0707    0.0000240323    0.0003557901   59.5824234760   57.2677622233   -2.0366259200 
   0.0000000000   -144.000      160.000000   0.256300        942.7464    0.0000246866    0.0003318967   59.6853216628   57.5327677280   -2.0356269114 
   0.0000000000   -143.000      160.000000   0.256204        942.4454    0.0000254115    0.0003064313   59.8040169869   57.8234104544   -2.0346216224 
   0.0000000000   -142.000      160.000000   0.256117        942.1693    0.0000262137    0.0002792451   59.9396732602   58.1415958648   -2.0336091275 
   0.0000000000   -141.000      160.000000   0.256037        941.9198    0.0000271006    0.0002501757   60.0935359550   58.4893488043   -2.0325884194 
   0.0000000000   -140.000      160.000000   0.255967        941.6986    0.0000280802    0.0002190447   60.2669341829   58.8688156292   -2.0315584012 
   0.0000000000   -139.000      160.000000   0.255907        941.5079    0.0000291614    0.0001856566   60.4612862424   59.2822695902   -2.0305178783 
   0.0000000000   -138.000      160.000000   0.255857        941.3498    0.0000303541    0.0001497957   60.6781044947   59.7321156326   -2.0294655485 
   0.0000000000   -137.000      160.000000   0.255817        941.2267    0.0000316693    0.0001112244   60.9189991613   60.2208924968   -2.0283999924 
   0.0000000000   -136.000      160.000000   0.255790        941.1412    0.0000331191    0.0000696794   61.1856841097   60.7512772398   -2.0273196609 
   0.0000000000   -135.000      160.000000   0.255776        941.0964    0.0000347173    0.0000248685   61.4799819080   61.3260875448   -2.0262228627 
   0.0000000000   -134.000      160.000000   0.255776        941.0955    0.0000364792   -0.0000235338   61.8038292446   61.9482830379   -2.0251077495 
   0.0000000000   -133.000      160.000000   0.255790        941.1419    0.0000384220   -0.0000758914   62.1592826356   62.6209656518   -2.0239722995 
   0.0000000000   -132.000      160.000000   0.255821        941.2395    0.0000405651   -0.0001326126   62.5485249421   63.3473786404   -2.0228142990 
   0.0000000000   -131.000      160.000000   0.255870        941.3933    0.0000429321   -0.0001941874   62.9741022992   64.1313062135   -2.0216300616 
   0.0000000000   -130.000      160.000000   0.255938        941.6071    0.0000455460   -0.0002610890   63.4380907621   64.9755988677   -2.0204191003 
   0.0000000000   -129.000      160.000000   0.256027        941.8867    0.0000484369   -0.0003339332   63.9432743085   65.8842062507   -2.0191774604 
   0.0000000000   -128.000      160.000000   0.256138        942.2381    0.0000516381   -0.0004134001   64.4924259544   66.8608926861   -2.0179018808 
   0.0000000000   -127.000      160.000000   0.256274        942.6679    0.0000551887   -0.0005002723   65.0884914144   67.9095186559   -2.0165887561 
   0.0000000000   -126.000      160.000000   0.256438        943.1837    0.0000591340   -0.0005954564   65.7346027458   69.0340139641   -2.0152340913 
   0.0000000000   -125.000      160.000000   0.256631        943.7938    0.0000635274   -0.0007000097   66.4340966671   70.2383437461   -2.0138334485 
   0.0000000000   -124.000      160.000000   0.256859        944.5088    0.0000684364   -0.0008152572   67.1910626843   71.5273668946   -2.0123800034 
   0.0000000000   -123.000      160.000000   0.257123        945.3381    0.0000739309   -0.0009425500   68.0085314604   72.9035832940   -2.0108712081 
   0.0000000000   -122.000      160.000000   0.257428        946.2949    0.0000801055   -0.0010837087   68.8910180325   74.3713793987   -2.0092994316 
   0.0000000000   -121.000      160.000000   0.257778        947.3935    0.0000870722   -0.0012408673   69.8430579779   75.9342700538   -2.0076575620 
   0.0000000000   -120.000      160.000000   0.258180        948.6525    0.0000949772   -0.0014167867   70.8704750467   77.5967333479   -2.0059351389 
   0.0000000000   -119.000      160.000000   0.258639        950.0890    0.0001039832   -0.0016144849   71.9777105176   79.3593062942   -2.0041264439 
   0.0000000000   -118.000      160.000000   0.259163        951.7274    0.0001143151   -0.0018381131   73.1717444017   81.2245541274   -2.0022191360 
   0.0000000000   -117.000      160.000000   0.259764        953.5982    0.0001262718   -0.0020931337   74.4614804213   83.1949803249   -2.0001974024 
   0.0000000000   -116.000      160.000000   0.260449        955.7315    0.0001402077   -0.0023858906   75.8543932002   85.2664162434   -1.9980510555 
   0.0000000000   -115.000      160.000000   0.261236        958.1740    0.0001566554   -0.0027258879   77.3646726247   87.4387769622   -1.9957564956 
   0.0000000000   -114.000      160.000000   0.262142        960.9763    0.0001763002   -0.0031251029   79.0071409064   89.7033318962   -1.9932941511 
   0.0000000000   -113.000      160.000000   0.263187        964.2030    0.0002001098   -0.0036001963   80.8026687213   92.0461814089   -1.9906389248 
   0.0000000000   -112.000      160.000000   0.264405        967.9495    0.0002295796   -0.0041766145   82.7867079835   94.4511494631   -1.9877494574 
   0.0000000000   -111.000      160.000000   0.265839        972.3377    0.0002669448   -0.0048915532   85.0105040695   96.8861609137   -1.9845786838 
   0.0000000000   -110.000      160.000000   0.267542        977.5268    0.0003156629   -0.0058010036   87.5529170281   99.2942490540   -1.9810714186 
   0.0000000000   -109.000      160.000000   0.269604        983.7723    0.0003817756   -0.0070004015   90.5621443989  101.5920412326   -1.9771326587 
   0.0000000000   -108.000      160.000000   0.272158        991.4525    0.0004758927   -0.0086499583   94.3022123969  103.6267786916   -1.9726338322 
   0.0000000000   -107.000      160.000000   0.275421       1001.1794    0.0006174435   -0.0110217811   99.2624639828  105.1163410515   -1.9673780923 
   0.0000000000   -106.000      160.000000   0.279735       1013.8984    0.0008356281   -0.0144352500  106.1150153566  105.5043379764   -1.9610982426 
   0.0000000000   -105.000      160.000000   0.285497       1030.6355    0.0011070100   -0.0180537579  113.5543905623  103.7906651674   -1.9536044973 
   0.0000000000   -104.000      160.000000   0.292073       1049.4152    0.0011312984   -0.0169012950  111.5710878058   99.4318109077   -1.9458597635 
   0.0000000000   -103.000      160.000000   0.297479       1064.6025    0.0008721267   -0.0118063968  100.4667194833   94.3328011103   -1.9397262733 
   0.0000000000   -102.000      160.000000   0.301239       1075.0403    0.0006498961   -0.0080147049   91.4281354108   90.0695347845   -1.9352869726 
   0.0000000000   -101.000      160.000000   0.303898       1082.3567    0.0005064309   -0.0057222753   85.5303090256   86.6886020561   -1.9318645299 
   0.0000000000   -100.000      160.000000   0.305860       1087.7270    0.0004123705   -0.0042837366   81.5755435295   83.9628239206   -1.9290432497 
   0.0000000000    -99.000      160.000000   0.307371       1091.8432    0.0003470350   -0.0033174972   78.7576455508   81.7000909038   -1.9265921640 
   0.0000000000    -98.000      160.000000   0.308559       1095.0714    0.0002994634   -0.0026335197   76.6530394723   79.7864295311   -1.9243983561 
   0.0000000000    -97.000      160.000000   0.309521       1097.6726    0.0002632391   -0.0021250427   75.0086125761   78.1301113022   -1.9223782398 
   0.0000000000    -96.000      160.000000   0.310300       1099.7813    0.0002348696   -0.0017354653   73.6883357744   76.6828392823   -1.9204958314 
   0.0000000000    -95.000      160.000000   0.310944       1101.5172    0.0002119966   -0.0014274609   72.5968617339   75.3984102675   -1.9187134341 
   0.0000000000    -94.000      160.000000   0.311475       1102.9493    0.0001931946   -0.0011788837   71.6772643377   74.2496159266   -1.9170129966 
   0.0000000000    -93.000      160.000000   0.311915       1104.1335    0.0001774680   -0.0009745193   70.8889761678   73.2137588329   -1.9153789824 
   0.0000000000    -92.000      160.000000   0.312282       1105.1166    0.0001641011   -0.0008035805   70.2021551286   72.2715041618   -1.9137969380 
   0.0000000000    -91.000      160.000000   0.312582       1105.9220    0.0001526356   -0.0006592747   69.5985265099   71.4125927804   -1.9122636625 
   0.0000000000    -90.000      160.000000   0.312826       1106.5798    0.0001426830   -0.0005358847   69.0615005301   70.6243500858   -1.9107699077 
   0.0000000000    -89.000      160.000000   0.313027       1107.1147    0.0001339493   -0.0004291335   68.5783409616   69.8961511465   -1.9093072059 
   0.0000000000    -88.000      160.000000   0.313183       1107.5356    0.0001262517   -0.0003364206   68.1419142417   69.2236436877   -1.9078769148 
   0.0000000000    -87.000      160.000000   0.313306       1107.8639    0.0001193962   -0.0002549603   67.7433415767   68.5978067793   -1.9064699441 
   0.0000000000    -86.000      160.000000   0.313397       1108.1069    0.0001132659   -0.0001831247   67.3779292919   68.0150506887   -1.9050865456 
   0.0000000000    -85.000      160.000000   0.313458       1108.2723    0.0001077600   -0.0001195116   67.0414528210   67.4716146201   -1.9037259420 
   0.0000000000    -84.000      160.000000   0.313497       1108.3737    0.0001027766   -0.0000626926   66.7291162599   66.9618802797   -1.9023818684 
   0.0000000000    -83.000      160.000000   0.313512       1108.4152    0.0000982541   -0.0000118329   66.4384370122   66.4836367117   -1.9010550165 
   0.0000000000    -82.000      160.000000   0.313506       1108.4010    0.0000941383    0.0000337976   66.1671657140   66.0346505960   -1.8997456345 
   0.0000000000    -81.000      160.000000   0.313484       1108.3410    0.0000903683    0.0000750411   65.9123116077   65.6109071665   -1.8984483078 
   0.0000000000    -80.000      160.000000   0.313446       1108.2374    0.0000869095    0.0001123479   65.6725289307   65.2111057192   -1.8971642841 
   0.0000000000    -79.000      160.000000   0.313393       1108.0942    0.0000837267    0.0001461898   65.4462436540   64.8332860761   -1.8958925376 
   0.0000000000    -78.000      160.000000   0.313324       1107.9134    0.0000807934    0.0001769106   65.2323772699   64.4762385188   -1.8946339497 
   0.0000000000    -77.000      160.000000   0.313246       1107.7022    0.0000780753    0.0002049766   65.0291663865   64.1372395836   -1.8933838184 
   0.0000000000    -76.000      160.000000   0.313156       1107.4612    0.0000755549    0.0002306061   64.8359637736   63.8156018272   -1.8921436951 
   0.0000000000    -75.000      160.000000   0.313057       1107.1930    0.0000732128    0.0002540529   64.6518900351   63.5100778668   -1.8909129487 
   0.0000000000    -74.000      160.000000   0.312948       1106.8999    0.0000710318    0.0002755369   64.4761763075   63.2195453244   -1.8896910195 
   0.0000000000    -73.000      160.000000   0.312830       1106.5840    0.0000689971    0.0002952501   64.3081470117   62.9429902861   -1.8884774075 
   0.0000000000    -72.000      160.000000   0.312703       1106.2460    0.0000670976    0.0003133278   64.1473693412   62.6798364599   -1.8872732079 
   0.0000000000    -71.000      160.000000   0.312571       1105.8904    0.0000653170    0.0003299907   63.9929521757   62.4284902715   -1.8860746605 
   0.0000000000    -70.000      160.000000   0.312432       1105.5172    0.0000636475    0.0003453277   63.8446325882   62.1886203171   -1.8848832593 
   0.0000000000    -69.000      160.000000   0.312287       1105.1278    0.0000620801    0.0003594550   63.7019884173   61.9595253061   -1.8836986590 
   0.0000000000    -68.000      160.000000   0.312137       1104.7235    0.0000606064    0.0003724762   63.5646415610   61.7405627590   -1.8825205452 
   0.0000000000    -67.000      160.000000   0.311982       1104.3054    0.0000592191    0.0003844837   63.4322522554   61.5311426176   -1.8813486304 
   0.0000000000    -66.000      160.000000   0.311822       1103.8748    0.0000579114    0.0003955601   63.3045141849   61.3307216442   -1.8801826505 
   0.0000000000    -65.000      160.000000   0.311657       1103.4326    0.0000566774    0.0004057797   63.1811503918   61.1387986511   -1.8790223619 
   0.0000000000    -64.000      160.000000   0.311489       1102.9798    0.0000555116    0.0004152097   63.0619096921   60.9549102565   -1.8778675394 
   0.0000000000    -63.000      160.000000   0.311316       1102.5161    0.0000544102    0.0004238937   62.9466473566   60.7788196314   -1.8767192780 
   0.0000000000    -62.000      160.000000   0.311141       1102.0446    0.0000533664    0.0004319230   62.8349733381   60.6097118821   -1.8755746067 
   0.0000000000    -61.000      160.000000   0.310963       1101.5647    0.0000523773    0.0004393272   62.7267984243   60.4474469163   -1.8744348403 
   0.0000000000    -60.000      160.000000   0.310783       1101.0771    0.0000514394    0.0004461518   62.6219478595   60.2916790183   -1.8732998042 
   0.0000000000    -59.000      160.000000   0.310600       1100.5826    0.0000505490    0.0004524382   62.5202613324   60.1420860780   -1.8721693350 
   0.0000000000    -58.000      160.000000   0.310414       1100.0816    0.0000497032    0.0004582245   62.4215914478   59.9983674685   -1.8710432792 
   0.0000000000    -57.000      160.000000   0.310226       1099.5747    0.0000488991    0.0004635452   62.3258024275   59.8602422857   -1.8699214920 
   0.0000000000    -56.000      160.000000   0.310037       1099.0625    0.0000481339    0.0004684323   62.2327689462   59.7274476742   -1.8688038371 
   0.0000000000    -55.000      160.000000   0.309846       1098.5453    0.0000474053    0.0004729151   62.1423751039   59.5997373835   -1.8676901850 
   0.0000000000    -54.000      160.000000   0.309653       1098.0236    0.0000467111    0.0004770206   62.0545135581   59.4768804571   -1.8665804130 
   0.0000000000    -53.000      160.000000   0.309458       1097.4979    0.0000460491    0.0004807738   61.9690847092   59.3586600520   -1.8654744043 
   0.0000000000    -52.000      160.000000   0.309263       1096.9685    0.0000454174    0.0004841977   61.8859959868   59.2448723431   -1.8643720479 
   0.0000000000    -51.000      160.000000   0.309066       1096.4358    0.0000448143    0.0004873137   61.8051612537   59.1353255851   -1.8632732372 
   0.0000000000    -50.000      160.000000   0.308868       1095.9001    0.0000442381    0.0004901415   61.7265002252   59.0298392188   -1.8621778708 
   0.0000000000    -49.000      160.000000   0.308669       1095.3609    0.0000436877    0.0004926918   61.6499728196   58.9283393393   -1.8610870321 
   0.0000000000    -48.000      160.000000   0.308469       1094.8202    0.0000431608    0.0004949982   61.5754345575   58.8304611634   -1.8599981646 
   0.0000000000    -47.000      160.000000   0.308269       1094.2773    0.0000426564    0.0004970677   61.5028602172   58.7361627299   -1.8589124704 
   0.0000000000    -46.000      160.000000   0.308069       1093.7325    0.0000421734    0.0004989153   61.4321883385   58.6453006614   -1.8578298617 
   0.0000000000    -45.000      160.000000   0.307868       1093.1861    0.0000417106    0.0005005548   61.3633612801   58.5577394236   -1.8567502533 
   0.0000000000    -44.000      160.000000   0.307666       1092.6383    0.0000412670    0.0005019991   61.2963249577   58.4733508346   -1.8556735634 
   0.0000000000    -43.000      160.000000   0.307464       1092.0893    0.0000408414    0.0005032605   61.2310285483   58.3920135699   -1.8545997127 
   0.0000000000    -42.000      160.000000   0.307262       1091.5392    0.0000404331    0.0005043502   61.1674242621   58.3136127241   -1.8535286245 
   0.0000000000    -41.000      160.000000   0.307060       1090.9884    0.0000400410    0.0005052790   61.1054671184   58.2380394207   -1.8524602243 
   0.0000000000    -40.000      160.000000   0.306857       1090.4368    0.0000396643    0.0005060569   61.0451147414   58.1651904302   -1.8513944399 
   0.0000000000    -39.000      160.000000   0.306654       1089.8848    0.0000393024    0.0005066932   60.9863271779   58.0949678173   -1.8503312009 
   0.0000000000    -38.000      160.000000   0.306452       1089.3325    0.0000389544    0.0005071968   60.9290667320   58.0272786325   -1.8492704390 
   0.0000000000    -37.000      160.000000   0.306249       1088.7799    0.0000386196    0.0005075761   60.8732978169   57.9620346220   -1.8482120875 
   0.0000000000    -36.000      160.000000   0.306047       1088.2273    0.0000382974    0.0005078389   60.8189868058   57.8991519384   -1.8471560812 
   0.0000000000    -35.000      160.000000   0.305844       1087.6747    0.0000379872    0.0005079925   60.7661019131   57.8385509016   -1.8461023567 
   0.0000000000    -34.000      160.000000   0.305642       1087.1223    0.0000376884    0.0005080440   60.7146130698   57.7801557450   -1.8450508516 
   0.0000000000    -33.000      160.000000   0.305440       1086.5701    0.0000374005    0.0005080000   60.6644918207   57.7238944101   -1.8440015052 
   0.0000000000    -32.000      160.000000   0.305238       1086.0184    0.0000371230    0.0005078667   60.6157112206   57.6696983337   -1.8429542578 
   0.0000000000    -31.000      160.000000   0.305037       1085.4671    0.0000368554    0.0005076499   60.5682457456   57.6175022551   -1.8419090509 
   0.0000000000    -30.000      160.000000   0.304835       1084.9163    0.0000365971    0.0005073553   60.5220712093   57.5672440402   -1.8408658271 
   0.0000000000    -29.000      160.000000   0.304634       1084.3662    0.0000363479    0.0005069882   60.4771646815   57.5188645138   -1.8398245299 
   0.0000000000    -28.000      160.000000   0.304434       1083.8169    0.0000361073    0.0005065536   60.4335044126   57.4723072931   -1.8387851040 
   0.0000000000    -27.000      160.000000   0.304234       1083.2683    0.0000358749    0.0005060561   60.3910697801   57.4275186637   -1.8377474947 
   0.0000000000    -26.000      160.000000   0.304034       1082.7205    0.0000356503    0.0005055004   60.3498412066   57.3844474102   -1.8367116483 
   0.0000000000    -25.000      160.000000   0.303835       1082.1737    0.0000354333    0.0005048907   60.3098001187   57.3430447147   -1.8356775118 
   0.0000000000    -24.000      160.000000   0.303636       1081.6278    0.0000352234    0.0005042310   60.2709288813   57.3032640169   -1.8346450330 
   0.0000000000    -23.000      160.000000   0.303437       1081.0829    0.0000350204    0.0005035253   60.2332107532   57.2650609082   -1.8336141604 
   0.0000000000    -22.000      160.000000   0.303240       1080.5391    0.0000348240    0.0005027772   60.1966298412   57.2283930246   -1.8325848432 
   0.0000000000    -21.000      160.000000   0.303042       1079.9964    0.0000346339    0.0005019902   60.1611710514   57.1932199416   -1.8315570310 
   0.0000000000    -20.000      160.000000   0.302844       1079.4544    0.0000344501    0.0005011655   60.1268233556   57.1595307847   -1.8305316552 
   0.0000000000    -19.000      160.000000   0.302648       1078.9140    0.0000342718    0.0005003107   60.0935660309   57.1272312966   -1.8295066619 
   0.0000000000    -18.000      160.000000   0.302452       1078.3748    0.0000340992    0.0004994266   60.0613900192   57.0963162322   -1.8284830289 
   0.0000000000    -17.000      160.000000   0.302257       1077.8369    0.0000339319    0.0004985160   60.0302830420   57.0667520109   -1.8274607077 
   0.0000000000    -16.000      160.000000   0.302062       1077.3002    0.0000337697    0.0004975816   60.0002334427   57.0385065697   -1.8264396507 
   0.0000000000    -15.000      160.000000   0.301868       1076.7649    0.0000336125    0.0004966262   59.9712301565   57.0115492901   -1.8254198102 
   0.0000000000    -14.000      160.000000   0.301675       1076.2308    0.0000334600    0.0004956521   59.9432626807   56.9858509291   -1.8244011395 
   0.0000000000    -13.000      160.000000   0.301482       1075.6980    0.0000333121    0.0004946619   59.9163210521   56.9613835597   -1.8233835917 
   0.0000000000    -12.000      160.000000   0.301289       1075.1666    0.0000331686    0.0004936577   59.8903958171   56.9381205024   -1.8223671208 
   0.0000000000    -11.000      160.000000   0.301097       1074.6365    0.0000330293    0.0004926419   59.8654780126   56.9160362750   -1.8213516808 
   0.0000000000    -10.000      160.000000   0.300906       1074.1078    0.0000328941    0.0004916163   59.8415591417   56.8951065337   -1.8203372261 
   0.0000000000     -9.000      160.000000   0.300715       1073.5805    0.0000327629    0.0004905832   59.8186311524   56.8753080221   -1.8193237116 
   0.0000000000     -8.000      160.000000   0.300525       1073.0545    0.0000326354    0.0004895444   59.7966864195   56.8566185237   -1.8183110922 
   0.0000000000     -7.000      160.000000   0.300336       1072.5299    0.0000325116    0.0004885016   59.7757177235   56.8390168120   -1.8172993232 
   0.0000000000     -6.000      160.000000   0.300147       1072.0066    0.0000323914    0.0004874568   59.7557182357   56.8224826105   -1.8162883602 
   0.0000000000     -5.000      160.000000   0.299959       1071.4848    0.0000322746    0.0004864115   59.7366814998   56.8069965470   -1.8152781589 
   0.0000000000     -4.000      160.000000   0.299771       1070.9643    0.0000321610    0.0004853674   59.7186014157   56.7925401162   -1.8142686755 
   0.0000000000     -3.000      160.000000   0.299584       1070.4452    0.0000320507    0.0004843260   59.7014722244   56.7790956392   -1.8132598661 
   0.0000000000     -2.000      160.000000   0.299397       1069.9274    0.0000319435    0.0004832889   59.6852884955   56.7666462300   -1.8122516871 
   0.0000000000     -1.000      160.000000   0.299211       1069.4110    0.0000318393    0.0004822574   59.6700451121   56.7551757605   -1.8112440951 
   0.0000000000      0.000      160.000000   0.299026       1068.8960    0.0000317380    0.0004812329   59.6557372576   56.7446688260   -1.8102370470 
   0.0000000000      1.000      160.000000   0.298841       1068.3823    0.0000316395    0.0004802167   59.6423604043   56.7351107167   -1.8092304996 
   0.0000000000      2.000      160.000000   0.298657       1067.8699    0.0000315438    0.0004792102   59.6299103026   56.7264873866   -1.8082244099 
   0.0000000000      3.000      160.000000   0.298473       1067.3588    0.0000314507    0.0004782144   59.6183829670   56.7187854251   -1.8072187353 
   0.0000000000      4.000      160.000000   0.298290       1066.8490    0.0000313602    0.0004772306   59.6077746689   56.7119920315   -1.8062134331 
   0.0000000000      5.000      160.000000   0.298107       1066.3405    0.0000312723    0.0004762599   59.5980819251   56.7060949887   -1.8052084606 
   0.0000000000      6.000      160.000000   0.297925       1065.8333    0.0000311867    0.0004753034   59.5893014874   56.7010826375   -1.8042037755 
   0.0000000000      7.000      160.000000   0.297743       1065.3273    0.0000311036    0.0004743621   59.5814303356   56.6969438564   -1.8031993354 
   0.0000000000      8.000      160.000000   0.297562       1064.8226    0.0000310228    0.0004734371   59.5744656666   56.6936680359   -1.8021950980 
   0.0000000000      9.000      160.000000   0.297382       1064.3191    0.0000309442    0.0004725292   59.5684048885   56.6912450606   -1.8011910213 
   0.0000000000     10.000      160.000000   0.297202       1063.8168    0.0000308679    0.0004716395   59.5632456104   56.6896652865   -1.8001870629 
   0.0000000000     11.000      160.000000   0.297023       1063.3156    0.0000307937    0.0004707688   59.5589856372   56.6889195237   -1.7991831810 
   0.0000000000     12.000      160.000000   0.296844       1062.8156    0.0000307216    0.0004699180   59.5556229598   56.6889990156   -1.7981793335 
   0.0000000000     13.000      160.000000   0.296665       1062.3168    0.0000306516    0.0004690879   59.5531557519   56.6898954256   -1.7971754784 
   0.0000000000     14.000      160.000000   0.296487       1061.8190    0.0000305837    0.0004682794   59.5515823598   56.6916008154   -1.7961715740 
   0.0000000000     15.000      160.000000   0.296309       1061.3223    0.0000305177    0.0004674932   59.5509012987   56.6941076323   -1.7951675783 
   0.0000000000     16.000      160.000000   0.296132       1060.8267    0.0000304536    0.0004667301   59.5511112456   56.6974086927   -1.7941634495 
   0.0000000000     17.000      160.000000   0.295956       1060.3321    0.0000303914    0.0004659907   59.5522110346   56.7014971686   -1.7931591458 
   0.0000000000     18.000      160.000000   0.295780       1059.8384    0.0000303311    0.0004652759   59.5541996505   56.7063665724   -1.7921546254 
   0.0000000000     19.000      160.000000   0.295604       1059.3458    0.0000302727    0.0004645863   59.5570762246   56.7120107445   -1.7911498465 
   0.0000000000     20.000      160.000000   0.295428       1058.8541    0.0000302160    0.0004639226   59.5608400291   56.7184238402   -1.7901447674 
   0.0000000000     21.000      160.000000   0.295254       1058.3634    0.0000301611    0.0004632853   59.5654904730   56.7256003177   -1.7891393462 
   0.0000000000     22.000      160.000000   0.295079       1057.8735    0.0000301080    0.0004626752   59.5710270972   56.7335349266   -1.7881335412 
   0.0000000000     23.000      160.000000   0.294905       1057.3844    0.0000300566    0.0004620929   59.5774495706   56.7422226967   -1.7871273107 
   0.0000000000     24.000      160.000000   0.294731       1056.8962    0.0000300069    0.0004615388   59.5847576858   56.7516589274   -1.7861206127 
   0.0000000000     25.000      160.000000   0.294558       1056.4088    0.0000299589    0.0004610136   59.5929513553   56.7618391780   -1.7851134056 
   0.0000000000     26.000      160.000000   0.294385       1055.9222    0.0000299125    0.0004605179   59.6020306080   56.7727592575   -1.7841056473 
   0.0000000000     27.000      160.000000   0.294212       1055.4363    0.0000298677    0.0004600522   59.6119955853   56.7844152155   -1.7830972961 
   0.0000000000     28.000      160.000000   0.294039       1054.9511    0.0000298246    0.0004596169   59.6228465380   56.7968033336   -1.7820883100 
   0.0000000000     29.000      160.000000   0.293867       1054.4665    0.0000297831    0.0004592127   59.6345838230   56.8099201166   -1.7810786471 
   0.0000000000     30.000      160.000000   0.293696       1053.9826    0.0000297431    0.0004588400   59.6472079001   56.8237622845   -1.7800682654 
   0.0000000000     31.000      160.000000   0.293524       1053.4993    0.0000297047    0.0004584993   59.6607193293   56.8383267651   -1.7790571227 
   0.0000000000     32.000      160.000000   0.293353       1053.0166    0.0000296679    0.0004581911   59.6751187680   56.8536106864   -1.7780451772 
   0.0000000000     33.000      160.000000   0.293182       1052.5343    0.0000296327    0.0004579158   59.6904069675   56.8696113689   -1.7770323864 
   0.0000000000     34.000      160.000000   0.293011       1052.0526    0.0000295989    0.0004576739   59.7065847717   56.8863263200   -1.7760187083 
   0.0000000000     35.000      160.000000   0.292841       1051.5713    0.0000295667    0.0004574658   59.7236531140   56.9037532266   -1.7750041006 
   0.0000000000     36.000      160.000000   0.292670       1051.0905    0.0000295360    0.0004572919   59.7416130146   56.9218899492   -1.7739885209 
   0.0000000000     37.000      160.000000   0.292500       1050.6100    0.0000295068    0.0004571528   59.7604655789   56.9407345159   -1.7729719268 
   0.0000000000     38.000      160.000000   0.292331       1050.1299    0.0000294791    0.0004570487   59.7802119947   56.9602851169   -1.7719542757 
   0.0000000000     39.000      160.000000   0.292161       1049.6501    0.0000294529    0.0004569801   59.8008535307   56.9805400984   -1.7709355252 
   0.0000000000     40.000      160.000000   0.291992       1049.1706    0.0000294282    0.0004569475   59.8223915341   57.0014979584   -1.7699156324 
   0.0000000000     41.000      160.000000   0.291822       1048.6912    0.0000294049    0.0004569511   59.8448274290   57.0231573406   -1.7688945548 
   0.0000000000     42.000      160.000000   0.291653       1048.2121    0.0000293832    0.0004569914   59.8681627141   57.0455170305   -1.7678722494 
   0.0000000000     43.000      160.000000   0.291484       1047.7332    0.0000293629    0.0004570687   59.8923989611   57.0685759500   -1.7668486732 
   0.0000000000     44.000      160.000000   0.291315       1047.2544    0.0000293441    0.0004571835   59.9175378136   57.0923331536   -1.7658237833 
   0.0000000000     45.000      160.000000   0.291146       1046.7756    0.0000293268    0.0004573360   59.9435809844   57.1167878236   -1.7647975365 
   0.0000000000     46.000      160.000000   0.290978       1046.2969    0.0000293109    0.0004575267   59.9705302545   57.1419392666   -1.7637698896 
   0.0000000000     47.000      160.000000   0.290809       1045.8182    0.0000292965    0.0004577559   59.9983874716   57.1677869090   -1.7627407991 
   0.0000000000     48.000      160.000000   0.290641       1045.3394    0.0000292836    0.0004580239   60.0271545482   57.1943302935   -1.7617102216 
   0.0000000000     49.000      160.000000   0.290472       1044.8606    0.0000292722    0.0004583311   60.0568334606   57.2215690756   -1.7606781136 
   0.0000000000     50.000      160.000000   0.290304       1044.3816    0.0000292622    0.0004586779   60.0874262472   57.2495030196   -1.7596444312 
   0.0000000000     51.000      160.000000   0.290135       1043.9025    0.0000292537    0.0004590645   60.1189350070   57.2781319957   -1.7586091307 
   0.0000000000     52.000      160.000000   0.289967       1043.4232    0.0000292467    0.0004594913   60.1513618985   57.3074559767   -1.7575721680 
   0.0000000000     53.000      160.000000   0.289798       1042.9436    0.0000292412    0.0004599587   60.1847091383   57.3374750345   -1.7565334992 
   0.0000000000     54.000      160.000000   0.289630       1042.4637    0.0000292372    0.0004604670   60.2189789993   57.3681893373   -1.7554930799 
   0.0000000000     55.000      160.000000   0.289461       1041.9836    0.0000292347    0.0004610164   60.2541738105   57.3995991468   -1.7544508657 
   0.0000000000     56.000      160.000000   0.289293       1041.5030    0.0000292336    0.0004616074   60.2902959545   57.4317048150   -1.7534068123 
   0.0000000000     57.000      160.000000   0.289124       1041.0220    0.0000292341    0.0004622401   60.3273478670   57.4645067817   -1.7523608748 
   0.0000000000     58.000      160.000000   0.288955       1040.5406    0.0000292361    0.0004629151   60.3653320353   57.4980055716   -1.7513130085 
   0.0000000000     59.000      160.000000   0.288786       1040.0586    0.0000292396    0.0004636325   60.4042509968   57.5322017919   -1.7502631685 
   0.0000000000     60.000      160.000000   0.288617       1039.5761    0.0000292447    0.0004643927   60.4441073383   57.5670961298   -1.7492113096 
   0.0000000000     61.000      160.000000   0.288448       1039.0931    0.0000292512    0.0004651960   60.4849036943   57.6026893497   -1.7481573865 
   0.0000000000     62.000      160.000000   0.288279       1038.6094    0.0000292594    0.0004660428   60.5266427457   57.6389822910   -1.7471013539 
   0.0000000000     63.000      160.000000   0.288110       1038.1250    0.0000292690    0.0004669332   60.5693272188   57.6759758659   -1.7460431660 
   0.0000000000     64.000      160.000000   0.287940       1037.6399    0.0000292803    0.0004678677   60.6129598840   57.7136710565   -1.7449827772 
   0.0000000000     65.000      160.000000   0.287771       1037.1540    0.0000292931    0.0004688465   60.6575435540   57.7520689134   -1.7439201414 
   0.0000000000     66.000      160.000000   0.287601       1036.6673    0.0000293074    0.0004698700   60.7030810833   57.7911705526   -1.7428552126 
   0.0000000000     67.000      160.000000   0.287430       1036.1798    0.0000293234    0.0004709384   60.7495753659   57.8309771538   -1.7417879445 
   0.0000000000     68.000      160.000000   0.287260       1035.6914    0.0000293410    0.0004720521   60.7970293348   57.8714899582   -1.7407182906 
   0.0000000000     69.000      160.000000   0.287089       1035.2020    0.0000293602    0.0004732114   60.8454459600   57.9127102662   -1.7396462042 
   0.0000000000     70.000      160.000000   0.286919       1034.7116    0.0000293810    0.0004744166   60.8948282475   57.9546394352   -1.7385716384 
   0.0000000000     71.000      160.000000   0.286747       1034.2202    0.0000294035    0.0004756679   60.9451792373   57.9972788777   -1.7374945463 
   0.0000000000     72.000      160.000000   0.286576       1033.7277    0.0000294276    0.0004769658   60.9965020024   58.0406300593   -1.7364148806 
   0.0000000000     73.000      160.000000   0.286404       1033.2341    0.0000294533    0.0004783104   61.0487996471   58.0846944963   -1.7353325938 
   0.0000000000     74.000      160.000000   0.286232       1032.7393    0.0000294808    0.0004797022   61.1020753052   58.1294737537   -1.7342476382 
   0.0000000000     75.000      160.000000   0.286060       1032.2433    0.0000295099    0.0004811414   61.1563321386   58.1749694433   -1.7331599662 
   0.0000000000     76.000      160.000000   0.285887       1031.7460    0.0000295407    0.0004826283   61.2115733355   58.2211832215   -1.7320695295 
   0.0000000000     77.000      160.000000   0.285714       1031.2474    0.0000295733    0.0004841632   61.2678021087   58.2681167871   -1.7309762800 
   0.0000000000     78.000      160.000000   0.285540       1030.7474    0.0000296076    0.0004857465   61.3250216937   58.3157718795   -1.7298801691 
   0.0000000000     79.000      160.000000   0.285366       1030.2460    0.0000296436    0.0004873785   61.3832353471   58.3641502760   -1.7287811481 
   0.0000000000     80.000      160.000000   0.285192       1029.7431    0.0000296814    0.0004890594   61.4424463445   58.4132537905   -1.7276791683 
   0.0000000000     81.000      160.000000   0.285017       1029.2387    0.0000297210    0.0004907897   61.5026579783   58.4630842708   -1.7265741803 
   0.0000000000     82.000      160.000000   0.284841       1028.7328    0.0000297624    0.0004925695   61.5638735559   58.5136435963   -1.7254661349 
   0.0000000000     83.000      160.000000   0.284666       1028.2253    0.0000298055    0.0004943992   61.6260963979   58.5649336764   -1.7243549824 
   0.0000000000     84.000      160.000000   0.284489       1027.7161    0.0000298505    0.0004962792   61.6893298351   58.6169564477   -1.7232406731 
   0.0000000000     85.000      160.000000   0.284313       1027.2052    0.0000298974    0.0004982096   61.7535772070   58.6697138719   -1.7221231569 
   0.0000000000     86.000      160.000000   0.284135       1026.6926    0.0000299461    0.0005001910   61.8188418589   58.7232079337   -1.7210023835 
   0.0000000000     87.000      160.000000   0.283958       1026.1781    0.0000299967    0.0005022235   61.8851271398   58.7774406382   -1.7198783023 
   0.0000000000     88.000      160.000000   0.283779       1025.6618    0.0000300492    0.0005043075   61.9524363998   58.8324140086   -1.7187508627 
   0.0000000000     89.000      160.000000   0.283600       1025.1436    0.0000301036    0.0005064433   62.0207729874   58.8881300839   -1.7176200136 
   0.0000000000     90.000      160.000000   0.283421       1024.6234    0.0000301599    0.0005086312   62.0901402470   58.9445909164   -1.7164857037 
   0.0000000000     91.000      160.000000   0.283241       1024.1013    0.0000302182    0.0005108716   62.1605415158   59.0017985688   -1.7153478816 
   0.0000000000     92.000      160.000000   0.283060       1023.5770    0.0000302785    0.0005131648   62.2319801212   59.0597551122   -1.7142064955 
   0.0000000000     93.000      160.000000   0.282879       1023.0507    0.0000303407    0.0005155110   62.3044593779   59.1184626229   -1.7130614934 
   0.0000000000     94.000      160.000000   0.282696       1022.5222    0.0000304050    0.0005179107   62.3779825842   59.1779231803   -1.7119128230 
   0.0000000000     95.000      160.000000   0.282514       1021.9915    0.0000304713    0.0005203641   62.4525530198   59.2381388637   -1.7107604319 
   0.0000000000     96.000      160.000000   0.282330       1021.4586    0.0000305396    0.0005228715   62.5281739416   59.2991117495   -1.7096042673 
   0.0000000000     97.000      160.000000   0.282146       1020.9233    0.0000306100    0.0005254334   62.6048485807   59.3608439084   -1.7084442761 
   0.0000000000     98.000      160.000000   0.281962       1020.3857    0.0000306825    0.0005280499   62.6825801392   59.4233374027   -1.7072804050 
   0.0000000000     99.000      160.000000   0.281776       1019.8457    0.0000307572    0.0005307215   62.7613717857   59.4865942828   -1.7061126006 
   0.0000000000    100.000      160.000000   0.281590       1019.3032    0.0000308339    0.0005334485   62.8412266527   59.5506165844   -1.7049408090 
   0.0000000000    101.000      160.000000   0.281403       1018.7582    0.0000309128    0.0005362311   62.9221478316   59.6154063251   -1.7037649762 
   0.0000000000    102.000      160.000000   0.281215       1018.2106    0.0000309939    0.0005390698   63.0041383698   59.6809655014   -1.7025850478 
   0.0000000000    103.000      160.000000   0.281026       1017.6604    0.0000310772    0.0005419648   63.0872012657   59.7472960854   -1.7014009693 
   0.0000000000    104.000      160.000000   0.280837       1017.1075    0.0000311627    0.0005449165   63.1713394650   59.8144000207   -1.7002126857 
   0.0000000000    105.000      160.000000   0.280647       1016.5519    0.0000312504    0.0005479251   63.2565558562   59.8822792198   -1.6990201420 
   0.0000000000    106.000      160.000000   0.280456       1015.9935    0.0000313405    0.0005509911   63.3428532662   59.9509355600   -1.6978232828 
   0.0000000000    107.000      160.000000   0.280264       1015.4323    0.0000314328    0.0005541147   63.4302344557   60.0203708798   -1.6966220524 
   0.0000000000    108.000      160.000000   0.280071       1014.8682    0.0000315274    0.0005572963   63.5187021141   60.0905869749   -1.6954163949 
   0.0000000000    109.000      160.000000   0.279877       1014.3011    0.0000316244    0.0005605362   63.6082588553   60.1615855948   -1.6942062542 
   0.0000000000    110.000      160.000000   0.279682       1013.7310    0.0000317237    0.0005638347   63.6989072121   60.2333684384   -1.6929915738 
   0.0000000000    111.000      160.000000   0.279487       1013.1579    0.0000318254    0.0005671921   63.7906496313   60.3059371501   -1.6917722970 
   0.0000000000    112.000      160.000000   0.279290       1012.5817    0.0000319295    0.0005706088   63.8834884684   60.3792933157   -1.6905483668 
   0.0000000000    113.000      160.000000   0.279093       1012.0023    0.0000320360    0.0005740851   63.9774259821   60.4534384580   -1.6893197261 
   0.0000000000    114.000      160.000000   0.278894       1011.4197    0.0000321450    0.0005776212   64.0724643290   60.5283740324   -1.6880863174 
   0.0000000000    115.000      160.000000   0.278695       1010.8339    0.0000322565    0.0005812175   64.1686055573   60.6041014226   -1.6868480829 
   0.0000000000    116.000      160.000000   0.278494       1010.2447    0.0000323705    0.0005848744   64.2658516018   60.6806219359   -1.6856049647 
   0.0000000000    117.000      160.000000   0.278293       1009.6521    0.0000324870    0.0005885920   64.3642042771   60.7579367984   -1.6843569045 
   0.0000000000    118.000      160.000000   0.278090       1009.0561    0.0000326061    0.0005923708   64.4636652718   60.8360471504   -1.6831038439 
   0.0000000000    119.000      160.000000   0.277887       1008.4566    0.0000327277    0.0005962110   64.5642361422   60.9149540416   -1.6818457242 
   0.0000000000    120.000      160.000000   0.277682       1007.8536    0.0000328520    0.0006001130   64.6659183059   60.9946584257   -1.6805824864 
   0.0000000000    121.000      160.000000   0.277476       1007.2470    0.0000329789    0.0006040769   64.7687130352   61.0751611554   -1.6793140712 
   0.0000000000    122.000      160.000000   0.277269       1006.6367    0.0000331085    0.0006081032   64.8726214500   61.1564629776   -1.6780404194 
   0.0000000000    123.000      160.000000   0.277061       1006.0227    0.0000332407    0.0006121921   64.9776445116   61.2385645274   -1.6767614713 
   0.0000000000    124.000      160.000000   0.276852       1005.4049    0.0000333757    0.0006163438   65.0837830151   61.3214663230   -1.6754771669 
   0.0000000000    125.000      160.000000   0.276642       1004.7833    0.0000335133    0.0006205588   65.1910375822   61.4051687602   -1.6741874462 
   0.0000000000    126.000      160.000000   0.276430       1004.1578    0.0000336538    0.0006248371   65.2994086545   61.4896721066   -1.6728922490 
