  #sigma_s    Temp(C) Press(Mpa) p_meanfield density (kg/m^3)      kappa      alpha Cp(J/molK) Cv(J/molK)  mu(J/mol)
   0.0000000000   -173.000       40.000000   0.173435        933.6614    0.0000244720    0.0006357228   57.9317775246   55.2681063858   -2.1758925167 
   0.0000000000   -172.000       40.000000   0.173250        933.0732    0.0000243182    0.0006248115   57.8504126072   55.2299907875   -2.1750077115 
   0.0000000000   -171.000       40.000000   0.173069        932.4954    0.0000241646    0.0006141384   57.7716231172   55.1935394606   -2.1741258915 
   0.0000000000   -170.000       40.000000   0.172890        931.9277    0.0000240113    0.0006036980   57.6952998184   55.1586639891   -2.1732469872 
   0.0000000000   -169.000       40.000000   0.172716        931.3701    0.0000238584    0.0005934853   57.6213399099   55.1252822098   -2.1723709303 
   0.0000000000   -168.000       40.000000   0.172544        930.8221    0.0000237059    0.0005834948   57.5496466409   55.0933178213   -2.1714976545 
   0.0000000000   -167.000       40.000000   0.172375        930.2837    0.0000235540    0.0005737215   57.4801289690   55.0627000443   -2.1706270947 
   0.0000000000   -166.000       40.000000   0.172209        929.7546    0.0000234027    0.0005641602   57.4127012564   55.0333633245   -2.1697591876 
   0.0000000000   -165.000       40.000000   0.172047        929.2346    0.0000232520    0.0005548057   57.3472830007   55.0052470730   -2.1688938710 
   0.0000000000   -164.000       40.000000   0.171887        928.7235    0.0000231021    0.0005456528   57.2837986040   54.9782954494   -2.1680310844 
   0.0000000000   -163.000       40.000000   0.171730        928.2210    0.0000229530    0.0005366966   57.2221771701   54.9524571784   -2.1671707683 
   0.0000000000   -162.000       40.000000   0.171575        927.7271    0.0000228048    0.0005279318   57.1623523352   54.9276854041   -2.1663128647 
   0.0000000000   -161.000       40.000000   0.171424        927.2414    0.0000226574    0.0005193535   57.1042621299   54.9039375795   -2.1654573166 
   0.0000000000   -160.000       40.000000   0.171275        926.7639    0.0000225111    0.0005109567   57.0478488689   54.8811753882   -2.1646040682 
   0.0000000000   -159.000       40.000000   0.171128        926.2943    0.0000223657    0.0005027362   56.9930590690   54.8593647003   -2.1637530646 
   0.0000000000   -158.000       40.000000   0.170984        925.8325    0.0000222214    0.0004946872   56.9398433982   54.8384755626   -2.1629042520 
   0.0000000000   -157.000       40.000000   0.170842        925.3782    0.0000220783    0.0004868045   56.8881566490   54.8184822185   -2.1620575772 
   0.0000000000   -156.000       40.000000   0.170703        924.9315    0.0000219362    0.0004790831   56.8379577442   54.7993631659   -2.1612129879 
   0.0000000000   -155.000       40.000000   0.170566        924.4920    0.0000217954    0.0004715180   56.7892097707   54.7811012487   -2.1603704321 
   0.0000000000   -154.000       40.000000   0.170432        924.0596    0.0000216559    0.0004641040   56.7418800341   54.7636837715   -2.1595298586 
   0.0000000000   -153.000       40.000000   0.170299        923.6342    0.0000215177    0.0004568360   56.6959401531   54.7471026643   -2.1586912164 
   0.0000000000   -152.000       40.000000   0.170169        923.2156    0.0000213808    0.0004497088   56.6513661779   54.7313546736   -2.1578544545 
   0.0000000000   -151.000       40.000000   0.170041        922.8038    0.0000212454    0.0004427170   56.6081387369   54.7164415894   -2.1570195222 
   0.0000000000   -150.000       40.000000   0.169915        922.3985    0.0000211114    0.0004358552   56.5662432171   54.7023705103   -2.1561863685 
   0.0000000000   -149.000       40.000000   0.169792        921.9997    0.0000209790    0.0004291180   56.5256699760   54.6891541499   -2.1553549420 
   0.0000000000   -148.000       40.000000   0.169670        921.6072    0.0000208482    0.0004224995   56.4864145843   54.6768111777   -2.1545251908 
   0.0000000000   -147.000       40.000000   0.169550        921.2209    0.0000207190    0.0004159939   56.4484781021   54.6653666004   -2.1536970621 
   0.0000000000   -146.000       40.000000   0.169432        920.8407    0.0000205916    0.0004095952   56.4118673911   54.6548521891   -2.1528705023 
   0.0000000000   -145.000       40.000000   0.169316        920.4665    0.0000204661    0.0004032971   56.3765954598   54.6453069444   -2.1520454563 
   0.0000000000   -144.000       40.000000   0.169202        920.0982    0.0000203425    0.0003970930   56.3426818468   54.6367776067   -2.1512218673 
   0.0000000000   -143.000       40.000000   0.169090        919.7358    0.0000202210    0.0003909762   56.3101530434   54.6293192174   -2.1503996768 
   0.0000000000   -142.000       40.000000   0.168979        919.3790    0.0000201016    0.0003849396   56.2790429476   54.6229957130   -2.1495788239 
   0.0000000000   -141.000       40.000000   0.168870        919.0279    0.0000199845    0.0003789757   56.2493933707   54.6178805875   -2.1487592452 
   0.0000000000   -140.000       40.000000   0.168764        918.6824    0.0000198698    0.0003730765   56.2212545708   54.6140575836   -2.1479408741 
   0.0000000000   -139.000       40.000000   0.168658        918.3424    0.0000197576    0.0003672340   56.1946858419   54.6116214515   -2.1471236405 
   0.0000000000   -138.000       40.000000   0.168555        918.0079    0.0000196482    0.0003614394   56.1697561348   54.6106787461   -2.1463074705 
   0.0000000000   -137.000       40.000000   0.168453        917.6788    0.0000195417    0.0003556834   56.1465447342   54.6113486917   -2.1454922857 
   0.0000000000   -136.000       40.000000   0.168353        917.3551    0.0000194383    0.0003499562   56.1251419702   54.6137640850   -2.1446780026 
   0.0000000000   -135.000       40.000000   0.168255        917.0367    0.0000193382    0.0003442476   56.1056499853   54.6180722677   -2.1438645321 
   0.0000000000   -134.000       40.000000   0.168158        916.7237    0.0000192416    0.0003385465   56.0881835477   54.6244361498   -2.1430517789 
   0.0000000000   -133.000       40.000000   0.168063        916.4160    0.0000191489    0.0003328413   56.0728709079   54.6330352856   -2.1422396407 
   0.0000000000   -132.000       40.000000   0.167970        916.1137    0.0000190602    0.0003271194   56.0598547109   54.6440670144   -2.1414280075 
   0.0000000000   -131.000       40.000000   0.167878        915.8167    0.0000189759    0.0003213677   56.0492929575   54.6577476572   -2.1406167609 
   0.0000000000   -130.000       40.000000   0.167788        915.5251    0.0000188963    0.0003155720   56.0413600141   54.6743137700   -2.1398057731 
   0.0000000000   -129.000       40.000000   0.167700        915.2389    0.0000188218    0.0003097173   56.0362476734   54.6940234540   -2.1389949061 
   0.0000000000   -128.000       40.000000   0.167614        914.9581    0.0000187528    0.0003037876   56.0341662706   54.7171577291   -2.1381840106 
   0.0000000000   -127.000       40.000000   0.167529        914.6830    0.0000186896    0.0002977657   56.0353458407   54.7440219517   -2.1373729251 
   0.0000000000   -126.000       40.000000   0.167446        914.4135    0.0000186328    0.0002916336   56.0400373404   54.7749473056   -2.1365614747 
   0.0000000000   -125.000       40.000000   0.167365        914.1497    0.0000185829    0.0002853717   56.0485139026   54.8102923240   -2.1357494699 
   0.0000000000   -124.000       40.000000   0.167285        913.8918    0.0000185403    0.0002789595   56.0610721522   54.8504444804   -2.1349367054 
   0.0000000000   -123.000       40.000000   0.167208        913.6398    0.0000185057    0.0002723747   56.0780335567   54.8958218107   -2.1341229585 
   0.0000000000   -122.000       40.000000   0.167132        913.3941    0.0000184796    0.0002655940   56.0997458311   54.9468745906   -2.1333079882 
   0.0000000000   -121.000       40.000000   0.167059        913.1547    0.0000184629    0.0002585923   56.1265843725   55.0040870395   -2.1324915332 
   0.0000000000   -120.000       40.000000   0.166987        912.9219    0.0000184561    0.0002513429   56.1589537388   55.0679790621   -2.1316733102 
   0.0000000000   -119.000       40.000000   0.166918        912.6959    0.0000184601    0.0002438176   56.1972891486   55.1391080020   -2.1308530128 
   0.0000000000   -118.000       40.000000   0.166850        912.4769    0.0000184757    0.0002359862   56.2420493880   55.2180628856   -2.1300306442 
   0.0000000000   -117.000       40.000000   0.166785        912.2653    0.0000185039    0.0002278164   56.2937523951   55.3054956118   -2.1292051743 
   0.0000000000   -116.000       40.000000   0.166722        912.0613    0.0000185455    0.0002192743   56.3529264022   55.4020795923   -2.1283765514 
   0.0000000000   -115.000       40.000000   0.166662        911.8654    0.0000186017    0.0002103236   56.4201447063   55.5085396087   -2.1275443558 
   0.0000000000   -114.000       40.000000   0.166605        911.6779    0.0000186735    0.0002009258   56.4960189997   55.6256466270   -2.1267081340 
   0.0000000000   -113.000       40.000000   0.166550        911.4992    0.0000187622    0.0001910397   56.5812126928   55.7542315530   -2.1258670538 
   0.0000000000   -112.000       40.000000   0.166498        911.3298    0.0000188690    0.0001806226   56.6763960589   55.8951395180   -2.1250212680 
   0.0000000000   -111.000       40.000000   0.166449        911.1702    0.0000189953    0.0001696283   56.7823158504   56.0493004092   -2.1241698682 
   0.0000000000   -110.000       40.000000   0.166403        911.0209    0.0000191425    0.0001580081   56.8997519199   56.2176851581   -2.1233122413 
   0.0000000000   -109.000       40.000000   0.166361        910.8825    0.0000193122    0.0001457105   57.0295294143   56.4013178129   -2.1224477272 
   0.0000000000   -108.000       40.000000   0.166322        910.7557    0.0000195061    0.0001326808   57.1725198399   56.6012763966   -2.1215756164 
   0.0000000000   -107.000       40.000000   0.166287        910.6411    0.0000197259    0.0001188615   57.3296419437   56.8186934854   -2.1206951460 
   0.0000000000   -106.000       40.000000   0.166256        910.5394    0.0000199736    0.0001041915   57.5018623851   57.0547564627   -2.1198054971 
   0.0000000000   -105.000       40.000000   0.166229        910.4516    0.0000202511    0.0000886063   57.6901961407   57.3107073728   -2.1189057911 
   0.0000000000   -104.000       40.000000   0.166206        910.3784    0.0000205605    0.0000720380   57.8957066029   57.5878423215   -2.1179950862 
   0.0000000000   -103.000       40.000000   0.166189        910.3207    0.0000209043    0.0000544147   58.1195053101   57.8875103345   -2.1170723740 
   0.0000000000   -102.000       40.000000   0.166176        910.2796    0.0000212848    0.0000356609   58.3627512378   58.2111115821   -2.1161365753 
   0.0000000000   -101.000       40.000000   0.166169        910.2562    0.0000217045    0.0000156969   58.6266495895   58.5600948837   -2.1151865365 
   0.0000000000   -100.000       40.000000   0.166167        910.2514    0.0000221662   -0.0000055611   58.9124499963   58.9359543711   -2.1142210256 
   0.0000000000    -99.000       40.000000   0.166172        910.2667    0.0000226729   -0.0000282012   59.2214440324   59.3402251865   -2.1132387284 
   0.0000000000    -98.000       40.000000   0.166183        910.3032    0.0000232276   -0.0000523159   59.5549619468   59.7744780821   -2.1122382440 
   0.0000000000    -97.000       40.000000   0.166201        910.3624    0.0000238337   -0.0000780022   59.9143684998   60.2403127743   -2.1112180810 
   0.0000000000    -96.000       40.000000   0.166227        910.4457    0.0000244944   -0.0001053618   60.3010577573   60.7393498592   -2.1101766534 
   0.0000000000    -95.000       40.000000   0.166260        910.5548    0.0000252137   -0.0001345008   60.7164467369   61.2732211526   -2.1091122764 
   0.0000000000    -94.000       40.000000   0.166302        910.6912    0.0000259953   -0.0001655304   61.1619676983   61.8435581880   -2.1080231626 
   0.0000000000    -93.000       40.000000   0.166353        910.8568    0.0000268434   -0.0001985662   61.6390589650   62.4519787256   -2.1069074183 
   0.0000000000    -92.000       40.000000   0.166413        911.0536    0.0000277623   -0.0002337284   62.1491540317   63.1000709690   -2.1057630396 
   0.0000000000    -91.000       40.000000   0.166484        911.2834    0.0000287566   -0.0002711417   62.6936687974   63.7893752870   -2.1045879096 
   0.0000000000    -90.000       40.000000   0.166565        911.5484    0.0000298312   -0.0003109353   63.2739866767   64.5213631460   -2.1033797954 
   0.0000000000    -89.000       40.000000   0.166658        911.8510    0.0000309910   -0.0003532419   63.8914413602   65.2974129781   -2.1021363457 
   0.0000000000    -88.000       40.000000   0.166763        912.1934    0.0000322416   -0.0003981981   64.5472969689   66.1187826940   -2.1008550895 
   0.0000000000    -87.000       40.000000   0.166881        912.5783    0.0000335884   -0.0004459432   65.2427253341   66.9865785462   -2.0995334353 
   0.0000000000    -86.000       40.000000   0.167013        913.0082    0.0000350373   -0.0004966186   65.9787801235   67.9017200507   -2.0981686715 
   0.0000000000    -85.000       40.000000   0.167160        913.4860    0.0000365943   -0.0005503668   66.7563675260   68.8649006844   -2.0967579682 
   0.0000000000    -84.000       40.000000   0.167323        914.0146    0.0000382657   -0.0006073301   67.5762132028   69.8765441099   -2.0952983805 
   0.0000000000    -83.000       40.000000   0.167503        914.5974    0.0000400585   -0.0006676610   68.4389797533   70.9369559380   -2.0937860597 
   0.0000000000    -82.000       40.000000   0.167700        915.2371    0.0000419786   -0.0007314751   69.3446520687   72.0455272007   -2.0922192450 
   0.0000000000    -81.000       40.000000   0.167916        915.9374    0.0000440329   -0.0007989120   70.2932976494   73.2017216404   -2.0905940359 
   0.0000000000    -80.000       40.000000   0.168151        916.7018    0.0000462285   -0.0008700920   71.2845094735   74.4043556978   -2.0889070940 
   0.0000000000    -79.000       40.000000   0.168408        917.5338    0.0000485719   -0.0009451220   72.3174709331   75.6516871262   -2.0871550177 
   0.0000000000    -78.000       40.000000   0.168687        918.4373    0.0000510699   -0.0010240905   73.3908959487   76.9413439060   -2.0853343650 
   0.0000000000    -77.000       40.000000   0.168990        919.4161    0.0000537286   -0.0011070622   74.5029645162   78.2702500931   -2.0834416805 
   0.0000000000    -76.000       40.000000   0.169318        920.4742    0.0000565540   -0.0011940708   75.6512540648   79.6345498016   -2.0814735296 
   0.0000000000    -75.000       40.000000   0.169672        921.6155    0.0000595512   -0.0012851110   76.8326672962   81.0295311043   -2.0794265390 
   0.0000000000    -74.000       40.000000   0.170054        922.8446    0.0000627255   -0.0013801604   78.0436784485   82.4499552080   -2.0772961235 
   0.0000000000    -73.000       40.000000   0.170464        924.1645    0.0000660776   -0.0014790538   79.2790789838   83.8885040289   -2.0750814164 
   0.0000000000    -72.000       40.000000   0.170905        925.5795    0.0000696097   -0.0015816281   80.5335448622   85.3377902216   -2.0727785334 
   0.0000000000    -71.000       40.000000   0.171377        927.0933    0.0000733204   -0.0016876099   81.8005430670   86.7890205669   -2.0703849061 
   0.0000000000    -70.000       40.000000   0.171882        928.7095    0.0000772058   -0.0017966217   83.0725102207   88.2322748475   -2.0678983714 
   0.0000000000    -69.000       40.000000   0.172420        930.4310    0.0000812584   -0.0019081645   84.3408038274   89.6565080461   -2.0653172756 
   0.0000000000    -68.000       40.000000   0.172995        932.2615    0.0000854685   -0.0020216495   85.5960922767   91.0500882148   -2.0626387718 
   0.0000000000    -67.000       40.000000   0.173605        934.2014    0.0000898160   -0.0021361947   86.8268014826   92.3990168700   -2.0598656098 
   0.0000000000    -66.000       40.000000   0.174250        936.2527    0.0000942796   -0.0022508640   88.0213185482   93.6896705324   -2.0569970224 
   0.0000000000    -65.000       40.000000   0.174933        938.4157    0.0000988300   -0.0023644946   89.1667225637   94.9073663543   -2.0540346195 
   0.0000000000    -64.000       40.000000   0.175652        940.6894    0.0001034304   -0.0024757273   90.2492485735   96.0370134051   -2.0509811799 
   0.0000000000    -63.000       40.000000   0.176409        943.0731    0.0001080389   -0.0025830719   91.2549068764   97.0638958216   -2.0478384555 
   0.0000000000    -62.000       40.000000   0.177199        945.5606    0.0001125976   -0.0026846847   92.1682544158   97.9723838790   -2.0446158760 
   0.0000000000    -61.000       40.000000   0.178024        948.1475    0.0001170479   -0.0027787327   92.9749709696   98.7488542802   -2.0413186632 
   0.0000000000    -60.000       40.000000   0.178880        950.8265    0.0001213222   -0.0028632371   93.6609633648   99.3806693330   -2.0379553259 
   0.0000000000    -59.000       40.000000   0.179767        953.5897    0.0001253504   -0.0029362445   94.2134628730   99.8572938194   -2.0345336188 
   0.0000000000    -58.000       40.000000   0.180678        956.4232    0.0001290521   -0.0029957277   94.6208262193  100.1700331964   -2.0310689451 
   0.0000000000    -57.000       40.000000   0.181611        959.3149    0.0001323550   -0.0030399709   94.8744164087  100.3137439017   -2.0275722079 
   0.0000000000    -56.000       40.000000   0.182560        962.2500    0.0001351892   -0.0030675097   94.9683930997  100.2863974686   -2.0240570634 
   0.0000000000    -55.000       40.000000   0.183521        965.2121    0.0001374938   -0.0030772849   94.9004111001  100.0895080536   -2.0205378016 
   0.0000000000    -54.000       40.000000   0.184488        968.1839    0.0001392212   -0.0030687346   94.6719458096   99.7281697778   -2.0170289421 
   0.0000000000    -53.000       40.000000   0.185457        971.1495    0.0001403423   -0.0030418657   94.2882000654   99.2106515401   -2.0135423761 
   0.0000000000    -52.000       40.000000   0.186420        974.0877    0.0001408406   -0.0029972193   93.7585963239   98.5488748924   -2.0100963826 
   0.0000000000    -51.000       40.000000   0.187371        976.9829    0.0001407255   -0.0029359284   93.0954895895   97.7567447055   -2.0067014156 
   0.0000000000    -50.000       40.000000   0.188305        979.8192    0.0001400228   -0.0028595799   92.3140066685   96.8501507996   -2.0033686879 
   0.0000000000    -49.000       40.000000   0.189218        982.5821    0.0001387745   -0.0027701221   91.4311353754   95.8461003142   -2.0001077589 
   0.0000000000    -48.000       40.000000   0.190105        985.2592    0.0001370359   -0.0026697370   90.4648562002   94.7620043001   -1.9969263866 
   0.0000000000    -47.000       40.000000   0.190962        987.8399    0.0001348707   -0.0025607077   89.4332998003   93.6150283893   -1.9938304846 
   0.0000000000    -46.000       40.000000   0.191787        990.3161    0.0001323474   -0.0024452974   88.3540051467   92.4215492098   -1.9908241727 
   0.0000000000    -45.000       40.000000   0.192577        992.6816    0.0001295355   -0.0023256491   87.2433285040   91.1967397166   -1.9879099030 
   0.0000000000    -44.000       40.000000   0.193330        994.9325    0.0001265021   -0.0022037119   86.1160259234   89.9542887479   -1.9850886387 
   0.0000000000    -43.000       40.000000   0.194044        997.0649    0.0001233099   -0.0020812370   84.9855501233   88.7068332388   -1.9823621038 
   0.0000000000    -42.000       40.000000   0.194722        999.0816    0.0001200142   -0.0019595841   83.8617339693   87.4635083067   -1.9797246259 
   0.0000000000    -41.000       40.000000   0.195362       1000.9814    0.0001166645   -0.0018399825   82.7542168945   86.2336586729   -1.9771762612 
   0.0000000000    -40.000       40.000000   0.195965       1002.7664    0.0001133024   -0.0017233679   81.6702505171   85.0244408366   -1.9747141649 
   0.0000000000    -39.000       40.000000   0.196530       1004.4392    0.0001099623   -0.0016104501   80.6154503088   83.8415879607   -1.9723350296 
   0.0000000000    -38.000       40.000000   0.197060       1006.0032    0.0001066721   -0.0015017402   79.5939929188   82.6895646264   -1.9700352379 
   0.0000000000    -37.000       40.000000   0.197554       1007.4624    0.0001034535   -0.0013975812   78.6088222892   81.5717284877   -1.9678109898 
   0.0000000000    -36.000       40.000000   0.198016       1008.8210    0.0001003232   -0.0012981768   77.6618502206   80.4904888920   -1.9656584045 
   0.0000000000    -35.000       40.000000   0.198445       1010.0834    0.0000972933   -0.0012036184   76.7541422062   79.4474559544   -1.9635736006 
   0.0000000000    -34.000       40.000000   0.198842       1011.2530    0.0000943728   -0.0011139439   75.8865028871   78.4440465356   -1.9615543577 
   0.0000000000    -33.000       40.000000   0.199212       1012.3370    0.0000915654   -0.0010290120   75.0578741469   77.4796484978   -1.9595935243 
   0.0000000000    -32.000       40.000000   0.199553       1013.3383    0.0000888749   -0.0009487488   74.2681909847   76.5547837071   -1.9576893857 
   0.0000000000    -31.000       40.000000   0.199869       1014.2616    0.0000863020   -0.0008730017   73.5165783550   75.6690690149   -1.9558385142 
   0.0000000000    -30.000       40.000000   0.200159       1015.1109    0.0000838461   -0.0008015933   72.8019347598   74.8218496151   -1.9540376504 
   0.0000000000    -29.000       40.000000   0.200426       1015.8905    0.0000815052   -0.0007343300   72.1230004373   74.0122629422   -1.9522837100 
   0.0000000000    -28.000       40.000000   0.200670       1016.6044    0.0000792766   -0.0006710095   71.4784118441   73.2392916126   -1.9505737845 
   0.0000000000    -27.000       40.000000   0.200893       1017.2562    0.0000771568   -0.0006114257   70.8667446011   72.5018068636   -1.9489051392 
   0.0000000000    -26.000       40.000000   0.201097       1017.8496    0.0000751421   -0.0005553733   70.2865469005   71.7986039122   -1.9472752083 
   0.0000000000    -25.000       40.000000   0.201280       1018.3871    0.0000732289   -0.0005026731   69.7366406857   71.1287545127   -1.9456829571 
   0.0000000000    -24.000       40.000000   0.201447       1018.8737    0.0000714116   -0.0004530804   69.2149946056   70.4902830979   -1.9441232218 
   0.0000000000    -23.000       40.000000   0.201598       1019.3116    0.0000696866   -0.0004064332   68.7205311173   69.8822886368   -1.9425954708 
   0.0000000000    -22.000       40.000000   0.201732       1019.7034    0.0000680494   -0.0003625509   68.2518866124   69.3034937548   -1.9410977363 
   0.0000000000    -21.000       40.000000   0.201852       1020.0520    0.0000664959   -0.0003212617   67.8077466675   68.7526396656   -1.9396281803 
   0.0000000000    -20.000       40.000000   0.201958       1020.3598    0.0000650217   -0.0002824029   67.3868506092   68.2284944496   -1.9381850860 
   0.0000000000    -19.000       40.000000   0.202050       1020.6292    0.0000636228   -0.0002458207   66.9879941715   67.7298592013   -1.9367668499 
   0.0000000000    -18.000       40.000000   0.202131       1020.8624    0.0000622952   -0.0002113704   66.6100306855   67.2555724564   -1.9353719734 
   0.0000000000    -17.000       40.000000   0.202199       1021.0615    0.0000610351   -0.0001789163   66.2518711691   66.8045132391   -1.9339990560 
   0.0000000000    -16.000       40.000000   0.202257       1021.2285    0.0000598390   -0.0001483306   65.9124835910   66.3756030067   -1.9326467879 
   0.0000000000    -15.000       40.000000   0.202304       1021.3651    0.0000587034   -0.0001194942   65.5908915392   65.9678067204   -1.9313139431 
   0.0000000000    -14.000       40.000000   0.202341       1021.4732    0.0000576250   -0.0000922951   65.2861724660   65.5801332321   -1.9299993742 
   0.0000000000    -13.000       40.000000   0.202369       1021.5542    0.0000566007   -0.0000666288   64.9974556410   65.2116351296   -1.9287020055 
   0.0000000000    -12.000       40.000000   0.202388       1021.6098    0.0000556276   -0.0000423978   64.7239199256   64.8614081761   -1.9274208288 
   0.0000000000    -11.000       40.000000   0.202399       1021.6413    0.0000547029   -0.0000195107   64.4647914417   64.5285904325   -1.9261548977 
   0.0000000000    -10.000       40.000000   0.202401       1021.6496    0.0000538242    0.0000021094   64.2194496805   64.2124972515   -1.9249042884 
   0.0000000000     -9.000       40.000000   0.202397       1021.6369    0.0000529886    0.0000225599   63.9869777693   63.9120591978   -1.9236661505 
   0.0000000000     -8.000       40.000000   0.202385       1021.6039    0.0000521940    0.0000419055   63.7668532004   63.6266886715   -1.9224407572 
   0.0000000000     -7.000       40.000000   0.202368       1021.5517    0.0000514382    0.0000602159   63.5584673283   63.3556800898   -1.9212273672 
   0.0000000000     -6.000       40.000000   0.202343       1021.4813    0.0000507191    0.0000775559   63.3612472732   63.0983634619   -1.9200252821 
   0.0000000000     -5.000       40.000000   0.202313       1021.3937    0.0000500347    0.0000939863   63.1746538077   62.8541028515   -1.9188338431 
   0.0000000000     -4.000       40.000000   0.202278       1021.2897    0.0000493834    0.0001095638   62.9981793470   62.6222948481   -1.9176524283 
   0.0000000000     -3.000       40.000000   0.202236       1021.1702    0.0000487633    0.0001243416   62.8313460340   62.4023670526   -1.9164804502 
   0.0000000000     -2.000       40.000000   0.202190       1021.0360    0.0000481728    0.0001383691   62.6737039307   62.1937765968   -1.9153173530 
   0.0000000000     -1.000       40.000000   0.202140       1020.8879    0.0000476104    0.0001516931   62.5248293086   61.9960087010   -1.9141626107 
   0.0000000000      0.000       40.000000   0.202084       1020.7265    0.0000470747    0.0001643569   62.3843230389   61.8085752761   -1.9130157251 
   0.0000000000      1.000       40.000000   0.202024       1020.5526    0.0000465643    0.0001764013   62.2518090781   61.6310135756   -1.9118762234 
   0.0000000000      2.000       40.000000   0.201960       1020.3667    0.0000460780    0.0001878646   62.1269330467   61.4628849008   -1.9107436573 
   0.0000000000      3.000       40.000000   0.201893       1020.1694    0.0000456145    0.0001987825   62.0093608956   61.3037733586   -1.9096176005 
   0.0000000000      4.000       40.000000   0.201821       1019.9613    0.0000451728    0.0002091887   61.8987776568   61.1532846750   -1.9084976480 
   0.0000000000      5.000       40.000000   0.201746       1019.7429    0.0000447517    0.0002191148   61.7948862730   61.0110450619   -1.9073834141 
   0.0000000000      6.000       40.000000   0.201668       1019.5146    0.0000443504    0.0002285904   61.6974065020   60.8767001386   -1.9062745316 
   0.0000000000      7.000       40.000000   0.201586       1019.2769    0.0000439678    0.0002376432   61.6060738932   60.7499139060   -1.9051706503 
   0.0000000000      8.000       40.000000   0.201502       1019.0303    0.0000436031    0.0002462995   61.5206388280   60.6303677718   -1.9040714362 
   0.0000000000      9.000       40.000000   0.201414       1018.7751    0.0000432555    0.0002545839   61.4408656243   60.5177596249   -1.9029765700 
   0.0000000000     10.000       40.000000   0.201324       1018.5117    0.0000429242    0.0002625195   61.3665316979   60.4118029594   -1.9018857468 
   0.0000000000     11.000       40.000000   0.201231       1018.2405    0.0000426083    0.0002701282   61.2974267788   60.3122260432   -1.9007986748 
   0.0000000000     12.000       40.000000   0.201135       1017.9617    0.0000423074    0.0002774304   61.2333521785   60.2187711315   -1.8997150744 
   0.0000000000     13.000       40.000000   0.201037       1017.6757    0.0000420207    0.0002844455   61.1741201038   60.1311937215   -1.8986346779 
   0.0000000000     14.000       40.000000   0.200937       1017.3828    0.0000417475    0.0002911918   61.1195530159   60.0492618488   -1.8975572284 
   0.0000000000     15.000       40.000000   0.200834       1017.0833    0.0000414874    0.0002976864   61.0694830302   59.9727554213   -1.8964824791 
   0.0000000000     16.000       40.000000   0.200730       1016.7774    0.0000412397    0.0003039456   61.0237513544   59.9014655887   -1.8954101931 
   0.0000000000     17.000       40.000000   0.200623       1016.4653    0.0000410040    0.0003099848   60.9822077632   59.8351941476   -1.8943401424 
   0.0000000000     18.000       40.000000   0.200514       1016.1473    0.0000407798    0.0003158184   60.9447101053   59.7737529788   -1.8932721076 
   0.0000000000     19.000       40.000000   0.200403       1015.8235    0.0000405666    0.0003214602   60.9111238423   59.7169635161   -1.8922058774 
   0.0000000000     20.000       40.000000   0.200290       1015.4942    0.0000403639    0.0003269230   60.8813216166   59.6646562430   -1.8911412479 
   0.0000000000     21.000       40.000000   0.200176       1015.1596    0.0000401715    0.0003322191   60.8551828466   59.6166702191   -1.8900780225 
   0.0000000000     22.000       40.000000   0.200060       1014.8198    0.0000399889    0.0003373601   60.8325933456   59.5728526305   -1.8890160111 
   0.0000000000     23.000       40.000000   0.199942       1014.4749    0.0000398157    0.0003423571   60.8134449662   59.5330583669   -1.8879550301 
   0.0000000000     24.000       40.000000   0.199823       1014.1252    0.0000396516    0.0003472203   60.7976352664   59.4971496212   -1.8868949018 
   0.0000000000     25.000       40.000000   0.199702       1013.7707    0.0000394964    0.0003519598   60.7850671936   59.4649955100   -1.8858354542 
   0.0000000000     26.000       40.000000   0.199578       1013.4113    0.0000393497    0.0003565835   60.7756735100   59.4365062633   -1.8847772576 
   0.0000000000     27.000       40.000000   0.199454       1013.0477    0.0000392111    0.0003611030   60.7693165955   59.4114932658   -1.8837186591 
   0.0000000000     28.000       40.000000   0.199329       1012.6797    0.0000390805    0.0003655252   60.7659397266   59.3898804425   -1.8826602569 
   0.0000000000     29.000       40.000000   0.199202       1012.3074    0.0000389575    0.0003698583   60.7654646284   59.3715612129   -1.8816018983 
   0.0000000000     30.000       40.000000   0.199074       1011.9309    0.0000388420    0.0003741099   60.7678171099   59.3564343199   -1.8805434349 
   0.0000000000     31.000       40.000000   0.198944       1011.5503    0.0000387338    0.0003782871   60.7729268464   59.3444035592   -1.8794847222 
   0.0000000000     32.000       40.000000   0.198813       1011.1657    0.0000386325    0.0003823969   60.7807271753   59.3353775236   -1.8784256195 
   0.0000000000     33.000       40.000000   0.198681       1010.7770    0.0000385381    0.0003864458   60.7911549039   59.3292693619   -1.8773659896 
   0.0000000000     34.000       40.000000   0.198547       1010.3845    0.0000384503    0.0003904400   60.8041501281   59.3259965499   -1.8763056988 
   0.0000000000     35.000       40.000000   0.198412       1009.9881    0.0000383690    0.0003943855   60.8196560614   59.3254806740   -1.8752446164 
   0.0000000000     36.000       40.000000   0.198276       1009.5879    0.0000382940    0.0003982880   60.8376188735   59.3276472264   -1.8741826146 
   0.0000000000     37.000       40.000000   0.198139       1009.1839    0.0000382252    0.0004021529   60.8579875387   59.3324254118   -1.8731195686 
   0.0000000000     38.000       40.000000   0.198000       1008.7762    0.0000381624    0.0004059852   60.8807136919   59.3397479630   -1.8720553561 
   0.0000000000     39.000       40.000000   0.197861       1008.3648    0.0000381054    0.0004097900   60.9057514931   59.3495509674   -1.8709898575 
   0.0000000000     40.000       40.000000   0.197720       1007.9498    0.0000380542    0.0004135720   60.9330574995   59.3617737025   -1.8699229554 
   0.0000000000     41.000       40.000000   0.197578       1007.5311    0.0000380086    0.0004173356   60.9625905443   59.3763584798   -1.8688545346 
   0.0000000000     42.000       40.000000   0.197435       1007.1088    0.0000379685    0.0004210852   60.9943116217   59.3932504963   -1.8677844821 
   0.0000000000     43.000       40.000000   0.197290       1006.6829    0.0000379338    0.0004248248   61.0281837797   59.4123976951   -1.8667126867 
   0.0000000000     44.000       40.000000   0.197145       1006.2535    0.0000379045    0.0004285585   61.0641720162   59.4337506318   -1.8656390393 
   0.0000000000     45.000       40.000000   0.196998       1005.8205    0.0000378804    0.0004322900   61.1022431829   59.4572623486   -1.8645634324 
   0.0000000000     46.000       40.000000   0.196850       1005.3839    0.0000378614    0.0004360229   61.1423658925   59.4828882546   -1.8634857601 
   0.0000000000     47.000       40.000000   0.196701       1004.9437    0.0000378475    0.0004397607   61.1845104319   59.5105860122   -1.8624059182 
   0.0000000000     48.000       40.000000   0.196551       1004.5000    0.0000378386    0.0004435068   61.2286486793   59.5403154288   -1.8613238038 
   0.0000000000     49.000       40.000000   0.196400       1004.0527    0.0000378346    0.0004472643   61.2747540253   59.5720383550   -1.8602393154 
   0.0000000000     50.000       40.000000   0.196247       1003.6019    0.0000378355    0.0004510364   61.3228012985   59.6057185867   -1.8591523528 
   0.0000000000     51.000       40.000000   0.196094       1003.1474    0.0000378412    0.0004548260   61.3727666946   59.6413217728   -1.8580628170 
   0.0000000000     52.000       40.000000   0.195939       1002.6893    0.0000378517    0.0004586359   61.4246277090   59.6788153271   -1.8569706100 
   0.0000000000     53.000       40.000000   0.195783       1002.2277    0.0000378669    0.0004624691   61.4783630721   59.7181683448   -1.8558756350 
   0.0000000000     54.000       40.000000   0.195626       1001.7623    0.0000378868    0.0004663280   61.5339526889   59.7593515224   -1.8547777961 
   0.0000000000     55.000       40.000000   0.195468       1001.2933    0.0000379113    0.0004702152   61.5913775801   59.8023370823   -1.8536769983 
   0.0000000000     56.000       40.000000   0.195309       1000.8207    0.0000379404    0.0004741333   61.6506198269   59.8470987000   -1.8525731473 
   0.0000000000     57.000       40.000000   0.195148       1000.3443    0.0000379741    0.0004780846   61.7116625177   59.8936114361   -1.8514661499 
   0.0000000000     58.000       40.000000   0.194986        999.8642    0.0000380123    0.0004820714   61.7744896981   59.9418516697   -1.8503559133 
   0.0000000000     59.000       40.000000   0.194824        999.3803    0.0000380551    0.0004860960   61.8390863215   59.9917970362   -1.8492423455 
   0.0000000000     60.000       40.000000   0.194660        998.8926    0.0000381023    0.0004901605   61.9054382036   60.0434263677   -1.8481253551 
   0.0000000000     61.000       40.000000   0.194494        998.4010    0.0000381541    0.0004942671   61.9735319776   60.0967196354   -1.8470048512 
   0.0000000000     62.000       40.000000   0.194328        997.9056    0.0000382103    0.0004984177   62.0433550518   60.1516578953   -1.8458807435 
   0.0000000000     63.000       40.000000   0.194160        997.4063    0.0000382710    0.0005026144   62.1148955689   60.2082232359   -1.8447529421 
   0.0000000000     64.000       40.000000   0.193991        996.9030    0.0000383362    0.0005068590   62.1881423663   60.2663987282   -1.8436213574 
   0.0000000000     65.000       40.000000   0.193821        996.3957    0.0000384058    0.0005111535   62.2630849394   60.3261683780   -1.8424859005 
   0.0000000000     66.000       40.000000   0.193649        995.8843    0.0000384798    0.0005154996   62.3397134042   60.3875170797   -1.8413464824 
   0.0000000000     67.000       40.000000   0.193476        995.3689    0.0000385583    0.0005198991   62.4180184630   60.4504305726   -1.8402030147 
   0.0000000000     68.000       40.000000   0.193302        994.8493    0.0000386413    0.0005243537   62.4979913703   60.5148953983   -1.8390554092 
   0.0000000000     69.000       40.000000   0.193127        994.3256    0.0000387287    0.0005288651   62.5796239007   60.5808988602   -1.8379035777 
   0.0000000000     70.000       40.000000   0.192950        993.7976    0.0000388206    0.0005334349   62.6629083168   60.6484289847   -1.8367474326 
   0.0000000000     71.000       40.000000   0.192772        993.2653    0.0000389169    0.0005380648   62.7478373388   60.7174744832   -1.8355868860 
   0.0000000000     72.000       40.000000   0.192593        992.7287    0.0000390178    0.0005427563   62.8344041152   60.7880247158   -1.8344218505 
   0.0000000000     73.000       40.000000   0.192412        992.1876    0.0000391231    0.0005475108   62.9226021936   60.8600696568   -1.8332522384 
   0.0000000000     74.000       40.000000   0.192230        991.6422    0.0000392330    0.0005523299   63.0124254930   60.9335998604   -1.8320779625 
   0.0000000000     75.000       40.000000   0.192046        991.0922    0.0000393474    0.0005572151   63.1038682764   61.0086064282   -1.8308989352 
   0.0000000000     76.000       40.000000   0.191861        990.5376    0.0000394663    0.0005621677   63.1969251243   61.0850809775   -1.8297150693 
   0.0000000000     77.000       40.000000   0.191674        989.9785    0.0000395899    0.0005671892   63.2915909087   61.1630156107   -1.8285262773 
   0.0000000000     78.000       40.000000   0.191487        989.4146    0.0000397180    0.0005722809   63.3878607679   61.2424028856   -1.8273324717 
   0.0000000000     79.000       40.000000   0.191297        988.8460    0.0000398507    0.0005774442   63.4857300812   61.3232357863   -1.8261335651 
   0.0000000000     80.000       40.000000   0.191107        988.2729    0.0000399881    0.0005826792   63.5851698370   61.4054785130   -1.8249288240 
   0.0000000000     81.000       40.000000   0.190914        987.6946    0.0000401301    0.0005879894   63.6862243277   61.4891824362   -1.8237194437 
   0.0000000000     82.000       40.000000   0.190721        987.1113    0.0000402769    0.0005933750   63.7888655821   61.5743131796   -1.8225046990 
   0.0000000000     83.000       40.000000   0.190525        986.5231    0.0000404285    0.0005988372   63.8930897040   61.6608651569   -1.8212845017 
   0.0000000000     84.000       40.000000   0.190328        985.9298    0.0000405848    0.0006043773   63.9988929199   61.7488330739   -1.8200587639 
   0.0000000000     85.000       40.000000   0.190129        985.3313    0.0000407459    0.0006099964   64.1062715575   61.8382119037   -1.8188273972 
   0.0000000000     86.000       40.000000   0.189929        984.7277    0.0000409118    0.0006156957   64.2152220221   61.9289968621   -1.8175903133 
   0.0000000000     87.000       40.000000   0.189727        984.1187    0.0000410826    0.0006214764   64.3257407756   62.0211833833   -1.8163474233 
   0.0000000000     88.000       40.000000   0.189524        983.5044    0.0000412584    0.0006273395   64.4378243141   62.1147670962   -1.8150986386 
   0.0000000000     89.000       40.000000   0.189319        982.8847    0.0000414391    0.0006332862   64.5514691457   62.2097438011   -1.8138438700 
   0.0000000000     90.000       40.000000   0.189112        982.2595    0.0000416247    0.0006393176   64.6666717695   62.3061094465   -1.8125830282 
   0.0000000000     91.000       40.000000   0.188903        981.6287    0.0000418154    0.0006454346   64.7834286536   62.4038601063   -1.8113160237 
   0.0000000000     92.000       40.000000   0.188693        980.9923    0.0000420112    0.0006516384   64.9017362141   62.5029919575   -1.8100427666 
   0.0000000000     93.000       40.000000   0.188481        980.3502    0.0000422121    0.0006579300   65.0215907931   62.6035012575   -1.8087631671 
   0.0000000000     94.000       40.000000   0.188267        979.7023    0.0000424182    0.0006643104   65.1429886378   62.7053843221   -1.8074771348 
   0.0000000000     95.000       40.000000   0.188051        979.0485    0.0000426294    0.0006707805   65.2659258792   62.8086375036   -1.8061845792 
   0.0000000000     96.000       40.000000   0.187834        978.3888    0.0000428459    0.0006773413   65.3903985106   62.9132571688   -1.8048854095 
   0.0000000000     97.000       40.000000   0.187615        977.7231    0.0000430677    0.0006839938   65.5164023662   63.0192396773   -1.8035795347 
   0.0000000000     98.000       40.000000   0.187394        977.0513    0.0000432949    0.0006907388   65.6439331002   63.1265813602   -1.8022668635 
   0.0000000000     99.000       40.000000   0.187171        976.3733    0.0000435274    0.0006975773   65.7729861651   63.2352784978   -1.8009473044 
   0.0000000000    100.000       40.000000   0.186946        975.6890    0.0000437653    0.0007045100   65.9035567904   63.3453272986   -1.7996207654 
   0.0000000000    101.000       40.000000   0.186719        974.9985    0.0000440088    0.0007115379   66.0356399613   63.4567238777   -1.7982871547 
   0.0000000000    102.000       40.000000   0.186490        974.3015    0.0000442578    0.0007186618   66.1692303971   63.5694642350   -1.7969463798 
   0.0000000000    103.000       40.000000   0.186259        973.5981    0.0000445123    0.0007258825   66.3043225295   63.6835442340   -1.7955983483 
   0.0000000000    104.000       40.000000   0.186027        972.8881    0.0000447725    0.0007332006   66.4409104813   63.7989595800   -1.7942429674 
   0.0000000000    105.000       40.000000   0.185792        972.1714    0.0000450384    0.0007406171   66.5789880445   63.9157057988   -1.7928801442 
   0.0000000000    106.000       40.000000   0.185555        971.4480    0.0000453100    0.0007481326   66.7185486585   64.0337782147   -1.7915097853 
   0.0000000000    107.000       40.000000   0.185317        970.7178    0.0000455874    0.0007557477   66.8595853883   64.1531719288   -1.7901317976 
   0.0000000000    108.000       40.000000   0.185076        969.9807    0.0000458707    0.0007634632   67.0020909027   64.2738817979   -1.7887460873 
   0.0000000000    109.000       40.000000   0.184833        969.2367    0.0000461598    0.0007712797   67.1460574522   64.3959024117   -1.7873525608 
   0.0000000000    110.000       40.000000   0.184588        968.4856    0.0000464549    0.0007791977   67.2914768468   64.5192280713   -1.7859511243 
   0.0000000000    111.000       40.000000   0.184341        967.7274    0.0000467559    0.0007872179   67.4383404342   64.6438527675   -1.7845416836 
   0.0000000000    112.000       40.000000   0.184091        966.9619    0.0000470630    0.0007953407   67.5866390772   64.7697701580   -1.7831241448 
   0.0000000000    113.000       40.000000   0.183840        966.1892    0.0000473762    0.0008035666   67.7363631319   64.8969735457   -1.7816984135 
   0.0000000000    114.000       40.000000   0.183586        965.4091    0.0000476955    0.0008118962   67.8875024250   65.0254558562   -1.7802643956 
   0.0000000000    115.000       40.000000   0.183330        964.6216    0.0000480210    0.0008203298   68.0400462317   65.1552096155   -1.7788219967 
   0.0000000000    116.000       40.000000   0.183072        963.8265    0.0000483528    0.0008288678   68.1939832535   65.2862269273   -1.7773711226 
   0.0000000000    117.000       40.000000   0.182811        963.0237    0.0000486909    0.0008375105   68.3493015957   65.4184994506   -1.7759116790 
   0.0000000000    118.000       40.000000   0.182549        962.2133    0.0000490353    0.0008462583   68.5059887450   65.5520183770   -1.7744435716 
   0.0000000000    119.000       40.000000   0.182284        961.3951    0.0000493860    0.0008551113   68.6640315475   65.6867744081   -1.7729667062 
   0.0000000000    120.000       40.000000   0.182016        960.5691    0.0000497432    0.0008640698   68.8234161861   65.8227577325   -1.7714809890 
   0.0000000000    121.000       40.000000   0.181747        959.7351    0.0000501069    0.0008731339   68.9841281590   65.9599580030   -1.7699863260 
   0.0000000000    122.000       40.000000   0.181475        958.8931    0.0000504772    0.0008823037   69.1461522569   66.0983643138   -1.7684826235 
   0.0000000000    123.000       40.000000   0.181200        958.0430    0.0000508540    0.0008915793   69.3094725416   66.2379651777   -1.7669697881 
   0.0000000000    124.000       40.000000   0.180924        957.1847    0.0000512374    0.0009009606   69.4740723240   66.3787485032   -1.7654477268 
   0.0000000000    125.000       40.000000   0.180644        956.3182    0.0000516274    0.0009104476   69.6399341426   66.5207015712   -1.7639163466 
   0.0000000000    126.000       40.000000   0.180363        955.4433    0.0000520242    0.0009200402   69.8070397424   66.6638110129   -1.7623755552 
