  #sigma_s    Temp(C) Press(Mpa) p_meanfield density (kg/m^3)      kappa      alpha Cp(J/molK) Cv(J/molK)  mu(J/mol)
   0.0000000000   -173.000       22.000000   0.160128        929.4908    0.0000252662    0.0006060004   57.5783273822   55.2680218440   -2.1930741187 
   0.0000000000   -172.000       22.000000   0.159953        928.9328    0.0000250902    0.0005951782   57.5015462070   55.2298848325   -2.1922090970 
   0.0000000000   -171.000       22.000000   0.159782        928.3850    0.0000249151    0.0005846098   57.4272864777   55.1934072215   -2.1913468117 
   0.0000000000   -170.000       22.000000   0.159614        927.8472    0.0000247409    0.0005742885   57.3554369772   55.1584996164   -2.1904871948 
   0.0000000000   -169.000       22.000000   0.159449        927.3192    0.0000245678    0.0005642081   57.2858929907   55.1250787013   -2.1896301805 
   0.0000000000   -168.000       22.000000   0.159287        926.8007    0.0000243958    0.0005543623   57.2185558888   55.0930668274   -2.1887757043 
   0.0000000000   -167.000       22.000000   0.159128        926.2916    0.0000242249    0.0005447450   57.1533327512   55.0623916436   -2.1879237038 
   0.0000000000   -166.000       22.000000   0.158972        925.7915    0.0000240552    0.0005353501   57.0901360264   55.0329857675   -2.1870741180 
   0.0000000000   -165.000       22.000000   0.158819        925.3003    0.0000238867    0.0005261718   57.0288832271   55.0047864920   -2.1862268878 
   0.0000000000   -164.000       22.000000   0.158669        924.8177    0.0000237195    0.0005172042   56.9694966578   54.9777355294   -2.1853819554 
   0.0000000000   -163.000       22.000000   0.158521        924.3436    0.0000235537    0.0005084417   56.9119031729   54.9517787867   -2.1845392646 
   0.0000000000   -162.000       22.000000   0.158376        923.8777    0.0000233891    0.0004998786   56.8560339630   54.9268661721   -2.1836987608 
   0.0000000000   -161.000       22.000000   0.158234        923.4198    0.0000232260    0.0004915094   56.8018243712   54.9029514340   -2.1828603904 
   0.0000000000   -160.000       22.000000   0.158094        922.9699    0.0000230643    0.0004833286   56.7492137322   54.8799920261   -2.1820241013 
   0.0000000000   -159.000       22.000000   0.157956        922.5276    0.0000229039    0.0004753311   56.6981452413   54.8579490036   -2.1811898427 
   0.0000000000   -158.000       22.000000   0.157821        922.0928    0.0000227451    0.0004675114   56.6485658442   54.8367869447   -2.1803575649 
   0.0000000000   -157.000       22.000000   0.157689        921.6654    0.0000225877    0.0004598645   56.6004261555   54.8164739023   -2.1795272191 
   0.0000000000   -156.000       22.000000   0.157558        921.2451    0.0000224319    0.0004523851   56.5536803982   54.7969813806   -2.1786987576 
   0.0000000000   -155.000       22.000000   0.157430        920.8318    0.0000222775    0.0004450683   56.5082863687   54.7782843393   -2.1778721336 
   0.0000000000   -154.000       22.000000   0.157304        920.4254    0.0000221247    0.0004379090   56.4642054265   54.7603612272   -2.1770473010 
   0.0000000000   -153.000       22.000000   0.157180        920.0256    0.0000219735    0.0004309023   56.4214025056   54.7431940394   -2.1762242146 
   0.0000000000   -152.000       22.000000   0.157058        919.6324    0.0000218239    0.0004240430   56.3798461544   54.7267684084   -2.1754028295 
   0.0000000000   -151.000       22.000000   0.156939        919.2457    0.0000216759    0.0004173264   56.3395085963   54.7110737172   -2.1745831013 
   0.0000000000   -150.000       22.000000   0.156821        918.8651    0.0000215295    0.0004107475   56.3003658186   54.6961032476   -2.1737649862 
   0.0000000000   -149.000       22.000000   0.156705        918.4908    0.0000213848    0.0004043011   56.2623976865   54.6818543555   -2.1729484402 
   0.0000000000   -148.000       22.000000   0.156591        918.1224    0.0000212418    0.0003979824   56.2255880825   54.6683286765   -2.1721334196 
   0.0000000000   -147.000       22.000000   0.156479        917.7599    0.0000211006    0.0003917862   56.1899250753   54.6555323668   -2.1713198804 
   0.0000000000   -146.000       22.000000   0.156369        917.4032    0.0000209611    0.0003857074   56.1554011153   54.6434763737   -2.1705077786 
   0.0000000000   -145.000       22.000000   0.156260        917.0522    0.0000208234    0.0003797407   56.1220132587   54.6321767408   -2.1696970692 
   0.0000000000   -144.000       22.000000   0.156154        916.7067    0.0000206875    0.0003738808   56.0897634246   54.6216549512   -2.1688877071 
   0.0000000000   -143.000       22.000000   0.156049        916.3667    0.0000205536    0.0003681222   56.0586586797   54.6119383035   -2.1680796457 
   0.0000000000   -142.000       22.000000   0.155946        916.0320    0.0000204216    0.0003624591   56.0287115569   54.6030603276   -2.1672728376 
   0.0000000000   -141.000       22.000000   0.155844        915.7026    0.0000202917    0.0003568858   55.9999404078   54.5950612400   -2.1664672339 
   0.0000000000   -140.000       22.000000   0.155744        915.3784    0.0000201638    0.0003513962   55.9723697872   54.5879884377   -2.1656627838 
   0.0000000000   -139.000       22.000000   0.155646        915.0593    0.0000200381    0.0003459840   55.9460308753   54.5818970343   -2.1648594348 
   0.0000000000   -138.000       22.000000   0.155549        914.7452    0.0000199146    0.0003406426   55.9209619356   54.5768504406   -2.1640571316 
   0.0000000000   -137.000       22.000000   0.155454        914.4360    0.0000197935    0.0003353652   55.8972088120   54.5729209890   -2.1632558165 
   0.0000000000   -136.000       22.000000   0.155360        914.1318    0.0000196748    0.0003301444   55.8748254618   54.5701906012   -2.1624554285 
   0.0000000000   -135.000       22.000000   0.155268        913.8324    0.0000195587    0.0003249728   55.8538745332   54.5687515074   -2.1616559031 
   0.0000000000   -134.000       22.000000   0.155177        913.5379    0.0000194454    0.0003198424   55.8344279803   54.5687070088   -2.1608571718 
   0.0000000000   -133.000       22.000000   0.155088        913.2481    0.0000193348    0.0003147447   55.8165677245   54.5701722953   -2.1600591614 
   0.0000000000   -132.000       22.000000   0.155001        912.9630    0.0000192273    0.0003096708   55.8003863546   54.5732753067   -2.1592617938 
   0.0000000000   -131.000       22.000000   0.154914        912.6826    0.0000191230    0.0003046113   55.7859878751   54.5781576498   -2.1584649853 
   0.0000000000   -130.000       22.000000   0.154830        912.4069    0.0000190220    0.0002995560   55.7734885014   54.5849755710   -2.1576686457 
   0.0000000000   -129.000       22.000000   0.154746        912.1360    0.0000189246    0.0002944945   55.7630174934   54.5939009700   -2.1568726781 
   0.0000000000   -128.000       22.000000   0.154665        911.8697    0.0000188311    0.0002894153   55.7547180467   54.6051224825   -2.1560769777 
   0.0000000000   -127.000       22.000000   0.154584        911.6082    0.0000187416    0.0002843065   55.7487482229   54.6188466046   -2.1552814315 
   0.0000000000   -126.000       22.000000   0.154506        911.3514    0.0000186565    0.0002791551   55.7452819315   54.6352988755   -2.1544859171 
   0.0000000000   -125.000       22.000000   0.154428        911.0994    0.0000185761    0.0002739477   55.7445099598   54.6547251159   -2.1536903019 
   0.0000000000   -124.000       22.000000   0.154352        910.8522    0.0000185006    0.0002686696   55.7466410471   54.6773927119   -2.1528944423 
   0.0000000000   -123.000       22.000000   0.154278        910.6100    0.0000184305    0.0002633053   55.7519030126   54.7035919612   -2.1520981826 
   0.0000000000   -122.000       22.000000   0.154205        910.3727    0.0000183662    0.0002578385   55.7605439243   54.7336374603   -2.1513013537 
   0.0000000000   -121.000       22.000000   0.154134        910.1405    0.0000183080    0.0002522515   55.7728333147   54.7678695420   -2.1505037723 
   0.0000000000   -120.000       22.000000   0.154065        909.9136    0.0000182564    0.0002465257   55.7890634439   54.8066557640   -2.1497052397 
   0.0000000000   -119.000       22.000000   0.153997        909.6919    0.0000182119    0.0002406411   55.8095505988   54.8503924299   -2.1489055400 
   0.0000000000   -118.000       22.000000   0.153931        909.4758    0.0000181751    0.0002345765   55.8346364351   54.8995061549   -2.1481044392 
   0.0000000000   -117.000       22.000000   0.153866        909.2653    0.0000181465    0.0002283092   55.8646832565   54.9544509219   -2.1473019872 
   0.0000000000   -116.000       22.000000   0.153803        909.0606    0.0000181267    0.0002218155   55.9000995792   55.0157274571   -2.1464972983 
   0.0000000000   -115.000       22.000000   0.153742        908.8621    0.0000181165    0.0002150697   55.9413056498   55.0838588076   -2.1456903823 
   0.0000000000   -114.000       22.000000   0.153684        908.6698    0.0000181164    0.0002080446   55.9887586517   55.1594090088   -2.1448809164 
   0.0000000000   -113.000       22.000000   0.153627        908.4841    0.0000181274    0.0002007115   56.0429482725   55.2429805576   -2.1440685516 
   0.0000000000   -112.000       22.000000   0.153572        908.3052    0.0000181502    0.0001930396   56.1043981785   55.3352160509   -2.1432529104 
   0.0000000000   -111.000       22.000000   0.153520        908.1335    0.0000181857    0.0001849966   56.1736674731   55.4367997877   -2.1424335848 
   0.0000000000   -110.000       22.000000   0.153469        907.9693    0.0000182349    0.0001765479   56.2513521413   55.5484593278   -2.1416101340 
   0.0000000000   -109.000       22.000000   0.153422        907.8130    0.0000182987    0.0001676571   56.3380864548   55.6709669816   -2.1407820826 
   0.0000000000   -108.000       22.000000   0.153376        907.6650    0.0000183783    0.0001582853   56.4345443356   55.8051412202   -2.1399489179 
   0.0000000000   -107.000       22.000000   0.153334        907.5258    0.0000184748    0.0001483918   56.5414406379   55.9518479580   -2.1391100874 
   0.0000000000   -106.000       22.000000   0.153294        907.3959    0.0000185894    0.0001379331   56.6595323499   56.1120017039   -2.1382649964 
   0.0000000000   -105.000       22.000000   0.153258        907.2757    0.0000187235    0.0001268630   56.7896325064   56.2865804623   -2.1374126887 
   0.0000000000   -104.000       22.000000   0.153224        907.1659    0.0000188785    0.0001151340   56.9325609860   56.4765723040   -2.1365531016 
   0.0000000000   -103.000       22.000000   0.153194        907.0670    0.0000190559    0.0001026946   57.0892188306   56.6830549849   -2.1356851870 
   0.0000000000   -102.000       22.000000   0.153167        906.9798    0.0000192572    0.0000894909   57.2605407333   56.9071446763   -2.1348081529 
   0.0000000000   -101.000       22.000000   0.153144        906.9050    0.0000194841    0.0000754663   57.4475070973   57.1500083322   -2.1339211504 
   0.0000000000   -100.000       22.000000   0.153125        906.8432    0.0000197385    0.0000605610   57.6511439981   57.4128630637   -2.1330232705 
   0.0000000000    -99.000       22.000000   0.153111        906.7954    0.0000200222    0.0000447123   57.8725227889   57.6969750154   -2.1321135408 
   0.0000000000    -98.000       22.000000   0.153101        906.7624    0.0000203373    0.0000278540   58.1127592745   58.0036576551   -2.1311909223 
   0.0000000000    -97.000       22.000000   0.153096        906.7452    0.0000206859    0.0000099170   58.3730123981   58.3342693994   -2.1302543056 
   0.0000000000    -96.000       22.000000   0.153095        906.7448    0.0000210703   -0.0000091714   58.6544823489   58.6902104621   -2.1293025078 
   0.0000000000    -95.000       22.000000   0.153101        906.7622    0.0000214928   -0.0000294871   58.9584080248   59.0729188376   -2.1283342685 
   0.0000000000    -94.000       22.000000   0.153112        906.7986    0.0000219561   -0.0000511097   59.2860637323   59.4838652749   -2.1273482468 
   0.0000000000    -93.000       22.000000   0.153129        906.8553    0.0000224628   -0.0000741220   59.6387550390   59.9245471327   -2.1263430176 
   0.0000000000    -92.000       22.000000   0.153153        906.9335    0.0000230157   -0.0000986105   60.0178136499   60.3964809567   -2.1253170678 
   0.0000000000    -91.000       22.000000   0.153184        907.0346    0.0000236178   -0.0001246650   60.4245911906   60.9011936372   -2.1242687937 
   0.0000000000    -90.000       22.000000   0.153222        907.1601    0.0000242722   -0.0001523790   60.8604517492   61.4402119630   -2.1231964971 
   0.0000000000    -89.000       22.000000   0.153268        907.3116    0.0000249823   -0.0001818489   61.3267630327   62.0150504006   -2.1220983828 
   0.0000000000    -88.000       22.000000   0.153323        907.4906    0.0000257514   -0.0002131744   61.8248859856   62.6271969194   -2.1209725559 
   0.0000000000    -87.000       22.000000   0.153387        907.6991    0.0000265833   -0.0002464583   62.3561626757   63.2780966298   -2.1198170191 
   0.0000000000    -86.000       22.000000   0.153460        907.9387    0.0000274817   -0.0002818056   62.9219022850   63.9691330588   -2.1186296714 
   0.0000000000    -85.000       22.000000   0.153543        908.2114    0.0000284506   -0.0003193240   63.5233650053   64.7016068306   -2.1174083068 
   0.0000000000    -84.000       22.000000   0.153638        908.5194    0.0000294941   -0.0003591225   64.1617436269   65.4767115321   -2.1161506131 
   0.0000000000    -83.000       22.000000   0.153743        908.8647    0.0000306165   -0.0004013113   64.8381426381   66.2955065715   -2.1148541732 
   0.0000000000    -82.000       22.000000   0.153861        909.2496    0.0000318221   -0.0004460009   65.5535546017   67.1588868100   -2.1135164659 
   0.0000000000    -81.000       22.000000   0.153992        909.6765    0.0000331156   -0.0004933011   66.3088336357   68.0675488076   -2.1121348687 
   0.0000000000    -80.000       22.000000   0.154136        910.1479    0.0000345016   -0.0005433196   67.1046657719   69.0219535115   -2.1107066620 
   0.0000000000    -79.000       22.000000   0.154295        910.6663    0.0000359848   -0.0005961607   67.9415360540   70.0222853203   -2.1092290352 
   0.0000000000    -78.000       22.000000   0.154469        911.2345    0.0000375702   -0.0006519238   68.8196922108   71.0684074676   -2.1076990943 
   0.0000000000    -77.000       22.000000   0.154660        911.8555    0.0000392627   -0.0007107109   69.7392426578   72.1599873238   -2.1061131538 
   0.0000000000    -76.000       22.000000   0.154868        912.5317    0.0000410667   -0.0007725864   70.6996000283   73.2957984603   -2.1044694558 
   0.0000000000    -75.000       22.000000   0.155094        913.2665    0.0000429870   -0.0008376276   71.7001573268   74.4745768426   -2.1027643391 
   0.0000000000    -74.000       22.000000   0.155339        914.0627    0.0000450281   -0.0009058873   72.7397825255   75.6943897840   -2.1009947018 
   0.0000000000    -73.000       22.000000   0.155604        914.9235    0.0000471941   -0.0009773977   73.8168735272   76.9527130555   -2.0991574415 
   0.0000000000    -72.000       22.000000   0.155890        915.8522    0.0000494888   -0.0010521656   74.9293026171   78.2463710511   -2.0972494847 
   0.0000000000    -71.000       22.000000   0.156198        916.8517    0.0000519153   -0.0011301666   76.0743591886   79.5714775863   -2.0952678212 
   0.0000000000    -70.000       22.000000   0.156530        917.9255    0.0000544761   -0.0012113389   77.2486917811   80.9233791068   -2.0932095445 
   0.0000000000    -69.000       22.000000   0.156886        919.0765    0.0000571724   -0.0012955756   78.4482508453   82.2966026019   -2.0910718992 
   0.0000000000    -68.000       22.000000   0.157268        920.3082    0.0000600054   -0.0013827395   79.6684784515   83.6851103255   -2.0888512599 
   0.0000000000    -67.000       22.000000   0.157675        921.6227    0.0000629722   -0.0014725714   80.9033541729   85.0811564385   -2.0865471700 
   0.0000000000    -66.000       22.000000   0.158110        923.0232    0.0000660702   -0.0015647951   82.1466187689   86.4768227687   -2.0841568393 
   0.0000000000    -65.000       22.000000   0.158573        924.5121    0.0000692940   -0.0016590355   83.3909515468   87.8630451560   -2.0816787128 
   0.0000000000    -64.000       22.000000   0.159065        926.0913    0.0000726355   -0.0017548254   84.6281425173   89.2298681240   -2.0791117308 
   0.0000000000    -63.000       22.000000   0.159587        927.7626    0.0000760835   -0.0018515955   85.8490985840   90.5664994574   -2.0764554204 
   0.0000000000    -62.000       22.000000   0.160138        929.5269    0.0000796235   -0.0019486649   87.0438764001   91.8614001184   -2.0737099913 
   0.0000000000    -61.000       22.000000   0.160721        931.3857    0.0000832383   -0.0020452738   88.2020766099   93.1027974328   -2.0708747608 
   0.0000000000    -60.000       22.000000   0.161334        933.3370    0.0000869025   -0.0021404344   89.3117113620   94.2774129522   -2.0679544451 
   0.0000000000    -59.000       22.000000   0.161976        935.3804    0.0000905896   -0.0022331346   90.3611054112   95.3727366369   -2.0649505939 
   0.0000000000    -58.000       22.000000   0.162649        937.5135    0.0000942677   -0.0023222182   91.3379945321   96.3760014237   -2.0618670869 
   0.0000000000    -57.000       22.000000   0.163350        939.7329    0.0000978998   -0.0024064299   92.2300436993   97.2748067068   -2.0587089240 
   0.0000000000    -56.000       22.000000   0.164079        942.0341    0.0001014449   -0.0024844387   93.0251581083   98.0574717869   -2.0554822653 
   0.0000000000    -55.000       22.000000   0.164835        944.4123    0.0001048605   -0.0025549162   93.7120785507   98.7136666426   -2.0521922317 
   0.0000000000    -54.000       22.000000   0.165614        946.8580    0.0001080953   -0.0026164136   94.2798439435   99.2337855084   -2.0488511685 
   0.0000000000    -53.000       22.000000   0.166414        949.3636    0.0001111026   -0.0026676552   94.7195985474   99.6108244569   -2.0454668426 
   0.0000000000    -52.000       22.000000   0.167232        951.9193    0.0001138347   -0.0027074462   95.0241091670   99.8397302590   -2.0420497006 
   0.0000000000    -51.000       22.000000   0.168064        954.5139    0.0001162464   -0.0027347726   95.1883700947   99.9179062739   -2.0386109357 
   0.0000000000    -50.000       22.000000   0.168908        957.1354    0.0001182975   -0.0027488616   95.2099197905   99.8453848979   -2.0351622598 
   0.0000000000    -49.000       22.000000   0.169760        959.7726    0.0001199562   -0.0027492518   95.0889842713   99.6247971294   -2.0317134430 
   0.0000000000    -48.000       22.000000   0.170613        962.4094    0.0001211948   -0.0027357540   94.8287716245   99.2615893220   -2.0282805338 
   0.0000000000    -47.000       22.000000   0.171464        965.0338    0.0001220005   -0.0027085874   94.4351800239   98.7635090977   -2.0248732246 
   0.0000000000    -46.000       22.000000   0.172310        967.6327    0.0001223700   -0.0026682944   93.9166772132   98.1404567938   -2.0215025021 
   0.0000000000    -45.000       22.000000   0.173146        970.1935    0.0001223107   -0.0026157331   93.2839286535   97.4040600375   -2.0181784777 
   0.0000000000    -44.000       22.000000   0.173967        972.7044    0.0001218407   -0.0025520302   92.5493312164   96.5672154931   -2.0149101778 
   0.0000000000    -43.000       22.000000   0.174771        975.1549    0.0001209868   -0.0024785190   91.7264789494   95.6436053943   -2.0117053907 
   0.0000000000    -42.000       22.000000   0.175553        977.5355    0.0001197831   -0.0023966692   90.8296070025   94.6472236413   -2.0085705765 
   0.0000000000    -41.000       22.000000   0.176312        979.8382    0.0001182690   -0.0023080161   89.8730578394   93.5919414748   -2.0055108381 
   0.0000000000    -40.000       22.000000   0.177045        982.0566    0.0001164868   -0.0022140936   88.8708064343   92.4911352046   -2.0025299481 
   0.0000000000    -39.000       22.000000   0.177750        984.1856    0.0001144801   -0.0021163781   87.8360698982   91.3573894831   -1.9996304217 
   0.0000000000    -38.000       22.000000   0.178425        986.2216    0.0001122919   -0.0020162438   86.7810144258   90.2022808381   -1.9968136253 
   0.0000000000    -37.000       22.000000   0.179070        988.1621    0.0001099632   -0.0019149318   85.7165610020   89.0362387961   -1.9940799072 
   0.0000000000    -36.000       22.000000   0.179685        990.0060    0.0001075320   -0.0018135313   84.6522822066   87.8684764656   -1.9914287407 
   0.0000000000    -35.000       22.000000   0.180268        991.7532    0.0001050326   -0.0017129731   83.5963765463   86.7069792364   -1.9888588690 
   0.0000000000    -34.000       22.000000   0.180819        993.4043    0.0001024953   -0.0016140303   82.5557038744   85.5585389246   -1.9863684456 
   0.0000000000    -33.000       22.000000   0.181339        994.9595    0.0000999468   -0.0015173568   81.5362904746   84.4292758818   -1.9839568215 
   0.0000000000    -32.000       22.000000   0.181830        996.4235    0.0000974084   -0.0014233777   80.5416874653   83.3228575189   -1.9816178419 
   0.0000000000    -31.000       22.000000   0.182292        997.7973    0.0000948991   -0.0013324917   79.5757953100   82.2434829701   -1.9793504756 
   0.0000000000    -30.000       22.000000   0.182724        999.0839    0.0000924336   -0.0012449591   78.6411431411   81.1940146616   -1.9771516753 
   0.0000000000    -29.000       22.000000   0.183129       1000.2863    0.0000900238   -0.0011609504   77.7394913318   80.1765897599   -1.9750183081 
   0.0000000000    -28.000       22.000000   0.183507       1001.4078    0.0000876789   -0.0010805613   76.8719523471   79.1927209687   -1.9729472136 
   0.0000000000    -27.000       22.000000   0.183860       1002.4518    0.0000854057   -0.0010038262   76.0391013755   78.2433902045   -1.9709352498 
   0.0000000000    -26.000       22.000000   0.184187       1003.4217    0.0000832088   -0.0009307308   75.2410750996   77.3291337155   -1.9689793285 
   0.0000000000    -25.000       22.000000   0.184491       1004.3209    0.0000810914   -0.0008612220   74.4776581933   76.4501180754   -1.9670764420 
   0.0000000000    -24.000       22.000000   0.184773       1005.1528    0.0000790553   -0.0007952178   73.7483577707   75.6062070223   -1.9652236827 
   0.0000000000    -23.000       22.000000   0.185033       1005.9207    0.0000771011   -0.0007326138   73.0524665822   74.7970195330   -1.9634182554 
   0.0000000000    -22.000       22.000000   0.185272       1006.6270    0.0000752289   -0.0006733102   72.3893956457   74.0222928402   -1.9616587872 
   0.0000000000    -21.000       22.000000   0.185492       1007.2766    0.0000734370   -0.0006171338   71.7575586548   73.2806279461   -1.9599399721 
   0.0000000000    -20.000       22.000000   0.185694       1007.8714    0.0000717241   -0.0005639709   71.1562143284   72.5715441201   -1.9582608674 
   0.0000000000    -19.000       22.000000   0.185878       1008.4145    0.0000700884   -0.0005136814   70.5842419930   71.8941096305   -1.9566191777 
   0.0000000000    -18.000       22.000000   0.186046       1008.9085    0.0000685276   -0.0004661241   70.0404921926   71.2473314752   -1.9550127320 
   0.0000000000    -17.000       22.000000   0.186198       1009.3560    0.0000670393   -0.0004211593   69.5238053114   70.6301760432   -1.9534394802 
   0.0000000000    -16.000       22.000000   0.186336       1009.7596    0.0000656208   -0.0003786498   69.0330261665   70.0415860380   -1.9518974893 
   0.0000000000    -15.000       22.000000   0.186459       1010.1216    0.0000642694   -0.0003384622   68.5670152819   69.4804942289   -1.9503849375 
   0.0000000000    -14.000       22.000000   0.186568       1010.4442    0.0000629824   -0.0003004675   68.1246574338   68.9458345170   -1.9489001095 
   0.0000000000    -13.000       22.000000   0.186666       1010.7295    0.0000617570   -0.0002645420   67.7048679860   68.4365507570   -1.9474413906 
   0.0000000000    -12.000       22.000000   0.186751       1010.9796    0.0000605905   -0.0002305669   67.3065974286   67.9516036915   -1.9460072614 
   0.0000000000    -11.000       22.000000   0.186825       1011.1964    0.0000594802   -0.0001984294   66.9288344854   67.4899763266   -1.9445962921 
   0.0000000000    -10.000       22.000000   0.186888       1011.3815    0.0000584236   -0.0001680219   66.5706080729   67.0506780072   -1.9432071372 
   0.0000000000     -9.000       22.000000   0.186941       1011.5368    0.0000574180   -0.0001392427   66.2309883568   66.6327474277   -1.9418385305 
   0.0000000000     -8.000       22.000000   0.186984       1011.6638    0.0000564611   -0.0001119953   65.9090871008   66.2352547645   -1.9404892799 
   0.0000000000     -7.000       22.000000   0.187017       1011.7634    0.0000555507   -0.0000861972   65.6041836285   65.8574526749   -1.9391592448 
   0.0000000000     -6.000       22.000000   0.187043       1011.8381    0.0000546842   -0.0000617441   65.3152045051   65.4981614029   -1.9378453191 
   0.0000000000     -5.000       22.000000   0.187060       1011.8888    0.0000538595   -0.0000385649   65.0415267549   65.1567211279   -1.9365475812 
   0.0000000000     -4.000       22.000000   0.187070       1011.9167    0.0000530747   -0.0000165832   64.7824225944   64.8323365651   -1.9352650899 
   0.0000000000     -3.000       22.000000   0.187072       1011.9228    0.0000523277    0.0000042731   64.5372016584   64.5242462764   -1.9339969572 
   0.0000000000     -2.000       22.000000   0.187067       1011.9084    0.0000516168    0.0000240714   64.3052095687   64.2317221324   -1.9327423447 
   0.0000000000     -1.000       22.000000   0.187055       1011.8745    0.0000509401    0.0000428755   64.0858264346   63.9540685935   -1.9315004605 
   0.0000000000      0.000       22.000000   0.187038       1011.8220    0.0000502961    0.0000607451   63.8784653239   63.6906218585   -1.9302705559 
   0.0000000000      1.000       22.000000   0.187014       1011.7519    0.0000496829    0.0000777365   63.6825707263   63.4407489130   -1.9290519230 
   0.0000000000      2.000       22.000000   0.186984       1011.6650    0.0000490993    0.0000939027   63.4976170288   63.2038465074   -1.9278438914 
   0.0000000000      3.000       22.000000   0.186949       1011.5622    0.0000485437    0.0001092932   63.3231070207   62.9793400901   -1.9266458262 
   0.0000000000      4.000       22.000000   0.186909       1011.4442    0.0000480148    0.0001239550   63.1585704345   62.7666827108   -1.9254571256 
   0.0000000000      5.000       22.000000   0.186864       1011.3117    0.0000475113    0.0001379319   63.0035625363   62.5653539156   -1.9242772186 
   0.0000000000      6.000       22.000000   0.186814       1011.1654    0.0000470321    0.0001512654   62.8576627657   62.3748586400   -1.9231055632 
   0.0000000000      7.000       22.000000   0.186760       1011.0060    0.0000465759    0.0001639942   62.7204734321   62.1947261127   -1.9219416445 
   0.0000000000      8.000       22.000000   0.186701       1010.8340    0.0000461417    0.0001761550   62.5916184681   62.0245087782   -1.9207849729 
   0.0000000000      9.000       22.000000   0.186639       1010.6501    0.0000457285    0.0001877823   62.4707422415   61.8637812422   -1.9196350826 
   0.0000000000     10.000       22.000000   0.186572       1010.4546    0.0000453353    0.0001989084   62.3575084251   61.7121392458   -1.9184915301 
   0.0000000000     11.000       22.000000   0.186502       1010.2483    0.0000449612    0.0002095640   62.2515989238   61.5691986701   -1.9173538925 
   0.0000000000     12.000       22.000000   0.186428       1010.0314    0.0000446053    0.0002197778   62.1527128582   61.4345945761   -1.9162217668 
   0.0000000000     13.000       22.000000   0.186351       1009.8044    0.0000442669    0.0002295768   62.0605656025   61.3079802779   -1.9150947681 
   0.0000000000     14.000       22.000000   0.186271       1009.5679    0.0000439452    0.0002389868   61.9748878751   61.1890264535   -1.9139725289 
   0.0000000000     15.000       22.000000   0.186187       1009.3220    0.0000436395    0.0002480317   61.8954248790   61.0774202909   -1.9128546977 
   0.0000000000     16.000       22.000000   0.186101       1009.0673    0.0000433490    0.0002567342   61.8219354921   60.9728646711   -1.9117409385 
   0.0000000000     17.000       22.000000   0.186011       1008.8040    0.0000430732    0.0002651160   61.7541915013   60.8750773874   -1.9106309292 
   0.0000000000     18.000       22.000000   0.185919       1008.5325    0.0000428114    0.0002731972   61.6919768828   60.7837903995   -1.9095243615 
   0.0000000000     19.000       22.000000   0.185824       1008.2531    0.0000425632    0.0002809969   61.6350871216   60.6987491223   -1.9084209394 
   0.0000000000     20.000       22.000000   0.185727       1007.9660    0.0000423278    0.0002885333   61.5833285723   60.6197117489   -1.9073203790 
   0.0000000000     21.000       22.000000   0.185627       1007.6715    0.0000421049    0.0002958234   61.5365178562   60.5464486056   -1.9062224075 
   0.0000000000     22.000       22.000000   0.185524       1007.3699    0.0000418939    0.0003028834   61.4944812927   60.4787415386   -1.9051267627 
   0.0000000000     23.000       22.000000   0.185420       1007.0613    0.0000416944    0.0003097285   61.4570543655   60.4163833312   -1.9040331922 
   0.0000000000     24.000       22.000000   0.185313       1006.7461    0.0000415060    0.0003163734   61.4240812188   60.3591771502   -1.9029414531 
   0.0000000000     25.000       22.000000   0.185204       1006.4244    0.0000413283    0.0003228316   61.3954141828   60.3069360190   -1.9018513111 
   0.0000000000     26.000       22.000000   0.185093       1006.0963    0.0000411608    0.0003291162   61.3709133276   60.2594823198   -1.9007625403 
   0.0000000000     27.000       22.000000   0.184979       1005.7622    0.0000410034    0.0003352394   61.3504460427   60.2166473187   -1.8996749227 
   0.0000000000     28.000       22.000000   0.184864       1005.4220    0.0000408555    0.0003412130   61.3338866400   60.1782707163   -1.8985882476 
   0.0000000000     29.000       22.000000   0.184747       1005.0761    0.0000407169    0.0003470480   61.3211159819   60.1442002225   -1.8975023112 
   0.0000000000     30.000       22.000000   0.184628       1004.7245    0.0000405873    0.0003527549   61.3120211283   60.1142911508   -1.8964169164 
   0.0000000000     31.000       22.000000   0.184507       1004.3673    0.0000404664    0.0003583436   61.3064950056   60.0884060360   -1.8953318722 
   0.0000000000     32.000       22.000000   0.184385       1004.0047    0.0000403540    0.0003638237   61.3044360947   60.0664142702   -1.8942469933 
   0.0000000000     33.000       22.000000   0.184260       1003.6368    0.0000402498    0.0003692042   61.3057481357   60.0481917586   -1.8931621003 
   0.0000000000     34.000       22.000000   0.184134       1003.2636    0.0000401535    0.0003744935   61.3103398504   60.0336205931   -1.8920770186 
   0.0000000000     35.000       22.000000   0.184006       1002.8854    0.0000400650    0.0003797000   61.3181246797   60.0225887419   -1.8909915788 
   0.0000000000     36.000       22.000000   0.183877       1002.5021    0.0000399841    0.0003848313   61.3290205370   60.0149897570   -1.8899056159 
   0.0000000000     37.000       22.000000   0.183746       1002.1138    0.0000399105    0.0003898947   61.3429495737   60.0107224951   -1.8888189695 
   0.0000000000     38.000       22.000000   0.183613       1001.7206    0.0000398440    0.0003948974   61.3598379594   60.0096908544   -1.8877314831 
   0.0000000000     39.000       22.000000   0.183479       1001.3227    0.0000397846    0.0003998461   61.3796156733   60.0118035245   -1.8866430042 
   0.0000000000     40.000       22.000000   0.183343       1000.9199    0.0000397320    0.0004047471   61.4022163073   60.0169737485   -1.8855533840 
   0.0000000000     41.000       22.000000   0.183206       1000.5124    0.0000396861    0.0004096066   61.4275768800   60.0251190990   -1.8844624772 
   0.0000000000     42.000       22.000000   0.183067       1000.1003    0.0000396468    0.0004144303   61.4556376608   60.0361612645   -1.8833701417 
   0.0000000000     43.000       22.000000   0.182927        999.6835    0.0000396139    0.0004192239   61.4863420038   60.0500258467   -1.8822762384 
   0.0000000000     44.000       22.000000   0.182785        999.2621    0.0000395873    0.0004239927   61.5196361894   60.0666421690   -1.8811806313 
   0.0000000000     45.000       22.000000   0.182642        998.8362    0.0000395669    0.0004287417   61.5554692761   60.0859430940   -1.8800831870 
   0.0000000000     46.000       22.000000   0.182497        998.4056    0.0000395526    0.0004334759   61.5937929588   60.1078648507   -1.8789837746 
   0.0000000000     47.000       22.000000   0.182351        997.9706    0.0000395442    0.0004381999   61.6345614349   60.1323468704   -1.8778822659 
   0.0000000000     48.000       22.000000   0.182203        997.5310    0.0000395418    0.0004429182   61.6777312777   60.1593316306   -1.8767785346 
   0.0000000000     49.000       22.000000   0.182054        997.0869    0.0000395452    0.0004476351   61.7232613159   60.1887645072   -1.8756724570 
   0.0000000000     50.000       22.000000   0.181903        996.6384    0.0000395543    0.0004523547   61.7711125194   60.2205936336   -1.8745639111 
   0.0000000000     51.000       22.000000   0.181751        996.1853    0.0000395691    0.0004570810   61.8212478906   60.2547697670   -1.8734527768 
   0.0000000000     52.000       22.000000   0.181598        995.7277    0.0000395895    0.0004618177   61.8736323619   60.2912461617   -1.8723389359 
   0.0000000000     53.000       22.000000   0.181443        995.2656    0.0000396154    0.0004665685   61.9282326974   60.3299784475   -1.8712222719 
   0.0000000000     54.000       22.000000   0.181287        994.7990    0.0000396469    0.0004713369   61.9850173999   60.3709245156   -1.8701026696 
   0.0000000000     55.000       22.000000   0.181129        994.3278    0.0000396837    0.0004761264   62.0439566219   60.4140444081   -1.8689800156 
   0.0000000000     56.000       22.000000   0.180970        993.8521    0.0000397260    0.0004809401   62.1050220817   60.4593002148   -1.8678541977 
   0.0000000000     57.000       22.000000   0.180809        993.3718    0.0000397737    0.0004857812   62.1681869828   60.5066559733   -1.8667251048 
   0.0000000000     58.000       22.000000   0.180647        992.8870    0.0000398266    0.0004906528   62.2334259367   60.5560775746   -1.8655926274 
   0.0000000000     59.000       22.000000   0.180483        992.3975    0.0000398849    0.0004955577   62.3007148902   60.6075326730   -1.8644566568 
   0.0000000000     60.000       22.000000   0.180318        991.9034    0.0000399484    0.0005004989   62.3700310554   60.6609906000   -1.8633170853 
   0.0000000000     61.000       22.000000   0.180152        991.4046    0.0000400172    0.0005054789   62.4413528426   60.7164222821   -1.8621738063 
   0.0000000000     62.000       22.000000   0.179983        990.9011    0.0000400913    0.0005105005   62.5146597963   60.7738001624   -1.8610267140 
   0.0000000000     63.000       22.000000   0.179814        990.3929    0.0000401705    0.0005155663   62.5899325340   60.8330981260   -1.8598757036 
   0.0000000000     64.000       22.000000   0.179643        989.8799    0.0000402550    0.0005206786   62.6671526879   60.8942914278   -1.8587206706 
   0.0000000000     65.000       22.000000   0.179470        989.3620    0.0000403446    0.0005258400   62.7463028478   60.9573566245   -1.8575615116 
   0.0000000000     66.000       22.000000   0.179296        988.8394    0.0000404395    0.0005310527   62.8273665074   61.0222715083   -1.8563981237 
   0.0000000000     67.000       22.000000   0.179121        988.3118    0.0000405396    0.0005363191   62.9103280126   61.0890150447   -1.8552304045 
   0.0000000000     68.000       22.000000   0.178943        987.7792    0.0000406448    0.0005416412   62.9951725108   61.1575673117   -1.8540582522 
   0.0000000000     69.000       22.000000   0.178765        987.2417    0.0000407553    0.0005470213   63.0818859031   61.2279094421   -1.8528815653 
   0.0000000000     70.000       22.000000   0.178584        986.6991    0.0000408710    0.0005524614   63.1704547978   61.3000235677   -1.8517002430 
   0.0000000000     71.000       22.000000   0.178402        986.1515    0.0000409919    0.0005579636   63.2608664650   61.3738927659   -1.8505141846 
   0.0000000000     72.000       22.000000   0.178219        985.5986    0.0000411180    0.0005635298   63.3531087938   61.4495010084   -1.8493232899 
   0.0000000000     73.000       22.000000   0.178034        985.0406    0.0000412494    0.0005691619   63.4471702501   61.5268331112   -1.8481274588 
   0.0000000000     74.000       22.000000   0.177847        984.4773    0.0000413861    0.0005748619   63.5430398355   61.6058746873   -1.8469265916 
   0.0000000000     75.000       22.000000   0.177659        983.9087    0.0000415280    0.0005806315   63.6407070481   61.6866120999   -1.8457205886 
   0.0000000000     76.000       22.000000   0.177468        983.3347    0.0000416753    0.0005864725   63.7401618441   61.7690324184   -1.8445093507 
   0.0000000000     77.000       22.000000   0.177277        982.7553    0.0000418279    0.0005923867   63.8413946001   61.8531233747   -1.8432927784 
   0.0000000000     78.000       22.000000   0.177083        982.1704    0.0000419859    0.0005983757   63.9443960773   61.9388733217   -1.8420707726 
   0.0000000000     79.000       22.000000   0.176888        981.5799    0.0000421493    0.0006044412   64.0491573850   62.0262711925   -1.8408432342 
   0.0000000000     80.000       22.000000   0.176691        980.9837    0.0000423181    0.0006105848   64.1556699467   62.1153064612   -1.8396100642 
   0.0000000000     81.000       22.000000   0.176492        980.3819    0.0000424924    0.0006168082   64.2639254661   62.2059691044   -1.8383711636 
   0.0000000000     82.000       22.000000   0.176292        979.7743    0.0000426721    0.0006231128   64.3739158933   62.2982495640   -1.8371264333 
   0.0000000000     83.000       22.000000   0.176089        979.1608    0.0000428574    0.0006295002   64.4856333927   62.3921387108   -1.8358757743 
   0.0000000000     84.000       22.000000   0.175885        978.5415    0.0000430482    0.0006359719   64.5990703106   62.4876278090   -1.8346190874 
   0.0000000000     85.000       22.000000   0.175679        977.9162    0.0000432447    0.0006425292   64.7142191441   62.5847084814   -1.8333562734 
   0.0000000000     86.000       22.000000   0.175471        977.2848    0.0000434468    0.0006491736   64.8310725096   62.6833726756   -1.8320872331 
   0.0000000000     87.000       22.000000   0.175262        976.6473    0.0000436546    0.0006559066   64.9496231127   62.7836126306   -1.8308118670 
   0.0000000000     88.000       22.000000   0.175050        976.0036    0.0000438681    0.0006627294   65.0698637176   62.8854208439   -1.8295300757 
   0.0000000000     89.000       22.000000   0.174836        975.3536    0.0000440874    0.0006696433   65.1917871177   62.9887900400   -1.8282417595 
   0.0000000000     90.000       22.000000   0.174621        974.6973    0.0000443126    0.0006766497   65.3153861056   63.0937131381   -1.8269468185 
   0.0000000000     91.000       22.000000   0.174403        974.0345    0.0000445436    0.0006837498   65.4406534445   63.2001832213   -1.8256451530 
   0.0000000000     92.000       22.000000   0.174184        973.3653    0.0000447805    0.0006909448   65.5675818388   63.3081935058   -1.8243366626 
   0.0000000000     93.000       22.000000   0.173963        972.6894    0.0000450234    0.0006982360   65.6961639056   63.4177373105   -1.8230212472 
   0.0000000000     94.000       22.000000   0.173739        972.0069    0.0000452723    0.0007056244   65.8263921459   63.5288080273   -1.8216988062 
   0.0000000000     95.000       22.000000   0.173514        971.3176    0.0000455273    0.0007131113   65.9582589169   63.6413990908   -1.8203692391 
   0.0000000000     96.000       22.000000   0.173286        970.6215    0.0000457884    0.0007206977   66.0917564031   63.7555039490   -1.8190324450 
   0.0000000000     97.000       22.000000   0.173056        969.9185    0.0000460557    0.0007283848   66.2268765886   63.8711160345   -1.8176883229 
   0.0000000000     98.000       22.000000   0.172824        969.2086    0.0000463292    0.0007361734   66.3636112292   63.9882287349   -1.8163367717 
   0.0000000000     99.000       22.000000   0.172590        968.4915    0.0000466090    0.0007440647   66.5019518246   64.1068353641   -1.8149776899 
   0.0000000000    100.000       22.000000   0.172354        967.7673    0.0000468952    0.0007520597   66.6418895904   64.2269291334   -1.8136109760 
   0.0000000000    101.000       22.000000   0.172116        967.0358    0.0000471877    0.0007601592   66.7834154309   64.3485031233   -1.8122365284 
   0.0000000000    102.000       22.000000   0.171876        966.2970    0.0000474867    0.0007683641   66.9265199110   64.4715502543   -1.8108542452 
   0.0000000000    103.000       22.000000   0.171633        965.5509    0.0000477922    0.0007766754   67.0711932292   64.5960632588   -1.8094640244 
   0.0000000000    104.000       22.000000   0.171388        964.7972    0.0000481043    0.0007850938   67.2174251896   64.7220346527   -1.8080657640 
   0.0000000000    105.000       22.000000   0.171141        964.0359    0.0000484230    0.0007936201   67.3652051749   64.8494567065   -1.8066593616 
   0.0000000000    106.000       22.000000   0.170891        963.2670    0.0000487483    0.0008022551   67.5145221190   64.9783214175   -1.8052447151 
   0.0000000000    107.000       22.000000   0.170639        962.4903    0.0000490804    0.0008109995   67.6653644797   65.1086204812   -1.8038217220 
   0.0000000000    108.000       22.000000   0.170385        961.7058    0.0000494193    0.0008198540   67.8177202111   65.2403452628   -1.8023902798 
   0.0000000000    109.000       22.000000   0.170129        960.9133    0.0000497651    0.0008288190   67.9715767370   65.3734867687   -1.8009502861 
   0.0000000000    110.000       22.000000   0.169870        960.1129    0.0000501177    0.0008378954   68.1269209236   65.5080356184   -1.7995016384 
   0.0000000000    111.000       22.000000   0.169608        959.3043    0.0000504773    0.0008470834   68.2837390525   65.6439820159   -1.7980442342 
   0.0000000000    112.000       22.000000   0.169345        958.4876    0.0000508440    0.0008563837   68.4420167936   65.7813157213   -1.7965779711 
   0.0000000000    113.000       22.000000   0.169078        957.6626    0.0000512177    0.0008657966   68.6017391788   65.9200260222   -1.7951027469 
   0.0000000000    114.000       22.000000   0.168810        956.8293    0.0000515985    0.0008753225   68.7628905751   66.0601017055   -1.7936184592 
   0.0000000000    115.000       22.000000   0.168539        955.9875    0.0000519865    0.0008849617   68.9254546582   66.2015310285   -1.7921250061 
   0.0000000000    116.000       22.000000   0.168265        955.1372    0.0000523817    0.0008947144   69.0894143860   66.3443016910   -1.7906222857 
   0.0000000000    117.000       22.000000   0.167989        954.2783    0.0000527842    0.0009045809   69.2547519730   66.4884008061   -1.7891101964 
   0.0000000000    118.000       22.000000   0.167710        953.4107    0.0000531941    0.0009145612   69.4214488640   66.6338148726   -1.7875886368 
   0.0000000000    119.000       22.000000   0.167429        952.5344    0.0000536113    0.0009246554   69.5894857089   66.7805297460   -1.7860575060 
   0.0000000000    120.000       22.000000   0.167145        951.6491    0.0000540360    0.0009348635   69.7588423370   66.9285306106   -1.7845167034 
   0.0000000000    121.000       22.000000   0.166859        950.7550    0.0000544681    0.0009451854   69.9294977326   67.0778019509   -1.7829661288 
   0.0000000000    122.000       22.000000   0.166570        949.8518    0.0000549077    0.0009556210   70.1014300100   67.2283275241   -1.7814056825 
   0.0000000000    123.000       22.000000   0.166278        948.9395    0.0000553549    0.0009661699   70.2746163897   67.3800903314   -1.7798352654 
   0.0000000000    124.000       22.000000   0.165984        948.0181    0.0000558097    0.0009768320   70.4490331744   67.5330725910   -1.7782547790 
   0.0000000000    125.000       22.000000   0.165687        947.0874    0.0000562721    0.0009876068   70.6246557261   67.6872557100   -1.7766641254 
   0.0000000000    126.000       22.000000   0.165387        946.1473    0.0000567422    0.0009984938   70.8014584432   67.8426202576   -1.7750632076 
