# P(MPa) Temp(K) 	alpha*10^3
60    234.116     -0.54964213725
60    239.355     -0.43883059731
60    244.140     -0.31009865826
60    250.065     -0.18657895034
60    254.758     -0.04832651044
60    267.650      0.14882393424
60    278.048      0.22485311974
60    355.146      0.62244088508
60    384.110      0.72117980801
60    389.110      0.74718724337
60    224.130     -0.73072942783
60    229.068     -0.65547150889
60    258.541      0.03922928380
60    263.485      0.10421312052
60    272.157      0.18625641463
60    282.083      0.25457959479
60    287.046      0.28874118488
60    292.007      0.32632746903
60    296.973      0.35706436504
60    306.912      0.40483938078
60    316.853      0.44918970244
60    327.417      0.49352935528
60    336.735      0.53789034577
60    346.677      0.58224066744
60    366.568      0.65724253448
60    376.513      0.69474346800
60    396.396      0.78344411133
60    406.343      0.81752035079
60    415.676      0.83790848278
