#temp(K) Density(g/cc)
235.16757877693067     0.9845376163339236  
247.75231960582806     0.993552736433652   
260.04018023039765     0.998603220608165   
272.72724391437407     0.9995428761123795  
284.92550914839956     0.9984495115287718  
297.779561872186     0.9954241188987584    
309.3399423737195     0.9908630259050459   
322.49354127682534     0.9842724383934257  
335.4531978632077     0.977109705776423    
347.6630270395917     0.9688180150814103   
360.2663933562602     0.9594121181412975   

